  0.00000000   0.00000000    73.3245766118
  0.10000000   0.00000000    73.3245766118
  0.20000000   0.00000000    73.5603378653
  0.30000000   0.00000000    73.9957900330
  0.40000000   0.00000000    74.6051672101
  0.50000000   0.00000000    75.3736680312
  0.60000000   0.00000000    76.2811187776
  0.70000000   0.00000000    77.3023990846
  0.80000000   0.00000000    78.4078520144
  0.90000000   0.00000000    79.5638188994
  1.00000000   0.00000000    80.7333777852
  1.10000000   0.00000000    81.8773384419
  1.20000000   0.00000000    82.9555228384
  1.30000000   0.00000000    83.9283266381
  1.40000000   0.00000000    84.7585121253
  1.50000000   0.00000000    85.4131295367
  1.60000000   0.00000000    85.8654115490
  1.70000000   0.00000000    86.0964489192
  1.80000000   0.00000000    86.0964489192
  1.90000000   0.00000000    85.8654115490
  2.00000000   0.00000000    85.4131295367
  2.10000000   0.00000000    84.7585121253
  2.20000000   0.00000000    83.9283266381
  2.30000000   0.00000000    82.9555228384
  2.40000000   0.00000000    81.8773384419
  2.50000000   0.00000000    80.7333777852
  2.60000000   0.00000000    79.5638188994
  2.70000000   0.00000000    78.4078520144
  2.80000000   0.00000000    77.3023990846
  2.90000000   0.00000000    76.2811187776
  3.00000000   0.00000000    75.3736680312
  3.10000000   0.00000000    74.6051672101
  3.20000000   0.00000000    73.9957900330
  3.30000000   0.00000000    73.5603378653
  3.40000000   0.00000000    73.3245766118
  3.50000000   0.00000000    73.3245766118

  0.00000000   0.10000000    73.3245766118
  0.10000000   0.10000000    73.3245766118
  0.20000000   0.10000000    73.5603378653
  0.30000000   0.10000000    73.9957900330
  0.40000000   0.10000000    74.6051672101
  0.50000000   0.10000000    75.3736680312
  0.60000000   0.10000000    76.2811187776
  0.70000000   0.10000000    77.3023990846
  0.80000000   0.10000000    78.4078520144
  0.90000000   0.10000000    79.5638188994
  1.00000000   0.10000000    80.7333777852
  1.10000000   0.10000000    81.8773384419
  1.20000000   0.10000000    82.9555228384
  1.30000000   0.10000000    83.9283266381
  1.40000000   0.10000000    84.7585121253
  1.50000000   0.10000000    85.4131295367
  1.60000000   0.10000000    85.8654115490
  1.70000000   0.10000000    86.0964489192
  1.80000000   0.10000000    86.0964489192
  1.90000000   0.10000000    85.8654115490
  2.00000000   0.10000000    85.4131295367
  2.10000000   0.10000000    84.7585121253
  2.20000000   0.10000000    83.9283266381
  2.30000000   0.10000000    82.9555228384
  2.40000000   0.10000000    81.8773384419
  2.50000000   0.10000000    80.7333777852
  2.60000000   0.10000000    79.5638188994
  2.70000000   0.10000000    78.4078520144
  2.80000000   0.10000000    77.3023990846
  2.90000000   0.10000000    76.2811187776
  3.00000000   0.10000000    75.3736680312
  3.10000000   0.10000000    74.6051672101
  3.20000000   0.10000000    73.9957900330
  3.30000000   0.10000000    73.5603378653
  3.40000000   0.10000000    73.3245766118
  3.50000000   0.10000000    73.3245766118

  0.00000000   0.20000000    73.5774390631
  0.10000000   0.20000000    73.5774390631
  0.20000000   0.20000000    73.8124697964
  0.30000000   0.20000000    74.2550708174
  0.40000000   0.20000000    74.8771740227
  0.50000000   0.20000000    75.6632303688
  0.60000000   0.20000000    76.5927090094
  0.70000000   0.20000000    77.6401648649
  0.80000000   0.20000000    78.7755070085
  0.90000000   0.20000000    79.9644529191
  1.00000000   0.20000000    81.1692114830
  1.10000000   0.20000000    82.3494457423
  1.20000000   0.20000000    83.4635534493
  1.30000000   0.20000000    84.4702728058
  1.40000000   0.20000000    85.3305722616
  1.50000000   0.20000000    86.0097204746
  1.60000000   0.20000000    86.4793662653
  1.70000000   0.20000000    86.7194068286
  1.80000000   0.20000000    86.7194068286
  1.90000000   0.20000000    86.4793662653
  2.00000000   0.20000000    86.0097204746
  2.10000000   0.20000000    85.3305722616
  2.20000000   0.20000000    84.4702728058
  2.30000000   0.20000000    83.4635534493
  2.40000000   0.20000000    82.3494457423
  2.50000000   0.20000000    81.1692114830
  2.60000000   0.20000000    79.9644529191
  2.70000000   0.20000000    78.7755070085
  2.80000000   0.20000000    77.6401648649
  2.90000000   0.20000000    76.5927090094
  3.00000000   0.20000000    75.6632303688
  3.10000000   0.20000000    74.8771740227
  3.20000000   0.20000000    74.2550708174
  3.30000000   0.20000000    73.8124697964
  3.40000000   0.20000000    73.5774390631
  3.50000000   0.20000000    73.5774390631

  0.00000000   0.30000000    74.0128348802
  0.10000000   0.30000000    74.0128348802
  0.20000000   0.30000000    74.2550737624
  0.30000000   0.30000000    74.7144704959
  0.40000000   0.30000000    75.3629905763
  0.50000000   0.30000000    76.1847852059
  0.60000000   0.30000000    77.1589598817
  0.70000000   0.30000000    78.2595522433
  0.80000000   0.30000000    79.4556728857
  0.90000000   0.30000000    80.7118347975
  1.00000000   0.30000000    81.9885278940
  1.10000000   0.30000000    83.2431085771
  1.20000000   0.30000000    84.4310691522
  1.30000000   0.30000000    85.5077241239
  1.40000000   0.30000000    86.4302950798
  1.50000000   0.30000000    87.1602932278
  1.60000000   0.30000000    87.6660003011
  1.70000000   0.30000000    87.9247611008
  1.80000000   0.30000000    87.9247611008
  1.90000000   0.30000000    87.6660003011
  2.00000000   0.30000000    87.1602932278
  2.10000000   0.30000000    86.4302950798
  2.20000000   0.30000000    85.5077241239
  2.30000000   0.30000000    84.4310691522
  2.40000000   0.30000000    83.2431085771
  2.50000000   0.30000000    81.9885278940
  2.60000000   0.30000000    80.7118347975
  2.70000000   0.30000000    79.4556728857
  2.80000000   0.30000000    78.2595522433
  2.90000000   0.30000000    77.1589598817
  3.00000000   0.30000000    76.1847852059
  3.10000000   0.30000000    75.3629905763
  3.20000000   0.30000000    74.7144704959
  3.30000000   0.30000000    74.2550737624
  3.40000000   0.30000000    74.0128348802
  3.50000000   0.30000000    74.0128348802

  0.00000000   0.40000000    74.6221339051
  0.10000000   0.40000000    74.6221339051
  0.20000000   0.40000000    74.8771811376
  0.30000000   0.40000000    75.3629948276
  0.40000000   0.40000000    76.0518420149
  0.50000000   0.40000000    76.9278125876
  0.60000000   0.40000000    77.9697327728
  0.70000000   0.40000000    79.1510595301
  0.80000000   0.40000000    80.4398677431
  0.90000000   0.40000000    81.7989974150
  1.00000000   0.40000000    83.1864481019
  1.10000000   0.40000000    84.5561278031
  1.20000000   0.40000000    85.8590704133
  1.30000000   0.40000000    87.0452158006
  1.40000000   0.40000000    88.0657844329
  1.50000000   0.40000000    88.8761646119
  1.60000000   0.40000000    89.4390735927
  1.70000000   0.40000000    89.7275941453
  1.80000000   0.40000000    89.7275941453
  1.90000000   0.40000000    89.4390735927
  2.00000000   0.40000000    88.8761646119
  2.10000000   0.40000000    88.0657844329
  2.20000000   0.40000000    87.0452158006
  2.30000000   0.40000000    85.8590704133
  2.40000000   0.40000000    84.5561278031
  2.50000000   0.40000000    83.1864481019
  2.60000000   0.40000000    81.7989974150
  2.70000000   0.40000000    80.4398677431
  2.80000000   0.40000000    79.1510595301
  2.90000000   0.40000000    77.9697327728
  3.00000000   0.40000000    76.9278125876
  3.10000000   0.40000000    76.0518420149
  3.20000000   0.40000000    75.3629948276
  3.30000000   0.40000000    74.8771811376
  3.40000000   0.40000000    74.6221339051
  3.50000000   0.40000000    74.6221339051

  0.00000000   0.50000000    75.3905365508
  0.10000000   0.50000000    75.3905365508
  0.20000000   0.50000000    75.6632430252
  0.30000000   0.50000000    76.1847950966
  0.40000000   0.50000000    76.9278182893
  0.50000000   0.50000000    77.8765170140
  0.60000000   0.50000000    79.0096069571
  0.70000000   0.50000000    80.3000564155
  0.80000000   0.50000000    81.7148527425
  0.90000000   0.50000000    83.2148796645
  1.00000000   0.50000000    84.7550232434
  1.10000000   0.50000000    86.2846637617
  1.20000000   0.50000000    87.7487434954
  1.30000000   0.50000000    89.0896032900
  1.40000000   0.50000000    90.2497217108
  1.50000000   0.50000000    91.1753369937
  1.60000000   0.50000000    91.8206773066
  1.70000000   0.50000000    92.1522246189
  1.80000000   0.50000000    92.1522246189
  1.90000000   0.50000000    91.8206773066
  2.00000000   0.50000000    91.1753369937
  2.10000000   0.50000000    90.2497217108
  2.20000000   0.50000000    89.0896032900
  2.30000000   0.50000000    87.7487434954
  2.40000000   0.50000000    86.2846637617
  2.50000000   0.50000000    84.7550232434
  2.60000000   0.50000000    83.2148796645
  2.70000000   0.50000000    81.7148527425
  2.80000000   0.50000000    80.3000564155
  2.90000000   0.50000000    79.0096069571
  3.00000000   0.50000000    77.8765170140
  3.10000000   0.50000000    76.9278182893
  3.20000000   0.50000000    76.1847950966
  3.30000000   0.50000000    75.6632430252
  3.40000000   0.50000000    75.3905365508
  3.50000000   0.50000000    75.3905365508

  0.00000000   0.60000000    76.2978717007
  0.10000000   0.60000000    76.2978717007
  0.20000000   0.60000000    76.5927285858
  0.30000000   0.60000000    77.1589768353
  0.40000000   0.60000000    77.9697456885
  0.50000000   0.60000000    79.0096142818
  0.60000000   0.60000000    80.2575099116
  0.70000000   0.60000000    81.6862264901
  0.80000000   0.60000000    83.2618852359
  0.90000000   0.60000000    84.9434247511
  1.00000000   0.60000000    86.6822609582
  1.10000000   0.60000000    88.4223305573
  1.20000000   0.60000000    90.1008130020
  1.30000000   0.60000000    91.6498842509
  1.40000000   0.60000000    92.9998319361
  1.50000000   0.60000000    94.0836755802
  1.60000000   0.60000000    94.8430279563
  1.70000000   0.60000000    95.2343610236
  1.80000000   0.60000000    95.2343610236
  1.90000000   0.60000000    94.8430279563
  2.00000000   0.60000000    94.0836755802
  2.10000000   0.60000000    92.9998319361
  2.20000000   0.60000000    91.6498842509
  2.30000000   0.60000000    90.1008130020
  2.40000000   0.60000000    88.4223305573
  2.50000000   0.60000000    86.6822609582
  2.60000000   0.60000000    84.9434247511
  2.70000000   0.60000000    83.2618852359
  2.80000000   0.60000000    81.6862264901
  2.90000000   0.60000000    80.2575099116
  3.00000000   0.60000000    79.0096142818
  3.10000000   0.60000000    77.9697456885
  3.20000000   0.60000000    77.1589768353
  3.30000000   0.60000000    76.5927285859
  3.40000000   0.60000000    76.2978717007
  3.50000000   0.60000000    76.2978717007

  0.00000000   0.70000000    77.3190222637
  0.10000000   0.70000000    77.3190222637
  0.20000000   0.70000000    77.6401926898
  0.30000000   0.70000000    78.2595776731
  0.40000000   0.70000000    79.1510812108
  0.50000000   0.70000000    80.3000727960
  0.60000000   0.70000000    81.6862357528
  0.70000000   0.70000000    83.2828102067
  0.80000000   0.70000000    85.0556625457
  0.90000000   0.70000000    86.9622493746
  1.00000000   0.70000000    88.9506188364
  1.10000000   0.70000000    90.9587105493
  1.20000000   0.70000000    92.9143763563
  1.30000000   0.70000000    94.7367162933
  1.40000000   0.70000000    96.3394166838
  1.50000000   0.70000000    97.6366185286
  1.60000000   0.70000000    98.5512288544
  1.70000000   0.70000000    99.0244853368
  1.80000000   0.70000000    99.0244853368
  1.90000000   0.70000000    98.5512288544
  2.00000000   0.70000000    97.6366185286
  2.10000000   0.70000000    96.3394166838
  2.20000000   0.70000000    94.7367162933
  2.30000000   0.70000000    92.9143763563
  2.40000000   0.70000000    90.9587105493
  2.50000000   0.70000000    88.9506188364
  2.60000000   0.70000000    86.9622493746
  2.70000000   0.70000000    85.0556625457
  2.80000000   0.70000000    83.2828102067
  2.90000000   0.70000000    81.6862357528
  3.00000000   0.70000000    80.3000727960
  3.10000000   0.70000000    79.1510812108
  3.20000000   0.70000000    78.2595776731
  3.30000000   0.70000000    77.6401926898
  3.40000000   0.70000000    77.3190222637
  3.50000000   0.70000000    77.3190222637

  0.00000000   0.80000000    78.4243351550
  0.10000000   0.80000000    78.4243351550
  0.20000000   0.80000000    78.7755443064
  0.30000000   0.80000000    79.4557081407
  0.40000000   0.80000000    80.4398997329
  0.50000000   0.80000000    81.7148799888
  0.60000000   0.80000000    83.2619059003
  0.70000000   0.80000000    85.0556743199
  0.80000000   0.80000000    87.0629350519
  0.90000000   0.80000000    89.2407889942
  1.00000000   0.80000000    91.5347726741
  1.10000000   0.80000000    93.8769946265
  1.20000000   0.80000000    96.1848604615
  1.30000000   0.80000000    98.3613000554
  1.40000000   0.80000000   100.2977901928
  1.50000000   0.80000000   101.8815405870
  1.60000000   0.80000000   103.0074197842
  1.70000000   0.80000000   103.5930787157
  1.80000000   0.80000000   103.5930787157
  1.90000000   0.80000000   103.0074197842
  2.00000000   0.80000000   101.8815405870
  2.10000000   0.80000000   100.2977901928
  2.20000000   0.80000000    98.3613000554
  2.30000000   0.80000000    96.1848604615
  2.40000000   0.80000000    93.8769946265
  2.50000000   0.80000000    91.5347726741
  2.60000000   0.80000000    89.2407889942
  2.70000000   0.80000000    87.0629350519
  2.80000000   0.80000000    85.0556743199
  2.90000000   0.80000000    83.2619059003
  3.00000000   0.80000000    81.7148799888
  3.10000000   0.80000000    80.4398997329
  3.20000000   0.80000000    79.4557081407
  3.30000000   0.80000000    78.7755443064
  3.40000000   0.80000000    78.4243351550
  3.50000000   0.80000000    78.4243351550

  0.00000000   0.90000000    79.5801560465
  0.10000000   0.90000000    79.5801560465
  0.20000000   0.90000000    79.9645007424
  0.30000000   0.90000000    80.7118810892
  0.40000000   0.90000000    81.7990411779
  0.50000000   0.90000000    83.2149195977
  0.60000000   0.90000000    84.9434591087
  0.70000000   0.90000000    86.9622757947
  0.80000000   0.90000000    89.2408043011
  0.90000000   0.90000000    91.7378340295
  1.00000000   0.90000000    94.3984173065
  1.10000000   0.90000000    97.1503110633
  1.20000000   0.90000000    99.9004966821
  1.30000000   0.90000000   102.5330043245
  1.40000000   0.90000000   104.9102428126
  1.50000000   0.90000000   106.8809046389
  1.60000000   0.90000000   108.2970124456
  1.70000000   0.90000000   109.0387496625
  1.80000000   0.90000000   109.0387496625
  1.90000000   0.90000000   108.2970124456
  2.00000000   0.90000000   106.8809046389
  2.10000000   0.90000000   104.9102428126
  2.20000000   0.90000000   102.5330043245
  2.30000000   0.90000000    99.9004966821
  2.40000000   0.90000000    97.1503110633
  2.50000000   0.90000000    94.3984173065
  2.60000000   0.90000000    91.7378340295
  2.70000000   0.90000000    89.2408043011
  2.80000000   0.90000000    86.9622757947
  2.90000000   0.90000000    84.9434591087
  3.00000000   0.90000000    83.2149195977
  3.10000000   0.90000000    81.7990411779
  3.20000000   0.90000000    80.7118810892
  3.30000000   0.90000000    79.9645007424
  3.40000000   0.90000000    79.5801560465
  3.50000000   0.90000000    79.5801560465

  0.00000000   1.00000000    80.7495676960
  0.10000000   1.00000000    80.7495676960
  0.20000000   1.00000000    81.1692706261
  0.30000000   1.00000000    81.9885861997
  0.40000000   1.00000000    83.1865049132
  0.50000000   1.00000000    84.7550775783
  0.60000000   1.00000000    86.6823113365
  0.70000000   1.00000000    88.9506630457
  0.80000000   1.00000000    91.5348074593
  0.90000000   1.00000000    94.3984379790
  1.00000000   1.00000000    97.4898463764
  1.10000000   1.00000000   100.7361360064
  1.20000000   1.00000000   104.0363207684
  1.30000000   1.00000000   107.2545520779
  1.40000000   1.00000000   110.2166819749
  1.50000000   1.00000000   112.7162958220
  1.60000000   1.00000000   114.5381841680
  1.70000000   1.00000000   115.5011330585
  1.80000000   1.00000000   115.5011330585
  1.90000000   1.00000000   114.5381841680
  2.00000000   1.00000000   112.7162958220
  2.10000000   1.00000000   110.2166819749
  2.20000000   1.00000000   107.2545520779
  2.30000000   1.00000000   104.0363207684
  2.40000000   1.00000000   100.7361360064
  2.50000000   1.00000000    97.4898463764
  2.60000000   1.00000000    94.3984379790
  2.70000000   1.00000000    91.5348074593
  2.80000000   1.00000000    88.9506630457
  2.90000000   1.00000000    86.6823113365
  3.00000000   1.00000000    84.7550775783
  3.10000000   1.00000000    83.1865049132
  3.20000000   1.00000000    81.9885861997
  3.30000000   1.00000000    81.1692706261
  3.40000000   1.00000000    80.7495676960
  3.50000000   1.00000000    80.7495676960

  0.00000000   1.10000000    81.8933848180
  0.10000000   1.10000000    81.8933848180
  0.20000000   1.10000000    82.3495166433
  0.30000000   1.10000000    83.2431795220
  0.40000000   1.10000000    84.5561986036
  0.50000000   1.10000000    86.2847339278
  0.60000000   1.10000000    88.4223991101
  0.70000000   1.10000000    90.9587757406
  0.80000000   1.10000000    93.8770535210
  0.90000000   1.10000000    97.1503589291
  1.00000000   1.10000000   100.7361654700
  1.10000000   1.10000000   104.5680438868
  1.20000000   1.10000000   108.5441191815
  1.30000000   1.10000000   112.5125129115
  1.40000000   1.10000000   116.2570161443
  1.50000000   1.10000000   119.4932595448
  1.60000000   1.10000000   121.8966557466
  1.70000000   1.10000000   123.1819268573
  1.80000000   1.10000000   123.1819268573
  1.90000000   1.10000000   121.8966557466
  2.00000000   1.10000000   119.4932595448
  2.10000000   1.10000000   116.2570161443
  2.20000000   1.10000000   112.5125129115
  2.30000000   1.10000000   108.5441191815
  2.40000000   1.10000000   104.5680438868
  2.50000000   1.10000000   100.7361654700
  2.60000000   1.10000000    97.1503589291
  2.70000000   1.10000000    93.8770535210
  2.80000000   1.10000000    90.9587757406
  2.90000000   1.10000000    88.4223991101
  3.00000000   1.10000000    86.2847339278
  3.10000000   1.10000000    84.5561986036
  3.20000000   1.10000000    83.2431795220
  3.30000000   1.10000000    82.3495166433
  3.40000000   1.10000000    81.8933848180
  3.50000000   1.10000000    81.8933848180

  0.00000000   1.20000000    82.9714343849
  0.10000000   1.20000000    82.9714343849
  0.20000000   1.20000000    83.4636360867
  0.30000000   1.20000000    84.4311528780
  0.40000000   1.20000000    85.8591556330
  0.50000000   1.20000000    87.7488303963
  0.60000000   1.20000000    90.1009013866
  0.70000000   1.20000000    92.9144653618
  0.80000000   1.20000000    96.1849480896
  0.90000000   1.20000000    99.9005790157
  1.00000000   1.20000000   104.0363906901
  1.10000000   1.20000000   108.5441643584
  1.20000000   1.20000000   113.3360021576
  1.30000000   1.20000000   118.2587846730
  1.40000000   1.20000000   123.0587318581
  1.50000000   1.20000000   127.3464430406
  1.60000000   1.20000000   130.6093902338
  1.70000000   1.20000000   132.3802625470
  1.80000000   1.20000000   132.3802625470
  1.90000000   1.20000000   130.6093902338
  2.00000000   1.20000000   127.3464430406
  2.10000000   1.20000000   123.0587318581
  2.20000000   1.20000000   118.2587846730
  2.30000000   1.20000000   113.3360021576
  2.40000000   1.20000000   108.5441643584
  2.50000000   1.20000000   104.0363906901
  2.60000000   1.20000000    99.9005790157
  2.70000000   1.20000000    96.1849480896
  2.80000000   1.20000000    92.9144653618
  2.90000000   1.20000000    90.1009013866
  3.00000000   1.20000000    87.7488303963
  3.10000000   1.20000000    85.8591556330
  3.20000000   1.20000000    84.4311528780
  3.30000000   1.20000000    83.4636360867
  3.40000000   1.20000000    82.9714343849
  3.50000000   1.20000000    82.9714343849

  0.00000000   1.30000000    83.9441169255
  0.10000000   1.30000000    83.9441169255
  0.20000000   1.30000000    84.4703666074
  0.30000000   1.30000000    85.5078201617
  0.40000000   1.30000000    87.0453151701
  0.50000000   1.30000000    89.0897070188
  0.60000000   1.30000000    91.6499932005
  0.70000000   1.30000000    94.7368309569
  0.80000000   1.30000000    98.3614201597
  0.90000000   1.30000000   102.5331280605
  1.00000000   1.30000000   107.2546746209
  1.10000000   1.30000000   112.5126235798
  1.20000000   1.30000000   118.2588615228
  1.30000000   1.30000000   124.3749328336
  1.40000000   1.30000000   130.6052280338
  1.50000000   1.30000000   136.4440330566
  1.60000000   1.30000000   141.0240276128
  1.70000000   1.30000000   143.5539756609
  1.80000000   1.30000000   143.5539756609
  1.90000000   1.30000000   141.0240276128
  2.00000000   1.30000000   136.4440330566
  2.10000000   1.30000000   130.6052280338
  2.20000000   1.30000000   124.3749328336
  2.30000000   1.30000000   118.2588615228
  2.40000000   1.30000000   112.5126235798
  2.50000000   1.30000000   107.2546746209
  2.60000000   1.30000000   102.5331280605
  2.70000000   1.30000000    98.3614201597
  2.80000000   1.30000000    94.7368309569
  2.90000000   1.30000000    91.6499932005
  3.00000000   1.30000000    89.0897070188
  3.10000000   1.30000000    87.0453151701
  3.20000000   1.30000000    85.5078201617
  3.30000000   1.30000000    84.4703666074
  3.40000000   1.30000000    83.9441169255
  3.50000000   1.30000000    83.9441169255

  0.00000000   1.40000000    84.7741992374
  0.10000000   1.40000000    84.7741992374
  0.20000000   1.40000000    85.3306760438
  0.30000000   1.40000000    86.4304022526
  0.40000000   1.40000000    88.0658968187
  0.50000000   1.40000000    90.2498412695
  0.60000000   1.40000000    92.9999607847
  0.70000000   1.40000000    96.3395570655
  0.80000000   1.40000000   100.2979443281
  0.90000000   1.40000000   104.9104124851
  1.00000000   1.40000000   110.2168675083
  1.10000000   1.40000000   116.2572139472
  1.20000000   1.40000000   123.0589283686
  1.30000000   1.40000000   130.6053835781
  1.40000000   1.40000000   138.7528787858
  1.50000000   1.40000000   146.9925893671
  1.60000000   1.40000000   153.6670983821
  1.70000000   1.40000000   157.4284296942
  1.80000000   1.40000000   157.4284296942
  1.90000000   1.40000000   153.6670983821
  2.00000000   1.40000000   146.9925893671
  2.10000000   1.40000000   138.7528787858
  2.20000000   1.40000000   130.6053835781
  2.30000000   1.40000000   123.0589283686
  2.40000000   1.40000000   116.2572139472
  2.50000000   1.40000000   110.2168675083
  2.60000000   1.40000000   104.9104124851
  2.70000000   1.40000000   100.2979443281
  2.80000000   1.40000000    96.3395570655
  2.90000000   1.40000000    92.9999607847
  3.00000000   1.40000000    90.2498412695
  3.10000000   1.40000000    88.0658968187
  3.20000000   1.40000000    86.4304022526
  3.30000000   1.40000000    85.3306760438
  3.40000000   1.40000000    84.7741992374
  3.50000000   1.40000000    84.7741992374

  0.00000000   1.50000000    85.4287354990
  0.10000000   1.50000000    85.4287354990
  0.20000000   1.50000000    86.0098324340
  0.30000000   1.50000000    87.1604096145
  0.40000000   1.50000000    88.8762879252
  0.50000000   1.50000000    91.1754700968
  0.60000000   1.50000000    94.0838218674
  0.70000000   1.50000000    97.6367821321
  0.80000000   1.50000000   101.8817266278
  0.90000000   1.50000000   106.8811195097
  1.00000000   1.50000000   112.7165474481
  1.10000000   1.50000000   119.4935574910
  1.20000000   1.50000000   127.3467983041
  1.30000000   1.50000000   136.4444582091
  1.40000000   1.50000000   146.9931063762
  1.50000000   1.50000000   159.2666910407
  1.60000000   1.50000000   169.3635734519
  1.70000000   1.50000000   175.1931803901
  1.80000000   1.50000000   175.1931803901
  1.90000000   1.50000000   169.3635734519
  2.00000000   1.50000000   159.2666910407
  2.10000000   1.50000000   146.9931063762
  2.20000000   1.50000000   136.4444582091
  2.30000000   1.50000000   127.3467983041
  2.40000000   1.50000000   119.4935574910
  2.50000000   1.50000000   112.7165474481
  2.60000000   1.50000000   106.8811195097
  2.70000000   1.50000000   101.8817266278
  2.80000000   1.50000000    97.6367821321
  2.90000000   1.50000000    94.0838218674
  3.00000000   1.50000000    91.1754700968
  3.10000000   1.50000000    88.8762879252
  3.20000000   1.50000000    87.1604096145
  3.30000000   1.50000000    86.0098324340
  3.40000000   1.50000000    85.4287354990
  3.50000000   1.50000000    85.4287354990

  0.00000000   1.60000000    85.8809615530
  0.10000000   1.60000000    85.8809615530
  0.20000000   1.60000000    86.4794840383
  0.30000000   1.60000000    87.6661232883
  0.40000000   1.60000000    89.4392048210
  0.50000000   1.60000000    91.8208203628
  0.60000000   1.60000000    94.8431872919
  0.70000000   1.60000000    98.5514102250
  0.80000000   1.60000000   103.0076309111
  0.90000000   1.60000000   108.2972640496
  1.00000000   1.60000000   114.5384916453
  1.10000000   1.60000000   121.8970419970
  1.20000000   1.60000000   130.6098906430
  1.30000000   1.60000000   141.0246991555
  1.40000000   1.60000000   153.6680358507
  1.50000000   1.60000000   171.6023646622
  1.60000000   1.60000000   200.0000000000
  1.70000000   1.60000000   200.0000000000
  1.80000000   1.60000000   200.0000000000
  1.90000000   1.60000000   200.0000000000
  2.00000000   1.60000000   171.6023646622
  2.10000000   1.60000000   153.6680358507
  2.20000000   1.60000000   141.0246991555
  2.30000000   1.60000000   130.6098906430
  2.40000000   1.60000000   121.8970419970
  2.50000000   1.60000000   114.5384916453
  2.60000000   1.60000000   108.2972640496
  2.70000000   1.60000000   103.0076309111
  2.80000000   1.60000000    98.5514102250
  2.90000000   1.60000000    94.8431872919
  3.00000000   1.60000000    91.8208203628
  3.10000000   1.60000000    89.4392048210
  3.20000000   1.60000000    87.6661232883
  3.30000000   1.60000000    86.4794840383
  3.40000000   1.60000000    85.8809615530
  3.50000000   1.60000000    85.8809615530

  0.00000000   1.70000000    86.1119703733
  0.10000000   1.70000000    86.1119703733
  0.20000000   1.70000000    86.7195276243
  0.30000000   1.70000000    87.9248875362
  0.40000000   1.70000000    89.7277295372
  0.50000000   1.70000000    92.1523729581
  0.60000000   1.70000000    95.2345273629
  0.70000000   1.70000000    99.0246763742
  0.80000000   1.70000000   103.5933037138
  0.90000000   1.70000000   109.0390219607
  1.00000000   1.70000000   115.5014726499
  1.10000000   1.70000000   123.1823649260
  1.20000000   1.70000000   132.3808496588
  1.30000000   1.70000000   143.5547967930
  1.40000000   1.70000000   157.4296319848
  1.50000000   1.70000000   176.0181678717
  1.60000000   1.70000000   200.0000000000
  1.70000000   1.70000000   200.0000000000
  1.80000000   1.70000000   200.0000000000
  1.90000000   1.70000000   200.0000000000
  2.00000000   1.70000000   176.0181678717
  2.10000000   1.70000000   157.4296319848
  2.20000000   1.70000000   143.5547967930
  2.30000000   1.70000000   132.3808496588
  2.40000000   1.70000000   123.1823649260
  2.50000000   1.70000000   115.5014726499
  2.60000000   1.70000000   109.0390219607
  2.70000000   1.70000000   103.5933037138
  2.80000000   1.70000000    99.0246763742
  2.90000000   1.70000000    95.2345273629
  3.00000000   1.70000000    92.1523729581
  3.10000000   1.70000000    89.7277295372
  3.20000000   1.70000000    87.9248875362
  3.30000000   1.70000000    86.7195276243
  3.40000000   1.70000000    86.1119703733
  3.50000000   1.70000000    86.1119703733

  0.00000000   1.80000000    86.1119703733
  0.10000000   1.80000000    86.1119703733
  0.20000000   1.80000000    86.7195276243
  0.30000000   1.80000000    87.9248875362
  0.40000000   1.80000000    89.7277295372
  0.50000000   1.80000000    92.1523729581
  0.60000000   1.80000000    95.2345273629
  0.70000000   1.80000000    99.0246763742
  0.80000000   1.80000000   103.5933037138
  0.90000000   1.80000000   109.0390219607
  1.00000000   1.80000000   115.5014726499
  1.10000000   1.80000000   123.1823649260
  1.20000000   1.80000000   132.3808496588
  1.30000000   1.80000000   143.5547967930
  1.40000000   1.80000000   157.4296319848
  1.50000000   1.80000000   176.0181678717
  1.60000000   1.80000000   200.0000000000
  1.70000000   1.80000000   200.0000000000
  1.80000000   1.80000000   200.0000000000
  1.90000000   1.80000000   200.0000000000
  2.00000000   1.80000000   176.0181678717
  2.10000000   1.80000000   157.4296319848
  2.20000000   1.80000000   143.5547967930
  2.30000000   1.80000000   132.3808496588
  2.40000000   1.80000000   123.1823649260
  2.50000000   1.80000000   115.5014726499
  2.60000000   1.80000000   109.0390219607
  2.70000000   1.80000000   103.5933037138
  2.80000000   1.80000000    99.0246763742
  2.90000000   1.80000000    95.2345273629
  3.00000000   1.80000000    92.1523729581
  3.10000000   1.80000000    89.7277295372
  3.20000000   1.80000000    87.9248875362
  3.30000000   1.80000000    86.7195276243
  3.40000000   1.80000000    86.1119703733
  3.50000000   1.80000000    86.1119703733

  0.00000000   1.90000000    85.8809615530
  0.10000000   1.90000000    85.8809615530
  0.20000000   1.90000000    86.4794840383
  0.30000000   1.90000000    87.6661232883
  0.40000000   1.90000000    89.4392048210
  0.50000000   1.90000000    91.8208203628
  0.60000000   1.90000000    94.8431872919
  0.70000000   1.90000000    98.5514102250
  0.80000000   1.90000000   103.0076309111
  0.90000000   1.90000000   108.2972640496
  1.00000000   1.90000000   114.5384916453
  1.10000000   1.90000000   121.8970419970
  1.20000000   1.90000000   130.6098906430
  1.30000000   1.90000000   141.0246991555
  1.40000000   1.90000000   153.6680358507
  1.50000000   1.90000000   171.6023646622
  1.60000000   1.90000000   200.0000000000
  1.70000000   1.90000000   200.0000000000
  1.80000000   1.90000000   200.0000000000
  1.90000000   1.90000000   200.0000000000
  2.00000000   1.90000000   171.6023646622
  2.10000000   1.90000000   153.6680358507
  2.20000000   1.90000000   141.0246991555
  2.30000000   1.90000000   130.6098906430
  2.40000000   1.90000000   121.8970419970
  2.50000000   1.90000000   114.5384916453
  2.60000000   1.90000000   108.2972640496
  2.70000000   1.90000000   103.0076309111
  2.80000000   1.90000000    98.5514102250
  2.90000000   1.90000000    94.8431872919
  3.00000000   1.90000000    91.8208203628
  3.10000000   1.90000000    89.4392048210
  3.20000000   1.90000000    87.6661232883
  3.30000000   1.90000000    86.4794840383
  3.40000000   1.90000000    85.8809615530
  3.50000000   1.90000000    85.8809615530

  0.00000000   2.00000000    85.4287354990
  0.10000000   2.00000000    85.4287354990
  0.20000000   2.00000000    86.0098324340
  0.30000000   2.00000000    87.1604096145
  0.40000000   2.00000000    88.8762879252
  0.50000000   2.00000000    91.1754700968
  0.60000000   2.00000000    94.0838218674
  0.70000000   2.00000000    97.6367821321
  0.80000000   2.00000000   101.8817266278
  0.90000000   2.00000000   106.8811195097
  1.00000000   2.00000000   112.7165474481
  1.10000000   2.00000000   119.4935574910
  1.20000000   2.00000000   127.3467983041
  1.30000000   2.00000000   136.4444582091
  1.40000000   2.00000000   146.9931063762
  1.50000000   2.00000000   159.2666910407
  1.60000000   2.00000000   169.3635734519
  1.70000000   2.00000000   175.1931803901
  1.80000000   2.00000000   175.1931803901
  1.90000000   2.00000000   169.3635734519
  2.00000000   2.00000000   159.2666910407
  2.10000000   2.00000000   146.9931063762
  2.20000000   2.00000000   136.4444582091
  2.30000000   2.00000000   127.3467983041
  2.40000000   2.00000000   119.4935574910
  2.50000000   2.00000000   112.7165474481
  2.60000000   2.00000000   106.8811195097
  2.70000000   2.00000000   101.8817266278
  2.80000000   2.00000000    97.6367821321
  2.90000000   2.00000000    94.0838218674
  3.00000000   2.00000000    91.1754700968
  3.10000000   2.00000000    88.8762879252
  3.20000000   2.00000000    87.1604096145
  3.30000000   2.00000000    86.0098324340
  3.40000000   2.00000000    85.4287354990
  3.50000000   2.00000000    85.4287354990

  0.00000000   2.10000000    84.7741992374
  0.10000000   2.10000000    84.7741992374
  0.20000000   2.10000000    85.3306760438
  0.30000000   2.10000000    86.4304022526
  0.40000000   2.10000000    88.0658968187
  0.50000000   2.10000000    90.2498412695
  0.60000000   2.10000000    92.9999607847
  0.70000000   2.10000000    96.3395570655
  0.80000000   2.10000000   100.2979443281
  0.90000000   2.10000000   104.9104124851
  1.00000000   2.10000000   110.2168675083
  1.10000000   2.10000000   116.2572139472
  1.20000000   2.10000000   123.0589283686
  1.30000000   2.10000000   130.6053835781
  1.40000000   2.10000000   138.7528787858
  1.50000000   2.10000000   146.9925893671
  1.60000000   2.10000000   153.6670983821
  1.70000000   2.10000000   157.4284296942
  1.80000000   2.10000000   157.4284296942
  1.90000000   2.10000000   153.6670983821
  2.00000000   2.10000000   146.9925893671
  2.10000000   2.10000000   138.7528787858
  2.20000000   2.10000000   130.6053835781
  2.30000000   2.10000000   123.0589283686
  2.40000000   2.10000000   116.2572139472
  2.50000000   2.10000000   110.2168675083
  2.60000000   2.10000000   104.9104124851
  2.70000000   2.10000000   100.2979443281
  2.80000000   2.10000000    96.3395570655
  2.90000000   2.10000000    92.9999607847
  3.00000000   2.10000000    90.2498412695
  3.10000000   2.10000000    88.0658968187
  3.20000000   2.10000000    86.4304022526
  3.30000000   2.10000000    85.3306760438
  3.40000000   2.10000000    84.7741992374
  3.50000000   2.10000000    84.7741992374

  0.00000000   2.20000000    83.9441169255
  0.10000000   2.20000000    83.9441169255
  0.20000000   2.20000000    84.4703666074
  0.30000000   2.20000000    85.5078201617
  0.40000000   2.20000000    87.0453151701
  0.50000000   2.20000000    89.0897070188
  0.60000000   2.20000000    91.6499932005
  0.70000000   2.20000000    94.7368309569
  0.80000000   2.20000000    98.3614201597
  0.90000000   2.20000000   102.5331280605
  1.00000000   2.20000000   107.2546746209
  1.10000000   2.20000000   112.5126235798
  1.20000000   2.20000000   118.2588615228
  1.30000000   2.20000000   124.3749328336
  1.40000000   2.20000000   130.6052280338
  1.50000000   2.20000000   136.4440330566
  1.60000000   2.20000000   141.0240276128
  1.70000000   2.20000000   143.5539756609
  1.80000000   2.20000000   143.5539756609
  1.90000000   2.20000000   141.0240276128
  2.00000000   2.20000000   136.4440330566
  2.10000000   2.20000000   130.6052280338
  2.20000000   2.20000000   124.3749328336
  2.30000000   2.20000000   118.2588615228
  2.40000000   2.20000000   112.5126235798
  2.50000000   2.20000000   107.2546746209
  2.60000000   2.20000000   102.5331280605
  2.70000000   2.20000000    98.3614201597
  2.80000000   2.20000000    94.7368309569
  2.90000000   2.20000000    91.6499932005
  3.00000000   2.20000000    89.0897070188
  3.10000000   2.20000000    87.0453151701
  3.20000000   2.20000000    85.5078201617
  3.30000000   2.20000000    84.4703666074
  3.40000000   2.20000000    83.9441169255
  3.50000000   2.20000000    83.9441169255

  0.00000000   2.30000000    82.9714343849
  0.10000000   2.30000000    82.9714343849
  0.20000000   2.30000000    83.4636360867
  0.30000000   2.30000000    84.4311528780
  0.40000000   2.30000000    85.8591556330
  0.50000000   2.30000000    87.7488303963
  0.60000000   2.30000000    90.1009013866
  0.70000000   2.30000000    92.9144653618
  0.80000000   2.30000000    96.1849480896
  0.90000000   2.30000000    99.9005790157
  1.00000000   2.30000000   104.0363906901
  1.10000000   2.30000000   108.5441643584
  1.20000000   2.30000000   113.3360021576
  1.30000000   2.30000000   118.2587846730
  1.40000000   2.30000000   123.0587318581
  1.50000000   2.30000000   127.3464430406
  1.60000000   2.30000000   130.6093902338
  1.70000000   2.30000000   132.3802625470
  1.80000000   2.30000000   132.3802625470
  1.90000000   2.30000000   130.6093902338
  2.00000000   2.30000000   127.3464430406
  2.10000000   2.30000000   123.0587318581
  2.20000000   2.30000000   118.2587846730
  2.30000000   2.30000000   113.3360021576
  2.40000000   2.30000000   108.5441643584
  2.50000000   2.30000000   104.0363906901
  2.60000000   2.30000000    99.9005790157
  2.70000000   2.30000000    96.1849480896
  2.80000000   2.30000000    92.9144653618
  2.90000000   2.30000000    90.1009013866
  3.00000000   2.30000000    87.7488303963
  3.10000000   2.30000000    85.8591556330
  3.20000000   2.30000000    84.4311528780
  3.30000000   2.30000000    83.4636360867
  3.40000000   2.30000000    82.9714343849
  3.50000000   2.30000000    82.9714343849

  0.00000000   2.40000000    81.8933848180
  0.10000000   2.40000000    81.8933848180
  0.20000000   2.40000000    82.3495166433
  0.30000000   2.40000000    83.2431795220
  0.40000000   2.40000000    84.5561986036
  0.50000000   2.40000000    86.2847339278
  0.60000000   2.40000000    88.4223991101
  0.70000000   2.40000000    90.9587757406
  0.80000000   2.40000000    93.8770535210
  0.90000000   2.40000000    97.1503589291
  1.00000000   2.40000000   100.7361654700
  1.10000000   2.40000000   104.5680438868
  1.20000000   2.40000000   108.5441191815
  1.30000000   2.40000000   112.5125129115
  1.40000000   2.40000000   116.2570161443
  1.50000000   2.40000000   119.4932595448
  1.60000000   2.40000000   121.8966557466
  1.70000000   2.40000000   123.1819268573
  1.80000000   2.40000000   123.1819268573
  1.90000000   2.40000000   121.8966557466
  2.00000000   2.40000000   119.4932595448
  2.10000000   2.40000000   116.2570161443
  2.20000000   2.40000000   112.5125129115
  2.30000000   2.40000000   108.5441191815
  2.40000000   2.40000000   104.5680438868
  2.50000000   2.40000000   100.7361654700
  2.60000000   2.40000000    97.1503589291
  2.70000000   2.40000000    93.8770535210
  2.80000000   2.40000000    90.9587757406
  2.90000000   2.40000000    88.4223991101
  3.00000000   2.40000000    86.2847339278
  3.10000000   2.40000000    84.5561986036
  3.20000000   2.40000000    83.2431795220
  3.30000000   2.40000000    82.3495166433
  3.40000000   2.40000000    81.8933848180
  3.50000000   2.40000000    81.8933848180

  0.00000000   2.50000000    80.7495676960
  0.10000000   2.50000000    80.7495676960
  0.20000000   2.50000000    81.1692706261
  0.30000000   2.50000000    81.9885861997
  0.40000000   2.50000000    83.1865049132
  0.50000000   2.50000000    84.7550775783
  0.60000000   2.50000000    86.6823113365
  0.70000000   2.50000000    88.9506630457
  0.80000000   2.50000000    91.5348074593
  0.90000000   2.50000000    94.3984379790
  1.00000000   2.50000000    97.4898463764
  1.10000000   2.50000000   100.7361360064
  1.20000000   2.50000000   104.0363207684
  1.30000000   2.50000000   107.2545520779
  1.40000000   2.50000000   110.2166819749
  1.50000000   2.50000000   112.7162958220
  1.60000000   2.50000000   114.5381841680
  1.70000000   2.50000000   115.5011330585
  1.80000000   2.50000000   115.5011330585
  1.90000000   2.50000000   114.5381841680
  2.00000000   2.50000000   112.7162958220
  2.10000000   2.50000000   110.2166819749
  2.20000000   2.50000000   107.2545520779
  2.30000000   2.50000000   104.0363207684
  2.40000000   2.50000000   100.7361360064
  2.50000000   2.50000000    97.4898463764
  2.60000000   2.50000000    94.3984379790
  2.70000000   2.50000000    91.5348074593
  2.80000000   2.50000000    88.9506630457
  2.90000000   2.50000000    86.6823113365
  3.00000000   2.50000000    84.7550775783
  3.10000000   2.50000000    83.1865049132
  3.20000000   2.50000000    81.9885861997
  3.30000000   2.50000000    81.1692706261
  3.40000000   2.50000000    80.7495676960
  3.50000000   2.50000000    80.7495676960

  0.00000000   2.60000000    79.5801560465
  0.10000000   2.60000000    79.5801560465
  0.20000000   2.60000000    79.9645007424
  0.30000000   2.60000000    80.7118810892
  0.40000000   2.60000000    81.7990411779
  0.50000000   2.60000000    83.2149195977
  0.60000000   2.60000000    84.9434591087
  0.70000000   2.60000000    86.9622757947
  0.80000000   2.60000000    89.2408043011
  0.90000000   2.60000000    91.7378340295
  1.00000000   2.60000000    94.3984173065
  1.10000000   2.60000000    97.1503110633
  1.20000000   2.60000000    99.9004966821
  1.30000000   2.60000000   102.5330043245
  1.40000000   2.60000000   104.9102428126
  1.50000000   2.60000000   106.8809046389
  1.60000000   2.60000000   108.2970124456
  1.70000000   2.60000000   109.0387496625
  1.80000000   2.60000000   109.0387496625
  1.90000000   2.60000000   108.2970124456
  2.00000000   2.60000000   106.8809046389
  2.10000000   2.60000000   104.9102428126
  2.20000000   2.60000000   102.5330043245
  2.30000000   2.60000000    99.9004966821
  2.40000000   2.60000000    97.1503110633
  2.50000000   2.60000000    94.3984173065
  2.60000000   2.60000000    91.7378340295
  2.70000000   2.60000000    89.2408043011
  2.80000000   2.60000000    86.9622757947
  2.90000000   2.60000000    84.9434591087
  3.00000000   2.60000000    83.2149195977
  3.10000000   2.60000000    81.7990411779
  3.20000000   2.60000000    80.7118810892
  3.30000000   2.60000000    79.9645007424
  3.40000000   2.60000000    79.5801560465
  3.50000000   2.60000000    79.5801560465

  0.00000000   2.70000000    78.4243351550
  0.10000000   2.70000000    78.4243351550
  0.20000000   2.70000000    78.7755443064
  0.30000000   2.70000000    79.4557081407
  0.40000000   2.70000000    80.4398997329
  0.50000000   2.70000000    81.7148799888
  0.60000000   2.70000000    83.2619059003
  0.70000000   2.70000000    85.0556743199
  0.80000000   2.70000000    87.0629350519
  0.90000000   2.70000000    89.2407889942
  1.00000000   2.70000000    91.5347726741
  1.10000000   2.70000000    93.8769946265
  1.20000000   2.70000000    96.1848604615
  1.30000000   2.70000000    98.3613000554
  1.40000000   2.70000000   100.2977901928
  1.50000000   2.70000000   101.8815405870
  1.60000000   2.70000000   103.0074197842
  1.70000000   2.70000000   103.5930787157
  1.80000000   2.70000000   103.5930787157
  1.90000000   2.70000000   103.0074197842
  2.00000000   2.70000000   101.8815405870
  2.10000000   2.70000000   100.2977901928
  2.20000000   2.70000000    98.3613000554
  2.30000000   2.70000000    96.1848604615
  2.40000000   2.70000000    93.8769946265
  2.50000000   2.70000000    91.5347726741
  2.60000000   2.70000000    89.2407889942
  2.70000000   2.70000000    87.0629350519
  2.80000000   2.70000000    85.0556743199
  2.90000000   2.70000000    83.2619059003
  3.00000000   2.70000000    81.7148799888
  3.10000000   2.70000000    80.4398997329
  3.20000000   2.70000000    79.4557081407
  3.30000000   2.70000000    78.7755443064
  3.40000000   2.70000000    78.4243351550
  3.50000000   2.70000000    78.4243351550

  0.00000000   2.80000000    77.3190222637
  0.10000000   2.80000000    77.3190222637
  0.20000000   2.80000000    77.6401926898
  0.30000000   2.80000000    78.2595776731
  0.40000000   2.80000000    79.1510812108
  0.50000000   2.80000000    80.3000727960
  0.60000000   2.80000000    81.6862357528
  0.70000000   2.80000000    83.2828102067
  0.80000000   2.80000000    85.0556625457
  0.90000000   2.80000000    86.9622493746
  1.00000000   2.80000000    88.9506188364
  1.10000000   2.80000000    90.9587105493
  1.20000000   2.80000000    92.9143763563
  1.30000000   2.80000000    94.7367162933
  1.40000000   2.80000000    96.3394166838
  1.50000000   2.80000000    97.6366185286
  1.60000000   2.80000000    98.5512288544
  1.70000000   2.80000000    99.0244853368
  1.80000000   2.80000000    99.0244853368
  1.90000000   2.80000000    98.5512288544
  2.00000000   2.80000000    97.6366185286
  2.10000000   2.80000000    96.3394166838
  2.20000000   2.80000000    94.7367162933
  2.30000000   2.80000000    92.9143763563
  2.40000000   2.80000000    90.9587105493
  2.50000000   2.80000000    88.9506188364
  2.60000000   2.80000000    86.9622493746
  2.70000000   2.80000000    85.0556625457
  2.80000000   2.80000000    83.2828102067
  2.90000000   2.80000000    81.6862357528
  3.00000000   2.80000000    80.3000727960
  3.10000000   2.80000000    79.1510812108
  3.20000000   2.80000000    78.2595776731
  3.30000000   2.80000000    77.6401926898
  3.40000000   2.80000000    77.3190222637
  3.50000000   2.80000000    77.3190222637

  0.00000000   2.90000000    76.2978717007
  0.10000000   2.90000000    76.2978717007
  0.20000000   2.90000000    76.5927285859
  0.30000000   2.90000000    77.1589768353
  0.40000000   2.90000000    77.9697456885
  0.50000000   2.90000000    79.0096142818
  0.60000000   2.90000000    80.2575099116
  0.70000000   2.90000000    81.6862264901
  0.80000000   2.90000000    83.2618852359
  0.90000000   2.90000000    84.9434247511
  1.00000000   2.90000000    86.6822609582
  1.10000000   2.90000000    88.4223305573
  1.20000000   2.90000000    90.1008130020
  1.30000000   2.90000000    91.6498842509
  1.40000000   2.90000000    92.9998319361
  1.50000000   2.90000000    94.0836755802
  1.60000000   2.90000000    94.8430279563
  1.70000000   2.90000000    95.2343610236
  1.80000000   2.90000000    95.2343610236
  1.90000000   2.90000000    94.8430279563
  2.00000000   2.90000000    94.0836755802
  2.10000000   2.90000000    92.9998319361
  2.20000000   2.90000000    91.6498842509
  2.30000000   2.90000000    90.1008130020
  2.40000000   2.90000000    88.4223305573
  2.50000000   2.90000000    86.6822609582
  2.60000000   2.90000000    84.9434247511
  2.70000000   2.90000000    83.2618852359
  2.80000000   2.90000000    81.6862264901
  2.90000000   2.90000000    80.2575099116
  3.00000000   2.90000000    79.0096142818
  3.10000000   2.90000000    77.9697456885
  3.20000000   2.90000000    77.1589768353
  3.30000000   2.90000000    76.5927285859
  3.40000000   2.90000000    76.2978717007
  3.50000000   2.90000000    76.2978717007

  0.00000000   3.00000000    75.3905365508
  0.10000000   3.00000000    75.3905365508
  0.20000000   3.00000000    75.6632430252
  0.30000000   3.00000000    76.1847950966
  0.40000000   3.00000000    76.9278182893
  0.50000000   3.00000000    77.8765170140
  0.60000000   3.00000000    79.0096069571
  0.70000000   3.00000000    80.3000564155
  0.80000000   3.00000000    81.7148527425
  0.90000000   3.00000000    83.2148796645
  1.00000000   3.00000000    84.7550232434
  1.10000000   3.00000000    86.2846637617
  1.20000000   3.00000000    87.7487434954
  1.30000000   3.00000000    89.0896032900
  1.40000000   3.00000000    90.2497217108
  1.50000000   3.00000000    91.1753369937
  1.60000000   3.00000000    91.8206773066
  1.70000000   3.00000000    92.1522246189
  1.80000000   3.00000000    92.1522246189
  1.90000000   3.00000000    91.8206773066
  2.00000000   3.00000000    91.1753369937
  2.10000000   3.00000000    90.2497217108
  2.20000000   3.00000000    89.0896032900
  2.30000000   3.00000000    87.7487434954
  2.40000000   3.00000000    86.2846637617
  2.50000000   3.00000000    84.7550232434
  2.60000000   3.00000000    83.2148796645
  2.70000000   3.00000000    81.7148527425
  2.80000000   3.00000000    80.3000564155
  2.90000000   3.00000000    79.0096069571
  3.00000000   3.00000000    77.8765170140
  3.10000000   3.00000000    76.9278182893
  3.20000000   3.00000000    76.1847950966
  3.30000000   3.00000000    75.6632430252
  3.40000000   3.00000000    75.3905365508
  3.50000000   3.00000000    75.3905365508

  0.00000000   3.10000000    74.6221339051
  0.10000000   3.10000000    74.6221339051
  0.20000000   3.10000000    74.8771811376
  0.30000000   3.10000000    75.3629948276
  0.40000000   3.10000000    76.0518420149
  0.50000000   3.10000000    76.9278125876
  0.60000000   3.10000000    77.9697327728
  0.70000000   3.10000000    79.1510595301
  0.80000000   3.10000000    80.4398677431
  0.90000000   3.10000000    81.7989974150
  1.00000000   3.10000000    83.1864481019
  1.10000000   3.10000000    84.5561278031
  1.20000000   3.10000000    85.8590704133
  1.30000000   3.10000000    87.0452158006
  1.40000000   3.10000000    88.0657844329
  1.50000000   3.10000000    88.8761646119
  1.60000000   3.10000000    89.4390735927
  1.70000000   3.10000000    89.7275941453
  1.80000000   3.10000000    89.7275941453
  1.90000000   3.10000000    89.4390735927
  2.00000000   3.10000000    88.8761646119
  2.10000000   3.10000000    88.0657844329
  2.20000000   3.10000000    87.0452158006
  2.30000000   3.10000000    85.8590704133
  2.40000000   3.10000000    84.5561278031
  2.50000000   3.10000000    83.1864481019
  2.60000000   3.10000000    81.7989974150
  2.70000000   3.10000000    80.4398677431
  2.80000000   3.10000000    79.1510595301
  2.90000000   3.10000000    77.9697327728
  3.00000000   3.10000000    76.9278125876
  3.10000000   3.10000000    76.0518420149
  3.20000000   3.10000000    75.3629948276
  3.30000000   3.10000000    74.8771811376
  3.40000000   3.10000000    74.6221339051
  3.50000000   3.10000000    74.6221339051

  0.00000000   3.20000000    74.0128348802
  0.10000000   3.20000000    74.0128348802
  0.20000000   3.20000000    74.2550737624
  0.30000000   3.20000000    74.7144704959
  0.40000000   3.20000000    75.3629905763
  0.50000000   3.20000000    76.1847852059
  0.60000000   3.20000000    77.1589598817
  0.70000000   3.20000000    78.2595522433
  0.80000000   3.20000000    79.4556728857
  0.90000000   3.20000000    80.7118347975
  1.00000000   3.20000000    81.9885278940
  1.10000000   3.20000000    83.2431085771
  1.20000000   3.20000000    84.4310691522
  1.30000000   3.20000000    85.5077241239
  1.40000000   3.20000000    86.4302950798
  1.50000000   3.20000000    87.1602932278
  1.60000000   3.20000000    87.6660003011
  1.70000000   3.20000000    87.9247611008
  1.80000000   3.20000000    87.9247611008
  1.90000000   3.20000000    87.6660003011
  2.00000000   3.20000000    87.1602932278
  2.10000000   3.20000000    86.4302950798
  2.20000000   3.20000000    85.5077241239
  2.30000000   3.20000000    84.4310691522
  2.40000000   3.20000000    83.2431085771
  2.50000000   3.20000000    81.9885278940
  2.60000000   3.20000000    80.7118347975
  2.70000000   3.20000000    79.4556728857
  2.80000000   3.20000000    78.2595522433
  2.90000000   3.20000000    77.1589598817
  3.00000000   3.20000000    76.1847852059
  3.10000000   3.20000000    75.3629905763
  3.20000000   3.20000000    74.7144704959
  3.30000000   3.20000000    74.2550737624
  3.40000000   3.20000000    74.0128348802
  3.50000000   3.20000000    74.0128348802

  0.00000000   3.30000000    73.5774390631
  0.10000000   3.30000000    73.5774390631
  0.20000000   3.30000000    73.8124697964
  0.30000000   3.30000000    74.2550708174
  0.40000000   3.30000000    74.8771740227
  0.50000000   3.30000000    75.6632303688
  0.60000000   3.30000000    76.5927090094
  0.70000000   3.30000000    77.6401648649
  0.80000000   3.30000000    78.7755070085
  0.90000000   3.30000000    79.9644529191
  1.00000000   3.30000000    81.1692114830
  1.10000000   3.30000000    82.3494457423
  1.20000000   3.30000000    83.4635534493
  1.30000000   3.30000000    84.4702728058
  1.40000000   3.30000000    85.3305722616
  1.50000000   3.30000000    86.0097204746
  1.60000000   3.30000000    86.4793662653
  1.70000000   3.30000000    86.7194068286
  1.80000000   3.30000000    86.7194068286
  1.90000000   3.30000000    86.4793662653
  2.00000000   3.30000000    86.0097204746
  2.10000000   3.30000000    85.3305722616
  2.20000000   3.30000000    84.4702728058
  2.30000000   3.30000000    83.4635534493
  2.40000000   3.30000000    82.3494457423
  2.50000000   3.30000000    81.1692114830
  2.60000000   3.30000000    79.9644529191
  2.70000000   3.30000000    78.7755070085
  2.80000000   3.30000000    77.6401648649
  2.90000000   3.30000000    76.5927090094
  3.00000000   3.30000000    75.6632303688
  3.10000000   3.30000000    74.8771740227
  3.20000000   3.30000000    74.2550708174
  3.30000000   3.30000000    73.8124697964
  3.40000000   3.30000000    73.5774390631
  3.50000000   3.30000000    73.5774390631

  0.00000000   3.40000000    73.3245766118
  0.10000000   3.40000000    73.3245766118
  0.20000000   3.40000000    73.5603378653
  0.30000000   3.40000000    73.9957900330
  0.40000000   3.40000000    74.6051672101
  0.50000000   3.40000000    75.3736680312
  0.60000000   3.40000000    76.2811187776
  0.70000000   3.40000000    77.3023990846
  0.80000000   3.40000000    78.4078520144
  0.90000000   3.40000000    79.5638188994
  1.00000000   3.40000000    80.7333777852
  1.10000000   3.40000000    81.8773384419
  1.20000000   3.40000000    82.9555228384
  1.30000000   3.40000000    83.9283266381
  1.40000000   3.40000000    84.7585121253
  1.50000000   3.40000000    85.4131295367
  1.60000000   3.40000000    85.8654115490
  1.70000000   3.40000000    86.0964489192
  1.80000000   3.40000000    86.0964489192
  1.90000000   3.40000000    85.8654115490
  2.00000000   3.40000000    85.4131295367
  2.10000000   3.40000000    84.7585121253
  2.20000000   3.40000000    83.9283266381
  2.30000000   3.40000000    82.9555228384
  2.40000000   3.40000000    81.8773384419
  2.50000000   3.40000000    80.7333777852
  2.60000000   3.40000000    79.5638188994
  2.70000000   3.40000000    78.4078520144
  2.80000000   3.40000000    77.3023990846
  2.90000000   3.40000000    76.2811187776
  3.00000000   3.40000000    75.3736680312
  3.10000000   3.40000000    74.6051672101
  3.20000000   3.40000000    73.9957900330
  3.30000000   3.40000000    73.5603378653
  3.40000000   3.40000000    73.3245766118
  3.50000000   3.40000000    73.3245766118

  0.00000000   3.50000000    73.3245766118
  0.10000000   3.50000000    73.3245766118
  0.20000000   3.50000000    73.5603378653
  0.30000000   3.50000000    73.9957900330
  0.40000000   3.50000000    74.6051672101
  0.50000000   3.50000000    75.3736680312
  0.60000000   3.50000000    76.2811187776
  0.70000000   3.50000000    77.3023990846
  0.80000000   3.50000000    78.4078520144
  0.90000000   3.50000000    79.5638188994
  1.00000000   3.50000000    80.7333777852
  1.10000000   3.50000000    81.8773384419
  1.20000000   3.50000000    82.9555228384
  1.30000000   3.50000000    83.9283266381
  1.40000000   3.50000000    84.7585121253
  1.50000000   3.50000000    85.4131295367
  1.60000000   3.50000000    85.8654115490
  1.70000000   3.50000000    86.0964489192
  1.80000000   3.50000000    86.0964489192
  1.90000000   3.50000000    85.8654115490
  2.00000000   3.50000000    85.4131295367
  2.10000000   3.50000000    84.7585121253
  2.20000000   3.50000000    83.9283266381
  2.30000000   3.50000000    82.9555228384
  2.40000000   3.50000000    81.8773384419
  2.50000000   3.50000000    80.7333777852
  2.60000000   3.50000000    79.5638188994
  2.70000000   3.50000000    78.4078520144
  2.80000000   3.50000000    77.3023990846
  2.90000000   3.50000000    76.2811187776
  3.00000000   3.50000000    75.3736680312
  3.10000000   3.50000000    74.6051672101
  3.20000000   3.50000000    73.9957900330
  3.30000000   3.50000000    73.5603378653
  3.40000000   3.50000000    73.3245766118
  3.50000000   3.50000000    73.3245766118

