  0.00000000   0.00000000   102.6207106171
  0.10000000   0.00000000   102.6207106171
  0.20000000   0.00000000   102.8020922501
  0.30000000   0.00000000   103.1371031853
  0.40000000   0.00000000   103.6059178936
  0.50000000   0.00000000   104.1971459644
  0.60000000   0.00000000   104.8952637457
  0.70000000   0.00000000   105.6809423485
  0.80000000   0.00000000   106.5313636325
  0.90000000   0.00000000   107.4206321281
  1.00000000   0.00000000   108.3203434782
  1.10000000   0.00000000   109.2003500849
  1.20000000   0.00000000   110.0297461464
  1.30000000   0.00000000   110.7780686430
  1.40000000   0.00000000   111.4166761332
  1.50000000   0.00000000   111.9202261519
  1.60000000   0.00000000   112.2681318686
  1.70000000   0.00000000   112.4458504156
  1.80000000   0.00000000   112.4458504156
  1.90000000   0.00000000   112.2681318686
  2.00000000   0.00000000   111.9202261519
  2.10000000   0.00000000   111.4166761332
  2.20000000   0.00000000   110.7780686430
  2.30000000   0.00000000   110.0297461464
  2.40000000   0.00000000   109.2003500849
  2.50000000   0.00000000   108.3203434782
  2.60000000   0.00000000   107.4206321281
  2.70000000   0.00000000   106.5313636325
  2.80000000   0.00000000   105.6809423485
  2.90000000   0.00000000   104.8952637457
  3.00000000   0.00000000   104.1971459644
  3.10000000   0.00000000   103.6059178936
  3.20000000   0.00000000   103.1371031853
  3.30000000   0.00000000   102.8020922501
  3.40000000   0.00000000   102.6207106171
  3.50000000   0.00000000   102.6207106171

  0.00000000   0.10000000   102.6207106171
  0.10000000   0.10000000   102.6207106171
  0.20000000   0.10000000   102.8020922501
  0.30000000   0.10000000   103.1371031853
  0.40000000   0.10000000   103.6059178936
  0.50000000   0.10000000   104.1971459644
  0.60000000   0.10000000   104.8952637457
  0.70000000   0.10000000   105.6809423485
  0.80000000   0.10000000   106.5313636325
  0.90000000   0.10000000   107.4206321281
  1.00000000   0.10000000   108.3203434782
  1.10000000   0.10000000   109.2003500849
  1.20000000   0.10000000   110.0297461464
  1.30000000   0.10000000   110.7780686430
  1.40000000   0.10000000   111.4166761332
  1.50000000   0.10000000   111.9202261519
  1.60000000   0.10000000   112.2681318686
  1.70000000   0.10000000   112.4458504156
  1.80000000   0.10000000   112.4458504156
  1.90000000   0.10000000   112.2681318686
  2.00000000   0.10000000   111.9202261519
  2.10000000   0.10000000   111.4166761332
  2.20000000   0.10000000   110.7780686430
  2.30000000   0.10000000   110.0297461464
  2.40000000   0.10000000   109.2003500849
  2.50000000   0.10000000   108.3203434782
  2.60000000   0.10000000   107.4206321281
  2.70000000   0.10000000   106.5313636325
  2.80000000   0.10000000   105.6809423485
  2.90000000   0.10000000   104.8952637457
  3.00000000   0.10000000   104.1971459644
  3.10000000   0.10000000   103.6059178936
  3.20000000   0.10000000   103.1371031853
  3.30000000   0.10000000   102.8020922501
  3.40000000   0.10000000   102.6207106171
  3.50000000   0.10000000   102.6207106171

  0.00000000   0.20000000   102.8152488297
  0.10000000   0.20000000   102.8152488297
  0.20000000   0.20000000   102.9960627448
  0.30000000   0.20000000   103.3365627733
  0.40000000   0.20000000   103.8151526353
  0.50000000   0.20000000   104.4198668943
  0.60000000   0.20000000   105.1349074412
  0.70000000   0.20000000   105.9406959876
  0.80000000   0.20000000   106.8140810714
  0.90000000   0.20000000   107.7286880057
  1.00000000   0.20000000   108.6554446878
  1.10000000   0.20000000   109.5633224360
  1.20000000   0.20000000   110.4203210747
  1.30000000   0.20000000   111.1947039157
  1.40000000   0.20000000   111.8564510000
  1.50000000   0.20000000   112.3788507259
  1.60000000   0.20000000   112.7400990524
  1.70000000   0.20000000   112.9247358347
  1.80000000   0.20000000   112.9247358347
  1.90000000   0.20000000   112.7400990524
  2.00000000   0.20000000   112.3788507259
  2.10000000   0.20000000   111.8564510000
  2.20000000   0.20000000   111.1947039157
  2.30000000   0.20000000   110.4203210747
  2.40000000   0.20000000   109.5633224360
  2.50000000   0.20000000   108.6554446878
  2.60000000   0.20000000   107.7286880057
  2.70000000   0.20000000   106.8140810714
  2.80000000   0.20000000   105.9406959876
  2.90000000   0.20000000   105.1349074412
  3.00000000   0.20000000   104.4198668943
  3.10000000   0.20000000   103.8151526353
  3.20000000   0.20000000   103.3365627733
  3.30000000   0.20000000   102.9960627448
  3.40000000   0.20000000   102.8152488297
  3.50000000   0.20000000   102.8152488297

  0.00000000   0.30000000   103.1502160830
  0.10000000   0.30000000   103.1502160830
  0.20000000   0.30000000   103.3365652486
  0.30000000   0.30000000   103.6899671058
  0.40000000   0.30000000   104.1888519745
  0.50000000   0.30000000   104.8210241190
  0.60000000   0.30000000   105.5704061255
  0.70000000   0.30000000   106.4170224253
  0.80000000   0.30000000   107.3371082178
  0.90000000   0.30000000   108.3033634600
  1.00000000   0.30000000   109.2853952844
  1.10000000   0.30000000   110.2504025616
  1.20000000   0.30000000   111.1641524069
  1.30000000   0.30000000   111.9922770593
  1.40000000   0.30000000   112.7018770517
  1.50000000   0.30000000   113.2633530762
  1.60000000   0.30000000   113.6523133512
  1.70000000   0.30000000   113.8513360970
  1.80000000   0.30000000   113.8513360970
  1.90000000   0.30000000   113.6523133512
  2.00000000   0.30000000   113.2633530762
  2.10000000   0.30000000   112.7018770517
  2.20000000   0.30000000   111.9922770593
  2.30000000   0.30000000   111.1641524069
  2.40000000   0.30000000   110.2504025616
  2.50000000   0.30000000   109.2853952844
  2.60000000   0.30000000   108.3033634600
  2.70000000   0.30000000   107.3371082178
  2.80000000   0.30000000   106.4170224253
  2.90000000   0.30000000   105.5704061255
  3.00000000   0.30000000   104.8210241190
  3.10000000   0.30000000   104.1888519745
  3.20000000   0.30000000   103.6899671058
  3.30000000   0.30000000   103.3365652486
  3.40000000   0.30000000   103.1502160830
  3.50000000   0.30000000   103.1502160830

  0.00000000   0.40000000   103.6189702281
  0.10000000   0.40000000   103.6189702281
  0.20000000   0.40000000   103.8151586207
  0.30000000   0.40000000   104.1888555474
  0.40000000   0.40000000   104.7187242966
  0.50000000   0.40000000   105.3925223349
  0.60000000   0.40000000   106.1939579724
  0.70000000   0.40000000   107.1026097732
  0.80000000   0.40000000   108.0939173972
  0.90000000   0.40000000   109.1392954991
  1.00000000   0.40000000   110.2064376976
  1.10000000   0.40000000   111.2598929942
  1.20000000   0.40000000   112.2620023137
  1.30000000   0.40000000   113.1742674401
  1.40000000   0.40000000   113.9591768646
  1.50000000   0.40000000   114.5824255481
  1.60000000   0.40000000   115.0153450969
  1.70000000   0.40000000   115.2372380939
  1.80000000   0.40000000   115.2372380939
  1.90000000   0.40000000   115.0153450969
  2.00000000   0.40000000   114.5824255481
  2.10000000   0.40000000   113.9591768646
  2.20000000   0.40000000   113.1742674401
  2.30000000   0.40000000   112.2620023137
  2.40000000   0.40000000   111.2598929942
  2.50000000   0.40000000   110.2064376976
  2.60000000   0.40000000   109.1392954991
  2.70000000   0.40000000   108.0939173972
  2.80000000   0.40000000   107.1026097732
  2.90000000   0.40000000   106.1939579724
  3.00000000   0.40000000   105.3925223349
  3.10000000   0.40000000   104.7187242966
  3.20000000   0.40000000   104.1888555474
  3.30000000   0.40000000   103.8151586207
  3.40000000   0.40000000   103.6189702281
  3.50000000   0.40000000   103.6189702281

  0.00000000   0.50000000   104.2101222347
  0.10000000   0.50000000   104.2101222347
  0.20000000   0.50000000   104.4198775282
  0.30000000   0.50000000   104.8210324152
  0.40000000   0.50000000   105.3925271057
  0.50000000   0.50000000   106.1222075190
  0.60000000   0.50000000   106.9936974985
  0.70000000   0.50000000   107.9862005920
  0.80000000   0.50000000   109.0743212214
  0.90000000   0.50000000   110.2279711333
  1.00000000   0.50000000   111.4124516233
  1.10000000   0.50000000   112.5888323873
  1.20000000   0.50000000   113.7147729865
  1.30000000   0.50000000   114.7459351749
  1.40000000   0.50000000   115.6380888970
  1.50000000   0.50000000   116.3498967403
  1.60000000   0.50000000   116.8461658548
  1.70000000   0.50000000   117.1011256045
  1.80000000   0.50000000   117.1011256045
  1.90000000   0.50000000   116.8461658548
  2.00000000   0.50000000   116.3498967403
  2.10000000   0.50000000   115.6380888970
  2.20000000   0.50000000   114.7459351749
  2.30000000   0.50000000   113.7147729865
  2.40000000   0.50000000   112.5888323873
  2.50000000   0.50000000   111.4124516233
  2.60000000   0.50000000   110.2279711333
  2.70000000   0.50000000   109.0743212214
  2.80000000   0.50000000   107.9862005920
  2.90000000   0.50000000   106.9936974985
  3.00000000   0.50000000   106.1222075190
  3.10000000   0.50000000   105.3925271057
  3.20000000   0.50000000   104.8210324152
  3.30000000   0.50000000   104.4198775282
  3.40000000   0.50000000   104.2101222347
  3.50000000   0.50000000   104.2101222347

  0.00000000   0.60000000   104.9081504696
  0.10000000   0.60000000   104.9081504696
  0.20000000   0.60000000   105.1349238538
  0.30000000   0.60000000   105.5704203089
  0.40000000   0.60000000   106.1939687459
  0.50000000   0.60000000   106.9937035858
  0.60000000   0.60000000   107.9534119007
  0.70000000   0.60000000   109.0521638828
  0.80000000   0.60000000   110.2638989973
  0.90000000   0.60000000   111.5570347767
  1.00000000   0.60000000   112.8942061963
  1.10000000   0.60000000   114.2322998244
  1.20000000   0.60000000   115.5230094618
  1.30000000   0.60000000   116.7141847695
  1.40000000   0.60000000   117.7522262412
  1.50000000   0.60000000   118.5856369115
  1.60000000   0.60000000   119.1695279509
  1.70000000   0.60000000   119.4704351378
  1.80000000   0.60000000   119.4704351378
  1.90000000   0.60000000   119.1695279509
  2.00000000   0.60000000   118.5856369115
  2.10000000   0.60000000   117.7522262412
  2.20000000   0.60000000   116.7141847695
  2.30000000   0.60000000   115.5230094618
  2.40000000   0.60000000   114.2322998244
  2.50000000   0.60000000   112.8942061963
  2.60000000   0.60000000   111.5570347767
  2.70000000   0.60000000   110.2638989973
  2.80000000   0.60000000   109.0521638828
  2.90000000   0.60000000   107.9534119007
  3.00000000   0.60000000   106.9937035858
  3.10000000   0.60000000   106.1939687459
  3.20000000   0.60000000   105.5704203089
  3.30000000   0.60000000   105.1349238538
  3.40000000   0.60000000   104.9081504696
  3.50000000   0.60000000   104.9081504696

  0.00000000   0.70000000   105.6937285824
  0.10000000   0.70000000   105.6937285824
  0.20000000   0.70000000   105.9407192545
  0.30000000   0.70000000   106.4170436365
  0.40000000   0.70000000   107.1026277951
  0.50000000   0.70000000   107.9862141504
  0.60000000   0.70000000   109.0521715124
  0.70000000   0.70000000   110.2799137997
  0.80000000   0.70000000   111.6431854732
  0.90000000   0.70000000   113.1092659227
  1.00000000   0.70000000   114.6382025896
  1.10000000   0.70000000   116.1822735952
  1.20000000   0.70000000   117.6860043569
  1.30000000   0.70000000   119.0871950473
  1.40000000   0.70000000   120.3194868626
  1.50000000   0.70000000   121.3168730633
  1.60000000   0.70000000   122.0200876657
  1.70000000   0.70000000   122.3839573590
  1.80000000   0.70000000   122.3839573590
  1.90000000   0.70000000   122.0200876657
  2.00000000   0.70000000   121.3168730633
  2.10000000   0.70000000   120.3194868626
  2.20000000   0.70000000   119.0871950473
  2.30000000   0.70000000   117.6860043569
  2.40000000   0.70000000   116.1822735952
  2.50000000   0.70000000   114.6382025896
  2.60000000   0.70000000   113.1092659227
  2.70000000   0.70000000   111.6431854732
  2.80000000   0.70000000   110.2799137997
  2.90000000   0.70000000   109.0521715124
  3.00000000   0.70000000   107.9862141504
  3.10000000   0.70000000   107.1026277951
  3.20000000   0.70000000   106.4170436365
  3.30000000   0.70000000   105.9407192545
  3.40000000   0.70000000   105.6937285824
  3.50000000   0.70000000   105.6937285824

  0.00000000   0.80000000   106.5440414192
  0.10000000   0.80000000   106.5440414192
  0.20000000   0.80000000   106.8141121707
  0.30000000   0.80000000   107.3371375301
  0.40000000   0.80000000   108.0939438904
  0.50000000   0.80000000   109.0743436773
  0.60000000   0.80000000   110.2639159353
  0.70000000   0.80000000   111.6431950673
  0.80000000   0.80000000   113.1866054810
  0.90000000   0.80000000   114.8611541974
  1.00000000   0.80000000   116.6249592826
  1.10000000   0.80000000   118.4258180970
  1.20000000   0.80000000   120.2002279651
  1.30000000   0.80000000   121.8735613371
  1.40000000   0.80000000   123.3623895256
  1.50000000   0.80000000   124.5800064566
  1.60000000   0.80000000   125.4455955776
  1.70000000   0.80000000   125.8958545240
  1.80000000   0.80000000   125.8958545240
  1.90000000   0.80000000   125.4455955776
  2.00000000   0.80000000   124.5800064566
  2.10000000   0.80000000   123.3623895256
  2.20000000   0.80000000   121.8735613371
  2.30000000   0.80000000   120.2002279651
  2.40000000   0.80000000   118.4258180970
  2.50000000   0.80000000   116.6249592826
  2.60000000   0.80000000   114.8611541974
  2.70000000   0.80000000   113.1866054810
  2.80000000   0.80000000   111.6431950673
  2.90000000   0.80000000   110.2639159353
  3.00000000   0.80000000   109.0743436773
  3.10000000   0.80000000   108.0939438904
  3.20000000   0.80000000   107.3371375301
  3.30000000   0.80000000   106.8141121707
  3.40000000   0.80000000   106.5440414192
  3.50000000   0.80000000   106.5440414192

  0.00000000   0.90000000   107.4331968724
  0.10000000   0.90000000   107.4331968724
  0.20000000   0.90000000   107.7287277640
  0.30000000   0.90000000   108.3034018220
  0.40000000   0.90000000   109.1393316057
  0.50000000   0.90000000   110.2280039032
  0.60000000   0.90000000   111.5570628003
  0.70000000   0.90000000   113.1092873333
  0.80000000   0.90000000   114.8611665212
  0.90000000   0.90000000   116.7810063063
  1.00000000   0.90000000   118.8265537744
  1.10000000   0.90000000   120.9422627715
  1.20000000   0.90000000   123.0566195211
  1.30000000   0.90000000   125.0804707996
  1.40000000   0.90000000   126.9080464764
  1.50000000   0.90000000   128.4230358228
  1.60000000   0.90000000   129.5116902092
  1.70000000   0.90000000   130.0819089588
  1.80000000   0.90000000   130.0819089588
  1.90000000   0.90000000   129.5116902092
  2.00000000   0.90000000   128.4230358228
  2.10000000   0.90000000   126.9080464764
  2.20000000   0.90000000   125.0804707996
  2.30000000   0.90000000   123.0566195211
  2.40000000   0.90000000   120.9422627715
  2.50000000   0.90000000   118.8265537744
  2.60000000   0.90000000   116.7810063063
  2.70000000   0.90000000   114.8611665212
  2.80000000   0.90000000   113.1092873333
  2.90000000   0.90000000   111.5570628003
  3.00000000   0.90000000   110.2280039032
  3.10000000   0.90000000   109.1393316057
  3.20000000   0.90000000   108.3034018220
  3.30000000   0.90000000   107.7287277640
  3.40000000   0.90000000   107.4331968724
  3.50000000   0.90000000   107.4331968724

  0.00000000   1.00000000   108.3327942337
  0.10000000   1.00000000   108.3327942337
  0.20000000   1.00000000   108.6554937142
  0.30000000   1.00000000   109.2854434453
  0.40000000   1.00000000   110.2064843956
  0.50000000   1.00000000   111.4124960222
  0.60000000   1.00000000   112.8942470910
  0.70000000   1.00000000   114.6382382284
  0.80000000   1.00000000   116.6249871311
  0.90000000   1.00000000   118.8265702158
  1.00000000   1.00000000   121.2032257374
  1.10000000   1.00000000   123.6989065047
  1.20000000   1.00000000   126.2359760403
  1.30000000   1.00000000   128.7100029900
  1.40000000   1.00000000   130.9871196460
  1.50000000   1.00000000   132.9086590081
  1.60000000   1.00000000   134.3091961833
  1.70000000   1.00000000   135.0494387117
  1.80000000   1.00000000   135.0494387117
  1.90000000   1.00000000   134.3091961833
  2.00000000   1.00000000   132.9086590081
  2.10000000   1.00000000   130.9871196460
  2.20000000   1.00000000   128.7100029900
  2.30000000   1.00000000   126.2359760403
  2.40000000   1.00000000   123.6989065047
  2.50000000   1.00000000   121.2032257374
  2.60000000   1.00000000   118.8265702158
  2.70000000   1.00000000   116.6249871311
  2.80000000   1.00000000   114.6382382284
  2.90000000   1.00000000   112.8942470910
  3.00000000   1.00000000   111.4124960222
  3.10000000   1.00000000   110.2064843956
  3.20000000   1.00000000   109.2854434453
  3.30000000   1.00000000   108.6554937142
  3.40000000   1.00000000   108.3327942337
  3.50000000   1.00000000   108.3327942337

  0.00000000   1.10000000   109.2126897318
  0.10000000   1.10000000   109.2126897318
  0.20000000   1.10000000   109.5633810463
  0.30000000   1.10000000   110.2504609811
  0.40000000   1.10000000   111.2599509855
  0.50000000   1.10000000   112.5888894924
  0.60000000   1.10000000   114.2323552232
  0.70000000   1.10000000   116.1823258929
  0.80000000   1.10000000   118.4258650050
  0.90000000   1.10000000   120.9423006402
  1.00000000   1.10000000   123.6989296753
  1.10000000   1.10000000   126.6446773331
  1.20000000   1.10000000   129.7012253415
  1.30000000   1.10000000   132.7518226740
  1.40000000   1.10000000   135.6302733549
  1.50000000   1.10000000   138.1179925540
  1.60000000   1.10000000   139.9654840428
  1.70000000   1.10000000   140.9534682386
  1.80000000   1.10000000   140.9534682386
  1.90000000   1.10000000   139.9654840428
  2.00000000   1.10000000   138.1179925540
  2.10000000   1.10000000   135.6302733549
  2.20000000   1.10000000   132.7518226740
  2.30000000   1.10000000   129.7012253415
  2.40000000   1.10000000   126.6446773331
  2.50000000   1.10000000   123.6989296753
  2.60000000   1.10000000   120.9423006402
  2.70000000   1.10000000   118.4258650050
  2.80000000   1.10000000   116.1823258929
  2.90000000   1.10000000   114.2323552232
  3.00000000   1.10000000   112.5888894924
  3.10000000   1.10000000   111.2599509855
  3.20000000   1.10000000   110.2504609811
  3.30000000   1.10000000   109.5633810463
  3.40000000   1.10000000   109.2126897318
  3.50000000   1.10000000   109.2126897318

  0.00000000   1.20000000   110.0419814358
  0.10000000   1.20000000   110.0419814358
  0.20000000   1.20000000   110.4203892132
  0.30000000   1.20000000   111.1642211545
  0.40000000   1.20000000   112.2620718893
  0.50000000   1.20000000   113.7148434523
  0.60000000   1.20000000   115.5230805980
  0.70000000   1.20000000   117.6860754489
  0.80000000   1.20000000   120.2002974442
  0.90000000   1.20000000   123.0566843639
  1.00000000   1.20000000   126.2360307848
  1.10000000   1.20000000   129.7012605392
  1.20000000   1.20000000   133.3848001985
  1.30000000   1.20000000   137.1689464539
  1.40000000   1.20000000   140.8586262187
  1.50000000   1.20000000   144.1545245881
  1.60000000   1.20000000   146.6626871684
  1.70000000   1.20000000   148.0239167519
  1.80000000   1.20000000   148.0239167519
  1.90000000   1.20000000   146.6626871684
  2.00000000   1.20000000   144.1545245881
  2.10000000   1.20000000   140.8586262187
  2.20000000   1.20000000   137.1689464539
  2.30000000   1.20000000   133.3848001985
  2.40000000   1.20000000   129.7012605392
  2.50000000   1.20000000   126.2360307848
  2.60000000   1.20000000   123.0566843639
  2.70000000   1.20000000   120.2002974442
  2.80000000   1.20000000   117.6860754489
  2.90000000   1.20000000   115.5230805980
  3.00000000   1.20000000   113.7148434523
  3.10000000   1.20000000   112.2620718893
  3.20000000   1.20000000   111.1642211545
  3.30000000   1.20000000   110.4203892132
  3.40000000   1.20000000   110.0419814358
  3.50000000   1.20000000   110.0419814358

  0.00000000   1.30000000   110.7902100885
  0.10000000   1.30000000   110.7902100885
  0.20000000   1.30000000   111.1947810862
  0.30000000   1.30000000   111.9923557184
  0.40000000   1.30000000   113.1743483366
  0.50000000   1.30000000   114.7460190165
  0.60000000   1.30000000   116.7142721499
  0.70000000   1.30000000   119.0872862935
  0.80000000   1.30000000   121.8736562052
  0.90000000   1.30000000   125.0805678855
  1.00000000   1.30000000   128.7100985930
  1.10000000   1.30000000   132.7519086145
  1.20000000   1.30000000   137.1690059202
  1.30000000   1.30000000   141.8703329004
  1.40000000   1.30000000   146.6594120794
  1.50000000   1.30000000   151.1475266751
  1.60000000   1.30000000   154.6680140948
  1.70000000   1.30000000   156.6126946679
  1.80000000   1.30000000   156.6126946679
  1.90000000   1.30000000   154.6680140948
  2.00000000   1.30000000   151.1475266751
  2.10000000   1.30000000   146.6594120794
  2.20000000   1.30000000   141.8703329004
  2.30000000   1.30000000   137.1690059202
  2.40000000   1.30000000   132.7519086145
  2.50000000   1.30000000   128.7100985930
  2.60000000   1.30000000   125.0805678855
  2.70000000   1.30000000   121.8736562052
  2.80000000   1.30000000   119.0872862935
  2.90000000   1.30000000   116.7142721499
  3.00000000   1.30000000   114.7460190165
  3.10000000   1.30000000   113.1743483366
  3.20000000   1.30000000   111.9923557184
  3.30000000   1.30000000   111.1947810862
  3.40000000   1.30000000   110.7902100885
  3.50000000   1.30000000   110.7902100885

  0.00000000   1.40000000   111.4287377372
  0.10000000   1.40000000   111.4287377372
  0.20000000   1.40000000   111.8565362217
  0.30000000   1.40000000   112.7019646469
  0.40000000   1.40000000   113.9592681403
  0.50000000   1.40000000   115.6381852769
  0.60000000   1.40000000   117.7523292833
  0.70000000   1.40000000   120.3195982378
  0.80000000   1.40000000   123.3625109058
  0.90000000   1.40000000   126.9081792169
  1.00000000   1.40000000   130.9872640004
  1.10000000   1.40000000   135.6304265897
  1.20000000   1.40000000   140.8587779612
  1.30000000   1.40000000   146.6595319172
  1.40000000   1.40000000   152.9222310207
  1.50000000   1.40000000   159.2557698896
  1.60000000   1.40000000   164.3861817827
  1.70000000   1.40000000   167.2773520735
  1.80000000   1.40000000   167.2773520735
  1.90000000   1.40000000   164.3861817827
  2.00000000   1.40000000   159.2557698896
  2.10000000   1.40000000   152.9222310207
  2.20000000   1.40000000   146.6595319172
  2.30000000   1.40000000   140.8587779612
  2.40000000   1.40000000   135.6304265897
  2.50000000   1.40000000   130.9872640004
  2.60000000   1.40000000   126.9081792169
  2.70000000   1.40000000   123.3625109058
  2.80000000   1.40000000   120.3195982378
  2.90000000   1.40000000   117.7523292833
  3.00000000   1.40000000   115.6381852769
  3.10000000   1.40000000   113.9592681403
  3.20000000   1.40000000   112.7019646469
  3.30000000   1.40000000   111.8565362217
  3.40000000   1.40000000   111.4287377372
  3.50000000   1.40000000   111.4287377372

  0.00000000   1.50000000   111.9322249634
  0.10000000   1.50000000   111.9322249634
  0.20000000   1.50000000   112.3789425291
  0.30000000   1.50000000   113.2634480475
  0.40000000   1.50000000   114.5825255146
  0.50000000   1.50000000   116.3500038193
  0.60000000   1.50000000   118.5857536421
  0.70000000   1.50000000   121.3170025673
  0.80000000   1.50000000   124.5801526334
  0.90000000   1.50000000   128.4232035677
  1.00000000   1.50000000   132.9088544138
  1.10000000   1.50000000   138.1182229921
  1.20000000   1.50000000   144.1547985504
  1.30000000   1.50000000   151.1478538809
  1.40000000   1.50000000   159.2561672932
  1.50000000   1.50000000   168.6903131420
  1.60000000   1.50000000   176.4513087066
  1.70000000   1.50000000   180.9322459662
  1.80000000   1.50000000   180.9322459662
  1.90000000   1.50000000   176.4513087066
  2.00000000   1.50000000   168.6903131420
  2.10000000   1.50000000   159.2561672932
  2.20000000   1.50000000   151.1478538809
  2.30000000   1.50000000   144.1547985504
  2.40000000   1.50000000   138.1182229921
  2.50000000   1.50000000   132.9088544138
  2.60000000   1.50000000   128.4232035677
  2.70000000   1.50000000   124.5801526334
  2.80000000   1.50000000   121.3170025673
  2.90000000   1.50000000   118.5857536421
  3.00000000   1.50000000   116.3500038193
  3.10000000   1.50000000   114.5825255146
  3.20000000   1.50000000   113.2634480475
  3.30000000   1.50000000   112.3789425291
  3.40000000   1.50000000   111.9322249634
  3.50000000   1.50000000   111.9322249634

  0.00000000   1.60000000   112.2800873826
  0.10000000   1.60000000   112.2800873826
  0.20000000   1.60000000   112.7401955270
  0.30000000   1.60000000   113.6524135973
  0.40000000   1.60000000   115.0154513468
  0.50000000   1.60000000   116.8462807814
  0.60000000   1.60000000   119.1696549053
  0.70000000   1.60000000   122.0202310165
  0.80000000   1.60000000   125.4457612213
  0.90000000   1.60000000   129.5118863654
  1.00000000   1.60000000   134.3094346828
  1.10000000   1.60000000   139.9657824999
  1.20000000   1.60000000   146.6630728076
  1.30000000   1.60000000   154.6685307422
  1.40000000   1.60000000   164.3869023313
  1.50000000   1.60000000   178.1721539572
  1.60000000   1.60000000   200.0000000000
  1.70000000   1.60000000   200.0000000000
  1.80000000   1.60000000   200.0000000000
  1.90000000   1.60000000   200.0000000000
  2.00000000   1.60000000   178.1721539572
  2.10000000   1.60000000   164.3869023313
  2.20000000   1.60000000   154.6685307422
  2.30000000   1.60000000   146.6630728076
  2.40000000   1.60000000   139.9657824999
  2.50000000   1.60000000   134.3094346828
  2.60000000   1.60000000   129.5118863654
  2.70000000   1.60000000   125.4457612213
  2.80000000   1.60000000   122.0202310165
  2.90000000   1.60000000   119.1696549053
  3.00000000   1.60000000   116.8462807814
  3.10000000   1.60000000   115.0154513468
  3.20000000   1.60000000   113.6524135973
  3.30000000   1.60000000   112.7401955270
  3.40000000   1.60000000   112.2800873826
  3.50000000   1.60000000   112.2800873826

  0.00000000   1.70000000   112.4577838401
  0.10000000   1.70000000   112.4577838401
  0.20000000   1.70000000   112.9248347358
  0.30000000   1.70000000   113.8514390959
  0.40000000   1.70000000   115.2373476454
  0.50000000   1.70000000   117.1012446920
  0.60000000   1.70000000   119.4705675740
  0.70000000   1.70000000   122.3841082364
  0.80000000   1.70000000   125.8960309228
  0.90000000   1.70000000   130.0821211098
  1.00000000   1.70000000   135.0497019765
  1.10000000   1.70000000   140.9538065945
  1.20000000   1.70000000   148.0243690832
  1.30000000   1.70000000   156.6133263096
  1.40000000   1.70000000   167.2782761257
  1.50000000   1.70000000   181.5663718558
  1.60000000   1.70000000   200.0000000000
  1.70000000   1.70000000   200.0000000000
  1.80000000   1.70000000   200.0000000000
  1.90000000   1.70000000   200.0000000000
  2.00000000   1.70000000   181.5663718558
  2.10000000   1.70000000   167.2782761257
  2.20000000   1.70000000   156.6133263096
  2.30000000   1.70000000   148.0243690832
  2.40000000   1.70000000   140.9538065945
  2.50000000   1.70000000   135.0497019765
  2.60000000   1.70000000   130.0821211098
  2.70000000   1.70000000   125.8960309228
  2.80000000   1.70000000   122.3841082364
  2.90000000   1.70000000   119.4705675740
  3.00000000   1.70000000   117.1012446920
  3.10000000   1.70000000   115.2373476454
  3.20000000   1.70000000   113.8514390959
  3.30000000   1.70000000   112.9248347358
  3.40000000   1.70000000   112.4577838401
  3.50000000   1.70000000   112.4577838401

  0.00000000   1.80000000   112.4577838401
  0.10000000   1.80000000   112.4577838401
  0.20000000   1.80000000   112.9248347358
  0.30000000   1.80000000   113.8514390959
  0.40000000   1.80000000   115.2373476454
  0.50000000   1.80000000   117.1012446920
  0.60000000   1.80000000   119.4705675740
  0.70000000   1.80000000   122.3841082364
  0.80000000   1.80000000   125.8960309228
  0.90000000   1.80000000   130.0821211098
  1.00000000   1.80000000   135.0497019765
  1.10000000   1.80000000   140.9538065945
  1.20000000   1.80000000   148.0243690832
  1.30000000   1.80000000   156.6133263096
  1.40000000   1.80000000   167.2782761257
  1.50000000   1.80000000   181.5663718558
  1.60000000   1.80000000   200.0000000000
  1.70000000   1.80000000   200.0000000000
  1.80000000   1.80000000   200.0000000000
  1.90000000   1.80000000   200.0000000000
  2.00000000   1.80000000   181.5663718558
  2.10000000   1.80000000   167.2782761257
  2.20000000   1.80000000   156.6133263096
  2.30000000   1.80000000   148.0243690832
  2.40000000   1.80000000   140.9538065945
  2.50000000   1.80000000   135.0497019765
  2.60000000   1.80000000   130.0821211098
  2.70000000   1.80000000   125.8960309228
  2.80000000   1.80000000   122.3841082364
  2.90000000   1.80000000   119.4705675740
  3.00000000   1.80000000   117.1012446920
  3.10000000   1.80000000   115.2373476454
  3.20000000   1.80000000   113.8514390959
  3.30000000   1.80000000   112.9248347358
  3.40000000   1.80000000   112.4577838401
  3.50000000   1.80000000   112.4577838401

  0.00000000   1.90000000   112.2800873826
  0.10000000   1.90000000   112.2800873826
  0.20000000   1.90000000   112.7401955270
  0.30000000   1.90000000   113.6524135973
  0.40000000   1.90000000   115.0154513468
  0.50000000   1.90000000   116.8462807814
  0.60000000   1.90000000   119.1696549053
  0.70000000   1.90000000   122.0202310165
  0.80000000   1.90000000   125.4457612213
  0.90000000   1.90000000   129.5118863654
  1.00000000   1.90000000   134.3094346828
  1.10000000   1.90000000   139.9657824999
  1.20000000   1.90000000   146.6630728076
  1.30000000   1.90000000   154.6685307422
  1.40000000   1.90000000   164.3869023313
  1.50000000   1.90000000   178.1721539572
  1.60000000   1.90000000   200.0000000000
  1.70000000   1.90000000   200.0000000000
  1.80000000   1.90000000   200.0000000000
  1.90000000   1.90000000   200.0000000000
  2.00000000   1.90000000   178.1721539572
  2.10000000   1.90000000   164.3869023313
  2.20000000   1.90000000   154.6685307422
  2.30000000   1.90000000   146.6630728076
  2.40000000   1.90000000   139.9657824999
  2.50000000   1.90000000   134.3094346828
  2.60000000   1.90000000   129.5118863654
  2.70000000   1.90000000   125.4457612213
  2.80000000   1.90000000   122.0202310165
  2.90000000   1.90000000   119.1696549053
  3.00000000   1.90000000   116.8462807814
  3.10000000   1.90000000   115.0154513468
  3.20000000   1.90000000   113.6524135973
  3.30000000   1.90000000   112.7401955270
  3.40000000   1.90000000   112.2800873826
  3.50000000   1.90000000   112.2800873826

  0.00000000   2.00000000   111.9322249634
  0.10000000   2.00000000   111.9322249634
  0.20000000   2.00000000   112.3789425291
  0.30000000   2.00000000   113.2634480475
  0.40000000   2.00000000   114.5825255146
  0.50000000   2.00000000   116.3500038193
  0.60000000   2.00000000   118.5857536421
  0.70000000   2.00000000   121.3170025673
  0.80000000   2.00000000   124.5801526334
  0.90000000   2.00000000   128.4232035677
  1.00000000   2.00000000   132.9088544138
  1.10000000   2.00000000   138.1182229921
  1.20000000   2.00000000   144.1547985504
  1.30000000   2.00000000   151.1478538809
  1.40000000   2.00000000   159.2561672932
  1.50000000   2.00000000   168.6903131420
  1.60000000   2.00000000   176.4513087066
  1.70000000   2.00000000   180.9322459662
  1.80000000   2.00000000   180.9322459662
  1.90000000   2.00000000   176.4513087066
  2.00000000   2.00000000   168.6903131420
  2.10000000   2.00000000   159.2561672932
  2.20000000   2.00000000   151.1478538809
  2.30000000   2.00000000   144.1547985504
  2.40000000   2.00000000   138.1182229921
  2.50000000   2.00000000   132.9088544138
  2.60000000   2.00000000   128.4232035677
  2.70000000   2.00000000   124.5801526334
  2.80000000   2.00000000   121.3170025673
  2.90000000   2.00000000   118.5857536421
  3.00000000   2.00000000   116.3500038193
  3.10000000   2.00000000   114.5825255146
  3.20000000   2.00000000   113.2634480475
  3.30000000   2.00000000   112.3789425291
  3.40000000   2.00000000   111.9322249634
  3.50000000   2.00000000   111.9322249634

  0.00000000   2.10000000   111.4287377372
  0.10000000   2.10000000   111.4287377372
  0.20000000   2.10000000   111.8565362217
  0.30000000   2.10000000   112.7019646469
  0.40000000   2.10000000   113.9592681403
  0.50000000   2.10000000   115.6381852769
  0.60000000   2.10000000   117.7523292833
  0.70000000   2.10000000   120.3195982378
  0.80000000   2.10000000   123.3625109058
  0.90000000   2.10000000   126.9081792169
  1.00000000   2.10000000   130.9872640004
  1.10000000   2.10000000   135.6304265897
  1.20000000   2.10000000   140.8587779612
  1.30000000   2.10000000   146.6595319172
  1.40000000   2.10000000   152.9222310207
  1.50000000   2.10000000   159.2557698896
  1.60000000   2.10000000   164.3861817827
  1.70000000   2.10000000   167.2773520735
  1.80000000   2.10000000   167.2773520735
  1.90000000   2.10000000   164.3861817827
  2.00000000   2.10000000   159.2557698896
  2.10000000   2.10000000   152.9222310207
  2.20000000   2.10000000   146.6595319172
  2.30000000   2.10000000   140.8587779612
  2.40000000   2.10000000   135.6304265897
  2.50000000   2.10000000   130.9872640004
  2.60000000   2.10000000   126.9081792169
  2.70000000   2.10000000   123.3625109058
  2.80000000   2.10000000   120.3195982378
  2.90000000   2.10000000   117.7523292833
  3.00000000   2.10000000   115.6381852769
  3.10000000   2.10000000   113.9592681403
  3.20000000   2.10000000   112.7019646469
  3.30000000   2.10000000   111.8565362217
  3.40000000   2.10000000   111.4287377372
  3.50000000   2.10000000   111.4287377372

  0.00000000   2.20000000   110.7902100885
  0.10000000   2.20000000   110.7902100885
  0.20000000   2.20000000   111.1947810862
  0.30000000   2.20000000   111.9923557184
  0.40000000   2.20000000   113.1743483366
  0.50000000   2.20000000   114.7460190165
  0.60000000   2.20000000   116.7142721499
  0.70000000   2.20000000   119.0872862935
  0.80000000   2.20000000   121.8736562052
  0.90000000   2.20000000   125.0805678855
  1.00000000   2.20000000   128.7100985930
  1.10000000   2.20000000   132.7519086145
  1.20000000   2.20000000   137.1690059202
  1.30000000   2.20000000   141.8703329004
  1.40000000   2.20000000   146.6594120794
  1.50000000   2.20000000   151.1475266751
  1.60000000   2.20000000   154.6680140948
  1.70000000   2.20000000   156.6126946679
  1.80000000   2.20000000   156.6126946679
  1.90000000   2.20000000   154.6680140948
  2.00000000   2.20000000   151.1475266751
  2.10000000   2.20000000   146.6594120794
  2.20000000   2.20000000   141.8703329004
  2.30000000   2.20000000   137.1690059202
  2.40000000   2.20000000   132.7519086145
  2.50000000   2.20000000   128.7100985930
  2.60000000   2.20000000   125.0805678855
  2.70000000   2.20000000   121.8736562052
  2.80000000   2.20000000   119.0872862935
  2.90000000   2.20000000   116.7142721499
  3.00000000   2.20000000   114.7460190165
  3.10000000   2.20000000   113.1743483366
  3.20000000   2.20000000   111.9923557184
  3.30000000   2.20000000   111.1947810862
  3.40000000   2.20000000   110.7902100885
  3.50000000   2.20000000   110.7902100885

  0.00000000   2.30000000   110.0419814358
  0.10000000   2.30000000   110.0419814358
  0.20000000   2.30000000   110.4203892132
  0.30000000   2.30000000   111.1642211545
  0.40000000   2.30000000   112.2620718893
  0.50000000   2.30000000   113.7148434523
  0.60000000   2.30000000   115.5230805980
  0.70000000   2.30000000   117.6860754489
  0.80000000   2.30000000   120.2002974442
  0.90000000   2.30000000   123.0566843639
  1.00000000   2.30000000   126.2360307848
  1.10000000   2.30000000   129.7012605392
  1.20000000   2.30000000   133.3848001985
  1.30000000   2.30000000   137.1689464539
  1.40000000   2.30000000   140.8586262187
  1.50000000   2.30000000   144.1545245881
  1.60000000   2.30000000   146.6626871684
  1.70000000   2.30000000   148.0239167519
  1.80000000   2.30000000   148.0239167519
  1.90000000   2.30000000   146.6626871684
  2.00000000   2.30000000   144.1545245881
  2.10000000   2.30000000   140.8586262187
  2.20000000   2.30000000   137.1689464539
  2.30000000   2.30000000   133.3848001985
  2.40000000   2.30000000   129.7012605392
  2.50000000   2.30000000   126.2360307848
  2.60000000   2.30000000   123.0566843639
  2.70000000   2.30000000   120.2002974442
  2.80000000   2.30000000   117.6860754489
  2.90000000   2.30000000   115.5230805980
  3.00000000   2.30000000   113.7148434523
  3.10000000   2.30000000   112.2620718893
  3.20000000   2.30000000   111.1642211545
  3.30000000   2.30000000   110.4203892132
  3.40000000   2.30000000   110.0419814358
  3.50000000   2.30000000   110.0419814358

  0.00000000   2.40000000   109.2126897318
  0.10000000   2.40000000   109.2126897318
  0.20000000   2.40000000   109.5633810463
  0.30000000   2.40000000   110.2504609811
  0.40000000   2.40000000   111.2599509855
  0.50000000   2.40000000   112.5888894924
  0.60000000   2.40000000   114.2323552232
  0.70000000   2.40000000   116.1823258929
  0.80000000   2.40000000   118.4258650050
  0.90000000   2.40000000   120.9423006402
  1.00000000   2.40000000   123.6989296753
  1.10000000   2.40000000   126.6446773331
  1.20000000   2.40000000   129.7012253415
  1.30000000   2.40000000   132.7518226740
  1.40000000   2.40000000   135.6302733549
  1.50000000   2.40000000   138.1179925540
  1.60000000   2.40000000   139.9654840428
  1.70000000   2.40000000   140.9534682386
  1.80000000   2.40000000   140.9534682386
  1.90000000   2.40000000   139.9654840428
  2.00000000   2.40000000   138.1179925540
  2.10000000   2.40000000   135.6302733549
  2.20000000   2.40000000   132.7518226740
  2.30000000   2.40000000   129.7012253415
  2.40000000   2.40000000   126.6446773331
  2.50000000   2.40000000   123.6989296753
  2.60000000   2.40000000   120.9423006402
  2.70000000   2.40000000   118.4258650050
  2.80000000   2.40000000   116.1823258929
  2.90000000   2.40000000   114.2323552232
  3.00000000   2.40000000   112.5888894924
  3.10000000   2.40000000   111.2599509855
  3.20000000   2.40000000   110.2504609811
  3.30000000   2.40000000   109.5633810463
  3.40000000   2.40000000   109.2126897318
  3.50000000   2.40000000   109.2126897318

  0.00000000   2.50000000   108.3327942337
  0.10000000   2.50000000   108.3327942337
  0.20000000   2.50000000   108.6554937142
  0.30000000   2.50000000   109.2854434453
  0.40000000   2.50000000   110.2064843956
  0.50000000   2.50000000   111.4124960222
  0.60000000   2.50000000   112.8942470910
  0.70000000   2.50000000   114.6382382284
  0.80000000   2.50000000   116.6249871311
  0.90000000   2.50000000   118.8265702158
  1.00000000   2.50000000   121.2032257374
  1.10000000   2.50000000   123.6989065047
  1.20000000   2.50000000   126.2359760403
  1.30000000   2.50000000   128.7100029900
  1.40000000   2.50000000   130.9871196460
  1.50000000   2.50000000   132.9086590081
  1.60000000   2.50000000   134.3091961833
  1.70000000   2.50000000   135.0494387117
  1.80000000   2.50000000   135.0494387117
  1.90000000   2.50000000   134.3091961833
  2.00000000   2.50000000   132.9086590081
  2.10000000   2.50000000   130.9871196460
  2.20000000   2.50000000   128.7100029900
  2.30000000   2.50000000   126.2359760403
  2.40000000   2.50000000   123.6989065047
  2.50000000   2.50000000   121.2032257374
  2.60000000   2.50000000   118.8265702158
  2.70000000   2.50000000   116.6249871311
  2.80000000   2.50000000   114.6382382284
  2.90000000   2.50000000   112.8942470910
  3.00000000   2.50000000   111.4124960222
  3.10000000   2.50000000   110.2064843956
  3.20000000   2.50000000   109.2854434453
  3.30000000   2.50000000   108.6554937142
  3.40000000   2.50000000   108.3327942337
  3.50000000   2.50000000   108.3327942337

  0.00000000   2.60000000   107.4331968724
  0.10000000   2.60000000   107.4331968724
  0.20000000   2.60000000   107.7287277640
  0.30000000   2.60000000   108.3034018220
  0.40000000   2.60000000   109.1393316057
  0.50000000   2.60000000   110.2280039032
  0.60000000   2.60000000   111.5570628003
  0.70000000   2.60000000   113.1092873333
  0.80000000   2.60000000   114.8611665212
  0.90000000   2.60000000   116.7810063063
  1.00000000   2.60000000   118.8265537744
  1.10000000   2.60000000   120.9422627715
  1.20000000   2.60000000   123.0566195211
  1.30000000   2.60000000   125.0804707996
  1.40000000   2.60000000   126.9080464764
  1.50000000   2.60000000   128.4230358228
  1.60000000   2.60000000   129.5116902092
  1.70000000   2.60000000   130.0819089588
  1.80000000   2.60000000   130.0819089588
  1.90000000   2.60000000   129.5116902092
  2.00000000   2.60000000   128.4230358228
  2.10000000   2.60000000   126.9080464764
  2.20000000   2.60000000   125.0804707996
  2.30000000   2.60000000   123.0566195211
  2.40000000   2.60000000   120.9422627715
  2.50000000   2.60000000   118.8265537744
  2.60000000   2.60000000   116.7810063063
  2.70000000   2.60000000   114.8611665212
  2.80000000   2.60000000   113.1092873333
  2.90000000   2.60000000   111.5570628003
  3.00000000   2.60000000   110.2280039032
  3.10000000   2.60000000   109.1393316057
  3.20000000   2.60000000   108.3034018220
  3.30000000   2.60000000   107.7287277640
  3.40000000   2.60000000   107.4331968724
  3.50000000   2.60000000   107.4331968724

  0.00000000   2.70000000   106.5440414192
  0.10000000   2.70000000   106.5440414192
  0.20000000   2.70000000   106.8141121707
  0.30000000   2.70000000   107.3371375301
  0.40000000   2.70000000   108.0939438904
  0.50000000   2.70000000   109.0743436773
  0.60000000   2.70000000   110.2639159353
  0.70000000   2.70000000   111.6431950673
  0.80000000   2.70000000   113.1866054810
  0.90000000   2.70000000   114.8611541974
  1.00000000   2.70000000   116.6249592826
  1.10000000   2.70000000   118.4258180970
  1.20000000   2.70000000   120.2002279651
  1.30000000   2.70000000   121.8735613371
  1.40000000   2.70000000   123.3623895256
  1.50000000   2.70000000   124.5800064566
  1.60000000   2.70000000   125.4455955776
  1.70000000   2.70000000   125.8958545240
  1.80000000   2.70000000   125.8958545240
  1.90000000   2.70000000   125.4455955776
  2.00000000   2.70000000   124.5800064566
  2.10000000   2.70000000   123.3623895256
  2.20000000   2.70000000   121.8735613371
  2.30000000   2.70000000   120.2002279651
  2.40000000   2.70000000   118.4258180970
  2.50000000   2.70000000   116.6249592826
  2.60000000   2.70000000   114.8611541974
  2.70000000   2.70000000   113.1866054810
  2.80000000   2.70000000   111.6431950673
  2.90000000   2.70000000   110.2639159353
  3.00000000   2.70000000   109.0743436773
  3.10000000   2.70000000   108.0939438904
  3.20000000   2.70000000   107.3371375301
  3.30000000   2.70000000   106.8141121707
  3.40000000   2.70000000   106.5440414192
  3.50000000   2.70000000   106.5440414192

  0.00000000   2.80000000   105.6937285824
  0.10000000   2.80000000   105.6937285824
  0.20000000   2.80000000   105.9407192545
  0.30000000   2.80000000   106.4170436365
  0.40000000   2.80000000   107.1026277951
  0.50000000   2.80000000   107.9862141504
  0.60000000   2.80000000   109.0521715124
  0.70000000   2.80000000   110.2799137997
  0.80000000   2.80000000   111.6431854732
  0.90000000   2.80000000   113.1092659227
  1.00000000   2.80000000   114.6382025896
  1.10000000   2.80000000   116.1822735952
  1.20000000   2.80000000   117.6860043569
  1.30000000   2.80000000   119.0871950473
  1.40000000   2.80000000   120.3194868626
  1.50000000   2.80000000   121.3168730633
  1.60000000   2.80000000   122.0200876657
  1.70000000   2.80000000   122.3839573590
  1.80000000   2.80000000   122.3839573590
  1.90000000   2.80000000   122.0200876657
  2.00000000   2.80000000   121.3168730633
  2.10000000   2.80000000   120.3194868626
  2.20000000   2.80000000   119.0871950473
  2.30000000   2.80000000   117.6860043569
  2.40000000   2.80000000   116.1822735952
  2.50000000   2.80000000   114.6382025896
  2.60000000   2.80000000   113.1092659227
  2.70000000   2.80000000   111.6431854732
  2.80000000   2.80000000   110.2799137997
  2.90000000   2.80000000   109.0521715124
  3.00000000   2.80000000   107.9862141504
  3.10000000   2.80000000   107.1026277951
  3.20000000   2.80000000   106.4170436365
  3.30000000   2.80000000   105.9407192545
  3.40000000   2.80000000   105.6937285824
  3.50000000   2.80000000   105.6937285824

  0.00000000   2.90000000   104.9081504696
  0.10000000   2.90000000   104.9081504696
  0.20000000   2.90000000   105.1349238538
  0.30000000   2.90000000   105.5704203089
  0.40000000   2.90000000   106.1939687459
  0.50000000   2.90000000   106.9937035858
  0.60000000   2.90000000   107.9534119007
  0.70000000   2.90000000   109.0521638828
  0.80000000   2.90000000   110.2638989973
  0.90000000   2.90000000   111.5570347767
  1.00000000   2.90000000   112.8942061963
  1.10000000   2.90000000   114.2322998244
  1.20000000   2.90000000   115.5230094618
  1.30000000   2.90000000   116.7141847695
  1.40000000   2.90000000   117.7522262412
  1.50000000   2.90000000   118.5856369115
  1.60000000   2.90000000   119.1695279509
  1.70000000   2.90000000   119.4704351378
  1.80000000   2.90000000   119.4704351378
  1.90000000   2.90000000   119.1695279509
  2.00000000   2.90000000   118.5856369115
  2.10000000   2.90000000   117.7522262412
  2.20000000   2.90000000   116.7141847695
  2.30000000   2.90000000   115.5230094618
  2.40000000   2.90000000   114.2322998244
  2.50000000   2.90000000   112.8942061963
  2.60000000   2.90000000   111.5570347767
  2.70000000   2.90000000   110.2638989973
  2.80000000   2.90000000   109.0521638828
  2.90000000   2.90000000   107.9534119007
  3.00000000   2.90000000   106.9937035858
  3.10000000   2.90000000   106.1939687459
  3.20000000   2.90000000   105.5704203089
  3.30000000   2.90000000   105.1349238538
  3.40000000   2.90000000   104.9081504696
  3.50000000   2.90000000   104.9081504696

  0.00000000   3.00000000   104.2101222347
  0.10000000   3.00000000   104.2101222347
  0.20000000   3.00000000   104.4198775282
  0.30000000   3.00000000   104.8210324152
  0.40000000   3.00000000   105.3925271057
  0.50000000   3.00000000   106.1222075190
  0.60000000   3.00000000   106.9936974985
  0.70000000   3.00000000   107.9862005920
  0.80000000   3.00000000   109.0743212214
  0.90000000   3.00000000   110.2279711333
  1.00000000   3.00000000   111.4124516233
  1.10000000   3.00000000   112.5888323873
  1.20000000   3.00000000   113.7147729865
  1.30000000   3.00000000   114.7459351749
  1.40000000   3.00000000   115.6380888970
  1.50000000   3.00000000   116.3498967403
  1.60000000   3.00000000   116.8461658548
  1.70000000   3.00000000   117.1011256045
  1.80000000   3.00000000   117.1011256045
  1.90000000   3.00000000   116.8461658548
  2.00000000   3.00000000   116.3498967403
  2.10000000   3.00000000   115.6380888970
  2.20000000   3.00000000   114.7459351749
  2.30000000   3.00000000   113.7147729865
  2.40000000   3.00000000   112.5888323873
  2.50000000   3.00000000   111.4124516233
  2.60000000   3.00000000   110.2279711333
  2.70000000   3.00000000   109.0743212214
  2.80000000   3.00000000   107.9862005920
  2.90000000   3.00000000   106.9936974985
  3.00000000   3.00000000   106.1222075190
  3.10000000   3.00000000   105.3925271057
  3.20000000   3.00000000   104.8210324152
  3.30000000   3.00000000   104.4198775282
  3.40000000   3.00000000   104.2101222347
  3.50000000   3.00000000   104.2101222347

  0.00000000   3.10000000   103.6189702281
  0.10000000   3.10000000   103.6189702281
  0.20000000   3.10000000   103.8151586207
  0.30000000   3.10000000   104.1888555474
  0.40000000   3.10000000   104.7187242966
  0.50000000   3.10000000   105.3925223349
  0.60000000   3.10000000   106.1939579724
  0.70000000   3.10000000   107.1026097732
  0.80000000   3.10000000   108.0939173972
  0.90000000   3.10000000   109.1392954991
  1.00000000   3.10000000   110.2064376976
  1.10000000   3.10000000   111.2598929942
  1.20000000   3.10000000   112.2620023137
  1.30000000   3.10000000   113.1742674401
  1.40000000   3.10000000   113.9591768646
  1.50000000   3.10000000   114.5824255481
  1.60000000   3.10000000   115.0153450969
  1.70000000   3.10000000   115.2372380939
  1.80000000   3.10000000   115.2372380939
  1.90000000   3.10000000   115.0153450969
  2.00000000   3.10000000   114.5824255481
  2.10000000   3.10000000   113.9591768646
  2.20000000   3.10000000   113.1742674401
  2.30000000   3.10000000   112.2620023137
  2.40000000   3.10000000   111.2598929942
  2.50000000   3.10000000   110.2064376976
  2.60000000   3.10000000   109.1392954991
  2.70000000   3.10000000   108.0939173972
  2.80000000   3.10000000   107.1026097732
  2.90000000   3.10000000   106.1939579724
  3.00000000   3.10000000   105.3925223349
  3.10000000   3.10000000   104.7187242966
  3.20000000   3.10000000   104.1888555474
  3.30000000   3.10000000   103.8151586207
  3.40000000   3.10000000   103.6189702281
  3.50000000   3.10000000   103.6189702281

  0.00000000   3.20000000   103.1502160830
  0.10000000   3.20000000   103.1502160830
  0.20000000   3.20000000   103.3365652486
  0.30000000   3.20000000   103.6899671058
  0.40000000   3.20000000   104.1888519745
  0.50000000   3.20000000   104.8210241190
  0.60000000   3.20000000   105.5704061255
  0.70000000   3.20000000   106.4170224253
  0.80000000   3.20000000   107.3371082178
  0.90000000   3.20000000   108.3033634600
  1.00000000   3.20000000   109.2853952844
  1.10000000   3.20000000   110.2504025616
  1.20000000   3.20000000   111.1641524069
  1.30000000   3.20000000   111.9922770593
  1.40000000   3.20000000   112.7018770517
  1.50000000   3.20000000   113.2633530762
  1.60000000   3.20000000   113.6523133512
  1.70000000   3.20000000   113.8513360970
  1.80000000   3.20000000   113.8513360970
  1.90000000   3.20000000   113.6523133512
  2.00000000   3.20000000   113.2633530762
  2.10000000   3.20000000   112.7018770517
  2.20000000   3.20000000   111.9922770593
  2.30000000   3.20000000   111.1641524069
  2.40000000   3.20000000   110.2504025616
  2.50000000   3.20000000   109.2853952844
  2.60000000   3.20000000   108.3033634600
  2.70000000   3.20000000   107.3371082178
  2.80000000   3.20000000   106.4170224253
  2.90000000   3.20000000   105.5704061255
  3.00000000   3.20000000   104.8210241190
  3.10000000   3.20000000   104.1888519745
  3.20000000   3.20000000   103.6899671058
  3.30000000   3.20000000   103.3365652486
  3.40000000   3.20000000   103.1502160830
  3.50000000   3.20000000   103.1502160830

  0.00000000   3.30000000   102.8152488297
  0.10000000   3.30000000   102.8152488297
  0.20000000   3.30000000   102.9960627448
  0.30000000   3.30000000   103.3365627733
  0.40000000   3.30000000   103.8151526353
  0.50000000   3.30000000   104.4198668943
  0.60000000   3.30000000   105.1349074412
  0.70000000   3.30000000   105.9406959876
  0.80000000   3.30000000   106.8140810714
  0.90000000   3.30000000   107.7286880057
  1.00000000   3.30000000   108.6554446878
  1.10000000   3.30000000   109.5633224360
  1.20000000   3.30000000   110.4203210747
  1.30000000   3.30000000   111.1947039157
  1.40000000   3.30000000   111.8564510000
  1.50000000   3.30000000   112.3788507259
  1.60000000   3.30000000   112.7400990524
  1.70000000   3.30000000   112.9247358347
  1.80000000   3.30000000   112.9247358347
  1.90000000   3.30000000   112.7400990524
  2.00000000   3.30000000   112.3788507259
  2.10000000   3.30000000   111.8564510000
  2.20000000   3.30000000   111.1947039157
  2.30000000   3.30000000   110.4203210747
  2.40000000   3.30000000   109.5633224360
  2.50000000   3.30000000   108.6554446878
  2.60000000   3.30000000   107.7286880057
  2.70000000   3.30000000   106.8140810714
  2.80000000   3.30000000   105.9406959876
  2.90000000   3.30000000   105.1349074412
  3.00000000   3.30000000   104.4198668943
  3.10000000   3.30000000   103.8151526353
  3.20000000   3.30000000   103.3365627733
  3.30000000   3.30000000   102.9960627448
  3.40000000   3.30000000   102.8152488297
  3.50000000   3.30000000   102.8152488297

  0.00000000   3.40000000   102.6207106171
  0.10000000   3.40000000   102.6207106171
  0.20000000   3.40000000   102.8020922501
  0.30000000   3.40000000   103.1371031853
  0.40000000   3.40000000   103.6059178936
  0.50000000   3.40000000   104.1971459644
  0.60000000   3.40000000   104.8952637457
  0.70000000   3.40000000   105.6809423485
  0.80000000   3.40000000   106.5313636325
  0.90000000   3.40000000   107.4206321281
  1.00000000   3.40000000   108.3203434782
  1.10000000   3.40000000   109.2003500849
  1.20000000   3.40000000   110.0297461464
  1.30000000   3.40000000   110.7780686430
  1.40000000   3.40000000   111.4166761332
  1.50000000   3.40000000   111.9202261519
  1.60000000   3.40000000   112.2681318686
  1.70000000   3.40000000   112.4458504156
  1.80000000   3.40000000   112.4458504156
  1.90000000   3.40000000   112.2681318686
  2.00000000   3.40000000   111.9202261519
  2.10000000   3.40000000   111.4166761332
  2.20000000   3.40000000   110.7780686430
  2.30000000   3.40000000   110.0297461464
  2.40000000   3.40000000   109.2003500849
  2.50000000   3.40000000   108.3203434782
  2.60000000   3.40000000   107.4206321281
  2.70000000   3.40000000   106.5313636325
  2.80000000   3.40000000   105.6809423485
  2.90000000   3.40000000   104.8952637457
  3.00000000   3.40000000   104.1971459644
  3.10000000   3.40000000   103.6059178936
  3.20000000   3.40000000   103.1371031853
  3.30000000   3.40000000   102.8020922501
  3.40000000   3.40000000   102.6207106171
  3.50000000   3.40000000   102.6207106171

  0.00000000   3.50000000   102.6207106171
  0.10000000   3.50000000   102.6207106171
  0.20000000   3.50000000   102.8020922501
  0.30000000   3.50000000   103.1371031853
  0.40000000   3.50000000   103.6059178936
  0.50000000   3.50000000   104.1971459644
  0.60000000   3.50000000   104.8952637457
  0.70000000   3.50000000   105.6809423485
  0.80000000   3.50000000   106.5313636325
  0.90000000   3.50000000   107.4206321281
  1.00000000   3.50000000   108.3203434782
  1.10000000   3.50000000   109.2003500849
  1.20000000   3.50000000   110.0297461464
  1.30000000   3.50000000   110.7780686430
  1.40000000   3.50000000   111.4166761332
  1.50000000   3.50000000   111.9202261519
  1.60000000   3.50000000   112.2681318686
  1.70000000   3.50000000   112.4458504156
  1.80000000   3.50000000   112.4458504156
  1.90000000   3.50000000   112.2681318686
  2.00000000   3.50000000   111.9202261519
  2.10000000   3.50000000   111.4166761332
  2.20000000   3.50000000   110.7780686430
  2.30000000   3.50000000   110.0297461464
  2.40000000   3.50000000   109.2003500849
  2.50000000   3.50000000   108.3203434782
  2.60000000   3.50000000   107.4206321281
  2.70000000   3.50000000   106.5313636325
  2.80000000   3.50000000   105.6809423485
  2.90000000   3.50000000   104.8952637457
  3.00000000   3.50000000   104.1971459644
  3.10000000   3.50000000   103.6059178936
  3.20000000   3.50000000   103.1371031853
  3.30000000   3.50000000   102.8020922501
  3.40000000   3.50000000   102.6207106171
  3.50000000   3.50000000   102.6207106171

