  0.00000000   0.00000000    83.0470491792
  0.10000000   0.00000000    83.0470491792
  0.20000000   0.00000000    83.2648343406
  0.30000000   0.00000000    83.6670830924
  0.40000000   0.00000000    84.2299919099
  0.50000000   0.00000000    84.9398854741
  0.60000000   0.00000000    85.7781256964
  0.70000000   0.00000000    86.7215053693
  0.80000000   0.00000000    87.7426273813
  0.90000000   0.00000000    88.8103991440
  1.00000000   0.00000000    89.8907149978
  1.10000000   0.00000000    90.9473754714
  1.20000000   0.00000000    91.9432700514
  1.30000000   0.00000000    92.8418193365
  1.40000000   0.00000000    93.6086307817
  1.50000000   0.00000000    94.2132729030
  1.60000000   0.00000000    94.6310246131
  1.70000000   0.00000000    94.8444224296
  1.80000000   0.00000000    94.8444224296
  1.90000000   0.00000000    94.6310246131
  2.00000000   0.00000000    94.2132729030
  2.10000000   0.00000000    93.6086307817
  2.20000000   0.00000000    92.8418193365
  2.30000000   0.00000000    91.9432700514
  2.40000000   0.00000000    90.9473754714
  2.50000000   0.00000000    89.8907149978
  2.60000000   0.00000000    88.8103991440
  2.70000000   0.00000000    87.7426273813
  2.80000000   0.00000000    86.7215053693
  2.90000000   0.00000000    85.7781256964
  3.00000000   0.00000000    84.9398854741
  3.10000000   0.00000000    84.2299919099
  3.20000000   0.00000000    83.6670830924
  3.30000000   0.00000000    83.2648343406
  3.40000000   0.00000000    83.0470491792
  3.50000000   0.00000000    83.0470491792

  0.00000000   0.10000000    83.0470491792
  0.10000000   0.10000000    83.0470491792
  0.20000000   0.10000000    83.2648343406
  0.30000000   0.10000000    83.6670830924
  0.40000000   0.10000000    84.2299919099
  0.50000000   0.10000000    84.9398854741
  0.60000000   0.10000000    85.7781256964
  0.70000000   0.10000000    86.7215053693
  0.80000000   0.10000000    87.7426273813
  0.90000000   0.10000000    88.8103991440
  1.00000000   0.10000000    89.8907149978
  1.10000000   0.10000000    90.9473754714
  1.20000000   0.10000000    91.9432700514
  1.30000000   0.10000000    92.8418193365
  1.40000000   0.10000000    93.6086307817
  1.50000000   0.10000000    94.2132729030
  1.60000000   0.10000000    94.6310246131
  1.70000000   0.10000000    94.8444224296
  1.80000000   0.10000000    94.8444224296
  1.90000000   0.10000000    94.6310246131
  2.00000000   0.10000000    94.2132729030
  2.10000000   0.10000000    93.6086307817
  2.20000000   0.10000000    92.8418193365
  2.30000000   0.10000000    91.9432700514
  2.40000000   0.10000000    90.9473754714
  2.50000000   0.10000000    89.8907149978
  2.60000000   0.10000000    88.8103991440
  2.70000000   0.10000000    87.7426273813
  2.80000000   0.10000000    86.7215053693
  2.90000000   0.10000000    85.7781256964
  3.00000000   0.10000000    84.9398854741
  3.10000000   0.10000000    84.2299919099
  3.20000000   0.10000000    83.6670830924
  3.30000000   0.10000000    83.2648343406
  3.40000000   0.10000000    83.0470491792
  3.50000000   0.10000000    83.0470491792

  0.00000000   0.20000000    83.2806315023
  0.10000000   0.20000000    83.2806315023
  0.20000000   0.20000000    83.4977371665
  0.30000000   0.20000000    83.9065807941
  0.40000000   0.20000000    84.4812325531
  0.50000000   0.20000000    85.2073266156
  0.60000000   0.20000000    86.0658952393
  0.70000000   0.20000000    87.0334316039
  0.80000000   0.20000000    88.0821381630
  0.90000000   0.20000000    89.1803466503
  1.00000000   0.20000000    90.2931492873
  1.10000000   0.20000000    91.3832882497
  1.20000000   0.20000000    92.4123384993
  1.30000000   0.20000000    93.3421907739
  1.40000000   0.20000000    94.1367967487
  1.50000000   0.20000000    94.7640804420
  1.60000000   0.20000000    95.1978587593
  1.70000000   0.20000000    95.4195664689
  1.80000000   0.20000000    95.4195664689
  1.90000000   0.20000000    95.1978587593
  2.00000000   0.20000000    94.7640804420
  2.10000000   0.20000000    94.1367967487
  2.20000000   0.20000000    93.3421907739
  2.30000000   0.20000000    92.4123384993
  2.40000000   0.20000000    91.3832882497
  2.50000000   0.20000000    90.2931492873
  2.60000000   0.20000000    89.1803466503
  2.70000000   0.20000000    88.0821381630
  2.80000000   0.20000000    87.0334316039
  2.90000000   0.20000000    86.0658952393
  3.00000000   0.20000000    85.2073266156
  3.10000000   0.20000000    84.4812325531
  3.20000000   0.20000000    83.9065807941
  3.30000000   0.20000000    83.4977371665
  3.40000000   0.20000000    83.2806315023
  3.50000000   0.20000000    83.2806315023

  0.00000000   0.30000000    83.6828279087
  0.10000000   0.30000000    83.6828279087
  0.20000000   0.30000000    83.9065836654
  0.30000000   0.30000000    84.3309260750
  0.40000000   0.30000000    84.9299569592
  0.50000000   0.30000000    85.6890338498
  0.60000000   0.30000000    86.5888534636
  0.70000000   0.30000000    87.6054317043
  0.80000000   0.30000000    88.7102342225
  0.90000000   0.30000000    89.8704811775
  1.00000000   0.30000000    91.0496782952
  1.10000000   0.30000000    92.2084387538
  1.20000000   0.30000000    93.3056557188
  1.30000000   0.30000000    94.3000596834
  1.40000000   0.30000000    95.1521437095
  1.50000000   0.30000000    95.8263633783
  1.60000000   0.30000000    96.2934274636
  1.70000000   0.30000000    96.5324146236
  1.80000000   0.30000000    96.5324146236
  1.90000000   0.30000000    96.2934274636
  2.00000000   0.30000000    95.8263633783
  2.10000000   0.30000000    95.1521437095
  2.20000000   0.30000000    94.3000596834
  2.30000000   0.30000000    93.3056557188
  2.40000000   0.30000000    92.2084387538
  2.50000000   0.30000000    91.0496782952
  2.60000000   0.30000000    89.8704811775
  2.70000000   0.30000000    88.7102342225
  2.80000000   0.30000000    87.6054317043
  2.90000000   0.30000000    86.5888534636
  3.00000000   0.30000000    85.6890338498
  3.10000000   0.30000000    84.9299569592
  3.20000000   0.30000000    84.3309260750
  3.30000000   0.30000000    83.9065836654
  3.40000000   0.30000000    83.6828279087
  3.50000000   0.30000000    83.6828279087

  0.00000000   0.40000000    84.2456641429
  0.10000000   0.40000000    84.2456641429
  0.20000000   0.40000000    84.4812394935
  0.30000000   0.40000000    84.9299611037
  0.40000000   0.40000000    85.5662101498
  0.50000000   0.40000000    86.3752878315
  0.60000000   0.40000000    87.3376333642
  0.70000000   0.40000000    88.4287269656
  0.80000000   0.40000000    89.6190785956
  0.90000000   0.40000000    90.8743644655
  1.00000000   0.40000000    92.1557918206
  1.10000000   0.40000000    93.4207909453
  1.20000000   0.40000000    94.6241397075
  1.30000000   0.40000000    95.7196074524
  1.40000000   0.40000000    96.6621477027
  1.50000000   0.40000000    97.4105640048
  1.60000000   0.40000000    97.9304285329
  1.70000000   0.40000000    98.1968856182
  1.80000000   0.40000000    98.1968856182
  1.90000000   0.40000000    97.9304285329
  2.00000000   0.40000000    97.4105640048
  2.10000000   0.40000000    96.6621477027
  2.20000000   0.40000000    95.7196074524
  2.30000000   0.40000000    94.6241397075
  2.40000000   0.40000000    93.4207909453
  2.50000000   0.40000000    92.1557918206
  2.60000000   0.40000000    90.8743644655
  2.70000000   0.40000000    89.6190785956
  2.80000000   0.40000000    88.4287269656
  2.90000000   0.40000000    87.3376333642
  3.00000000   0.40000000    86.3752878315
  3.10000000   0.40000000    85.5662101498
  3.20000000   0.40000000    84.9299611037
  3.30000000   0.40000000    84.4812394935
  3.40000000   0.40000000    84.2456641429
  3.50000000   0.40000000    84.2456641429

  0.00000000   0.50000000    84.9554665396
  0.10000000   0.50000000    84.9554665396
  0.20000000   0.50000000    85.2073389517
  0.30000000   0.50000000    85.6890434801
  0.40000000   0.50000000    86.3752933747
  0.50000000   0.50000000    87.2514959088
  0.60000000   0.50000000    88.2979886596
  0.70000000   0.50000000    89.4898012077
  0.80000000   0.50000000    90.7964400917
  0.90000000   0.50000000    92.1817761661
  1.00000000   0.50000000    93.6041430615
  1.10000000   0.50000000    95.0167919113
  1.20000000   0.50000000    96.3688776940
  1.30000000   0.50000000    97.6071552561
  1.40000000   0.50000000    98.6785085001
  1.50000000   0.50000000    99.5332944674
  1.60000000   0.50000000   100.1292489129
  1.70000000   0.50000000   100.4354228227
  1.80000000   0.50000000   100.4354228227
  1.90000000   0.50000000   100.1292489129
  2.00000000   0.50000000    99.5332944674
  2.10000000   0.50000000    98.6785085001
  2.20000000   0.50000000    97.6071552561
  2.30000000   0.50000000    96.3688776940
  2.40000000   0.50000000    95.0167919113
  2.50000000   0.50000000    93.6041430615
  2.60000000   0.50000000    92.1817761661
  2.70000000   0.50000000    90.7964400917
  2.80000000   0.50000000    89.4898012077
  2.90000000   0.50000000    88.2979886596
  3.00000000   0.50000000    87.2514959088
  3.10000000   0.50000000    86.3752933747
  3.20000000   0.50000000    85.6890434801
  3.30000000   0.50000000    85.2073389517
  3.40000000   0.50000000    84.9554665396
  3.50000000   0.50000000    84.9554665396

  0.00000000   0.60000000    85.7935994293
  0.10000000   0.60000000    85.7935994293
  0.20000000   0.60000000    86.0659142946
  0.30000000   0.60000000    86.5888699440
  0.40000000   0.60000000    87.3376458965
  0.50000000   0.60000000    88.2979957506
  0.60000000   0.60000000    89.4504529097
  0.70000000   0.60000000    90.7698865279
  0.80000000   0.60000000    92.2250041982
  0.90000000   0.60000000    93.7778818134
  1.00000000   0.60000000    95.3836502543
  1.10000000   0.60000000    96.9905361221
  1.20000000   0.60000000    98.5405288221
  1.30000000   0.60000000    99.9710000956
  1.40000000   0.60000000   101.2175802984
  1.50000000   0.60000000   102.2184240152
  1.60000000   0.60000000   102.9196213800
  1.70000000   0.60000000   103.2809828106
  1.80000000   0.60000000   103.2809828106
  1.90000000   0.60000000   102.9196213800
  2.00000000   0.60000000   102.2184240152
  2.10000000   0.60000000   101.2175802984
  2.20000000   0.60000000    99.9710000956
  2.30000000   0.60000000    98.5405288221
  2.40000000   0.60000000    96.9905361221
  2.50000000   0.60000000    95.3836502543
  2.60000000   0.60000000    93.7778818134
  2.70000000   0.60000000    92.2250041982
  2.80000000   0.60000000    90.7698865279
  2.90000000   0.60000000    89.4504529097
  3.00000000   0.60000000    88.2979957506
  3.10000000   0.60000000    87.3376458965
  3.20000000   0.60000000    86.5888699440
  3.30000000   0.60000000    86.0659142946
  3.40000000   0.60000000    85.7935994293
  3.50000000   0.60000000    85.7935994293

  0.00000000   0.70000000    86.7368586465
  0.10000000   0.70000000    86.7368586465
  0.20000000   0.70000000    87.0334586439
  0.30000000   0.70000000    87.6054563785
  0.40000000   0.70000000    88.4287479573
  0.50000000   0.70000000    89.4898170259
  0.60000000   0.70000000    90.7698954458
  0.70000000   0.70000000    92.2442649185
  0.80000000   0.70000000    93.8813984970
  0.90000000   0.70000000    95.6420047362
  1.00000000   0.70000000    97.4781063526
  1.10000000   0.70000000    99.3323945384
  1.20000000   0.70000000   101.1382486654
  1.30000000   0.70000000   102.8209700931
  1.40000000   0.70000000   104.3008642029
  1.50000000   0.70000000   105.4986582427
  1.60000000   0.70000000   106.3431743612
  1.70000000   0.70000000   106.7801595602
  1.80000000   0.70000000   106.7801595602
  1.90000000   0.70000000   106.3431743612
  2.00000000   0.70000000   105.4986582427
  2.10000000   0.70000000   104.3008642029
  2.20000000   0.70000000   102.8209700931
  2.30000000   0.70000000   101.1382486654
  2.40000000   0.70000000    99.3323945384
  2.50000000   0.70000000    97.4781063526
  2.60000000   0.70000000    95.6420047362
  2.70000000   0.70000000    93.8813984970
  2.80000000   0.70000000    92.2442649185
  2.90000000   0.70000000    90.7698954458
  3.00000000   0.70000000    89.4898170259
  3.10000000   0.70000000    88.4287479573
  3.20000000   0.70000000    87.6054563785
  3.30000000   0.70000000    87.0334586439
  3.40000000   0.70000000    86.7368586465
  3.50000000   0.70000000    86.7368586465

  0.00000000   0.80000000    87.7578506589
  0.10000000   0.80000000    87.7578506589
  0.20000000   0.80000000    88.0821743446
  0.30000000   0.80000000    88.7102683620
  0.40000000   0.80000000    89.6191094979
  0.50000000   0.80000000    90.7964663332
  0.60000000   0.80000000    92.2250240333
  0.70000000   0.80000000    93.8814097576
  0.80000000   0.80000000    95.7349128598
  0.90000000   0.80000000    97.7459143703
  1.00000000   0.80000000    99.8641192928
  1.10000000   0.80000000   102.0268367326
  1.20000000   0.80000000   104.1578034334
  1.30000000   0.80000000   106.1673939511
  1.40000000   0.80000000   107.9554114203
  1.50000000   0.80000000   109.4177217402
  1.60000000   0.80000000   110.4572634138
  1.70000000   0.80000000   110.9980093060
  1.80000000   0.80000000   110.9980093060
  1.90000000   0.80000000   110.4572634138
  2.00000000   0.80000000   109.4177217402
  2.10000000   0.80000000   107.9554114203
  2.20000000   0.80000000   106.1673939511
  2.30000000   0.80000000   104.1578034334
  2.40000000   0.80000000   102.0268367326
  2.50000000   0.80000000    99.8641192928
  2.60000000   0.80000000    97.7459143703
  2.70000000   0.80000000    95.7349128598
  2.80000000   0.80000000    93.8814097576
  2.90000000   0.80000000    92.2250240333
  3.00000000   0.80000000    90.7964663332
  3.10000000   0.80000000    89.6191094979
  3.20000000   0.80000000    88.7102683620
  3.30000000   0.80000000    88.0821743446
  3.40000000   0.80000000    87.7578506589
  3.50000000   0.80000000    87.7578506589

  0.00000000   0.90000000    88.8254869077
  0.10000000   0.90000000    88.8254869077
  0.20000000   0.90000000    89.1803929576
  0.30000000   0.90000000    89.8705259130
  0.40000000   0.90000000    90.8744066420
  0.50000000   0.90000000    92.1818145240
  0.60000000   0.90000000    93.7779146923
  0.70000000   0.90000000    95.6420299192
  0.80000000   0.90000000    97.7459289022
  0.90000000   0.90000000   100.0515523338
  1.00000000   0.90000000   102.5081591972
  1.10000000   0.90000000   105.0490423777
  1.20000000   0.90000000   107.5883163687
  1.30000000   0.90000000   110.0189091450
  1.40000000   0.90000000   112.2137901536
  1.50000000   0.90000000   114.0332681829
  1.60000000   0.90000000   115.3407283124
  1.70000000   0.90000000   116.0255549486
  1.80000000   0.90000000   116.0255549486
  1.90000000   0.90000000   115.3407283124
  2.00000000   0.90000000   114.0332681829
  2.10000000   0.90000000   112.2137901536
  2.20000000   0.90000000   110.0189091450
  2.30000000   0.90000000   107.5883163687
  2.40000000   0.90000000   105.0490423777
  2.50000000   0.90000000   102.5081591972
  2.60000000   0.90000000   100.0515523338
  2.70000000   0.90000000    97.7459289022
  2.80000000   0.90000000    95.6420299192
  2.90000000   0.90000000    93.7779146923
  3.00000000   0.90000000    92.1818145240
  3.10000000   0.90000000    90.8744066420
  3.20000000   0.90000000    89.8705259130
  3.30000000   0.90000000    89.1803929576
  3.40000000   0.90000000    88.8254869077
  3.50000000   0.90000000    88.8254869077

  0.00000000   1.00000000    89.9056661076
  0.10000000   1.00000000    89.9056661076
  0.20000000   1.00000000    90.2932064525
  0.30000000   1.00000000    91.0497345274
  0.40000000   1.00000000    92.1558464467
  0.50000000   1.00000000    93.6041951164
  0.60000000   1.00000000    95.3836983231
  0.70000000   1.00000000    97.4781483562
  0.80000000   1.00000000    99.8641522032
  0.90000000   1.00000000   102.5081786772
  1.00000000   1.00000000   105.3624783211
  1.10000000   1.00000000   108.3597417451
  1.20000000   1.00000000   111.4067292365
  1.30000000   1.00000000   114.3780184253
  1.40000000   1.00000000   117.1128316438
  1.50000000   1.00000000   119.4206052318
  1.60000000   1.00000000   121.1026581496
  1.70000000   1.00000000   121.9916948845
  1.80000000   1.00000000   121.9916948845
  1.90000000   1.00000000   121.1026581496
  2.00000000   1.00000000   119.4206052318
  2.10000000   1.00000000   117.1128316438
  2.20000000   1.00000000   114.3780184253
  2.30000000   1.00000000   111.4067292365
  2.40000000   1.00000000   108.3597417451
  2.50000000   1.00000000   105.3624783211
  2.60000000   1.00000000   102.5081786772
  2.70000000   1.00000000    99.8641522032
  2.80000000   1.00000000    97.4781483562
  2.90000000   1.00000000    95.3836983231
  3.00000000   1.00000000    93.6041951164
  3.10000000   1.00000000    92.1558464467
  3.20000000   1.00000000    91.0497345274
  3.30000000   1.00000000    90.2932064525
  3.40000000   1.00000000    89.9056661076
  3.50000000   1.00000000    89.9056661076

  0.00000000   1.10000000    90.9621933754
  0.10000000   1.10000000    90.9621933754
  0.20000000   1.10000000    91.3833566621
  0.30000000   1.10000000    92.2085070448
  0.40000000   1.10000000    93.4208588742
  0.50000000   1.10000000    95.0168589672
  0.60000000   1.10000000    96.9906013525
  0.70000000   1.10000000    99.3324562930
  0.80000000   1.10000000   102.0268922786
  0.90000000   1.10000000   105.0490873381
  1.00000000   1.10000000   108.3597693199
  1.10000000   1.10000000   111.8976004465
  1.20000000   1.10000000   115.5685215859
  1.30000000   1.10000000   119.2323132590
  1.40000000   1.10000000   122.6893693967
  1.50000000   1.10000000   125.6771615960
  1.60000000   1.10000000   127.8960346644
  1.70000000   1.10000000   129.0826243989
  1.80000000   1.10000000   129.0826243989
  1.90000000   1.10000000   127.8960346644
  2.00000000   1.10000000   125.6771615960
  2.10000000   1.10000000   122.6893693967
  2.20000000   1.10000000   119.2323132590
  2.30000000   1.10000000   115.5685215859
  2.40000000   1.10000000   111.8976004465
  2.50000000   1.10000000   108.3597693199
  2.60000000   1.10000000   105.0490873381
  2.70000000   1.10000000   102.0268922786
  2.80000000   1.10000000    99.3324562930
  2.90000000   1.10000000    96.9906013525
  3.00000000   1.10000000    95.0168589672
  3.10000000   1.10000000    93.4208588742
  3.20000000   1.10000000    92.2085070448
  3.30000000   1.10000000    91.3833566621
  3.40000000   1.10000000    90.9621933754
  3.50000000   1.10000000    90.9621933754

  0.00000000   1.20000000    91.9579628390
  0.10000000   1.20000000    91.9579628390
  0.20000000   1.20000000    92.4124181108
  0.30000000   1.20000000    93.3057361709
  0.40000000   1.20000000    94.6242213075
  0.50000000   1.20000000    96.3689605560
  0.60000000   1.20000000    98.5406127148
  0.70000000   1.20000000   101.1383327553
  0.80000000   1.20000000   104.1578858524
  0.90000000   1.20000000   107.5883934923
  1.00000000   1.20000000   111.4067945009
  1.10000000   1.20000000   115.5685636291
  1.20000000   1.20000000   119.9925462763
  1.30000000   1.20000000   124.5373786258
  1.40000000   1.20000000   128.9687711894
  1.50000000   1.20000000   132.9272343125
  1.60000000   1.20000000   135.9396112464
  1.70000000   1.20000000   137.5744897556
  1.80000000   1.20000000   137.5744897556
  1.90000000   1.20000000   135.9396112464
  2.00000000   1.20000000   132.9272343125
  2.10000000   1.20000000   128.9687711894
  2.20000000   1.20000000   124.5373786258
  2.30000000   1.20000000   119.9925462763
  2.40000000   1.20000000   115.5685636291
  2.50000000   1.20000000   111.4067945009
  2.60000000   1.20000000   107.5883934923
  2.70000000   1.20000000   104.1578858524
  2.80000000   1.20000000   101.1383327553
  2.90000000   1.20000000    98.5406127148
  3.00000000   1.20000000    96.3689605560
  3.10000000   1.20000000    94.6242213075
  3.20000000   1.20000000    93.3057361709
  3.30000000   1.20000000    92.4124181108
  3.40000000   1.20000000    91.9579628390
  3.50000000   1.20000000    91.9579628390

  0.00000000   1.30000000    92.8563996095
  0.10000000   1.30000000    92.8563996095
  0.20000000   1.30000000    93.3422810157
  0.30000000   1.30000000    94.3001518233
  0.40000000   1.30000000    95.7197024344
  0.50000000   1.30000000    97.6072539696
  0.60000000   1.30000000    99.9711032865
  0.70000000   1.30000000   102.8210781791
  0.80000000   1.30000000   106.1675066560
  0.90000000   1.30000000   110.0190247891
  1.00000000   1.30000000   114.3781325607
  1.10000000   1.30000000   119.2324160478
  1.20000000   1.30000000   124.5374498515
  1.30000000   1.30000000   130.1838722981
  1.40000000   1.30000000   135.9357064805
  1.50000000   1.30000000   141.3260862177
  1.60000000   1.30000000   145.5543190449
  1.70000000   1.30000000   147.8899527836
  1.80000000   1.30000000   147.8899527836
  1.90000000   1.30000000   145.5543190449
  2.00000000   1.30000000   141.3260862177
  2.10000000   1.30000000   135.9357064805
  2.20000000   1.30000000   130.1838722981
  2.30000000   1.30000000   124.5374498515
  2.40000000   1.30000000   119.2324160478
  2.50000000   1.30000000   114.3781325607
  2.60000000   1.30000000   110.0190247891
  2.70000000   1.30000000   106.1675066560
  2.80000000   1.30000000   102.8210781791
  2.90000000   1.30000000    99.9711032865
  3.00000000   1.30000000    97.6072539696
  3.10000000   1.30000000    95.7197024344
  3.20000000   1.30000000    94.3001518233
  3.30000000   1.30000000    93.3422810157
  3.40000000   1.30000000    92.8563996095
  3.50000000   1.30000000    92.8563996095

  0.00000000   1.40000000    93.6231153259
  0.10000000   1.40000000    93.6231153259
  0.20000000   1.40000000    94.1368964770
  0.30000000   1.40000000    95.1522463997
  0.40000000   1.40000000    96.6622549695
  0.50000000   1.40000000    98.6786220929
  0.60000000   1.40000000   101.2177021217
  0.70000000   1.40000000   104.3009962892
  0.80000000   1.40000000   107.9555557942
  0.90000000   1.40000000   112.2139484505
  1.00000000   1.40000000   117.1130041665
  1.10000000   1.40000000   122.6895528497
  1.20000000   1.40000000   128.9689530908
  1.30000000   1.40000000   135.9358502668
  1.40000000   1.40000000   143.4575808014
  1.50000000   1.40000000   151.0644088146
  1.60000000   1.40000000   157.2262413058
  1.70000000   1.40000000   160.6986560210
  1.80000000   1.40000000   160.6986560210
  1.90000000   1.40000000   157.2262413058
  2.00000000   1.40000000   151.0644088146
  2.10000000   1.40000000   143.4575808014
  2.20000000   1.40000000   135.9358502668
  2.30000000   1.40000000   128.9689530908
  2.40000000   1.40000000   122.6895528497
  2.50000000   1.40000000   117.1130041665
  2.60000000   1.40000000   112.2139484505
  2.70000000   1.40000000   107.9555557942
  2.80000000   1.40000000   104.3009962892
  2.90000000   1.40000000   101.2177021217
  3.00000000   1.40000000    98.6786220929
  3.10000000   1.40000000    96.6622549695
  3.20000000   1.40000000    95.1522463997
  3.30000000   1.40000000    94.1368964770
  3.40000000   1.40000000    93.6231153259
  3.50000000   1.40000000    93.6231153259

  0.00000000   1.50000000    94.2276821581
  0.10000000   1.50000000    94.2276821581
  0.20000000   1.50000000    94.7641879318
  0.30000000   1.50000000    95.8264747855
  0.40000000   1.50000000    97.4106815685
  0.50000000   1.50000000    99.5334207706
  0.60000000   1.50000000   102.2185621408
  0.70000000   1.50000000   105.4988119660
  0.80000000   1.50000000   109.4178957623
  0.90000000   1.50000000   114.0334683919
  1.00000000   1.50000000   119.4208389447
  1.10000000   1.50000000   125.6774376570
  1.20000000   1.50000000   132.9275629017
  1.30000000   1.50000000   141.3264789816
  1.40000000   1.50000000   151.0648860825
  1.50000000   1.50000000   162.3956917857
  1.60000000   1.50000000   171.7169806340
  1.70000000   1.50000000   177.0987807891
  1.80000000   1.50000000   177.0987807891
  1.90000000   1.50000000   171.7169806340
  2.00000000   1.50000000   162.3956917857
  2.10000000   1.50000000   151.0648860825
  2.20000000   1.50000000   141.3264789816
  2.30000000   1.50000000   132.9275629017
  2.40000000   1.50000000   125.6774376570
  2.50000000   1.50000000   119.4208389447
  2.60000000   1.50000000   114.0334683919
  2.70000000   1.50000000   109.4178957623
  2.80000000   1.50000000   105.4988119660
  2.90000000   1.50000000   102.2185621408
  3.00000000   1.50000000    99.5334207706
  3.10000000   1.50000000    97.4106815685
  3.20000000   1.50000000    95.8264747855
  3.30000000   1.50000000    94.7641879318
  3.40000000   1.50000000    94.2276821581
  3.50000000   1.50000000    94.2276821581

  0.00000000   1.60000000    94.6453819534
  0.10000000   1.60000000    94.6453819534
  0.20000000   1.60000000    95.1979717616
  0.30000000   1.60000000    96.2935451086
  0.40000000   1.60000000    97.9305535467
  0.50000000   1.60000000   100.1293845457
  0.60000000   1.60000000   102.9197716902
  0.70000000   1.60000000   106.3433446223
  0.80000000   1.60000000   110.4574607257
  0.90000000   1.60000000   115.3409625570
  1.00000000   1.60000000   121.1029435373
  1.10000000   1.60000000   127.8963923439
  1.20000000   1.60000000   135.9400739021
  1.30000000   1.60000000   145.5549392959
  1.40000000   1.60000000   157.2271066810
  1.50000000   1.60000000   173.7837925116
  1.60000000   1.60000000   200.0000000000
  1.70000000   1.60000000   200.0000000000
  1.80000000   1.60000000   200.0000000000
  1.90000000   1.60000000   200.0000000000
  2.00000000   1.60000000   173.7837925116
  2.10000000   1.60000000   157.2271066810
  2.20000000   1.60000000   145.5549392959
  2.30000000   1.60000000   135.9400739021
  2.40000000   1.60000000   127.8963923439
  2.50000000   1.60000000   121.1029435373
  2.60000000   1.60000000   115.3409625570
  2.70000000   1.60000000   110.4574607257
  2.80000000   1.60000000   106.3433446223
  2.90000000   1.60000000   102.9197716902
  3.00000000   1.60000000   100.1293845457
  3.10000000   1.60000000    97.9305535467
  3.20000000   1.60000000    96.2935451086
  3.30000000   1.60000000    95.1979717616
  3.40000000   1.60000000    94.6453819534
  3.50000000   1.60000000    94.6453819534

  0.00000000   1.70000000    94.8587532837
  0.10000000   1.70000000    94.8587532837
  0.20000000   1.70000000    95.4196823357
  0.30000000   1.70000000    96.5325355253
  0.40000000   1.70000000    98.1970145483
  0.50000000   1.70000000   100.4355634043
  0.60000000   1.70000000   103.2811396569
  0.70000000   1.70000000   106.7803388139
  0.80000000   1.70000000   110.9982194894
  0.90000000   1.70000000   116.0258083596
  1.00000000   1.70000000   121.9920099752
  1.10000000   1.70000000   129.0830299622
  1.20000000   1.70000000   137.5750324828
  1.30000000   1.70000000   147.8907111329
  1.40000000   1.70000000   160.6997658230
  1.50000000   1.70000000   177.8603942923
  1.60000000   1.70000000   200.0000000000
  1.70000000   1.70000000   200.0000000000
  1.80000000   1.70000000   200.0000000000
  1.90000000   1.70000000   200.0000000000
  2.00000000   1.70000000   177.8603942923
  2.10000000   1.70000000   160.6997658230
  2.20000000   1.70000000   147.8907111329
  2.30000000   1.70000000   137.5750324828
  2.40000000   1.70000000   129.0830299622
  2.50000000   1.70000000   121.9920099752
  2.60000000   1.70000000   116.0258083596
  2.70000000   1.70000000   110.9982194894
  2.80000000   1.70000000   106.7803388139
  2.90000000   1.70000000   103.2811396569
  3.00000000   1.70000000   100.4355634043
  3.10000000   1.70000000    98.1970145483
  3.20000000   1.70000000    96.5325355253
  3.30000000   1.70000000    95.4196823357
  3.40000000   1.70000000    94.8587532837
  3.50000000   1.70000000    94.8587532837

  0.00000000   1.80000000    94.8587532837
  0.10000000   1.80000000    94.8587532837
  0.20000000   1.80000000    95.4196823357
  0.30000000   1.80000000    96.5325355253
  0.40000000   1.80000000    98.1970145483
  0.50000000   1.80000000   100.4355634043
  0.60000000   1.80000000   103.2811396569
  0.70000000   1.80000000   106.7803388139
  0.80000000   1.80000000   110.9982194894
  0.90000000   1.80000000   116.0258083596
  1.00000000   1.80000000   121.9920099752
  1.10000000   1.80000000   129.0830299622
  1.20000000   1.80000000   137.5750324828
  1.30000000   1.80000000   147.8907111329
  1.40000000   1.80000000   160.6997658230
  1.50000000   1.80000000   177.8603942923
  1.60000000   1.80000000   200.0000000000
  1.70000000   1.80000000   200.0000000000
  1.80000000   1.80000000   200.0000000000
  1.90000000   1.80000000   200.0000000000
  2.00000000   1.80000000   177.8603942923
  2.10000000   1.80000000   160.6997658230
  2.20000000   1.80000000   147.8907111329
  2.30000000   1.80000000   137.5750324828
  2.40000000   1.80000000   129.0830299622
  2.50000000   1.80000000   121.9920099752
  2.60000000   1.80000000   116.0258083596
  2.70000000   1.80000000   110.9982194894
  2.80000000   1.80000000   106.7803388139
  2.90000000   1.80000000   103.2811396569
  3.00000000   1.80000000   100.4355634043
  3.10000000   1.80000000    98.1970145483
  3.20000000   1.80000000    96.5325355253
  3.30000000   1.80000000    95.4196823357
  3.40000000   1.80000000    94.8587532837
  3.50000000   1.80000000    94.8587532837

  0.00000000   1.90000000    94.6453819534
  0.10000000   1.90000000    94.6453819534
  0.20000000   1.90000000    95.1979717616
  0.30000000   1.90000000    96.2935451086
  0.40000000   1.90000000    97.9305535467
  0.50000000   1.90000000   100.1293845457
  0.60000000   1.90000000   102.9197716902
  0.70000000   1.90000000   106.3433446223
  0.80000000   1.90000000   110.4574607257
  0.90000000   1.90000000   115.3409625570
  1.00000000   1.90000000   121.1029435373
  1.10000000   1.90000000   127.8963923439
  1.20000000   1.90000000   135.9400739021
  1.30000000   1.90000000   145.5549392959
  1.40000000   1.90000000   157.2271066810
  1.50000000   1.90000000   173.7837925116
  1.60000000   1.90000000   200.0000000000
  1.70000000   1.90000000   200.0000000000
  1.80000000   1.90000000   200.0000000000
  1.90000000   1.90000000   200.0000000000
  2.00000000   1.90000000   173.7837925116
  2.10000000   1.90000000   157.2271066810
  2.20000000   1.90000000   145.5549392959
  2.30000000   1.90000000   135.9400739021
  2.40000000   1.90000000   127.8963923439
  2.50000000   1.90000000   121.1029435373
  2.60000000   1.90000000   115.3409625570
  2.70000000   1.90000000   110.4574607257
  2.80000000   1.90000000   106.3433446223
  2.90000000   1.90000000   102.9197716902
  3.00000000   1.90000000   100.1293845457
  3.10000000   1.90000000    97.9305535467
  3.20000000   1.90000000    96.2935451086
  3.30000000   1.90000000    95.1979717616
  3.40000000   1.90000000    94.6453819534
  3.50000000   1.90000000    94.6453819534

  0.00000000   2.00000000    94.2276821581
  0.10000000   2.00000000    94.2276821581
  0.20000000   2.00000000    94.7641879318
  0.30000000   2.00000000    95.8264747855
  0.40000000   2.00000000    97.4106815685
  0.50000000   2.00000000    99.5334207706
  0.60000000   2.00000000   102.2185621408
  0.70000000   2.00000000   105.4988119660
  0.80000000   2.00000000   109.4178957623
  0.90000000   2.00000000   114.0334683919
  1.00000000   2.00000000   119.4208389447
  1.10000000   2.00000000   125.6774376570
  1.20000000   2.00000000   132.9275629017
  1.30000000   2.00000000   141.3264789816
  1.40000000   2.00000000   151.0648860825
  1.50000000   2.00000000   162.3956917857
  1.60000000   2.00000000   171.7169806340
  1.70000000   2.00000000   177.0987807891
  1.80000000   2.00000000   177.0987807891
  1.90000000   2.00000000   171.7169806340
  2.00000000   2.00000000   162.3956917857
  2.10000000   2.00000000   151.0648860825
  2.20000000   2.00000000   141.3264789816
  2.30000000   2.00000000   132.9275629017
  2.40000000   2.00000000   125.6774376570
  2.50000000   2.00000000   119.4208389447
  2.60000000   2.00000000   114.0334683919
  2.70000000   2.00000000   109.4178957623
  2.80000000   2.00000000   105.4988119660
  2.90000000   2.00000000   102.2185621408
  3.00000000   2.00000000    99.5334207706
  3.10000000   2.00000000    97.4106815685
  3.20000000   2.00000000    95.8264747855
  3.30000000   2.00000000    94.7641879318
  3.40000000   2.00000000    94.2276821581
  3.50000000   2.00000000    94.2276821581

  0.00000000   2.10000000    93.6231153259
  0.10000000   2.10000000    93.6231153259
  0.20000000   2.10000000    94.1368964770
  0.30000000   2.10000000    95.1522463997
  0.40000000   2.10000000    96.6622549695
  0.50000000   2.10000000    98.6786220929
  0.60000000   2.10000000   101.2177021217
  0.70000000   2.10000000   104.3009962892
  0.80000000   2.10000000   107.9555557942
  0.90000000   2.10000000   112.2139484505
  1.00000000   2.10000000   117.1130041665
  1.10000000   2.10000000   122.6895528497
  1.20000000   2.10000000   128.9689530908
  1.30000000   2.10000000   135.9358502668
  1.40000000   2.10000000   143.4575808014
  1.50000000   2.10000000   151.0644088146
  1.60000000   2.10000000   157.2262413058
  1.70000000   2.10000000   160.6986560210
  1.80000000   2.10000000   160.6986560210
  1.90000000   2.10000000   157.2262413058
  2.00000000   2.10000000   151.0644088146
  2.10000000   2.10000000   143.4575808014
  2.20000000   2.10000000   135.9358502668
  2.30000000   2.10000000   128.9689530908
  2.40000000   2.10000000   122.6895528497
  2.50000000   2.10000000   117.1130041665
  2.60000000   2.10000000   112.2139484505
  2.70000000   2.10000000   107.9555557942
  2.80000000   2.10000000   104.3009962892
  2.90000000   2.10000000   101.2177021217
  3.00000000   2.10000000    98.6786220929
  3.10000000   2.10000000    96.6622549695
  3.20000000   2.10000000    95.1522463997
  3.30000000   2.10000000    94.1368964770
  3.40000000   2.10000000    93.6231153259
  3.50000000   2.10000000    93.6231153259

  0.00000000   2.20000000    92.8563996095
  0.10000000   2.20000000    92.8563996095
  0.20000000   2.20000000    93.3422810157
  0.30000000   2.20000000    94.3001518233
  0.40000000   2.20000000    95.7197024344
  0.50000000   2.20000000    97.6072539696
  0.60000000   2.20000000    99.9711032865
  0.70000000   2.20000000   102.8210781791
  0.80000000   2.20000000   106.1675066560
  0.90000000   2.20000000   110.0190247891
  1.00000000   2.20000000   114.3781325607
  1.10000000   2.20000000   119.2324160478
  1.20000000   2.20000000   124.5374498515
  1.30000000   2.20000000   130.1838722981
  1.40000000   2.20000000   135.9357064805
  1.50000000   2.20000000   141.3260862177
  1.60000000   2.20000000   145.5543190449
  1.70000000   2.20000000   147.8899527836
  1.80000000   2.20000000   147.8899527836
  1.90000000   2.20000000   145.5543190449
  2.00000000   2.20000000   141.3260862177
  2.10000000   2.20000000   135.9357064805
  2.20000000   2.20000000   130.1838722981
  2.30000000   2.20000000   124.5374498515
  2.40000000   2.20000000   119.2324160478
  2.50000000   2.20000000   114.3781325607
  2.60000000   2.20000000   110.0190247891
  2.70000000   2.20000000   106.1675066560
  2.80000000   2.20000000   102.8210781791
  2.90000000   2.20000000    99.9711032865
  3.00000000   2.20000000    97.6072539696
  3.10000000   2.20000000    95.7197024344
  3.20000000   2.20000000    94.3001518233
  3.30000000   2.20000000    93.3422810157
  3.40000000   2.20000000    92.8563996095
  3.50000000   2.20000000    92.8563996095

  0.00000000   2.30000000    91.9579628390
  0.10000000   2.30000000    91.9579628390
  0.20000000   2.30000000    92.4124181108
  0.30000000   2.30000000    93.3057361709
  0.40000000   2.30000000    94.6242213075
  0.50000000   2.30000000    96.3689605560
  0.60000000   2.30000000    98.5406127148
  0.70000000   2.30000000   101.1383327553
  0.80000000   2.30000000   104.1578858524
  0.90000000   2.30000000   107.5883934923
  1.00000000   2.30000000   111.4067945009
  1.10000000   2.30000000   115.5685636291
  1.20000000   2.30000000   119.9925462763
  1.30000000   2.30000000   124.5373786258
  1.40000000   2.30000000   128.9687711894
  1.50000000   2.30000000   132.9272343125
  1.60000000   2.30000000   135.9396112464
  1.70000000   2.30000000   137.5744897556
  1.80000000   2.30000000   137.5744897556
  1.90000000   2.30000000   135.9396112464
  2.00000000   2.30000000   132.9272343125
  2.10000000   2.30000000   128.9687711894
  2.20000000   2.30000000   124.5373786258
  2.30000000   2.30000000   119.9925462763
  2.40000000   2.30000000   115.5685636291
  2.50000000   2.30000000   111.4067945009
  2.60000000   2.30000000   107.5883934923
  2.70000000   2.30000000   104.1578858524
  2.80000000   2.30000000   101.1383327553
  2.90000000   2.30000000    98.5406127148
  3.00000000   2.30000000    96.3689605560
  3.10000000   2.30000000    94.6242213075
  3.20000000   2.30000000    93.3057361709
  3.30000000   2.30000000    92.4124181108
  3.40000000   2.30000000    91.9579628390
  3.50000000   2.30000000    91.9579628390

  0.00000000   2.40000000    90.9621933754
  0.10000000   2.40000000    90.9621933754
  0.20000000   2.40000000    91.3833566621
  0.30000000   2.40000000    92.2085070448
  0.40000000   2.40000000    93.4208588742
  0.50000000   2.40000000    95.0168589672
  0.60000000   2.40000000    96.9906013525
  0.70000000   2.40000000    99.3324562930
  0.80000000   2.40000000   102.0268922786
  0.90000000   2.40000000   105.0490873381
  1.00000000   2.40000000   108.3597693199
  1.10000000   2.40000000   111.8976004465
  1.20000000   2.40000000   115.5685215859
  1.30000000   2.40000000   119.2323132590
  1.40000000   2.40000000   122.6893693967
  1.50000000   2.40000000   125.6771615960
  1.60000000   2.40000000   127.8960346644
  1.70000000   2.40000000   129.0826243989
  1.80000000   2.40000000   129.0826243989
  1.90000000   2.40000000   127.8960346644
  2.00000000   2.40000000   125.6771615960
  2.10000000   2.40000000   122.6893693967
  2.20000000   2.40000000   119.2323132590
  2.30000000   2.40000000   115.5685215859
  2.40000000   2.40000000   111.8976004465
  2.50000000   2.40000000   108.3597693199
  2.60000000   2.40000000   105.0490873381
  2.70000000   2.40000000   102.0268922786
  2.80000000   2.40000000    99.3324562930
  2.90000000   2.40000000    96.9906013525
  3.00000000   2.40000000    95.0168589672
  3.10000000   2.40000000    93.4208588742
  3.20000000   2.40000000    92.2085070448
  3.30000000   2.40000000    91.3833566621
  3.40000000   2.40000000    90.9621933754
  3.50000000   2.40000000    90.9621933754

  0.00000000   2.50000000    89.9056661076
  0.10000000   2.50000000    89.9056661076
  0.20000000   2.50000000    90.2932064525
  0.30000000   2.50000000    91.0497345274
  0.40000000   2.50000000    92.1558464467
  0.50000000   2.50000000    93.6041951164
  0.60000000   2.50000000    95.3836983231
  0.70000000   2.50000000    97.4781483562
  0.80000000   2.50000000    99.8641522032
  0.90000000   2.50000000   102.5081786772
  1.00000000   2.50000000   105.3624783211
  1.10000000   2.50000000   108.3597417451
  1.20000000   2.50000000   111.4067292365
  1.30000000   2.50000000   114.3780184253
  1.40000000   2.50000000   117.1128316438
  1.50000000   2.50000000   119.4206052318
  1.60000000   2.50000000   121.1026581496
  1.70000000   2.50000000   121.9916948845
  1.80000000   2.50000000   121.9916948845
  1.90000000   2.50000000   121.1026581496
  2.00000000   2.50000000   119.4206052318
  2.10000000   2.50000000   117.1128316438
  2.20000000   2.50000000   114.3780184253
  2.30000000   2.50000000   111.4067292365
  2.40000000   2.50000000   108.3597417451
  2.50000000   2.50000000   105.3624783211
  2.60000000   2.50000000   102.5081786772
  2.70000000   2.50000000    99.8641522032
  2.80000000   2.50000000    97.4781483562
  2.90000000   2.50000000    95.3836983231
  3.00000000   2.50000000    93.6041951164
  3.10000000   2.50000000    92.1558464467
  3.20000000   2.50000000    91.0497345274
  3.30000000   2.50000000    90.2932064525
  3.40000000   2.50000000    89.9056661076
  3.50000000   2.50000000    89.9056661076

  0.00000000   2.60000000    88.8254869077
  0.10000000   2.60000000    88.8254869077
  0.20000000   2.60000000    89.1803929576
  0.30000000   2.60000000    89.8705259130
  0.40000000   2.60000000    90.8744066420
  0.50000000   2.60000000    92.1818145240
  0.60000000   2.60000000    93.7779146923
  0.70000000   2.60000000    95.6420299192
  0.80000000   2.60000000    97.7459289022
  0.90000000   2.60000000   100.0515523338
  1.00000000   2.60000000   102.5081591972
  1.10000000   2.60000000   105.0490423777
  1.20000000   2.60000000   107.5883163687
  1.30000000   2.60000000   110.0189091450
  1.40000000   2.60000000   112.2137901536
  1.50000000   2.60000000   114.0332681829
  1.60000000   2.60000000   115.3407283124
  1.70000000   2.60000000   116.0255549486
  1.80000000   2.60000000   116.0255549486
  1.90000000   2.60000000   115.3407283124
  2.00000000   2.60000000   114.0332681829
  2.10000000   2.60000000   112.2137901536
  2.20000000   2.60000000   110.0189091450
  2.30000000   2.60000000   107.5883163687
  2.40000000   2.60000000   105.0490423777
  2.50000000   2.60000000   102.5081591972
  2.60000000   2.60000000   100.0515523338
  2.70000000   2.60000000    97.7459289022
  2.80000000   2.60000000    95.6420299192
  2.90000000   2.60000000    93.7779146923
  3.00000000   2.60000000    92.1818145240
  3.10000000   2.60000000    90.8744066420
  3.20000000   2.60000000    89.8705259130
  3.30000000   2.60000000    89.1803929576
  3.40000000   2.60000000    88.8254869077
  3.50000000   2.60000000    88.8254869077

  0.00000000   2.70000000    87.7578506589
  0.10000000   2.70000000    87.7578506589
  0.20000000   2.70000000    88.0821743446
  0.30000000   2.70000000    88.7102683620
  0.40000000   2.70000000    89.6191094979
  0.50000000   2.70000000    90.7964663332
  0.60000000   2.70000000    92.2250240333
  0.70000000   2.70000000    93.8814097576
  0.80000000   2.70000000    95.7349128598
  0.90000000   2.70000000    97.7459143703
  1.00000000   2.70000000    99.8641192928
  1.10000000   2.70000000   102.0268367326
  1.20000000   2.70000000   104.1578034334
  1.30000000   2.70000000   106.1673939511
  1.40000000   2.70000000   107.9554114203
  1.50000000   2.70000000   109.4177217402
  1.60000000   2.70000000   110.4572634138
  1.70000000   2.70000000   110.9980093060
  1.80000000   2.70000000   110.9980093060
  1.90000000   2.70000000   110.4572634138
  2.00000000   2.70000000   109.4177217402
  2.10000000   2.70000000   107.9554114203
  2.20000000   2.70000000   106.1673939511
  2.30000000   2.70000000   104.1578034334
  2.40000000   2.70000000   102.0268367326
  2.50000000   2.70000000    99.8641192928
  2.60000000   2.70000000    97.7459143703
  2.70000000   2.70000000    95.7349128598
  2.80000000   2.70000000    93.8814097576
  2.90000000   2.70000000    92.2250240333
  3.00000000   2.70000000    90.7964663332
  3.10000000   2.70000000    89.6191094979
  3.20000000   2.70000000    88.7102683620
  3.30000000   2.70000000    88.0821743446
  3.40000000   2.70000000    87.7578506589
  3.50000000   2.70000000    87.7578506589

  0.00000000   2.80000000    86.7368586465
  0.10000000   2.80000000    86.7368586465
  0.20000000   2.80000000    87.0334586439
  0.30000000   2.80000000    87.6054563785
  0.40000000   2.80000000    88.4287479573
  0.50000000   2.80000000    89.4898170259
  0.60000000   2.80000000    90.7698954458
  0.70000000   2.80000000    92.2442649185
  0.80000000   2.80000000    93.8813984970
  0.90000000   2.80000000    95.6420047362
  1.00000000   2.80000000    97.4781063526
  1.10000000   2.80000000    99.3323945384
  1.20000000   2.80000000   101.1382486654
  1.30000000   2.80000000   102.8209700931
  1.40000000   2.80000000   104.3008642029
  1.50000000   2.80000000   105.4986582427
  1.60000000   2.80000000   106.3431743612
  1.70000000   2.80000000   106.7801595602
  1.80000000   2.80000000   106.7801595602
  1.90000000   2.80000000   106.3431743612
  2.00000000   2.80000000   105.4986582427
  2.10000000   2.80000000   104.3008642029
  2.20000000   2.80000000   102.8209700931
  2.30000000   2.80000000   101.1382486654
  2.40000000   2.80000000    99.3323945384
  2.50000000   2.80000000    97.4781063526
  2.60000000   2.80000000    95.6420047362
  2.70000000   2.80000000    93.8813984970
  2.80000000   2.80000000    92.2442649185
  2.90000000   2.80000000    90.7698954458
  3.00000000   2.80000000    89.4898170259
  3.10000000   2.80000000    88.4287479573
  3.20000000   2.80000000    87.6054563785
  3.30000000   2.80000000    87.0334586439
  3.40000000   2.80000000    86.7368586465
  3.50000000   2.80000000    86.7368586465

  0.00000000   2.90000000    85.7935994293
  0.10000000   2.90000000    85.7935994293
  0.20000000   2.90000000    86.0659142946
  0.30000000   2.90000000    86.5888699440
  0.40000000   2.90000000    87.3376458965
  0.50000000   2.90000000    88.2979957506
  0.60000000   2.90000000    89.4504529097
  0.70000000   2.90000000    90.7698865279
  0.80000000   2.90000000    92.2250041982
  0.90000000   2.90000000    93.7778818134
  1.00000000   2.90000000    95.3836502543
  1.10000000   2.90000000    96.9905361221
  1.20000000   2.90000000    98.5405288221
  1.30000000   2.90000000    99.9710000956
  1.40000000   2.90000000   101.2175802984
  1.50000000   2.90000000   102.2184240152
  1.60000000   2.90000000   102.9196213800
  1.70000000   2.90000000   103.2809828106
  1.80000000   2.90000000   103.2809828106
  1.90000000   2.90000000   102.9196213800
  2.00000000   2.90000000   102.2184240152
  2.10000000   2.90000000   101.2175802984
  2.20000000   2.90000000    99.9710000956
  2.30000000   2.90000000    98.5405288221
  2.40000000   2.90000000    96.9905361221
  2.50000000   2.90000000    95.3836502543
  2.60000000   2.90000000    93.7778818134
  2.70000000   2.90000000    92.2250041982
  2.80000000   2.90000000    90.7698865279
  2.90000000   2.90000000    89.4504529097
  3.00000000   2.90000000    88.2979957506
  3.10000000   2.90000000    87.3376458965
  3.20000000   2.90000000    86.5888699440
  3.30000000   2.90000000    86.0659142946
  3.40000000   2.90000000    85.7935994293
  3.50000000   2.90000000    85.7935994293

  0.00000000   3.00000000    84.9554665396
  0.10000000   3.00000000    84.9554665396
  0.20000000   3.00000000    85.2073389517
  0.30000000   3.00000000    85.6890434801
  0.40000000   3.00000000    86.3752933747
  0.50000000   3.00000000    87.2514959088
  0.60000000   3.00000000    88.2979886596
  0.70000000   3.00000000    89.4898012077
  0.80000000   3.00000000    90.7964400917
  0.90000000   3.00000000    92.1817761661
  1.00000000   3.00000000    93.6041430615
  1.10000000   3.00000000    95.0167919113
  1.20000000   3.00000000    96.3688776940
  1.30000000   3.00000000    97.6071552561
  1.40000000   3.00000000    98.6785085001
  1.50000000   3.00000000    99.5332944674
  1.60000000   3.00000000   100.1292489129
  1.70000000   3.00000000   100.4354228227
  1.80000000   3.00000000   100.4354228227
  1.90000000   3.00000000   100.1292489129
  2.00000000   3.00000000    99.5332944674
  2.10000000   3.00000000    98.6785085001
  2.20000000   3.00000000    97.6071552561
  2.30000000   3.00000000    96.3688776940
  2.40000000   3.00000000    95.0167919113
  2.50000000   3.00000000    93.6041430615
  2.60000000   3.00000000    92.1817761661
  2.70000000   3.00000000    90.7964400917
  2.80000000   3.00000000    89.4898012077
  2.90000000   3.00000000    88.2979886596
  3.00000000   3.00000000    87.2514959088
  3.10000000   3.00000000    86.3752933747
  3.20000000   3.00000000    85.6890434801
  3.30000000   3.00000000    85.2073389517
  3.40000000   3.00000000    84.9554665396
  3.50000000   3.00000000    84.9554665396

  0.00000000   3.10000000    84.2456641429
  0.10000000   3.10000000    84.2456641429
  0.20000000   3.10000000    84.4812394935
  0.30000000   3.10000000    84.9299611037
  0.40000000   3.10000000    85.5662101498
  0.50000000   3.10000000    86.3752878315
  0.60000000   3.10000000    87.3376333642
  0.70000000   3.10000000    88.4287269656
  0.80000000   3.10000000    89.6190785956
  0.90000000   3.10000000    90.8743644655
  1.00000000   3.10000000    92.1557918206
  1.10000000   3.10000000    93.4207909453
  1.20000000   3.10000000    94.6241397075
  1.30000000   3.10000000    95.7196074524
  1.40000000   3.10000000    96.6621477027
  1.50000000   3.10000000    97.4105640048
  1.60000000   3.10000000    97.9304285329
  1.70000000   3.10000000    98.1968856182
  1.80000000   3.10000000    98.1968856182
  1.90000000   3.10000000    97.9304285329
  2.00000000   3.10000000    97.4105640048
  2.10000000   3.10000000    96.6621477027
  2.20000000   3.10000000    95.7196074524
  2.30000000   3.10000000    94.6241397075
  2.40000000   3.10000000    93.4207909453
  2.50000000   3.10000000    92.1557918206
  2.60000000   3.10000000    90.8743644655
  2.70000000   3.10000000    89.6190785956
  2.80000000   3.10000000    88.4287269656
  2.90000000   3.10000000    87.3376333642
  3.00000000   3.10000000    86.3752878315
  3.10000000   3.10000000    85.5662101499
  3.20000000   3.10000000    84.9299611037
  3.30000000   3.10000000    84.4812394935
  3.40000000   3.10000000    84.2456641429
  3.50000000   3.10000000    84.2456641429

  0.00000000   3.20000000    83.6828279087
  0.10000000   3.20000000    83.6828279087
  0.20000000   3.20000000    83.9065836654
  0.30000000   3.20000000    84.3309260750
  0.40000000   3.20000000    84.9299569592
  0.50000000   3.20000000    85.6890338498
  0.60000000   3.20000000    86.5888534636
  0.70000000   3.20000000    87.6054317043
  0.80000000   3.20000000    88.7102342225
  0.90000000   3.20000000    89.8704811775
  1.00000000   3.20000000    91.0496782952
  1.10000000   3.20000000    92.2084387538
  1.20000000   3.20000000    93.3056557188
  1.30000000   3.20000000    94.3000596834
  1.40000000   3.20000000    95.1521437095
  1.50000000   3.20000000    95.8263633783
  1.60000000   3.20000000    96.2934274636
  1.70000000   3.20000000    96.5324146236
  1.80000000   3.20000000    96.5324146236
  1.90000000   3.20000000    96.2934274636
  2.00000000   3.20000000    95.8263633783
  2.10000000   3.20000000    95.1521437095
  2.20000000   3.20000000    94.3000596834
  2.30000000   3.20000000    93.3056557188
  2.40000000   3.20000000    92.2084387538
  2.50000000   3.20000000    91.0496782952
  2.60000000   3.20000000    89.8704811775
  2.70000000   3.20000000    88.7102342225
  2.80000000   3.20000000    87.6054317043
  2.90000000   3.20000000    86.5888534636
  3.00000000   3.20000000    85.6890338498
  3.10000000   3.20000000    84.9299569592
  3.20000000   3.20000000    84.3309260750
  3.30000000   3.20000000    83.9065836654
  3.40000000   3.20000000    83.6828279087
  3.50000000   3.20000000    83.6828279087

  0.00000000   3.30000000    83.2806315023
  0.10000000   3.30000000    83.2806315023
  0.20000000   3.30000000    83.4977371665
  0.30000000   3.30000000    83.9065807941
  0.40000000   3.30000000    84.4812325531
  0.50000000   3.30000000    85.2073266156
  0.60000000   3.30000000    86.0658952393
  0.70000000   3.30000000    87.0334316039
  0.80000000   3.30000000    88.0821381630
  0.90000000   3.30000000    89.1803466503
  1.00000000   3.30000000    90.2931492873
  1.10000000   3.30000000    91.3832882497
  1.20000000   3.30000000    92.4123384993
  1.30000000   3.30000000    93.3421907739
  1.40000000   3.30000000    94.1367967487
  1.50000000   3.30000000    94.7640804420
  1.60000000   3.30000000    95.1978587593
  1.70000000   3.30000000    95.4195664689
  1.80000000   3.30000000    95.4195664689
  1.90000000   3.30000000    95.1978587593
  2.00000000   3.30000000    94.7640804420
  2.10000000   3.30000000    94.1367967487
  2.20000000   3.30000000    93.3421907739
  2.30000000   3.30000000    92.4123384993
  2.40000000   3.30000000    91.3832882497
  2.50000000   3.30000000    90.2931492873
  2.60000000   3.30000000    89.1803466503
  2.70000000   3.30000000    88.0821381630
  2.80000000   3.30000000    87.0334316039
  2.90000000   3.30000000    86.0658952393
  3.00000000   3.30000000    85.2073266156
  3.10000000   3.30000000    84.4812325531
  3.20000000   3.30000000    83.9065807941
  3.30000000   3.30000000    83.4977371665
  3.40000000   3.30000000    83.2806315023
  3.50000000   3.30000000    83.2806315023

  0.00000000   3.40000000    83.0470491792
  0.10000000   3.40000000    83.0470491792
  0.20000000   3.40000000    83.2648343406
  0.30000000   3.40000000    83.6670830924
  0.40000000   3.40000000    84.2299919099
  0.50000000   3.40000000    84.9398854741
  0.60000000   3.40000000    85.7781256964
  0.70000000   3.40000000    86.7215053693
  0.80000000   3.40000000    87.7426273813
  0.90000000   3.40000000    88.8103991440
  1.00000000   3.40000000    89.8907149978
  1.10000000   3.40000000    90.9473754714
  1.20000000   3.40000000    91.9432700514
  1.30000000   3.40000000    92.8418193365
  1.40000000   3.40000000    93.6086307817
  1.50000000   3.40000000    94.2132729030
  1.60000000   3.40000000    94.6310246131
  1.70000000   3.40000000    94.8444224296
  1.80000000   3.40000000    94.8444224296
  1.90000000   3.40000000    94.6310246131
  2.00000000   3.40000000    94.2132729030
  2.10000000   3.40000000    93.6086307817
  2.20000000   3.40000000    92.8418193365
  2.30000000   3.40000000    91.9432700514
  2.40000000   3.40000000    90.9473754714
  2.50000000   3.40000000    89.8907149978
  2.60000000   3.40000000    88.8103991440
  2.70000000   3.40000000    87.7426273813
  2.80000000   3.40000000    86.7215053693
  2.90000000   3.40000000    85.7781256964
  3.00000000   3.40000000    84.9398854741
  3.10000000   3.40000000    84.2299919099
  3.20000000   3.40000000    83.6670830924
  3.30000000   3.40000000    83.2648343406
  3.40000000   3.40000000    83.0470491792
  3.50000000   3.40000000    83.0470491792

  0.00000000   3.50000000    83.0470491792
  0.10000000   3.50000000    83.0470491792
  0.20000000   3.50000000    83.2648343406
  0.30000000   3.50000000    83.6670830924
  0.40000000   3.50000000    84.2299919099
  0.50000000   3.50000000    84.9398854741
  0.60000000   3.50000000    85.7781256964
  0.70000000   3.50000000    86.7215053693
  0.80000000   3.50000000    87.7426273813
  0.90000000   3.50000000    88.8103991440
  1.00000000   3.50000000    89.8907149978
  1.10000000   3.50000000    90.9473754714
  1.20000000   3.50000000    91.9432700514
  1.30000000   3.50000000    92.8418193365
  1.40000000   3.50000000    93.6086307817
  1.50000000   3.50000000    94.2132729030
  1.60000000   3.50000000    94.6310246131
  1.70000000   3.50000000    94.8444224296
  1.80000000   3.50000000    94.8444224296
  1.90000000   3.50000000    94.6310246131
  2.00000000   3.50000000    94.2132729030
  2.10000000   3.50000000    93.6086307817
  2.20000000   3.50000000    92.8418193365
  2.30000000   3.50000000    91.9432700514
  2.40000000   3.50000000    90.9473754714
  2.50000000   3.50000000    89.8907149978
  2.60000000   3.50000000    88.8103991440
  2.70000000   3.50000000    87.7426273813
  2.80000000   3.50000000    86.7215053693
  2.90000000   3.50000000    85.7781256964
  3.00000000   3.50000000    84.9398854741
  3.10000000   3.50000000    84.2299919099
  3.20000000   3.50000000    83.6670830924
  3.30000000   3.50000000    83.2648343406
  3.40000000   3.50000000    83.0470491792
  3.50000000   3.50000000    83.0470491792

