  0.00000000   0.00000000    85.3034956361
  0.10000000   0.00000000    85.3034956361
  0.20000000   0.00000000    85.5170926756
  0.30000000   0.00000000    85.9116058026
  0.40000000   0.00000000    86.4636889933
  0.50000000   0.00000000    87.1599296213
  0.60000000   0.00000000    87.9820477233
  0.70000000   0.00000000    88.9072821245
  0.80000000   0.00000000    89.9087624090
  0.90000000   0.00000000    90.9559938817
  1.00000000   0.00000000    92.0155268798
  1.10000000   0.00000000    93.0518583701
  1.20000000   0.00000000    94.0285919628
  1.30000000   0.00000000    94.9098523013
  1.40000000   0.00000000    95.6619089098
  1.50000000   0.00000000    96.2549162058
  1.60000000   0.00000000    96.6646291152
  1.70000000   0.00000000    96.8739204482
  1.80000000   0.00000000    96.8739204482
  1.90000000   0.00000000    96.6646291152
  2.00000000   0.00000000    96.2549162058
  2.10000000   0.00000000    95.6619089098
  2.20000000   0.00000000    94.9098523013
  2.30000000   0.00000000    94.0285919628
  2.40000000   0.00000000    93.0518583701
  2.50000000   0.00000000    92.0155268798
  2.60000000   0.00000000    90.9559938817
  2.70000000   0.00000000    89.9087624090
  2.80000000   0.00000000    88.9072821245
  2.90000000   0.00000000    87.9820477233
  3.00000000   0.00000000    87.1599296213
  3.10000000   0.00000000    86.4636889933
  3.20000000   0.00000000    85.9116058026
  3.30000000   0.00000000    85.5170926756
  3.40000000   0.00000000    85.3034956361
  3.50000000   0.00000000    85.3034956361

  0.00000000   0.10000000    85.3034956361
  0.10000000   0.10000000    85.3034956361
  0.20000000   0.10000000    85.5170926756
  0.30000000   0.10000000    85.9116058026
  0.40000000   0.10000000    86.4636889933
  0.50000000   0.10000000    87.1599296213
  0.60000000   0.10000000    87.9820477233
  0.70000000   0.10000000    88.9072821245
  0.80000000   0.10000000    89.9087624090
  0.90000000   0.10000000    90.9559938817
  1.00000000   0.10000000    92.0155268798
  1.10000000   0.10000000    93.0518583701
  1.20000000   0.10000000    94.0285919628
  1.30000000   0.10000000    94.9098523013
  1.40000000   0.10000000    95.6619089098
  1.50000000   0.10000000    96.2549162058
  1.60000000   0.10000000    96.6646291152
  1.70000000   0.10000000    96.8739204482
  1.80000000   0.10000000    96.8739204482
  1.90000000   0.10000000    96.6646291152
  2.00000000   0.10000000    96.2549162058
  2.10000000   0.10000000    95.6619089098
  2.20000000   0.10000000    94.9098523013
  2.30000000   0.10000000    94.0285919628
  2.40000000   0.10000000    93.0518583701
  2.50000000   0.10000000    92.0155268798
  2.60000000   0.10000000    90.9559938817
  2.70000000   0.10000000    89.9087624090
  2.80000000   0.10000000    88.9072821245
  2.90000000   0.10000000    87.9820477233
  3.00000000   0.10000000    87.1599296213
  3.10000000   0.10000000    86.4636889933
  3.20000000   0.10000000    85.9116058026
  3.30000000   0.10000000    85.5170926756
  3.40000000   0.10000000    85.3034956361
  3.50000000   0.10000000    85.3034956361

  0.00000000   0.20000000    85.5325860376
  0.10000000   0.20000000    85.5325860376
  0.20000000   0.20000000    85.7455161063
  0.30000000   0.20000000    86.1464962574
  0.40000000   0.20000000    86.7100950908
  0.50000000   0.20000000    87.4222227691
  0.60000000   0.20000000    88.2642760424
  0.70000000   0.20000000    89.2131999247
  0.80000000   0.20000000    90.2417313198
  0.90000000   0.20000000    91.3188109949
  1.00000000   0.20000000    92.4102026832
  1.10000000   0.20000000    93.4793654593
  1.20000000   0.20000000    94.4886138151
  1.30000000   0.20000000    95.4005720945
  1.40000000   0.20000000    96.1798860312
  1.50000000   0.20000000    96.7950973135
  1.60000000   0.20000000    97.2205271000
  1.70000000   0.20000000    97.4379677325
  1.80000000   0.20000000    97.4379677325
  1.90000000   0.20000000    97.2205271000
  2.00000000   0.20000000    96.7950973135
  2.10000000   0.20000000    96.1798860312
  2.20000000   0.20000000    95.4005720945
  2.30000000   0.20000000    94.4886138151
  2.40000000   0.20000000    93.4793654593
  2.50000000   0.20000000    92.4102026832
  2.60000000   0.20000000    91.3188109949
  2.70000000   0.20000000    90.2417313198
  2.80000000   0.20000000    89.2131999247
  2.90000000   0.20000000    88.2642760424
  3.00000000   0.20000000    87.4222227691
  3.10000000   0.20000000    86.7100950908
  3.20000000   0.20000000    86.1464962574
  3.30000000   0.20000000    85.7455161063
  3.40000000   0.20000000    85.5325860376
  3.50000000   0.20000000    85.5325860376

  0.00000000   0.30000000    85.9270477959
  0.10000000   0.30000000    85.9270477959
  0.20000000   0.30000000    86.1464990945
  0.30000000   0.30000000    86.5626780927
  0.40000000   0.30000000    87.1501845063
  0.50000000   0.30000000    87.8946572076
  0.60000000   0.30000000    88.7771639031
  0.70000000   0.30000000    89.7741815745
  0.80000000   0.30000000    90.8577245834
  0.90000000   0.30000000    91.9956436232
  1.00000000   0.30000000    93.1521466036
  1.10000000   0.30000000    94.2886047479
  1.20000000   0.30000000    95.3647025690
  1.30000000   0.30000000    96.3399652172
  1.40000000   0.30000000    97.1756466204
  1.50000000   0.30000000    97.8368870204
  1.60000000   0.30000000    98.2949594726
  1.70000000   0.30000000    98.5293457109
  1.80000000   0.30000000    98.5293457109
  1.90000000   0.30000000    98.2949594726
  2.00000000   0.30000000    97.8368870204
  2.10000000   0.30000000    97.1756466204
  2.20000000   0.30000000    96.3399652172
  2.30000000   0.30000000    95.3647025690
  2.40000000   0.30000000    94.2886047479
  2.50000000   0.30000000    93.1521466036
  2.60000000   0.30000000    91.9956436232
  2.70000000   0.30000000    90.8577245834
  2.80000000   0.30000000    89.7741815745
  2.90000000   0.30000000    88.7771639031
  3.00000000   0.30000000    87.8946572076
  3.10000000   0.30000000    87.1501845063
  3.20000000   0.30000000    86.5626780927
  3.30000000   0.30000000    86.1464990945
  3.40000000   0.30000000    85.9270477959
  3.50000000   0.30000000    85.9270477959

  0.00000000   0.40000000    86.4790597592
  0.10000000   0.40000000    86.4790597592
  0.20000000   0.40000000    86.7101019492
  0.30000000   0.40000000    87.1501886015
  0.40000000   0.40000000    87.7741935074
  0.50000000   0.40000000    88.5677003256
  0.60000000   0.40000000    89.5115242683
  0.70000000   0.40000000    90.5816170159
  0.80000000   0.40000000    91.7490557388
  0.90000000   0.40000000    92.9801770447
  1.00000000   0.40000000    94.2369347940
  1.10000000   0.40000000    95.4775788233
  1.20000000   0.40000000    96.6577578536
  1.30000000   0.40000000    97.7321317196
  1.40000000   0.40000000    98.6565218015
  1.50000000   0.40000000    99.3905254627
  1.60000000   0.40000000    99.9003783551
  1.70000000   0.40000000   100.1617038606
  1.80000000   0.40000000   100.1617038606
  1.90000000   0.40000000    99.9003783551
  2.00000000   0.40000000    99.3905254627
  2.10000000   0.40000000    98.6565218015
  2.20000000   0.40000000    97.7321317196
  2.30000000   0.40000000    96.6577578536
  2.40000000   0.40000000    95.4775788233
  2.50000000   0.40000000    94.2369347940
  2.60000000   0.40000000    92.9801770447
  2.70000000   0.40000000    91.7490557388
  2.80000000   0.40000000    90.5816170159
  2.90000000   0.40000000    89.5115242683
  3.00000000   0.40000000    88.5677003256
  3.10000000   0.40000000    87.7741935074
  3.20000000   0.40000000    87.1501886015
  3.30000000   0.40000000    86.7101019492
  3.40000000   0.40000000    86.4790597592
  3.50000000   0.40000000    86.4790597592

  0.00000000   0.50000000    87.1752109246
  0.10000000   0.50000000    87.1752109246
  0.20000000   0.50000000    87.4222349582
  0.30000000   0.50000000    87.8946667218
  0.40000000   0.50000000    88.5677058008
  0.50000000   0.50000000    89.4270399208
  0.60000000   0.50000000    90.4533846651
  0.70000000   0.50000000    91.6222498312
  0.80000000   0.50000000    92.9037286026
  0.90000000   0.50000000    94.2623871513
  1.00000000   0.50000000    95.6573612713
  1.10000000   0.50000000    97.0428024017
  1.20000000   0.50000000    98.3688449979
  1.30000000   0.50000000    99.5832698802
  1.40000000   0.50000000   100.6339846551
  1.50000000   0.50000000   101.4723032930
  1.60000000   0.50000000   102.0567763492
  1.70000000   0.50000000   102.3570515202
  1.80000000   0.50000000   102.3570515202
  1.90000000   0.50000000   102.0567763492
  2.00000000   0.50000000   101.4723032930
  2.10000000   0.50000000   100.6339846551
  2.20000000   0.50000000    99.5832698802
  2.30000000   0.50000000    98.3688449979
  2.40000000   0.50000000    97.0428024017
  2.50000000   0.50000000    95.6573612713
  2.60000000   0.50000000    94.2623871513
  2.70000000   0.50000000    92.9037286026
  2.80000000   0.50000000    91.6222498312
  2.90000000   0.50000000    90.4533846651
  3.00000000   0.50000000    89.4270399208
  3.10000000   0.50000000    88.5677058008
  3.20000000   0.50000000    87.8946667218
  3.30000000   0.50000000    87.4222349582
  3.40000000   0.50000000    87.1752109246
  3.50000000   0.50000000    87.1752109246

  0.00000000   0.60000000    87.9972237025
  0.10000000   0.60000000    87.9972237025
  0.20000000   0.60000000    88.2642948673
  0.30000000   0.60000000    88.7771801814
  0.40000000   0.60000000    89.5115366439
  0.50000000   0.60000000    90.4533916652
  0.60000000   0.60000000    91.5836529297
  0.70000000   0.60000000    92.8776729704
  0.80000000   0.60000000    94.3047615216
  0.90000000   0.60000000    95.8277245261
  1.00000000   0.60000000    97.4025569429
  1.10000000   0.60000000    98.9784827643
  1.20000000   0.60000000   100.4986092900
  1.30000000   0.60000000   101.9015154560
  1.40000000   0.60000000   103.1240726425
  1.50000000   0.60000000   104.1056279905
  1.60000000   0.60000000   104.7933112971
  1.70000000   0.60000000   105.1477081094
  1.80000000   0.60000000   105.1477081094
  1.90000000   0.60000000   104.7933112971
  2.00000000   0.60000000   104.1056279905
  2.10000000   0.60000000   103.1240726425
  2.20000000   0.60000000   101.9015154560
  2.30000000   0.60000000   100.4986092900
  2.40000000   0.60000000    98.9784827643
  2.50000000   0.60000000    97.4025569429
  2.60000000   0.60000000    95.8277245261
  2.70000000   0.60000000    94.3047615216
  2.80000000   0.60000000    92.8776729704
  2.90000000   0.60000000    91.5836529297
  3.00000000   0.60000000    90.4533916652
  3.10000000   0.60000000    89.5115366439
  3.20000000   0.60000000    88.7771801814
  3.30000000   0.60000000    88.2642948673
  3.40000000   0.60000000    87.9972237025
  3.50000000   0.60000000    87.9972237025

  0.00000000   0.70000000    88.9223399035
  0.10000000   0.70000000    88.9223399035
  0.20000000   0.70000000    89.2132266319
  0.30000000   0.70000000    89.7742059400
  0.40000000   0.70000000    90.5816377390
  0.50000000   0.70000000    91.6222654416
  0.60000000   0.70000000    92.8776817674
  0.70000000   0.70000000    94.3236439046
  0.80000000   0.70000000    95.9292316576
  0.90000000   0.70000000    97.6559101178
  1.00000000   0.70000000    99.4566261789
  1.10000000   0.70000000   101.2751753835
  1.20000000   0.70000000   103.0462213098
  1.30000000   0.70000000   104.6965056190
  1.40000000   0.70000000   106.1478706420
  1.50000000   0.70000000   107.3225726781
  1.60000000   0.70000000   108.1508069415
  1.70000000   0.70000000   108.5793670847
  1.80000000   0.70000000   108.5793670847
  1.90000000   0.70000000   108.1508069415
  2.00000000   0.70000000   107.3225726781
  2.10000000   0.70000000   106.1478706420
  2.20000000   0.70000000   104.6965056190
  2.30000000   0.70000000   103.0462213098
  2.40000000   0.70000000   101.2751753835
  2.50000000   0.70000000    99.4566261789
  2.60000000   0.70000000    97.6559101178
  2.70000000   0.70000000    95.9292316576
  2.80000000   0.70000000    94.3236439046
  2.90000000   0.70000000    92.8776817674
  3.00000000   0.70000000    91.6222654416
  3.10000000   0.70000000    90.5816377390
  3.20000000   0.70000000    89.7742059400
  3.30000000   0.70000000    89.2132266319
  3.40000000   0.70000000    88.9223399035
  3.50000000   0.70000000    88.9223399035

  0.00000000   0.80000000    89.9236926242
  0.10000000   0.80000000    89.9236926242
  0.20000000   0.80000000    90.2417670476
  0.30000000   0.80000000    90.8577582867
  0.40000000   0.80000000    91.7490862363
  0.50000000   0.80000000    92.9037544901
  0.60000000   0.80000000    94.3047810800
  0.70000000   0.80000000    95.9292427557
  0.80000000   0.80000000    97.7470199522
  0.90000000   0.80000000    99.7192566579
  1.00000000   0.80000000   101.7966269019
  1.10000000   0.80000000   103.9176481480
  1.20000000   0.80000000   106.0075276011
  1.30000000   0.80000000   107.9783683748
  1.40000000   0.80000000   109.7319064262
  1.50000000   0.80000000   111.1660167111
  1.60000000   0.80000000   112.1855105168
  1.70000000   0.80000000   112.7158277272
  1.80000000   0.80000000   112.7158277272
  1.90000000   0.80000000   112.1855105168
  2.00000000   0.80000000   111.1660167111
  2.10000000   0.80000000   109.7319064262
  2.20000000   0.80000000   107.9783683748
  2.30000000   0.80000000   106.0075276011
  2.40000000   0.80000000   103.9176481480
  2.50000000   0.80000000   101.7966269019
  2.60000000   0.80000000    99.7192566579
  2.70000000   0.80000000    97.7470199522
  2.80000000   0.80000000    95.9292427557
  2.90000000   0.80000000    94.3047810800
  3.00000000   0.80000000    92.9037544901
  3.10000000   0.80000000    91.7490862363
  3.20000000   0.80000000    90.8577582867
  3.30000000   0.80000000    90.2417670476
  3.40000000   0.80000000    89.9236926242
  3.50000000   0.80000000    89.9236926242

  0.00000000   0.90000000    90.9707911235
  0.10000000   0.90000000    90.9707911235
  0.20000000   0.90000000    91.3188567103
  0.30000000   0.90000000    91.9956877751
  0.40000000   0.90000000    92.9802186556
  0.50000000   0.90000000    94.2624249777
  0.60000000   0.90000000    95.8277569330
  0.70000000   0.90000000    97.6559349258
  0.80000000   0.90000000    99.7192709656
  0.90000000   0.90000000   101.9804386980
  1.00000000   0.90000000   104.3896748550
  1.10000000   0.90000000   106.8815583289
  1.20000000   0.90000000   109.3718599435
  1.30000000   0.90000000   111.7555731344
  1.40000000   0.90000000   113.9081182700
  1.50000000   0.90000000   115.6924996684
  1.60000000   0.90000000   116.9747387867
  1.70000000   0.90000000   117.6463547767
  1.80000000   0.90000000   117.6463547767
  1.90000000   0.90000000   116.9747387867
  2.00000000   0.90000000   115.6924996684
  2.10000000   0.90000000   113.9081182700
  2.20000000   0.90000000   111.7555731344
  2.30000000   0.90000000   109.3718599435
  2.40000000   0.90000000   106.8815583289
  2.50000000   0.90000000   104.3896748550
  2.60000000   0.90000000   101.9804386980
  2.70000000   0.90000000    99.7192709656
  2.80000000   0.90000000    97.6559349258
  2.90000000   0.90000000    95.8277569330
  3.00000000   0.90000000    94.2624249777
  3.10000000   0.90000000    92.9802186556
  3.20000000   0.90000000    91.9956877751
  3.30000000   0.90000000    91.3188567103
  3.40000000   0.90000000    90.9707911235
  3.50000000   0.90000000    90.9707911235

  0.00000000   1.00000000    92.0301900314
  0.10000000   1.00000000    92.0301900314
  0.20000000   1.00000000    92.4102591041
  0.30000000   1.00000000    93.1522020872
  0.40000000   1.00000000    94.2369886709
  0.50000000   1.00000000    95.6574125868
  0.60000000   1.00000000    97.4026043025
  0.70000000   1.00000000    99.4566675388
  0.80000000   1.00000000   101.7966592890
  0.90000000   1.00000000   104.3896940146
  1.00000000   1.00000000   107.1889423752
  1.10000000   1.00000000   110.1283927404
  1.20000000   1.00000000   113.1166038205
  1.30000000   1.00000000   116.0305730623
  1.40000000   1.00000000   118.7126252741
  1.50000000   1.00000000   120.9758744348
  1.60000000   1.00000000   122.6254740382
  1.70000000   1.00000000   123.4973574737
  1.80000000   1.00000000   123.4973574737
  1.90000000   1.00000000   122.6254740382
  2.00000000   1.00000000   120.9758744348
  2.10000000   1.00000000   118.7126252741
  2.20000000   1.00000000   116.0305730623
  2.30000000   1.00000000   113.1166038205
  2.40000000   1.00000000   110.1283927404
  2.50000000   1.00000000   107.1889423752
  2.60000000   1.00000000   104.3896940146
  2.70000000   1.00000000   101.7966592890
  2.80000000   1.00000000    99.4566675388
  2.90000000   1.00000000    97.4026043025
  3.00000000   1.00000000    95.6574125868
  3.10000000   1.00000000    94.2369886709
  3.20000000   1.00000000    93.1522020872
  3.30000000   1.00000000    92.4102591041
  3.40000000   1.00000000    92.0301900314
  3.50000000   1.00000000    92.0301900314

  0.00000000   1.10000000    93.0663908159
  0.10000000   1.10000000    93.0663908159
  0.20000000   1.10000000    93.4794329653
  0.30000000   1.10000000    94.2886721122
  0.40000000   1.10000000    95.4776458006
  0.50000000   1.10000000    97.0428684827
  0.60000000   1.10000000    98.9785470082
  0.70000000   1.10000000   101.2752361666
  0.80000000   1.10000000   103.9177027870
  0.90000000   1.10000000   106.8816025301
  1.00000000   1.10000000   110.1284198358
  1.10000000   1.10000000   113.5979995413
  1.20000000   1.10000000   117.1980968924
  1.30000000   1.10000000   120.7911979991
  1.40000000   1.10000000   124.1815489115
  1.50000000   1.10000000   127.1116881187
  1.60000000   1.10000000   129.2877441473
  1.70000000   1.10000000   130.4514361618
  1.80000000   1.10000000   130.4514361618
  1.90000000   1.10000000   129.2877441473
  2.00000000   1.10000000   127.1116881187
  2.10000000   1.10000000   124.1815489115
  2.20000000   1.10000000   120.7911979991
  2.30000000   1.10000000   117.1980968924
  2.40000000   1.10000000   113.5979995413
  2.50000000   1.10000000   110.1284198358
  2.60000000   1.10000000   106.8816025301
  2.70000000   1.10000000   103.9177027870
  2.80000000   1.10000000   101.2752361666
  2.90000000   1.10000000    98.9785470082
  3.00000000   1.10000000    97.0428684827
  3.10000000   1.10000000    95.4776458006
  3.20000000   1.10000000    94.2886721122
  3.30000000   1.10000000    93.4794329653
  3.40000000   1.10000000    93.0663908159
  3.50000000   1.10000000    93.0663908159

  0.00000000   1.20000000    94.0430016417
  0.10000000   1.20000000    94.0430016417
  0.20000000   1.20000000    94.4886923550
  0.30000000   1.20000000    95.3647819104
  0.40000000   1.20000000    96.6578382887
  0.50000000   1.20000000    98.3689266301
  0.60000000   1.20000000   100.4986918857
  0.70000000   1.20000000   103.0463040465
  0.80000000   1.20000000   106.0076086435
  0.90000000   1.20000000   109.3719357355
  1.00000000   1.20000000   113.1166679260
  1.10000000   1.20000000   117.1981381718
  1.20000000   1.20000000   121.5367572930
  1.30000000   1.20000000   125.9938893009
  1.40000000   1.20000000   130.3397664661
  1.50000000   1.20000000   134.2218377806
  1.60000000   1.20000000   137.1760793562
  1.70000000   1.20000000   138.7794061699
  1.80000000   1.20000000   138.7794061699
  1.90000000   1.20000000   137.1760793562
  2.00000000   1.20000000   134.2218377806
  2.10000000   1.20000000   130.3397664661
  2.20000000   1.20000000   125.9938893009
  2.30000000   1.20000000   121.5367572930
  2.40000000   1.20000000   117.1981381718
  2.50000000   1.20000000   113.1166679260
  2.60000000   1.20000000   109.3719357355
  2.70000000   1.20000000   106.0076086435
  2.80000000   1.20000000   103.0463040465
  2.90000000   1.20000000   100.4986918857
  3.00000000   1.20000000    98.3689266301
  3.10000000   1.20000000    96.6578382887
  3.20000000   1.20000000    95.3647819104
  3.30000000   1.20000000    94.4886923550
  3.40000000   1.20000000    94.0430016417
  3.50000000   1.20000000    94.0430016417

  0.00000000   1.30000000    94.9241515793
  0.10000000   1.30000000    94.9241515793
  0.20000000   1.30000000    95.4006611049
  0.30000000   1.30000000    96.3400560660
  0.40000000   1.30000000    97.7322253231
  0.50000000   1.30000000    99.5833671024
  0.60000000   1.30000000   101.9016170215
  0.70000000   1.30000000   104.6966119322
  0.80000000   1.30000000   107.9784791614
  0.90000000   1.30000000   111.7556867458
  1.00000000   1.30000000   116.0306851372
  1.10000000   1.30000000   120.7912988925
  1.20000000   1.30000000   125.9939591920
  1.30000000   1.30000000   131.5314146169
  1.40000000   1.30000000   137.1722427610
  1.50000000   1.30000000   142.4585888928
  1.60000000   1.30000000   146.6052157549
  1.70000000   1.30000000   148.8957706765
  1.80000000   1.30000000   148.8957706765
  1.90000000   1.30000000   146.6052157549
  2.00000000   1.30000000   142.4585888928
  2.10000000   1.30000000   137.1722427610
  2.20000000   1.30000000   131.5314146169
  2.30000000   1.30000000   125.9939591920
  2.40000000   1.30000000   120.7912988925
  2.50000000   1.30000000   116.0306851372
  2.60000000   1.30000000   111.7556867458
  2.70000000   1.30000000   107.9784791614
  2.80000000   1.30000000   104.6966119322
  2.90000000   1.30000000   101.9016170215
  3.00000000   1.30000000    99.5833671024
  3.10000000   1.30000000    97.7322253231
  3.20000000   1.30000000    96.3400560660
  3.30000000   1.30000000    95.4006611049
  3.40000000   1.30000000    94.9241515793
  3.50000000   1.30000000    94.9241515793

  0.00000000   1.40000000    95.6761142580
  0.10000000   1.40000000    95.6761142580
  0.20000000   1.40000000    96.1799843833
  0.30000000   1.40000000    97.1757478538
  0.40000000   1.40000000    98.6566274904
  0.50000000   1.40000000   100.6340965068
  0.60000000   1.40000000   103.1241925178
  0.70000000   1.40000000   106.1480005287
  0.80000000   1.40000000   109.7320483064
  0.90000000   1.40000000   113.9082737459
  1.00000000   1.40000000   118.7127946431
  1.10000000   1.40000000   124.1817289445
  1.20000000   1.40000000   130.3399449272
  1.30000000   1.40000000   137.1723838006
  1.40000000   1.40000000   144.5489424778
  1.50000000   1.40000000   152.0089521402
  1.60000000   1.40000000   158.0518541781
  1.70000000   1.40000000   161.4572467735
  1.80000000   1.40000000   161.4572467735
  1.90000000   1.40000000   158.0518541781
  2.00000000   1.40000000   152.0089521402
  2.10000000   1.40000000   144.5489424778
  2.20000000   1.40000000   137.1723838006
  2.30000000   1.40000000   130.3399449272
  2.40000000   1.40000000   124.1817289445
  2.50000000   1.40000000   118.7127946431
  2.60000000   1.40000000   113.9082737459
  2.70000000   1.40000000   109.7320483064
  2.80000000   1.40000000   106.1480005287
  2.90000000   1.40000000   103.1241925178
  3.00000000   1.40000000   100.6340965068
  3.10000000   1.40000000    98.6566274904
  3.20000000   1.40000000    97.1757478538
  3.30000000   1.40000000    96.1799843833
  3.40000000   1.40000000    95.6761142580
  3.50000000   1.40000000    95.6761142580

  0.00000000   1.50000000    96.2690476804
  0.10000000   1.50000000    96.2690476804
  0.20000000   1.50000000    96.7952033072
  0.30000000   1.50000000    97.8369968323
  0.40000000   1.50000000    99.3906412792
  0.50000000   1.50000000   101.4724276389
  0.60000000   1.50000000   104.1057638820
  0.70000000   1.50000000   107.3227238125
  0.80000000   1.50000000   111.1661876947
  0.90000000   1.50000000   115.6926962741
  1.00000000   1.50000000   120.9761038383
  1.10000000   1.50000000   127.1119589955
  1.20000000   1.50000000   134.2221601182
  1.30000000   1.50000000   142.4589741185
  1.40000000   1.50000000   152.0094201981
  1.50000000   1.50000000   163.1215247178
  1.60000000   1.50000000   172.2628972663
  1.70000000   1.50000000   177.5408192368
  1.80000000   1.50000000   177.5408192368
  1.90000000   1.50000000   172.2628972663
  2.00000000   1.50000000   163.1215247178
  2.10000000   1.50000000   152.0094201981
  2.20000000   1.50000000   142.4589741185
  2.30000000   1.50000000   134.2221601182
  2.40000000   1.50000000   127.1119589955
  2.50000000   1.50000000   120.9761038383
  2.60000000   1.50000000   115.6926962741
  2.70000000   1.50000000   111.1661876947
  2.80000000   1.50000000   107.3227238125
  2.90000000   1.50000000   104.1057638820
  3.00000000   1.50000000   101.4724276389
  3.10000000   1.50000000    99.3906412792
  3.20000000   1.50000000    97.8369968323
  3.30000000   1.50000000    96.7952033072
  3.40000000   1.50000000    96.2690476804
  3.50000000   1.50000000    96.2690476804

  0.00000000   1.60000000    96.6787096512
  0.10000000   1.60000000    96.6787096512
  0.20000000   1.60000000    97.2206385203
  0.30000000   1.60000000    98.2950754222
  0.40000000   1.60000000    99.9005014979
  0.50000000   1.60000000   102.0569098645
  0.60000000   1.60000000   104.7934591577
  0.70000000   1.60000000   108.1509743136
  0.80000000   1.60000000   112.1857043595
  0.90000000   1.60000000   116.9749687888
  1.00000000   1.60000000   122.6257541357
  1.10000000   1.60000000   129.2880950820
  1.20000000   1.60000000   137.1765331842
  1.30000000   1.60000000   146.6058240831
  1.40000000   1.60000000   158.0527028492
  1.50000000   1.60000000   174.2898155362
  1.60000000   1.60000000   200.0000000000
  1.70000000   1.60000000   200.0000000000
  1.80000000   1.60000000   200.0000000000
  1.90000000   1.60000000   200.0000000000
  2.00000000   1.60000000   174.2898155362
  2.10000000   1.60000000   158.0527028492
  2.20000000   1.60000000   146.6058240831
  2.30000000   1.60000000   137.1765331842
  2.40000000   1.60000000   129.2880950820
  2.50000000   1.60000000   122.6257541357
  2.60000000   1.60000000   116.9749687888
  2.70000000   1.60000000   112.1857043595
  2.80000000   1.60000000   108.1509743136
  2.90000000   1.60000000   104.7934591577
  3.00000000   1.60000000   102.0569098645
  3.10000000   1.60000000    99.9005014979
  3.20000000   1.60000000    98.2950754222
  3.30000000   1.60000000    97.2206385203
  3.40000000   1.60000000    96.6787096512
  3.50000000   1.60000000    96.6787096512

  0.00000000   1.70000000    96.8879749959
  0.10000000   1.70000000    96.8879749959
  0.20000000   1.70000000    97.4380819723
  0.30000000   1.70000000    98.5294648646
  0.40000000   1.70000000   100.1618308544
  0.50000000   1.70000000   102.3571898988
  0.60000000   1.70000000   105.1478623899
  0.70000000   1.70000000   108.5795432855
  0.80000000   1.70000000   112.7160342024
  0.90000000   1.70000000   117.6466035844
  1.00000000   1.70000000   123.4976667093
  1.10000000   1.70000000   130.4518340631
  1.20000000   1.70000000   138.7799385291
  1.30000000   1.70000000   148.8965144392
  1.40000000   1.70000000   161.4583351491
  1.50000000   1.70000000   178.2877320618
  1.60000000   1.70000000   200.0000000000
  1.70000000   1.70000000   200.0000000000
  1.80000000   1.70000000   200.0000000000
  1.90000000   1.70000000   200.0000000000
  2.00000000   1.70000000   178.2877320618
  2.10000000   1.70000000   161.4583351491
  2.20000000   1.70000000   148.8965144392
  2.30000000   1.70000000   138.7799385291
  2.40000000   1.70000000   130.4518340631
  2.50000000   1.70000000   123.4976667093
  2.60000000   1.70000000   117.6466035844
  2.70000000   1.70000000   112.7160342024
  2.80000000   1.70000000   108.5795432855
  2.90000000   1.70000000   105.1478623899
  3.00000000   1.70000000   102.3571898988
  3.10000000   1.70000000   100.1618308544
  3.20000000   1.70000000    98.5294648646
  3.30000000   1.70000000    97.4380819723
  3.40000000   1.70000000    96.8879749959
  3.50000000   1.70000000    96.8879749959

  0.00000000   1.80000000    96.8879749959
  0.10000000   1.80000000    96.8879749959
  0.20000000   1.80000000    97.4380819723
  0.30000000   1.80000000    98.5294648646
  0.40000000   1.80000000   100.1618308544
  0.50000000   1.80000000   102.3571898988
  0.60000000   1.80000000   105.1478623899
  0.70000000   1.80000000   108.5795432855
  0.80000000   1.80000000   112.7160342024
  0.90000000   1.80000000   117.6466035844
  1.00000000   1.80000000   123.4976667093
  1.10000000   1.80000000   130.4518340631
  1.20000000   1.80000000   138.7799385291
  1.30000000   1.80000000   148.8965144392
  1.40000000   1.80000000   161.4583351491
  1.50000000   1.80000000   178.2877320618
  1.60000000   1.80000000   200.0000000000
  1.70000000   1.80000000   200.0000000000
  1.80000000   1.80000000   200.0000000000
  1.90000000   1.80000000   200.0000000000
  2.00000000   1.80000000   178.2877320618
  2.10000000   1.80000000   161.4583351491
  2.20000000   1.80000000   148.8965144392
  2.30000000   1.80000000   138.7799385291
  2.40000000   1.80000000   130.4518340631
  2.50000000   1.80000000   123.4976667093
  2.60000000   1.80000000   117.6466035844
  2.70000000   1.80000000   112.7160342024
  2.80000000   1.80000000   108.5795432855
  2.90000000   1.80000000   105.1478623899
  3.00000000   1.80000000   102.3571898988
  3.10000000   1.80000000   100.1618308544
  3.20000000   1.80000000    98.5294648646
  3.30000000   1.80000000    97.4380819723
  3.40000000   1.80000000    96.8879749959
  3.50000000   1.80000000    96.8879749959

  0.00000000   1.90000000    96.6787096512
  0.10000000   1.90000000    96.6787096512
  0.20000000   1.90000000    97.2206385203
  0.30000000   1.90000000    98.2950754222
  0.40000000   1.90000000    99.9005014979
  0.50000000   1.90000000   102.0569098645
  0.60000000   1.90000000   104.7934591577
  0.70000000   1.90000000   108.1509743136
  0.80000000   1.90000000   112.1857043595
  0.90000000   1.90000000   116.9749687888
  1.00000000   1.90000000   122.6257541357
  1.10000000   1.90000000   129.2880950820
  1.20000000   1.90000000   137.1765331842
  1.30000000   1.90000000   146.6058240831
  1.40000000   1.90000000   158.0527028492
  1.50000000   1.90000000   174.2898155362
  1.60000000   1.90000000   200.0000000000
  1.70000000   1.90000000   200.0000000000
  1.80000000   1.90000000   200.0000000000
  1.90000000   1.90000000   200.0000000000
  2.00000000   1.90000000   174.2898155362
  2.10000000   1.90000000   158.0527028492
  2.20000000   1.90000000   146.6058240831
  2.30000000   1.90000000   137.1765331842
  2.40000000   1.90000000   129.2880950820
  2.50000000   1.90000000   122.6257541357
  2.60000000   1.90000000   116.9749687888
  2.70000000   1.90000000   112.1857043595
  2.80000000   1.90000000   108.1509743136
  2.90000000   1.90000000   104.7934591577
  3.00000000   1.90000000   102.0569098645
  3.10000000   1.90000000    99.9005014979
  3.20000000   1.90000000    98.2950754222
  3.30000000   1.90000000    97.2206385203
  3.40000000   1.90000000    96.6787096512
  3.50000000   1.90000000    96.6787096512

  0.00000000   2.00000000    96.2690476804
  0.10000000   2.00000000    96.2690476804
  0.20000000   2.00000000    96.7952033072
  0.30000000   2.00000000    97.8369968323
  0.40000000   2.00000000    99.3906412792
  0.50000000   2.00000000   101.4724276389
  0.60000000   2.00000000   104.1057638820
  0.70000000   2.00000000   107.3227238125
  0.80000000   2.00000000   111.1661876947
  0.90000000   2.00000000   115.6926962741
  1.00000000   2.00000000   120.9761038383
  1.10000000   2.00000000   127.1119589955
  1.20000000   2.00000000   134.2221601182
  1.30000000   2.00000000   142.4589741185
  1.40000000   2.00000000   152.0094201981
  1.50000000   2.00000000   163.1215247178
  1.60000000   2.00000000   172.2628972663
  1.70000000   2.00000000   177.5408192368
  1.80000000   2.00000000   177.5408192368
  1.90000000   2.00000000   172.2628972663
  2.00000000   2.00000000   163.1215247178
  2.10000000   2.00000000   152.0094201981
  2.20000000   2.00000000   142.4589741185
  2.30000000   2.00000000   134.2221601182
  2.40000000   2.00000000   127.1119589955
  2.50000000   2.00000000   120.9761038383
  2.60000000   2.00000000   115.6926962741
  2.70000000   2.00000000   111.1661876947
  2.80000000   2.00000000   107.3227238125
  2.90000000   2.00000000   104.1057638820
  3.00000000   2.00000000   101.4724276389
  3.10000000   2.00000000    99.3906412792
  3.20000000   2.00000000    97.8369968323
  3.30000000   2.00000000    96.7952033072
  3.40000000   2.00000000    96.2690476804
  3.50000000   2.00000000    96.2690476804

  0.00000000   2.10000000    95.6761142580
  0.10000000   2.10000000    95.6761142580
  0.20000000   2.10000000    96.1799843833
  0.30000000   2.10000000    97.1757478538
  0.40000000   2.10000000    98.6566274904
  0.50000000   2.10000000   100.6340965068
  0.60000000   2.10000000   103.1241925178
  0.70000000   2.10000000   106.1480005287
  0.80000000   2.10000000   109.7320483064
  0.90000000   2.10000000   113.9082737459
  1.00000000   2.10000000   118.7127946431
  1.10000000   2.10000000   124.1817289445
  1.20000000   2.10000000   130.3399449272
  1.30000000   2.10000000   137.1723838006
  1.40000000   2.10000000   144.5489424778
  1.50000000   2.10000000   152.0089521402
  1.60000000   2.10000000   158.0518541781
  1.70000000   2.10000000   161.4572467735
  1.80000000   2.10000000   161.4572467735
  1.90000000   2.10000000   158.0518541781
  2.00000000   2.10000000   152.0089521402
  2.10000000   2.10000000   144.5489424778
  2.20000000   2.10000000   137.1723838006
  2.30000000   2.10000000   130.3399449272
  2.40000000   2.10000000   124.1817289445
  2.50000000   2.10000000   118.7127946431
  2.60000000   2.10000000   113.9082737459
  2.70000000   2.10000000   109.7320483064
  2.80000000   2.10000000   106.1480005287
  2.90000000   2.10000000   103.1241925178
  3.00000000   2.10000000   100.6340965068
  3.10000000   2.10000000    98.6566274904
  3.20000000   2.10000000    97.1757478538
  3.30000000   2.10000000    96.1799843833
  3.40000000   2.10000000    95.6761142580
  3.50000000   2.10000000    95.6761142580

  0.00000000   2.20000000    94.9241515793
  0.10000000   2.20000000    94.9241515793
  0.20000000   2.20000000    95.4006611049
  0.30000000   2.20000000    96.3400560660
  0.40000000   2.20000000    97.7322253231
  0.50000000   2.20000000    99.5833671024
  0.60000000   2.20000000   101.9016170215
  0.70000000   2.20000000   104.6966119322
  0.80000000   2.20000000   107.9784791614
  0.90000000   2.20000000   111.7556867458
  1.00000000   2.20000000   116.0306851372
  1.10000000   2.20000000   120.7912988925
  1.20000000   2.20000000   125.9939591920
  1.30000000   2.20000000   131.5314146169
  1.40000000   2.20000000   137.1722427610
  1.50000000   2.20000000   142.4585888928
  1.60000000   2.20000000   146.6052157549
  1.70000000   2.20000000   148.8957706765
  1.80000000   2.20000000   148.8957706765
  1.90000000   2.20000000   146.6052157549
  2.00000000   2.20000000   142.4585888928
  2.10000000   2.20000000   137.1722427610
  2.20000000   2.20000000   131.5314146169
  2.30000000   2.20000000   125.9939591920
  2.40000000   2.20000000   120.7912988925
  2.50000000   2.20000000   116.0306851372
  2.60000000   2.20000000   111.7556867458
  2.70000000   2.20000000   107.9784791614
  2.80000000   2.20000000   104.6966119322
  2.90000000   2.20000000   101.9016170215
  3.00000000   2.20000000    99.5833671024
  3.10000000   2.20000000    97.7322253231
  3.20000000   2.20000000    96.3400560660
  3.30000000   2.20000000    95.4006611049
  3.40000000   2.20000000    94.9241515793
  3.50000000   2.20000000    94.9241515793

  0.00000000   2.30000000    94.0430016417
  0.10000000   2.30000000    94.0430016417
  0.20000000   2.30000000    94.4886923550
  0.30000000   2.30000000    95.3647819104
  0.40000000   2.30000000    96.6578382887
  0.50000000   2.30000000    98.3689266301
  0.60000000   2.30000000   100.4986918857
  0.70000000   2.30000000   103.0463040465
  0.80000000   2.30000000   106.0076086435
  0.90000000   2.30000000   109.3719357355
  1.00000000   2.30000000   113.1166679260
  1.10000000   2.30000000   117.1981381718
  1.20000000   2.30000000   121.5367572930
  1.30000000   2.30000000   125.9938893009
  1.40000000   2.30000000   130.3397664661
  1.50000000   2.30000000   134.2218377806
  1.60000000   2.30000000   137.1760793562
  1.70000000   2.30000000   138.7794061699
  1.80000000   2.30000000   138.7794061699
  1.90000000   2.30000000   137.1760793562
  2.00000000   2.30000000   134.2218377806
  2.10000000   2.30000000   130.3397664661
  2.20000000   2.30000000   125.9938893009
  2.30000000   2.30000000   121.5367572930
  2.40000000   2.30000000   117.1981381718
  2.50000000   2.30000000   113.1166679260
  2.60000000   2.30000000   109.3719357355
  2.70000000   2.30000000   106.0076086435
  2.80000000   2.30000000   103.0463040465
  2.90000000   2.30000000   100.4986918857
  3.00000000   2.30000000    98.3689266301
  3.10000000   2.30000000    96.6578382887
  3.20000000   2.30000000    95.3647819104
  3.30000000   2.30000000    94.4886923550
  3.40000000   2.30000000    94.0430016417
  3.50000000   2.30000000    94.0430016417

  0.00000000   2.40000000    93.0663908159
  0.10000000   2.40000000    93.0663908159
  0.20000000   2.40000000    93.4794329653
  0.30000000   2.40000000    94.2886721122
  0.40000000   2.40000000    95.4776458006
  0.50000000   2.40000000    97.0428684827
  0.60000000   2.40000000    98.9785470082
  0.70000000   2.40000000   101.2752361666
  0.80000000   2.40000000   103.9177027870
  0.90000000   2.40000000   106.8816025301
  1.00000000   2.40000000   110.1284198358
  1.10000000   2.40000000   113.5979995413
  1.20000000   2.40000000   117.1980968924
  1.30000000   2.40000000   120.7911979991
  1.40000000   2.40000000   124.1815489115
  1.50000000   2.40000000   127.1116881187
  1.60000000   2.40000000   129.2877441473
  1.70000000   2.40000000   130.4514361618
  1.80000000   2.40000000   130.4514361618
  1.90000000   2.40000000   129.2877441473
  2.00000000   2.40000000   127.1116881187
  2.10000000   2.40000000   124.1815489115
  2.20000000   2.40000000   120.7911979991
  2.30000000   2.40000000   117.1980968924
  2.40000000   2.40000000   113.5979995413
  2.50000000   2.40000000   110.1284198358
  2.60000000   2.40000000   106.8816025301
  2.70000000   2.40000000   103.9177027870
  2.80000000   2.40000000   101.2752361666
  2.90000000   2.40000000    98.9785470082
  3.00000000   2.40000000    97.0428684827
  3.10000000   2.40000000    95.4776458006
  3.20000000   2.40000000    94.2886721122
  3.30000000   2.40000000    93.4794329653
  3.40000000   2.40000000    93.0663908159
  3.50000000   2.40000000    93.0663908159

  0.00000000   2.50000000    92.0301900314
  0.10000000   2.50000000    92.0301900314
  0.20000000   2.50000000    92.4102591041
  0.30000000   2.50000000    93.1522020872
  0.40000000   2.50000000    94.2369886709
  0.50000000   2.50000000    95.6574125868
  0.60000000   2.50000000    97.4026043025
  0.70000000   2.50000000    99.4566675388
  0.80000000   2.50000000   101.7966592890
  0.90000000   2.50000000   104.3896940146
  1.00000000   2.50000000   107.1889423752
  1.10000000   2.50000000   110.1283927404
  1.20000000   2.50000000   113.1166038205
  1.30000000   2.50000000   116.0305730623
  1.40000000   2.50000000   118.7126252741
  1.50000000   2.50000000   120.9758744348
  1.60000000   2.50000000   122.6254740382
  1.70000000   2.50000000   123.4973574737
  1.80000000   2.50000000   123.4973574737
  1.90000000   2.50000000   122.6254740382
  2.00000000   2.50000000   120.9758744348
  2.10000000   2.50000000   118.7126252741
  2.20000000   2.50000000   116.0305730623
  2.30000000   2.50000000   113.1166038205
  2.40000000   2.50000000   110.1283927404
  2.50000000   2.50000000   107.1889423752
  2.60000000   2.50000000   104.3896940146
  2.70000000   2.50000000   101.7966592890
  2.80000000   2.50000000    99.4566675388
  2.90000000   2.50000000    97.4026043025
  3.00000000   2.50000000    95.6574125868
  3.10000000   2.50000000    94.2369886709
  3.20000000   2.50000000    93.1522020872
  3.30000000   2.50000000    92.4102591041
  3.40000000   2.50000000    92.0301900314
  3.50000000   2.50000000    92.0301900314

  0.00000000   2.60000000    90.9707911235
  0.10000000   2.60000000    90.9707911235
  0.20000000   2.60000000    91.3188567103
  0.30000000   2.60000000    91.9956877751
  0.40000000   2.60000000    92.9802186556
  0.50000000   2.60000000    94.2624249777
  0.60000000   2.60000000    95.8277569330
  0.70000000   2.60000000    97.6559349258
  0.80000000   2.60000000    99.7192709656
  0.90000000   2.60000000   101.9804386980
  1.00000000   2.60000000   104.3896748550
  1.10000000   2.60000000   106.8815583289
  1.20000000   2.60000000   109.3718599435
  1.30000000   2.60000000   111.7555731344
  1.40000000   2.60000000   113.9081182700
  1.50000000   2.60000000   115.6924996684
  1.60000000   2.60000000   116.9747387867
  1.70000000   2.60000000   117.6463547767
  1.80000000   2.60000000   117.6463547767
  1.90000000   2.60000000   116.9747387867
  2.00000000   2.60000000   115.6924996684
  2.10000000   2.60000000   113.9081182700
  2.20000000   2.60000000   111.7555731344
  2.30000000   2.60000000   109.3718599435
  2.40000000   2.60000000   106.8815583289
  2.50000000   2.60000000   104.3896748550
  2.60000000   2.60000000   101.9804386980
  2.70000000   2.60000000    99.7192709656
  2.80000000   2.60000000    97.6559349258
  2.90000000   2.60000000    95.8277569330
  3.00000000   2.60000000    94.2624249777
  3.10000000   2.60000000    92.9802186556
  3.20000000   2.60000000    91.9956877751
  3.30000000   2.60000000    91.3188567103
  3.40000000   2.60000000    90.9707911235
  3.50000000   2.60000000    90.9707911235

  0.00000000   2.70000000    89.9236926242
  0.10000000   2.70000000    89.9236926242
  0.20000000   2.70000000    90.2417670476
  0.30000000   2.70000000    90.8577582867
  0.40000000   2.70000000    91.7490862363
  0.50000000   2.70000000    92.9037544901
  0.60000000   2.70000000    94.3047810800
  0.70000000   2.70000000    95.9292427557
  0.80000000   2.70000000    97.7470199522
  0.90000000   2.70000000    99.7192566579
  1.00000000   2.70000000   101.7966269019
  1.10000000   2.70000000   103.9176481480
  1.20000000   2.70000000   106.0075276011
  1.30000000   2.70000000   107.9783683748
  1.40000000   2.70000000   109.7319064262
  1.50000000   2.70000000   111.1660167111
  1.60000000   2.70000000   112.1855105168
  1.70000000   2.70000000   112.7158277272
  1.80000000   2.70000000   112.7158277272
  1.90000000   2.70000000   112.1855105168
  2.00000000   2.70000000   111.1660167111
  2.10000000   2.70000000   109.7319064262
  2.20000000   2.70000000   107.9783683748
  2.30000000   2.70000000   106.0075276011
  2.40000000   2.70000000   103.9176481480
  2.50000000   2.70000000   101.7966269019
  2.60000000   2.70000000    99.7192566579
  2.70000000   2.70000000    97.7470199522
  2.80000000   2.70000000    95.9292427557
  2.90000000   2.70000000    94.3047810800
  3.00000000   2.70000000    92.9037544901
  3.10000000   2.70000000    91.7490862363
  3.20000000   2.70000000    90.8577582867
  3.30000000   2.70000000    90.2417670476
  3.40000000   2.70000000    89.9236926242
  3.50000000   2.70000000    89.9236926242

  0.00000000   2.80000000    88.9223399035
  0.10000000   2.80000000    88.9223399035
  0.20000000   2.80000000    89.2132266319
  0.30000000   2.80000000    89.7742059400
  0.40000000   2.80000000    90.5816377390
  0.50000000   2.80000000    91.6222654416
  0.60000000   2.80000000    92.8776817674
  0.70000000   2.80000000    94.3236439046
  0.80000000   2.80000000    95.9292316576
  0.90000000   2.80000000    97.6559101178
  1.00000000   2.80000000    99.4566261789
  1.10000000   2.80000000   101.2751753835
  1.20000000   2.80000000   103.0462213098
  1.30000000   2.80000000   104.6965056190
  1.40000000   2.80000000   106.1478706420
  1.50000000   2.80000000   107.3225726781
  1.60000000   2.80000000   108.1508069415
  1.70000000   2.80000000   108.5793670847
  1.80000000   2.80000000   108.5793670847
  1.90000000   2.80000000   108.1508069415
  2.00000000   2.80000000   107.3225726781
  2.10000000   2.80000000   106.1478706420
  2.20000000   2.80000000   104.6965056190
  2.30000000   2.80000000   103.0462213098
  2.40000000   2.80000000   101.2751753835
  2.50000000   2.80000000    99.4566261789
  2.60000000   2.80000000    97.6559101178
  2.70000000   2.80000000    95.9292316576
  2.80000000   2.80000000    94.3236439046
  2.90000000   2.80000000    92.8776817674
  3.00000000   2.80000000    91.6222654416
  3.10000000   2.80000000    90.5816377390
  3.20000000   2.80000000    89.7742059400
  3.30000000   2.80000000    89.2132266319
  3.40000000   2.80000000    88.9223399035
  3.50000000   2.80000000    88.9223399035

  0.00000000   2.90000000    87.9972237025
  0.10000000   2.90000000    87.9972237025
  0.20000000   2.90000000    88.2642948673
  0.30000000   2.90000000    88.7771801814
  0.40000000   2.90000000    89.5115366439
  0.50000000   2.90000000    90.4533916652
  0.60000000   2.90000000    91.5836529297
  0.70000000   2.90000000    92.8776729704
  0.80000000   2.90000000    94.3047615216
  0.90000000   2.90000000    95.8277245261
  1.00000000   2.90000000    97.4025569429
  1.10000000   2.90000000    98.9784827643
  1.20000000   2.90000000   100.4986092900
  1.30000000   2.90000000   101.9015154560
  1.40000000   2.90000000   103.1240726425
  1.50000000   2.90000000   104.1056279905
  1.60000000   2.90000000   104.7933112971
  1.70000000   2.90000000   105.1477081094
  1.80000000   2.90000000   105.1477081094
  1.90000000   2.90000000   104.7933112971
  2.00000000   2.90000000   104.1056279905
  2.10000000   2.90000000   103.1240726425
  2.20000000   2.90000000   101.9015154560
  2.30000000   2.90000000   100.4986092900
  2.40000000   2.90000000    98.9784827643
  2.50000000   2.90000000    97.4025569429
  2.60000000   2.90000000    95.8277245261
  2.70000000   2.90000000    94.3047615216
  2.80000000   2.90000000    92.8776729704
  2.90000000   2.90000000    91.5836529298
  3.00000000   2.90000000    90.4533916652
  3.10000000   2.90000000    89.5115366439
  3.20000000   2.90000000    88.7771801814
  3.30000000   2.90000000    88.2642948673
  3.40000000   2.90000000    87.9972237025
  3.50000000   2.90000000    87.9972237025

  0.00000000   3.00000000    87.1752109246
  0.10000000   3.00000000    87.1752109246
  0.20000000   3.00000000    87.4222349582
  0.30000000   3.00000000    87.8946667218
  0.40000000   3.00000000    88.5677058008
  0.50000000   3.00000000    89.4270399208
  0.60000000   3.00000000    90.4533846651
  0.70000000   3.00000000    91.6222498312
  0.80000000   3.00000000    92.9037286026
  0.90000000   3.00000000    94.2623871513
  1.00000000   3.00000000    95.6573612713
  1.10000000   3.00000000    97.0428024017
  1.20000000   3.00000000    98.3688449979
  1.30000000   3.00000000    99.5832698802
  1.40000000   3.00000000   100.6339846551
  1.50000000   3.00000000   101.4723032930
  1.60000000   3.00000000   102.0567763492
  1.70000000   3.00000000   102.3570515202
  1.80000000   3.00000000   102.3570515202
  1.90000000   3.00000000   102.0567763492
  2.00000000   3.00000000   101.4723032930
  2.10000000   3.00000000   100.6339846551
  2.20000000   3.00000000    99.5832698802
  2.30000000   3.00000000    98.3688449979
  2.40000000   3.00000000    97.0428024017
  2.50000000   3.00000000    95.6573612713
  2.60000000   3.00000000    94.2623871513
  2.70000000   3.00000000    92.9037286026
  2.80000000   3.00000000    91.6222498312
  2.90000000   3.00000000    90.4533846651
  3.00000000   3.00000000    89.4270399208
  3.10000000   3.00000000    88.5677058008
  3.20000000   3.00000000    87.8946667218
  3.30000000   3.00000000    87.4222349582
  3.40000000   3.00000000    87.1752109246
  3.50000000   3.00000000    87.1752109246

  0.00000000   3.10000000    86.4790597592
  0.10000000   3.10000000    86.4790597592
  0.20000000   3.10000000    86.7101019492
  0.30000000   3.10000000    87.1501886015
  0.40000000   3.10000000    87.7741935074
  0.50000000   3.10000000    88.5677003256
  0.60000000   3.10000000    89.5115242683
  0.70000000   3.10000000    90.5816170159
  0.80000000   3.10000000    91.7490557388
  0.90000000   3.10000000    92.9801770447
  1.00000000   3.10000000    94.2369347940
  1.10000000   3.10000000    95.4775788233
  1.20000000   3.10000000    96.6577578536
  1.30000000   3.10000000    97.7321317196
  1.40000000   3.10000000    98.6565218015
  1.50000000   3.10000000    99.3905254627
  1.60000000   3.10000000    99.9003783551
  1.70000000   3.10000000   100.1617038606
  1.80000000   3.10000000   100.1617038606
  1.90000000   3.10000000    99.9003783551
  2.00000000   3.10000000    99.3905254627
  2.10000000   3.10000000    98.6565218015
  2.20000000   3.10000000    97.7321317196
  2.30000000   3.10000000    96.6577578536
  2.40000000   3.10000000    95.4775788233
  2.50000000   3.10000000    94.2369347940
  2.60000000   3.10000000    92.9801770447
  2.70000000   3.10000000    91.7490557388
  2.80000000   3.10000000    90.5816170159
  2.90000000   3.10000000    89.5115242683
  3.00000000   3.10000000    88.5677003256
  3.10000000   3.10000000    87.7741935074
  3.20000000   3.10000000    87.1501886015
  3.30000000   3.10000000    86.7101019492
  3.40000000   3.10000000    86.4790597592
  3.50000000   3.10000000    86.4790597592

  0.00000000   3.20000000    85.9270477959
  0.10000000   3.20000000    85.9270477959
  0.20000000   3.20000000    86.1464990945
  0.30000000   3.20000000    86.5626780927
  0.40000000   3.20000000    87.1501845063
  0.50000000   3.20000000    87.8946572076
  0.60000000   3.20000000    88.7771639031
  0.70000000   3.20000000    89.7741815745
  0.80000000   3.20000000    90.8577245834
  0.90000000   3.20000000    91.9956436232
  1.00000000   3.20000000    93.1521466036
  1.10000000   3.20000000    94.2886047479
  1.20000000   3.20000000    95.3647025690
  1.30000000   3.20000000    96.3399652172
  1.40000000   3.20000000    97.1756466204
  1.50000000   3.20000000    97.8368870204
  1.60000000   3.20000000    98.2949594726
  1.70000000   3.20000000    98.5293457109
  1.80000000   3.20000000    98.5293457109
  1.90000000   3.20000000    98.2949594726
  2.00000000   3.20000000    97.8368870204
  2.10000000   3.20000000    97.1756466204
  2.20000000   3.20000000    96.3399652172
  2.30000000   3.20000000    95.3647025690
  2.40000000   3.20000000    94.2886047479
  2.50000000   3.20000000    93.1521466036
  2.60000000   3.20000000    91.9956436232
  2.70000000   3.20000000    90.8577245834
  2.80000000   3.20000000    89.7741815745
  2.90000000   3.20000000    88.7771639031
  3.00000000   3.20000000    87.8946572076
  3.10000000   3.20000000    87.1501845063
  3.20000000   3.20000000    86.5626780927
  3.30000000   3.20000000    86.1464990945
  3.40000000   3.20000000    85.9270477959
  3.50000000   3.20000000    85.9270477959

  0.00000000   3.30000000    85.5325860376
  0.10000000   3.30000000    85.5325860376
  0.20000000   3.30000000    85.7455161063
  0.30000000   3.30000000    86.1464962574
  0.40000000   3.30000000    86.7100950908
  0.50000000   3.30000000    87.4222227691
  0.60000000   3.30000000    88.2642760424
  0.70000000   3.30000000    89.2131999247
  0.80000000   3.30000000    90.2417313198
  0.90000000   3.30000000    91.3188109949
  1.00000000   3.30000000    92.4102026832
  1.10000000   3.30000000    93.4793654593
  1.20000000   3.30000000    94.4886138151
  1.30000000   3.30000000    95.4005720945
  1.40000000   3.30000000    96.1798860312
  1.50000000   3.30000000    96.7950973135
  1.60000000   3.30000000    97.2205271000
  1.70000000   3.30000000    97.4379677325
  1.80000000   3.30000000    97.4379677325
  1.90000000   3.30000000    97.2205271000
  2.00000000   3.30000000    96.7950973135
  2.10000000   3.30000000    96.1798860312
  2.20000000   3.30000000    95.4005720945
  2.30000000   3.30000000    94.4886138151
  2.40000000   3.30000000    93.4793654593
  2.50000000   3.30000000    92.4102026832
  2.60000000   3.30000000    91.3188109949
  2.70000000   3.30000000    90.2417313198
  2.80000000   3.30000000    89.2131999247
  2.90000000   3.30000000    88.2642760424
  3.00000000   3.30000000    87.4222227691
  3.10000000   3.30000000    86.7100950908
  3.20000000   3.30000000    86.1464962574
  3.30000000   3.30000000    85.7455161063
  3.40000000   3.30000000    85.5325860376
  3.50000000   3.30000000    85.5325860376

  0.00000000   3.40000000    85.3034956361
  0.10000000   3.40000000    85.3034956361
  0.20000000   3.40000000    85.5170926756
  0.30000000   3.40000000    85.9116058026
  0.40000000   3.40000000    86.4636889933
  0.50000000   3.40000000    87.1599296213
  0.60000000   3.40000000    87.9820477233
  0.70000000   3.40000000    88.9072821245
  0.80000000   3.40000000    89.9087624090
  0.90000000   3.40000000    90.9559938817
  1.00000000   3.40000000    92.0155268798
  1.10000000   3.40000000    93.0518583701
  1.20000000   3.40000000    94.0285919628
  1.30000000   3.40000000    94.9098523013
  1.40000000   3.40000000    95.6619089098
  1.50000000   3.40000000    96.2549162058
  1.60000000   3.40000000    96.6646291152
  1.70000000   3.40000000    96.8739204482
  1.80000000   3.40000000    96.8739204482
  1.90000000   3.40000000    96.6646291152
  2.00000000   3.40000000    96.2549162058
  2.10000000   3.40000000    95.6619089098
  2.20000000   3.40000000    94.9098523013
  2.30000000   3.40000000    94.0285919628
  2.40000000   3.40000000    93.0518583701
  2.50000000   3.40000000    92.0155268798
  2.60000000   3.40000000    90.9559938817
  2.70000000   3.40000000    89.9087624090
  2.80000000   3.40000000    88.9072821245
  2.90000000   3.40000000    87.9820477233
  3.00000000   3.40000000    87.1599296213
  3.10000000   3.40000000    86.4636889933
  3.20000000   3.40000000    85.9116058026
  3.30000000   3.40000000    85.5170926756
  3.40000000   3.40000000    85.3034956361
  3.50000000   3.40000000    85.3034956361

  0.00000000   3.50000000    85.3034956361
  0.10000000   3.50000000    85.3034956361
  0.20000000   3.50000000    85.5170926756
  0.30000000   3.50000000    85.9116058026
  0.40000000   3.50000000    86.4636889933
  0.50000000   3.50000000    87.1599296213
  0.60000000   3.50000000    87.9820477233
  0.70000000   3.50000000    88.9072821245
  0.80000000   3.50000000    89.9087624090
  0.90000000   3.50000000    90.9559938817
  1.00000000   3.50000000    92.0155268798
  1.10000000   3.50000000    93.0518583701
  1.20000000   3.50000000    94.0285919628
  1.30000000   3.50000000    94.9098523013
  1.40000000   3.50000000    95.6619089098
  1.50000000   3.50000000    96.2549162058
  1.60000000   3.50000000    96.6646291152
  1.70000000   3.50000000    96.8739204482
  1.80000000   3.50000000    96.8739204482
  1.90000000   3.50000000    96.6646291152
  2.00000000   3.50000000    96.2549162058
  2.10000000   3.50000000    95.6619089098
  2.20000000   3.50000000    94.9098523013
  2.30000000   3.50000000    94.0285919628
  2.40000000   3.50000000    93.0518583701
  2.50000000   3.50000000    92.0155268798
  2.60000000   3.50000000    90.9559938817
  2.70000000   3.50000000    89.9087624090
  2.80000000   3.50000000    88.9072821245
  2.90000000   3.50000000    87.9820477233
  3.00000000   3.50000000    87.1599296213
  3.10000000   3.50000000    86.4636889933
  3.20000000   3.50000000    85.9116058026
  3.30000000   3.50000000    85.5170926756
  3.40000000   3.50000000    85.3034956361
  3.50000000   3.50000000    85.3034956361

