  0.00000000   0.00000000   105.2414153094
  0.10000000   0.00000000   105.2414153094
  0.20000000   0.00000000   105.4179167686
  0.30000000   0.00000000   105.7439140327
  0.40000000   0.00000000   106.2001149666
  0.50000000   0.00000000   106.7754355992
  0.60000000   0.00000000   107.4547699246
  0.70000000   0.00000000   108.2193090856
  0.80000000   0.00000000   109.0468488617
  0.90000000   0.00000000   109.9121905127
  1.00000000   0.00000000   110.7876939277
  1.10000000   0.00000000   111.6440226739
  1.20000000   0.00000000   112.4511025294
  1.30000000   0.00000000   113.1792901529
  1.40000000   0.00000000   113.8007147782
  1.50000000   0.00000000   114.2907158548
  1.60000000   0.00000000   114.6292605073
  1.70000000   0.00000000   114.8021971932
  1.80000000   0.00000000   114.8021971932
  1.90000000   0.00000000   114.6292605073
  2.00000000   0.00000000   114.2907158548
  2.10000000   0.00000000   113.8007147782
  2.20000000   0.00000000   113.1792901529
  2.30000000   0.00000000   112.4511025294
  2.40000000   0.00000000   111.6440226739
  2.50000000   0.00000000   110.7876939277
  2.60000000   0.00000000   109.9121905127
  2.70000000   0.00000000   109.0468488617
  2.80000000   0.00000000   108.2193090856
  2.90000000   0.00000000   107.4547699246
  3.00000000   0.00000000   106.7754355992
  3.10000000   0.00000000   106.2001149666
  3.20000000   0.00000000   105.7439140327
  3.30000000   0.00000000   105.4179167686
  3.40000000   0.00000000   105.2414153094
  3.50000000   0.00000000   105.2414153094

  0.00000000   0.10000000   105.2414153094
  0.10000000   0.10000000   105.2414153094
  0.20000000   0.10000000   105.4179167686
  0.30000000   0.10000000   105.7439140327
  0.40000000   0.10000000   106.2001149666
  0.50000000   0.10000000   106.7754355992
  0.60000000   0.10000000   107.4547699246
  0.70000000   0.10000000   108.2193090856
  0.80000000   0.10000000   109.0468488617
  0.90000000   0.10000000   109.9121905127
  1.00000000   0.10000000   110.7876939277
  1.10000000   0.10000000   111.6440226739
  1.20000000   0.10000000   112.4511025294
  1.30000000   0.10000000   113.1792901529
  1.40000000   0.10000000   113.8007147782
  1.50000000   0.10000000   114.2907158548
  1.60000000   0.10000000   114.6292605073
  1.70000000   0.10000000   114.8021971932
  1.80000000   0.10000000   114.8021971932
  1.90000000   0.10000000   114.6292605073
  2.00000000   0.10000000   114.2907158548
  2.10000000   0.10000000   113.8007147782
  2.20000000   0.10000000   113.1792901529
  2.30000000   0.10000000   112.4511025294
  2.40000000   0.10000000   111.6440226739
  2.50000000   0.10000000   110.7876939277
  2.60000000   0.10000000   109.9121905127
  2.70000000   0.10000000   109.0468488617
  2.80000000   0.10000000   108.2193090856
  2.90000000   0.10000000   107.4547699246
  3.00000000   0.10000000   106.7754355992
  3.10000000   0.10000000   106.2001149666
  3.20000000   0.10000000   105.7439140327
  3.30000000   0.10000000   105.4179167686
  3.40000000   0.10000000   105.2414153094
  3.50000000   0.10000000   105.2414153094

  0.00000000   0.20000000   105.4307193630
  0.10000000   0.20000000   105.4307193630
  0.20000000   0.20000000   105.6066683306
  0.30000000   0.20000000   105.9380069087
  0.40000000   0.20000000   106.4037198582
  0.50000000   0.20000000   106.9921636551
  0.60000000   0.20000000   107.6879652234
  0.70000000   0.20000000   108.4720730201
  0.80000000   0.20000000   109.3219584762
  0.90000000   0.20000000   110.2119565338
  1.00000000   0.20000000   111.1137773106
  1.10000000   0.20000000   111.9972270059
  1.20000000   0.20000000   112.8311664799
  1.30000000   0.20000000   113.5847130044
  1.40000000   0.20000000   114.2286543985
  1.50000000   0.20000000   114.7369978255
  1.60000000   0.20000000   115.0885259605
  1.70000000   0.20000000   115.2681946720
  1.80000000   0.20000000   115.2681946720
  1.90000000   0.20000000   115.0885259605
  2.00000000   0.20000000   114.7369978255
  2.10000000   0.20000000   114.2286543985
  2.20000000   0.20000000   113.5847130044
  2.30000000   0.20000000   112.8311664799
  2.40000000   0.20000000   111.9972270059
  2.50000000   0.20000000   111.1137773106
  2.60000000   0.20000000   110.2119565338
  2.70000000   0.20000000   109.3219584762
  2.80000000   0.20000000   108.4720730201
  2.90000000   0.20000000   107.6879652234
  3.00000000   0.20000000   106.9921636551
  3.10000000   0.20000000   106.4037198582
  3.20000000   0.20000000   105.9380069087
  3.30000000   0.20000000   105.6066683306
  3.40000000   0.20000000   105.4307193630
  3.50000000   0.20000000   105.4307193630

  0.00000000   0.30000000   105.7566741195
  0.10000000   0.30000000   105.7566741195
  0.20000000   0.30000000   105.9380093210
  0.30000000   0.30000000   106.2819024281
  0.40000000   0.30000000   106.7673640921
  0.50000000   0.30000000   107.3825266890
  0.60000000   0.30000000   108.1117453565
  0.70000000   0.30000000   108.9355819667
  0.80000000   0.30000000   109.8309111224
  0.90000000   0.30000000   110.7711673179
  1.00000000   0.30000000   111.7267754565
  1.10000000   0.30000000   112.6658169969
  1.20000000   0.30000000   113.5549801845
  1.30000000   0.30000000   114.3608220335
  1.40000000   0.30000000   115.0513283564
  1.50000000   0.30000000   115.5976963315
  1.60000000   0.30000000   115.9761905409
  1.70000000   0.30000000   116.1698580146
  1.80000000   0.30000000   116.1698580146
  1.90000000   0.30000000   115.9761905409
  2.00000000   0.30000000   115.5976963315
  2.10000000   0.30000000   115.0513283564
  2.20000000   0.30000000   114.3608220335
  2.30000000   0.30000000   113.5549801845
  2.40000000   0.30000000   112.6658169969
  2.50000000   0.30000000   111.7267754565
  2.60000000   0.30000000   110.7711673179
  2.70000000   0.30000000   109.8309111224
  2.80000000   0.30000000   108.9355819667
  2.90000000   0.30000000   108.1117453565
  3.00000000   0.30000000   107.3825266890
  3.10000000   0.30000000   106.7673640921
  3.20000000   0.30000000   106.2819024281
  3.30000000   0.30000000   105.9380093210
  3.40000000   0.30000000   105.7566741195
  3.50000000   0.30000000   105.7566741195

  0.00000000   0.40000000   106.2128161187
  0.10000000   0.40000000   106.2128161187
  0.20000000   0.40000000   106.4037256915
  0.30000000   0.40000000   106.7673675742
  0.40000000   0.40000000   107.2829791270
  0.50000000   0.40000000   107.9386471901
  0.60000000   0.40000000   108.7185183957
  0.70000000   0.40000000   109.6027207522
  0.80000000   0.40000000   110.5673547383
  0.90000000   0.40000000   111.5846041428
  1.00000000   0.40000000   112.6230318605
  1.10000000   0.40000000   113.6481408035
  1.20000000   0.40000000   114.6232852433
  1.30000000   0.40000000   115.5110029094
  1.40000000   0.40000000   116.2747917037
  1.50000000   0.40000000   116.8812697251
  1.60000000   0.40000000   117.3025400458
  1.70000000   0.40000000   117.5184622192
  1.80000000   0.40000000   117.5184622192
  1.90000000   0.40000000   117.3025400458
  2.00000000   0.40000000   116.8812697251
  2.10000000   0.40000000   116.2747917037
  2.20000000   0.40000000   115.5110029094
  2.30000000   0.40000000   114.6232852433
  2.40000000   0.40000000   113.6481408035
  2.50000000   0.40000000   112.6230318605
  2.60000000   0.40000000   111.5846041428
  2.70000000   0.40000000   110.5673547383
  2.80000000   0.40000000   109.6027207522
  2.90000000   0.40000000   108.7185183957
  3.00000000   0.40000000   107.9386471901
  3.10000000   0.40000000   107.2829791270
  3.20000000   0.40000000   106.7673675742
  3.30000000   0.40000000   106.4037256915
  3.40000000   0.40000000   106.2128161187
  3.50000000   0.40000000   106.2128161187

  0.00000000   0.50000000   106.7880627325
  0.10000000   0.50000000   106.7880627325
  0.20000000   0.50000000   106.9921740185
  0.30000000   0.50000000   107.3825347739
  0.40000000   0.50000000   107.9386518393
  0.50000000   0.50000000   108.6486981306
  0.60000000   0.50000000   109.4967380910
  0.70000000   0.50000000   110.4625348104
  0.80000000   0.50000000   111.5213760143
  0.90000000   0.50000000   112.6439830386
  1.00000000   0.50000000   113.7965908470
  1.10000000   0.50000000   114.9413166937
  1.20000000   0.50000000   116.0369594848
  1.30000000   0.50000000   117.0403741027
  1.40000000   0.50000000   117.9085207279
  1.50000000   0.50000000   118.6011743569
  1.60000000   0.50000000   119.0840892055
  1.70000000   0.50000000   119.3321881494
  1.80000000   0.50000000   119.3321881494
  1.90000000   0.50000000   119.0840892055
  2.00000000   0.50000000   118.6011743569
  2.10000000   0.50000000   117.9085207279
  2.20000000   0.50000000   117.0403741027
  2.30000000   0.50000000   116.0369594848
  2.40000000   0.50000000   114.9413166937
  2.50000000   0.50000000   113.7965908470
  2.60000000   0.50000000   112.6439830386
  2.70000000   0.50000000   111.5213760143
  2.80000000   0.50000000   110.4625348104
  2.90000000   0.50000000   109.4967380910
  3.00000000   0.50000000   108.6486981306
  3.10000000   0.50000000   107.9386518393
  3.20000000   0.50000000   107.3825347739
  3.30000000   0.50000000   106.9921740185
  3.40000000   0.50000000   106.7880627325
  3.50000000   0.50000000   106.7880627325

  0.00000000   0.60000000   107.4673099197
  0.10000000   0.60000000   107.4673099197
  0.20000000   0.60000000   107.6879812179
  0.30000000   0.60000000   108.1117591783
  0.40000000   0.60000000   108.7185288940
  0.50000000   0.60000000   109.4967440224
  0.60000000   0.60000000   110.4306278471
  0.70000000   0.60000000   111.4998136972
  0.80000000   0.60000000   112.6789422447
  0.90000000   0.60000000   113.9372808329
  1.00000000   0.60000000   115.2384698733
  1.10000000   0.60000000   116.5405560830
  1.20000000   0.60000000   117.7965331756
  1.30000000   0.60000000   118.9556541985
  1.40000000   0.60000000   119.9657620533
  1.50000000   0.60000000   120.7767456189
  1.60000000   0.60000000   121.3449240885
  1.70000000   0.60000000   121.6377338167
  1.80000000   0.60000000   121.6377338167
  1.90000000   0.60000000   121.3449240885
  2.00000000   0.60000000   120.7767456189
  2.10000000   0.60000000   119.9657620533
  2.20000000   0.60000000   118.9556541985
  2.30000000   0.60000000   117.7965331756
  2.40000000   0.60000000   116.5405560830
  2.50000000   0.60000000   115.2384698733
  2.60000000   0.60000000   113.9372808329
  2.70000000   0.60000000   112.6789422447
  2.80000000   0.60000000   111.4998136972
  2.90000000   0.60000000   110.4306278471
  3.00000000   0.60000000   109.4967440224
  3.10000000   0.60000000   108.7185288940
  3.20000000   0.60000000   108.1117591783
  3.30000000   0.60000000   107.6879812179
  3.40000000   0.60000000   107.4673099197
  3.50000000   0.60000000   107.4673099197

  0.00000000   0.70000000   108.2317512933
  0.10000000   0.70000000   108.2317512933
  0.20000000   0.70000000   108.4720956935
  0.30000000   0.70000000   108.9356026360
  0.40000000   0.70000000   109.6027383127
  0.50000000   0.70000000   110.4625480207
  0.60000000   0.70000000   111.4998211303
  0.70000000   0.70000000   112.6945254528
  0.80000000   0.70000000   114.0211119113
  0.90000000   0.70000000   115.4477403460
  1.00000000   0.70000000   116.9355332830
  1.10000000   0.70000000   118.4380530307
  1.20000000   0.70000000   119.9013178548
  1.30000000   0.70000000   121.2648017898
  1.40000000   0.70000000   122.4639318445
  1.50000000   0.70000000   123.4344776391
  1.60000000   0.70000000   124.1187681571
  1.70000000   0.70000000   124.4728457996
  1.80000000   0.70000000   124.4728457996
  1.90000000   0.70000000   124.1187681571
  2.00000000   0.70000000   123.4344776391
  2.10000000   0.70000000   122.4639318445
  2.20000000   0.70000000   121.2648017898
  2.30000000   0.70000000   119.9013178548
  2.40000000   0.70000000   118.4380530307
  2.50000000   0.70000000   116.9355332830
  2.60000000   0.70000000   115.4477403460
  2.70000000   0.70000000   114.0211119113
  2.80000000   0.70000000   112.6945254529
  2.90000000   0.70000000   111.4998211303
  3.00000000   0.70000000   110.4625480207
  3.10000000   0.70000000   109.6027383127
  3.20000000   0.70000000   108.9356026360
  3.30000000   0.70000000   108.4720956935
  3.40000000   0.70000000   108.2317512933
  3.50000000   0.70000000   108.2317512933

  0.00000000   0.80000000   109.0591855390
  0.10000000   0.80000000   109.0591855390
  0.20000000   0.80000000   109.3219887807
  0.30000000   0.80000000   109.8309396843
  0.40000000   0.80000000   110.5673805515
  0.50000000   0.80000000   111.5213978922
  0.60000000   0.80000000   112.6789587452
  0.70000000   0.80000000   114.0211212567
  0.80000000   0.80000000   115.5229980048
  0.90000000   0.80000000   117.1524838003
  1.00000000   0.80000000   118.8688237296
  1.10000000   0.80000000   120.6212199431
  1.20000000   0.80000000   122.3478786876
  1.30000000   0.80000000   123.9761807577
  1.40000000   0.80000000   125.4249426972
  1.50000000   0.80000000   126.6097918896
  1.60000000   0.80000000   127.4520867555
  1.70000000   0.80000000   127.8902285611
  1.80000000   0.80000000   127.8902285611
  1.90000000   0.80000000   127.4520867555
  2.00000000   0.80000000   126.6097918896
  2.10000000   0.80000000   125.4249426972
  2.20000000   0.80000000   123.9761807577
  2.30000000   0.80000000   122.3478786876
  2.40000000   0.80000000   120.6212199431
  2.50000000   0.80000000   118.8688237296
  2.60000000   0.80000000   117.1524838003
  2.70000000   0.80000000   115.5229980048
  2.80000000   0.80000000   114.0211212567
  2.90000000   0.80000000   112.6789587452
  3.00000000   0.80000000   111.5213978922
  3.10000000   0.80000000   110.5673805515
  3.20000000   0.80000000   109.8309396843
  3.30000000   0.80000000   109.3219887807
  3.40000000   0.80000000   109.0591855390
  3.50000000   0.80000000   109.0591855390

  0.00000000   0.90000000   109.9244171879
  0.10000000   0.90000000   109.9244171879
  0.20000000   0.90000000   110.2119952742
  0.30000000   0.90000000   110.7712046957
  0.40000000   0.90000000   111.5846393206
  0.50000000   0.90000000   112.6440149626
  0.60000000   0.90000000   113.9373081304
  0.70000000   0.90000000   115.4477611997
  0.80000000   0.90000000   117.1524958022
  0.90000000   0.90000000   119.0206707208
  1.00000000   0.90000000   121.0111700563
  1.10000000   0.90000000   123.0699424407
  1.20000000   0.90000000   125.1273986371
  1.30000000   0.90000000   127.0967847127
  1.40000000   0.90000000   128.8751770629
  1.50000000   0.90000000   130.3493951868
  1.60000000   0.90000000   131.4087517489
  1.70000000   0.90000000   131.9636247683
  1.80000000   0.90000000   131.9636247683
  1.90000000   0.90000000   131.4087517489
  2.00000000   0.90000000   130.3493951868
  2.10000000   0.90000000   128.8751770629
  2.20000000   0.90000000   127.0967847127
  2.30000000   0.90000000   125.1273986371
  2.40000000   0.90000000   123.0699424407
  2.50000000   0.90000000   121.0111700563
  2.60000000   0.90000000   119.0206707208
  2.70000000   0.90000000   117.1524958022
  2.80000000   0.90000000   115.4477611997
  2.90000000   0.90000000   113.9373081304
  3.00000000   0.90000000   112.6440149626
  3.10000000   0.90000000   111.5846393206
  3.20000000   0.90000000   110.7712046957
  3.30000000   0.90000000   110.2119952742
  3.40000000   0.90000000   109.9244171879
  3.50000000   0.90000000   109.9244171879

  0.00000000   1.00000000   110.7998096801
  0.10000000   1.00000000   110.7998096801
  0.20000000   1.00000000   111.1138250796
  0.30000000   1.00000000   111.7268223795
  0.40000000   1.00000000   112.6230773545
  0.50000000   1.00000000   113.7966340970
  0.60000000   1.00000000   115.2385097053
  0.70000000   1.00000000   116.9355679917
  0.80000000   1.00000000   118.8688508481
  0.90000000   1.00000000   121.0111860649
  1.00000000   1.00000000   123.3238818763
  1.10000000   1.00000000   125.7523993732
  1.20000000   1.00000000   128.2211914122
  1.30000000   1.00000000   130.6286371282
  1.40000000   1.00000000   132.8444715510
  1.50000000   1.00000000   134.7142978682
  1.60000000   1.00000000   136.0771432706
  1.70000000   1.00000000   136.7974640889
  1.80000000   1.00000000   136.7974640889
  1.90000000   1.00000000   136.0771432706
  2.00000000   1.00000000   134.7142978682
  2.10000000   1.00000000   132.8444715510
  2.20000000   1.00000000   130.6286371282
  2.30000000   1.00000000   128.2211914122
  2.40000000   1.00000000   125.7523993732
  2.50000000   1.00000000   123.3238818763
  2.60000000   1.00000000   121.0111860649
  2.70000000   1.00000000   118.8688508481
  2.80000000   1.00000000   116.9355679917
  2.90000000   1.00000000   115.2385097053
  3.00000000   1.00000000   113.7966340970
  3.10000000   1.00000000   112.6230773545
  3.20000000   1.00000000   111.7268223795
  3.30000000   1.00000000   111.1138250796
  3.40000000   1.00000000   110.7998096801
  3.50000000   1.00000000   110.7998096801

  0.00000000   1.10000000   111.6560303062
  0.10000000   1.10000000   111.6560303062
  0.20000000   1.10000000   111.9972841104
  0.30000000   1.10000000   112.6658739118
  0.40000000   1.10000000   113.6481972963
  0.50000000   1.10000000   114.9413723172
  0.60000000   1.10000000   116.5406100381
  0.70000000   1.10000000   118.4381039593
  0.80000000   1.10000000   120.6212656175
  0.90000000   1.10000000   123.0699793093
  1.00000000   1.10000000   125.7524219295
  1.10000000   1.10000000   128.6188931702
  1.20000000   1.10000000   131.5931824548
  1.30000000   1.10000000   134.5616808225
  1.40000000   1.10000000   137.3626651095
  1.50000000   1.10000000   139.7834332737
  1.60000000   1.10000000   141.5812038187
  1.70000000   1.10000000   142.5425986786
  1.80000000   1.10000000   142.5425986786
  1.90000000   1.10000000   141.5812038187
  2.00000000   1.10000000   139.7834332737
  2.10000000   1.10000000   137.3626651095
  2.20000000   1.10000000   134.5616808225
  2.30000000   1.10000000   131.5931824548
  2.40000000   1.10000000   128.6188931702
  2.50000000   1.10000000   125.7524219295
  2.60000000   1.10000000   123.0699793093
  2.70000000   1.10000000   120.6212656175
  2.80000000   1.10000000   118.4381039593
  2.90000000   1.10000000   116.5406100381
  3.00000000   1.10000000   114.9413723172
  3.10000000   1.10000000   113.6481972963
  3.20000000   1.10000000   112.6658739118
  3.30000000   1.10000000   111.9972841104
  3.40000000   1.10000000   111.6560303062
  3.50000000   1.10000000   111.6560303062

  0.00000000   1.20000000   112.4630086112
  0.10000000   1.20000000   112.4630086112
  0.20000000   1.20000000   112.8312328649
  0.30000000   1.20000000   113.5550471583
  0.40000000   1.20000000   114.6233530173
  0.50000000   1.20000000   116.0370281182
  0.60000000   1.20000000   117.7966024532
  0.70000000   1.20000000   119.9013870805
  0.80000000   1.20000000   122.3479463341
  0.90000000   1.20000000   125.1274617623
  1.00000000   1.20000000   128.2212447011
  1.10000000   1.20000000   131.5932167138
  1.20000000   1.20000000   135.1776228996
  1.30000000   1.20000000   138.8599276584
  1.40000000   1.20000000   142.4503079081
  1.50000000   1.20000000   145.6575042585
  1.60000000   1.20000000   148.0981649051
  1.70000000   1.20000000   149.4227598101
  1.80000000   1.20000000   149.4227598101
  1.90000000   1.20000000   148.0981649051
  2.00000000   1.20000000   145.6575042585
  2.10000000   1.20000000   142.4503079081
  2.20000000   1.20000000   138.8599276584
  2.30000000   1.20000000   135.1776228996
  2.40000000   1.20000000   131.5932167138
  2.50000000   1.20000000   128.2212447011
  2.60000000   1.20000000   125.1274617623
  2.70000000   1.20000000   122.3479463341
  2.80000000   1.20000000   119.9013870805
  2.90000000   1.20000000   117.7966024532
  3.00000000   1.20000000   116.0370281182
  3.10000000   1.20000000   114.6233530173
  3.20000000   1.20000000   113.5550471583
  3.30000000   1.20000000   112.8312328649
  3.40000000   1.20000000   112.4630086112
  3.50000000   1.20000000   112.4630086112

  0.00000000   1.30000000   113.1911049152
  0.10000000   1.30000000   113.1911049152
  0.20000000   1.30000000   113.5847881863
  0.30000000   1.30000000   114.3608986600
  0.40000000   1.30000000   115.5110817076
  0.50000000   1.30000000   117.0404557598
  0.60000000   1.30000000   118.9557392910
  0.70000000   1.30000000   121.2648906349
  0.80000000   1.30000000   123.9762731176
  0.90000000   1.30000000   127.0968792209
  1.00000000   1.30000000   130.6287301835
  1.10000000   1.30000000   134.5617644659
  1.20000000   1.30000000   138.8599855316
  1.30000000   1.30000000   143.4347863687
  1.40000000   1.30000000   148.0949773184
  1.50000000   1.30000000   152.4623032273
  1.60000000   1.30000000   155.8880435765
  1.70000000   1.30000000   157.7803868107
  1.80000000   1.30000000   157.7803868107
  1.90000000   1.30000000   155.8880435765
  2.00000000   1.30000000   152.4623032273
  2.10000000   1.30000000   148.0949773184
  2.20000000   1.30000000   143.4347863687
  2.30000000   1.30000000   138.8599855316
  2.40000000   1.30000000   134.5617644659
  2.50000000   1.30000000   130.6287301835
  2.60000000   1.30000000   127.0968792209
  2.70000000   1.30000000   123.9762731176
  2.80000000   1.30000000   121.2648906349
  2.90000000   1.30000000   118.9557392910
  3.00000000   1.30000000   117.0404557598
  3.10000000   1.30000000   115.5110817076
  3.20000000   1.30000000   114.3608986600
  3.30000000   1.30000000   113.5847881863
  3.40000000   1.30000000   113.1911049152
  3.50000000   1.30000000   113.1911049152

  0.00000000   1.40000000   113.8124518467
  0.10000000   1.40000000   113.8124518467
  0.20000000   1.40000000   114.2287374215
  0.30000000   1.40000000   115.0514136851
  0.40000000   1.40000000   116.2748806083
  0.50000000   1.40000000   117.9086145923
  0.60000000   1.40000000   119.9658623925
  0.70000000   1.40000000   122.4640402835
  0.80000000   1.40000000   125.4250608621
  0.90000000   1.40000000   128.8753062723
  1.00000000   1.40000000   132.8446120518
  1.10000000   1.40000000   137.3628142423
  1.20000000   1.40000000   142.4504555799
  1.30000000   1.40000000   148.0950939367
  1.40000000   1.40000000   154.1892446269
  1.50000000   1.40000000   160.3523282021
  1.60000000   1.40000000   165.3446645447
  1.70000000   1.40000000   168.1580242859
  1.80000000   1.40000000   168.1580242859
  1.90000000   1.40000000   165.3446645447
  2.00000000   1.40000000   160.3523282021
  2.10000000   1.40000000   154.1892446269
  2.20000000   1.40000000   148.0950939367
  2.30000000   1.40000000   142.4504555799
  2.40000000   1.40000000   137.3628142423
  2.50000000   1.40000000   132.8446120518
  2.60000000   1.40000000   128.8753062723
  2.70000000   1.40000000   125.4250608621
  2.80000000   1.40000000   122.4640402835
  2.90000000   1.40000000   119.9658623925
  3.00000000   1.40000000   117.9086145923
  3.10000000   1.40000000   116.2748806083
  3.20000000   1.40000000   115.0514136851
  3.30000000   1.40000000   114.2287374215
  3.40000000   1.40000000   113.8124518467
  3.50000000   1.40000000   113.8124518467

  0.00000000   1.50000000   114.3023918198
  0.10000000   1.50000000   114.3023918198
  0.20000000   1.50000000   114.7370872581
  0.30000000   1.50000000   115.5977888430
  0.40000000   1.50000000   116.8813670918
  0.50000000   1.50000000   118.6012786377
  0.60000000   1.50000000   120.7768592831
  0.70000000   1.50000000   123.4346037239
  0.80000000   1.50000000   126.6099341887
  0.90000000   1.50000000   130.3495584634
  1.00000000   1.50000000   134.7144880511
  1.10000000   1.50000000   139.7836575365
  1.20000000   1.50000000   145.6577708651
  1.30000000   1.50000000   152.4626216364
  1.40000000   1.50000000   160.3527149129
  1.50000000   1.50000000   169.5329578467
  1.60000000   1.50000000   177.0850801440
  1.70000000   1.50000000   181.4454209713
  1.80000000   1.50000000   181.4454209713
  1.90000000   1.50000000   177.0850801440
  2.00000000   1.50000000   169.5329578467
  2.10000000   1.50000000   160.3527149129
  2.20000000   1.50000000   152.4626216364
  2.30000000   1.50000000   145.6577708651
  2.40000000   1.50000000   139.7836575365
  2.50000000   1.50000000   134.7144880511
  2.60000000   1.50000000   130.3495584634
  2.70000000   1.50000000   126.6099341887
  2.80000000   1.50000000   123.4346037239
  2.90000000   1.50000000   120.7768592831
  3.00000000   1.50000000   118.6012786377
  3.10000000   1.50000000   116.8813670918
  3.20000000   1.50000000   115.5977888430
  3.30000000   1.50000000   114.7370872581
  3.40000000   1.50000000   114.3023918198
  3.50000000   1.50000000   114.3023918198

  0.00000000   1.60000000   114.6408943395
  0.10000000   1.60000000   114.6408943395
  0.20000000   1.60000000   115.0886199423
  0.30000000   1.60000000   115.9762881888
  0.40000000   1.60000000   117.3026435302
  0.50000000   1.60000000   119.0842011261
  0.60000000   1.60000000   121.3450477048
  0.70000000   1.60000000   124.1189077194
  0.80000000   1.60000000   127.4522480009
  0.90000000   1.60000000   131.4089426755
  1.00000000   1.60000000   136.0773753908
  1.10000000   1.60000000   141.5814942729
  1.20000000   1.60000000   148.0985401857
  1.30000000   1.60000000   155.8885463309
  1.40000000   1.60000000   165.3453657050
  1.50000000   1.60000000   178.7596118705
  1.60000000   1.60000000   200.0000000000
  1.70000000   1.60000000   200.0000000000
  1.80000000   1.60000000   200.0000000000
  1.90000000   1.60000000   200.0000000000
  2.00000000   1.60000000   178.7596118705
  2.10000000   1.60000000   165.3453657050
  2.20000000   1.60000000   155.8885463309
  2.30000000   1.60000000   148.0985401857
  2.40000000   1.60000000   141.5814942729
  2.50000000   1.60000000   136.0773753908
  2.60000000   1.60000000   131.4089426755
  2.70000000   1.60000000   127.4522480009
  2.80000000   1.60000000   124.1189077194
  2.90000000   1.60000000   121.3450477048
  3.00000000   1.60000000   119.0842011261
  3.10000000   1.60000000   117.3026435302
  3.20000000   1.60000000   115.9762881888
  3.30000000   1.60000000   115.0886199423
  3.40000000   1.60000000   114.6408943395
  3.50000000   1.60000000   114.6408943395

  0.00000000   1.70000000   114.8138095300
  0.10000000   1.70000000   114.8138095300
  0.20000000   1.70000000   115.2682910168
  0.30000000   1.70000000   116.1699583430
  0.40000000   1.70000000   117.5185689182
  0.50000000   1.70000000   119.3323041206
  0.60000000   1.70000000   121.6378627691
  0.70000000   1.70000000   124.4729926876
  0.80000000   1.70000000   127.8904002739
  0.90000000   1.70000000   131.9638312609
  1.00000000   1.70000000   136.7977203094
  1.10000000   1.70000000   142.5429279593
  1.20000000   1.70000000   149.4231999893
  1.30000000   1.70000000   157.7810014655
  1.40000000   1.70000000   168.1589234734
  1.50000000   1.70000000   182.0624804781
  1.60000000   1.70000000   200.0000000000
  1.70000000   1.70000000   200.0000000000
  1.80000000   1.70000000   200.0000000000
  1.90000000   1.70000000   200.0000000000
  2.00000000   1.70000000   182.0624804781
  2.10000000   1.70000000   168.1589234734
  2.20000000   1.70000000   157.7810014655
  2.30000000   1.70000000   149.4231999893
  2.40000000   1.70000000   142.5429279593
  2.50000000   1.70000000   136.7977203094
  2.60000000   1.70000000   131.9638312609
  2.70000000   1.70000000   127.8904002739
  2.80000000   1.70000000   124.4729926876
  2.90000000   1.70000000   121.6378627691
  3.00000000   1.70000000   119.3323041206
  3.10000000   1.70000000   117.5185689182
  3.20000000   1.70000000   116.1699583430
  3.30000000   1.70000000   115.2682910168
  3.40000000   1.70000000   114.8138095300
  3.50000000   1.70000000   114.8138095300

  0.00000000   1.80000000   114.8138095300
  0.10000000   1.80000000   114.8138095300
  0.20000000   1.80000000   115.2682910168
  0.30000000   1.80000000   116.1699583430
  0.40000000   1.80000000   117.5185689182
  0.50000000   1.80000000   119.3323041206
  0.60000000   1.80000000   121.6378627691
  0.70000000   1.80000000   124.4729926876
  0.80000000   1.80000000   127.8904002739
  0.90000000   1.80000000   131.9638312609
  1.00000000   1.80000000   136.7977203094
  1.10000000   1.80000000   142.5429279593
  1.20000000   1.80000000   149.4231999893
  1.30000000   1.80000000   157.7810014655
  1.40000000   1.80000000   168.1589234734
  1.50000000   1.80000000   182.0624804781
  1.60000000   1.80000000   200.0000000000
  1.70000000   1.80000000   200.0000000000
  1.80000000   1.80000000   200.0000000000
  1.90000000   1.80000000   200.0000000000
  2.00000000   1.80000000   182.0624804781
  2.10000000   1.80000000   168.1589234734
  2.20000000   1.80000000   157.7810014655
  2.30000000   1.80000000   149.4231999893
  2.40000000   1.80000000   142.5429279593
  2.50000000   1.80000000   136.7977203094
  2.60000000   1.80000000   131.9638312609
  2.70000000   1.80000000   127.8904002739
  2.80000000   1.80000000   124.4729926876
  2.90000000   1.80000000   121.6378627691
  3.00000000   1.80000000   119.3323041206
  3.10000000   1.80000000   117.5185689182
  3.20000000   1.80000000   116.1699583430
  3.30000000   1.80000000   115.2682910168
  3.40000000   1.80000000   114.8138095300
  3.50000000   1.80000000   114.8138095300

  0.00000000   1.90000000   114.6408943395
  0.10000000   1.90000000   114.6408943395
  0.20000000   1.90000000   115.0886199423
  0.30000000   1.90000000   115.9762881888
  0.40000000   1.90000000   117.3026435302
  0.50000000   1.90000000   119.0842011261
  0.60000000   1.90000000   121.3450477048
  0.70000000   1.90000000   124.1189077194
  0.80000000   1.90000000   127.4522480009
  0.90000000   1.90000000   131.4089426755
  1.00000000   1.90000000   136.0773753908
  1.10000000   1.90000000   141.5814942729
  1.20000000   1.90000000   148.0985401857
  1.30000000   1.90000000   155.8885463309
  1.40000000   1.90000000   165.3453657050
  1.50000000   1.90000000   178.7596118705
  1.60000000   1.90000000   200.0000000000
  1.70000000   1.90000000   200.0000000000
  1.80000000   1.90000000   200.0000000000
  1.90000000   1.90000000   200.0000000000
  2.00000000   1.90000000   178.7596118705
  2.10000000   1.90000000   165.3453657050
  2.20000000   1.90000000   155.8885463309
  2.30000000   1.90000000   148.0985401857
  2.40000000   1.90000000   141.5814942729
  2.50000000   1.90000000   136.0773753908
  2.60000000   1.90000000   131.4089426755
  2.70000000   1.90000000   127.4522480009
  2.80000000   1.90000000   124.1189077194
  2.90000000   1.90000000   121.3450477048
  3.00000000   1.90000000   119.0842011261
  3.10000000   1.90000000   117.3026435302
  3.20000000   1.90000000   115.9762881888
  3.30000000   1.90000000   115.0886199423
  3.40000000   1.90000000   114.6408943395
  3.50000000   1.90000000   114.6408943395

  0.00000000   2.00000000   114.3023918198
  0.10000000   2.00000000   114.3023918198
  0.20000000   2.00000000   114.7370872581
  0.30000000   2.00000000   115.5977888430
  0.40000000   2.00000000   116.8813670918
  0.50000000   2.00000000   118.6012786377
  0.60000000   2.00000000   120.7768592831
  0.70000000   2.00000000   123.4346037239
  0.80000000   2.00000000   126.6099341887
  0.90000000   2.00000000   130.3495584634
  1.00000000   2.00000000   134.7144880511
  1.10000000   2.00000000   139.7836575365
  1.20000000   2.00000000   145.6577708651
  1.30000000   2.00000000   152.4626216364
  1.40000000   2.00000000   160.3527149129
  1.50000000   2.00000000   169.5329578467
  1.60000000   2.00000000   177.0850801440
  1.70000000   2.00000000   181.4454209713
  1.80000000   2.00000000   181.4454209713
  1.90000000   2.00000000   177.0850801440
  2.00000000   2.00000000   169.5329578467
  2.10000000   2.00000000   160.3527149129
  2.20000000   2.00000000   152.4626216364
  2.30000000   2.00000000   145.6577708651
  2.40000000   2.00000000   139.7836575365
  2.50000000   2.00000000   134.7144880511
  2.60000000   2.00000000   130.3495584634
  2.70000000   2.00000000   126.6099341887
  2.80000000   2.00000000   123.4346037239
  2.90000000   2.00000000   120.7768592831
  3.00000000   2.00000000   118.6012786377
  3.10000000   2.00000000   116.8813670918
  3.20000000   2.00000000   115.5977888430
  3.30000000   2.00000000   114.7370872581
  3.40000000   2.00000000   114.3023918198
  3.50000000   2.00000000   114.3023918198

  0.00000000   2.10000000   113.8124518467
  0.10000000   2.10000000   113.8124518467
  0.20000000   2.10000000   114.2287374215
  0.30000000   2.10000000   115.0514136851
  0.40000000   2.10000000   116.2748806083
  0.50000000   2.10000000   117.9086145923
  0.60000000   2.10000000   119.9658623925
  0.70000000   2.10000000   122.4640402835
  0.80000000   2.10000000   125.4250608621
  0.90000000   2.10000000   128.8753062723
  1.00000000   2.10000000   132.8446120518
  1.10000000   2.10000000   137.3628142423
  1.20000000   2.10000000   142.4504555799
  1.30000000   2.10000000   148.0950939367
  1.40000000   2.10000000   154.1892446269
  1.50000000   2.10000000   160.3523282021
  1.60000000   2.10000000   165.3446645448
  1.70000000   2.10000000   168.1580242859
  1.80000000   2.10000000   168.1580242859
  1.90000000   2.10000000   165.3446645448
  2.00000000   2.10000000   160.3523282021
  2.10000000   2.10000000   154.1892446269
  2.20000000   2.10000000   148.0950939367
  2.30000000   2.10000000   142.4504555799
  2.40000000   2.10000000   137.3628142423
  2.50000000   2.10000000   132.8446120518
  2.60000000   2.10000000   128.8753062723
  2.70000000   2.10000000   125.4250608621
  2.80000000   2.10000000   122.4640402835
  2.90000000   2.10000000   119.9658623925
  3.00000000   2.10000000   117.9086145923
  3.10000000   2.10000000   116.2748806083
  3.20000000   2.10000000   115.0514136851
  3.30000000   2.10000000   114.2287374215
  3.40000000   2.10000000   113.8124518467
  3.50000000   2.10000000   113.8124518467

  0.00000000   2.20000000   113.1911049152
  0.10000000   2.20000000   113.1911049152
  0.20000000   2.20000000   113.5847881863
  0.30000000   2.20000000   114.3608986600
  0.40000000   2.20000000   115.5110817076
  0.50000000   2.20000000   117.0404557598
  0.60000000   2.20000000   118.9557392910
  0.70000000   2.20000000   121.2648906349
  0.80000000   2.20000000   123.9762731176
  0.90000000   2.20000000   127.0968792209
  1.00000000   2.20000000   130.6287301835
  1.10000000   2.20000000   134.5617644659
  1.20000000   2.20000000   138.8599855316
  1.30000000   2.20000000   143.4347863687
  1.40000000   2.20000000   148.0949773184
  1.50000000   2.20000000   152.4623032273
  1.60000000   2.20000000   155.8880435765
  1.70000000   2.20000000   157.7803868107
  1.80000000   2.20000000   157.7803868107
  1.90000000   2.20000000   155.8880435765
  2.00000000   2.20000000   152.4623032273
  2.10000000   2.20000000   148.0949773184
  2.20000000   2.20000000   143.4347863687
  2.30000000   2.20000000   138.8599855316
  2.40000000   2.20000000   134.5617644659
  2.50000000   2.20000000   130.6287301835
  2.60000000   2.20000000   127.0968792209
  2.70000000   2.20000000   123.9762731176
  2.80000000   2.20000000   121.2648906349
  2.90000000   2.20000000   118.9557392910
  3.00000000   2.20000000   117.0404557598
  3.10000000   2.20000000   115.5110817076
  3.20000000   2.20000000   114.3608986600
  3.30000000   2.20000000   113.5847881863
  3.40000000   2.20000000   113.1911049152
  3.50000000   2.20000000   113.1911049152

  0.00000000   2.30000000   112.4630086112
  0.10000000   2.30000000   112.4630086112
  0.20000000   2.30000000   112.8312328649
  0.30000000   2.30000000   113.5550471583
  0.40000000   2.30000000   114.6233530173
  0.50000000   2.30000000   116.0370281182
  0.60000000   2.30000000   117.7966024532
  0.70000000   2.30000000   119.9013870805
  0.80000000   2.30000000   122.3479463341
  0.90000000   2.30000000   125.1274617623
  1.00000000   2.30000000   128.2212447011
  1.10000000   2.30000000   131.5932167138
  1.20000000   2.30000000   135.1776228996
  1.30000000   2.30000000   138.8599276584
  1.40000000   2.30000000   142.4503079081
  1.50000000   2.30000000   145.6575042585
  1.60000000   2.30000000   148.0981649051
  1.70000000   2.30000000   149.4227598101
  1.80000000   2.30000000   149.4227598101
  1.90000000   2.30000000   148.0981649051
  2.00000000   2.30000000   145.6575042585
  2.10000000   2.30000000   142.4503079081
  2.20000000   2.30000000   138.8599276584
  2.30000000   2.30000000   135.1776228996
  2.40000000   2.30000000   131.5932167138
  2.50000000   2.30000000   128.2212447011
  2.60000000   2.30000000   125.1274617623
  2.70000000   2.30000000   122.3479463341
  2.80000000   2.30000000   119.9013870805
  2.90000000   2.30000000   117.7966024532
  3.00000000   2.30000000   116.0370281182
  3.10000000   2.30000000   114.6233530173
  3.20000000   2.30000000   113.5550471583
  3.30000000   2.30000000   112.8312328649
  3.40000000   2.30000000   112.4630086112
  3.50000000   2.30000000   112.4630086112

  0.00000000   2.40000000   111.6560303062
  0.10000000   2.40000000   111.6560303062
  0.20000000   2.40000000   111.9972841104
  0.30000000   2.40000000   112.6658739118
  0.40000000   2.40000000   113.6481972963
  0.50000000   2.40000000   114.9413723172
  0.60000000   2.40000000   116.5406100381
  0.70000000   2.40000000   118.4381039593
  0.80000000   2.40000000   120.6212656175
  0.90000000   2.40000000   123.0699793093
  1.00000000   2.40000000   125.7524219295
  1.10000000   2.40000000   128.6188931702
  1.20000000   2.40000000   131.5931824548
  1.30000000   2.40000000   134.5616808225
  1.40000000   2.40000000   137.3626651095
  1.50000000   2.40000000   139.7834332737
  1.60000000   2.40000000   141.5812038187
  1.70000000   2.40000000   142.5425986786
  1.80000000   2.40000000   142.5425986786
  1.90000000   2.40000000   141.5812038187
  2.00000000   2.40000000   139.7834332737
  2.10000000   2.40000000   137.3626651095
  2.20000000   2.40000000   134.5616808225
  2.30000000   2.40000000   131.5931824548
  2.40000000   2.40000000   128.6188931702
  2.50000000   2.40000000   125.7524219295
  2.60000000   2.40000000   123.0699793093
  2.70000000   2.40000000   120.6212656175
  2.80000000   2.40000000   118.4381039593
  2.90000000   2.40000000   116.5406100381
  3.00000000   2.40000000   114.9413723172
  3.10000000   2.40000000   113.6481972963
  3.20000000   2.40000000   112.6658739118
  3.30000000   2.40000000   111.9972841104
  3.40000000   2.40000000   111.6560303062
  3.50000000   2.40000000   111.6560303062

  0.00000000   2.50000000   110.7998096801
  0.10000000   2.50000000   110.7998096801
  0.20000000   2.50000000   111.1138250796
  0.30000000   2.50000000   111.7268223795
  0.40000000   2.50000000   112.6230773545
  0.50000000   2.50000000   113.7966340970
  0.60000000   2.50000000   115.2385097053
  0.70000000   2.50000000   116.9355679917
  0.80000000   2.50000000   118.8688508481
  0.90000000   2.50000000   121.0111860649
  1.00000000   2.50000000   123.3238818763
  1.10000000   2.50000000   125.7523993732
  1.20000000   2.50000000   128.2211914122
  1.30000000   2.50000000   130.6286371282
  1.40000000   2.50000000   132.8444715510
  1.50000000   2.50000000   134.7142978682
  1.60000000   2.50000000   136.0771432706
  1.70000000   2.50000000   136.7974640889
  1.80000000   2.50000000   136.7974640889
  1.90000000   2.50000000   136.0771432706
  2.00000000   2.50000000   134.7142978682
  2.10000000   2.50000000   132.8444715510
  2.20000000   2.50000000   130.6286371282
  2.30000000   2.50000000   128.2211914122
  2.40000000   2.50000000   125.7523993732
  2.50000000   2.50000000   123.3238818763
  2.60000000   2.50000000   121.0111860649
  2.70000000   2.50000000   118.8688508481
  2.80000000   2.50000000   116.9355679917
  2.90000000   2.50000000   115.2385097053
  3.00000000   2.50000000   113.7966340970
  3.10000000   2.50000000   112.6230773545
  3.20000000   2.50000000   111.7268223795
  3.30000000   2.50000000   111.1138250796
  3.40000000   2.50000000   110.7998096801
  3.50000000   2.50000000   110.7998096801

  0.00000000   2.60000000   109.9244171879
  0.10000000   2.60000000   109.9244171879
  0.20000000   2.60000000   110.2119952742
  0.30000000   2.60000000   110.7712046957
  0.40000000   2.60000000   111.5846393206
  0.50000000   2.60000000   112.6440149626
  0.60000000   2.60000000   113.9373081304
  0.70000000   2.60000000   115.4477611997
  0.80000000   2.60000000   117.1524958022
  0.90000000   2.60000000   119.0206707208
  1.00000000   2.60000000   121.0111700563
  1.10000000   2.60000000   123.0699424407
  1.20000000   2.60000000   125.1273986371
  1.30000000   2.60000000   127.0967847127
  1.40000000   2.60000000   128.8751770629
  1.50000000   2.60000000   130.3493951868
  1.60000000   2.60000000   131.4087517489
  1.70000000   2.60000000   131.9636247683
  1.80000000   2.60000000   131.9636247683
  1.90000000   2.60000000   131.4087517489
  2.00000000   2.60000000   130.3493951868
  2.10000000   2.60000000   128.8751770629
  2.20000000   2.60000000   127.0967847127
  2.30000000   2.60000000   125.1273986371
  2.40000000   2.60000000   123.0699424407
  2.50000000   2.60000000   121.0111700563
  2.60000000   2.60000000   119.0206707208
  2.70000000   2.60000000   117.1524958022
  2.80000000   2.60000000   115.4477611997
  2.90000000   2.60000000   113.9373081304
  3.00000000   2.60000000   112.6440149626
  3.10000000   2.60000000   111.5846393206
  3.20000000   2.60000000   110.7712046957
  3.30000000   2.60000000   110.2119952742
  3.40000000   2.60000000   109.9244171879
  3.50000000   2.60000000   109.9244171879

  0.00000000   2.70000000   109.0591855390
  0.10000000   2.70000000   109.0591855390
  0.20000000   2.70000000   109.3219887807
  0.30000000   2.70000000   109.8309396843
  0.40000000   2.70000000   110.5673805515
  0.50000000   2.70000000   111.5213978922
  0.60000000   2.70000000   112.6789587452
  0.70000000   2.70000000   114.0211212567
  0.80000000   2.70000000   115.5229980048
  0.90000000   2.70000000   117.1524838003
  1.00000000   2.70000000   118.8688237296
  1.10000000   2.70000000   120.6212199431
  1.20000000   2.70000000   122.3478786876
  1.30000000   2.70000000   123.9761807577
  1.40000000   2.70000000   125.4249426972
  1.50000000   2.70000000   126.6097918896
  1.60000000   2.70000000   127.4520867555
  1.70000000   2.70000000   127.8902285611
  1.80000000   2.70000000   127.8902285611
  1.90000000   2.70000000   127.4520867555
  2.00000000   2.70000000   126.6097918896
  2.10000000   2.70000000   125.4249426972
  2.20000000   2.70000000   123.9761807577
  2.30000000   2.70000000   122.3478786876
  2.40000000   2.70000000   120.6212199431
  2.50000000   2.70000000   118.8688237296
  2.60000000   2.70000000   117.1524838003
  2.70000000   2.70000000   115.5229980048
  2.80000000   2.70000000   114.0211212567
  2.90000000   2.70000000   112.6789587452
  3.00000000   2.70000000   111.5213978922
  3.10000000   2.70000000   110.5673805515
  3.20000000   2.70000000   109.8309396843
  3.30000000   2.70000000   109.3219887807
  3.40000000   2.70000000   109.0591855390
  3.50000000   2.70000000   109.0591855390

  0.00000000   2.80000000   108.2317512933
  0.10000000   2.80000000   108.2317512933
  0.20000000   2.80000000   108.4720956935
  0.30000000   2.80000000   108.9356026360
  0.40000000   2.80000000   109.6027383127
  0.50000000   2.80000000   110.4625480207
  0.60000000   2.80000000   111.4998211303
  0.70000000   2.80000000   112.6945254529
  0.80000000   2.80000000   114.0211119113
  0.90000000   2.80000000   115.4477403460
  1.00000000   2.80000000   116.9355332830
  1.10000000   2.80000000   118.4380530307
  1.20000000   2.80000000   119.9013178548
  1.30000000   2.80000000   121.2648017898
  1.40000000   2.80000000   122.4639318445
  1.50000000   2.80000000   123.4344776391
  1.60000000   2.80000000   124.1187681571
  1.70000000   2.80000000   124.4728457996
  1.80000000   2.80000000   124.4728457996
  1.90000000   2.80000000   124.1187681571
  2.00000000   2.80000000   123.4344776391
  2.10000000   2.80000000   122.4639318445
  2.20000000   2.80000000   121.2648017898
  2.30000000   2.80000000   119.9013178548
  2.40000000   2.80000000   118.4380530307
  2.50000000   2.80000000   116.9355332830
  2.60000000   2.80000000   115.4477403460
  2.70000000   2.80000000   114.0211119113
  2.80000000   2.80000000   112.6945254529
  2.90000000   2.80000000   111.4998211303
  3.00000000   2.80000000   110.4625480207
  3.10000000   2.80000000   109.6027383127
  3.20000000   2.80000000   108.9356026360
  3.30000000   2.80000000   108.4720956935
  3.40000000   2.80000000   108.2317512933
  3.50000000   2.80000000   108.2317512933

  0.00000000   2.90000000   107.4673099197
  0.10000000   2.90000000   107.4673099197
  0.20000000   2.90000000   107.6879812179
  0.30000000   2.90000000   108.1117591783
  0.40000000   2.90000000   108.7185288940
  0.50000000   2.90000000   109.4967440224
  0.60000000   2.90000000   110.4306278471
  0.70000000   2.90000000   111.4998136972
  0.80000000   2.90000000   112.6789422447
  0.90000000   2.90000000   113.9372808329
  1.00000000   2.90000000   115.2384698733
  1.10000000   2.90000000   116.5405560830
  1.20000000   2.90000000   117.7965331756
  1.30000000   2.90000000   118.9556541985
  1.40000000   2.90000000   119.9657620533
  1.50000000   2.90000000   120.7767456189
  1.60000000   2.90000000   121.3449240885
  1.70000000   2.90000000   121.6377338167
  1.80000000   2.90000000   121.6377338167
  1.90000000   2.90000000   121.3449240885
  2.00000000   2.90000000   120.7767456189
  2.10000000   2.90000000   119.9657620533
  2.20000000   2.90000000   118.9556541985
  2.30000000   2.90000000   117.7965331756
  2.40000000   2.90000000   116.5405560830
  2.50000000   2.90000000   115.2384698733
  2.60000000   2.90000000   113.9372808329
  2.70000000   2.90000000   112.6789422447
  2.80000000   2.90000000   111.4998136972
  2.90000000   2.90000000   110.4306278471
  3.00000000   2.90000000   109.4967440224
  3.10000000   2.90000000   108.7185288940
  3.20000000   2.90000000   108.1117591783
  3.30000000   2.90000000   107.6879812179
  3.40000000   2.90000000   107.4673099197
  3.50000000   2.90000000   107.4673099197

  0.00000000   3.00000000   106.7880627325
  0.10000000   3.00000000   106.7880627325
  0.20000000   3.00000000   106.9921740185
  0.30000000   3.00000000   107.3825347739
  0.40000000   3.00000000   107.9386518393
  0.50000000   3.00000000   108.6486981306
  0.60000000   3.00000000   109.4967380910
  0.70000000   3.00000000   110.4625348104
  0.80000000   3.00000000   111.5213760143
  0.90000000   3.00000000   112.6439830386
  1.00000000   3.00000000   113.7965908470
  1.10000000   3.00000000   114.9413166937
  1.20000000   3.00000000   116.0369594848
  1.30000000   3.00000000   117.0403741027
  1.40000000   3.00000000   117.9085207279
  1.50000000   3.00000000   118.6011743569
  1.60000000   3.00000000   119.0840892055
  1.70000000   3.00000000   119.3321881494
  1.80000000   3.00000000   119.3321881494
  1.90000000   3.00000000   119.0840892055
  2.00000000   3.00000000   118.6011743569
  2.10000000   3.00000000   117.9085207279
  2.20000000   3.00000000   117.0403741027
  2.30000000   3.00000000   116.0369594848
  2.40000000   3.00000000   114.9413166937
  2.50000000   3.00000000   113.7965908470
  2.60000000   3.00000000   112.6439830386
  2.70000000   3.00000000   111.5213760143
  2.80000000   3.00000000   110.4625348104
  2.90000000   3.00000000   109.4967380910
  3.00000000   3.00000000   108.6486981306
  3.10000000   3.00000000   107.9386518393
  3.20000000   3.00000000   107.3825347739
  3.30000000   3.00000000   106.9921740185
  3.40000000   3.00000000   106.7880627325
  3.50000000   3.00000000   106.7880627325

  0.00000000   3.10000000   106.2128161187
  0.10000000   3.10000000   106.2128161187
  0.20000000   3.10000000   106.4037256915
  0.30000000   3.10000000   106.7673675742
  0.40000000   3.10000000   107.2829791270
  0.50000000   3.10000000   107.9386471901
  0.60000000   3.10000000   108.7185183957
  0.70000000   3.10000000   109.6027207522
  0.80000000   3.10000000   110.5673547383
  0.90000000   3.10000000   111.5846041428
  1.00000000   3.10000000   112.6230318605
  1.10000000   3.10000000   113.6481408035
  1.20000000   3.10000000   114.6232852433
  1.30000000   3.10000000   115.5110029094
  1.40000000   3.10000000   116.2747917037
  1.50000000   3.10000000   116.8812697251
  1.60000000   3.10000000   117.3025400458
  1.70000000   3.10000000   117.5184622192
  1.80000000   3.10000000   117.5184622192
  1.90000000   3.10000000   117.3025400458
  2.00000000   3.10000000   116.8812697251
  2.10000000   3.10000000   116.2747917037
  2.20000000   3.10000000   115.5110029094
  2.30000000   3.10000000   114.6232852433
  2.40000000   3.10000000   113.6481408035
  2.50000000   3.10000000   112.6230318605
  2.60000000   3.10000000   111.5846041428
  2.70000000   3.10000000   110.5673547383
  2.80000000   3.10000000   109.6027207522
  2.90000000   3.10000000   108.7185183957
  3.00000000   3.10000000   107.9386471901
  3.10000000   3.10000000   107.2829791270
  3.20000000   3.10000000   106.7673675742
  3.30000000   3.10000000   106.4037256915
  3.40000000   3.10000000   106.2128161187
  3.50000000   3.10000000   106.2128161187

  0.00000000   3.20000000   105.7566741195
  0.10000000   3.20000000   105.7566741195
  0.20000000   3.20000000   105.9380093210
  0.30000000   3.20000000   106.2819024281
  0.40000000   3.20000000   106.7673640921
  0.50000000   3.20000000   107.3825266890
  0.60000000   3.20000000   108.1117453565
  0.70000000   3.20000000   108.9355819667
  0.80000000   3.20000000   109.8309111224
  0.90000000   3.20000000   110.7711673179
  1.00000000   3.20000000   111.7267754565
  1.10000000   3.20000000   112.6658169969
  1.20000000   3.20000000   113.5549801845
  1.30000000   3.20000000   114.3608220335
  1.40000000   3.20000000   115.0513283564
  1.50000000   3.20000000   115.5976963315
  1.60000000   3.20000000   115.9761905409
  1.70000000   3.20000000   116.1698580146
  1.80000000   3.20000000   116.1698580146
  1.90000000   3.20000000   115.9761905409
  2.00000000   3.20000000   115.5976963315
  2.10000000   3.20000000   115.0513283564
  2.20000000   3.20000000   114.3608220335
  2.30000000   3.20000000   113.5549801845
  2.40000000   3.20000000   112.6658169969
  2.50000000   3.20000000   111.7267754565
  2.60000000   3.20000000   110.7711673179
  2.70000000   3.20000000   109.8309111224
  2.80000000   3.20000000   108.9355819667
  2.90000000   3.20000000   108.1117453565
  3.00000000   3.20000000   107.3825266890
  3.10000000   3.20000000   106.7673640921
  3.20000000   3.20000000   106.2819024281
  3.30000000   3.20000000   105.9380093210
  3.40000000   3.20000000   105.7566741195
  3.50000000   3.20000000   105.7566741195

  0.00000000   3.30000000   105.4307193630
  0.10000000   3.30000000   105.4307193630
  0.20000000   3.30000000   105.6066683306
  0.30000000   3.30000000   105.9380069087
  0.40000000   3.30000000   106.4037198582
  0.50000000   3.30000000   106.9921636551
  0.60000000   3.30000000   107.6879652234
  0.70000000   3.30000000   108.4720730201
  0.80000000   3.30000000   109.3219584762
  0.90000000   3.30000000   110.2119565338
  1.00000000   3.30000000   111.1137773106
  1.10000000   3.30000000   111.9972270059
  1.20000000   3.30000000   112.8311664799
  1.30000000   3.30000000   113.5847130044
  1.40000000   3.30000000   114.2286543985
  1.50000000   3.30000000   114.7369978255
  1.60000000   3.30000000   115.0885259605
  1.70000000   3.30000000   115.2681946720
  1.80000000   3.30000000   115.2681946720
  1.90000000   3.30000000   115.0885259605
  2.00000000   3.30000000   114.7369978255
  2.10000000   3.30000000   114.2286543985
  2.20000000   3.30000000   113.5847130044
  2.30000000   3.30000000   112.8311664799
  2.40000000   3.30000000   111.9972270059
  2.50000000   3.30000000   111.1137773106
  2.60000000   3.30000000   110.2119565338
  2.70000000   3.30000000   109.3219584762
  2.80000000   3.30000000   108.4720730201
  2.90000000   3.30000000   107.6879652234
  3.00000000   3.30000000   106.9921636551
  3.10000000   3.30000000   106.4037198582
  3.20000000   3.30000000   105.9380069087
  3.30000000   3.30000000   105.6066683306
  3.40000000   3.30000000   105.4307193630
  3.50000000   3.30000000   105.4307193630

  0.00000000   3.40000000   105.2414153094
  0.10000000   3.40000000   105.2414153094
  0.20000000   3.40000000   105.4179167686
  0.30000000   3.40000000   105.7439140327
  0.40000000   3.40000000   106.2001149666
  0.50000000   3.40000000   106.7754355992
  0.60000000   3.40000000   107.4547699246
  0.70000000   3.40000000   108.2193090856
  0.80000000   3.40000000   109.0468488617
  0.90000000   3.40000000   109.9121905127
  1.00000000   3.40000000   110.7876939277
  1.10000000   3.40000000   111.6440226739
  1.20000000   3.40000000   112.4511025294
  1.30000000   3.40000000   113.1792901529
  1.40000000   3.40000000   113.8007147782
  1.50000000   3.40000000   114.2907158548
  1.60000000   3.40000000   114.6292605073
  1.70000000   3.40000000   114.8021971932
  1.80000000   3.40000000   114.8021971932
  1.90000000   3.40000000   114.6292605073
  2.00000000   3.40000000   114.2907158548
  2.10000000   3.40000000   113.8007147782
  2.20000000   3.40000000   113.1792901529
  2.30000000   3.40000000   112.4511025294
  2.40000000   3.40000000   111.6440226739
  2.50000000   3.40000000   110.7876939277
  2.60000000   3.40000000   109.9121905127
  2.70000000   3.40000000   109.0468488617
  2.80000000   3.40000000   108.2193090856
  2.90000000   3.40000000   107.4547699246
  3.00000000   3.40000000   106.7754355992
  3.10000000   3.40000000   106.2001149666
  3.20000000   3.40000000   105.7439140327
  3.30000000   3.40000000   105.4179167686
  3.40000000   3.40000000   105.2414153094
  3.50000000   3.40000000   105.2414153094

  0.00000000   3.50000000   105.2414153094
  0.10000000   3.50000000   105.2414153094
  0.20000000   3.50000000   105.4179167686
  0.30000000   3.50000000   105.7439140327
  0.40000000   3.50000000   106.2001149666
  0.50000000   3.50000000   106.7754355992
  0.60000000   3.50000000   107.4547699246
  0.70000000   3.50000000   108.2193090856
  0.80000000   3.50000000   109.0468488617
  0.90000000   3.50000000   109.9121905127
  1.00000000   3.50000000   110.7876939277
  1.10000000   3.50000000   111.6440226739
  1.20000000   3.50000000   112.4511025294
  1.30000000   3.50000000   113.1792901529
  1.40000000   3.50000000   113.8007147782
  1.50000000   3.50000000   114.2907158548
  1.60000000   3.50000000   114.6292605073
  1.70000000   3.50000000   114.8021971932
  1.80000000   3.50000000   114.8021971932
  1.90000000   3.50000000   114.6292605073
  2.00000000   3.50000000   114.2907158548
  2.10000000   3.50000000   113.8007147782
  2.20000000   3.50000000   113.1792901529
  2.30000000   3.50000000   112.4511025294
  2.40000000   3.50000000   111.6440226739
  2.50000000   3.50000000   110.7876939277
  2.60000000   3.50000000   109.9121905127
  2.70000000   3.50000000   109.0468488617
  2.80000000   3.50000000   108.2193090856
  2.90000000   3.50000000   107.4547699246
  3.00000000   3.50000000   106.7754355992
  3.10000000   3.50000000   106.2001149666
  3.20000000   3.50000000   105.7439140327
  3.30000000   3.50000000   105.4179167686
  3.40000000   3.50000000   105.2414153094
  3.50000000   3.50000000   105.2414153094

