  0.00000000   0.00000000     0.0046354913
  0.10000000   0.00000000     0.0046354913
  0.20000000   0.00000000     0.0064881678
  0.30000000   0.00000000     0.0103561242
  0.40000000   0.00000000     0.0168291616
  0.50000000   0.00000000     0.0269009337
  0.60000000   0.00000000     0.0418036444
  0.70000000   0.00000000     0.0628965605
  0.80000000   0.00000000     0.0914673630
  0.90000000   0.00000000     0.1284435730
  1.00000000   0.00000000     0.1740399643
  1.10000000   0.00000000     0.2274041893
  1.20000000   0.00000000     0.2863554621
  1.30000000   0.00000000     0.3473243673
  1.40000000   0.00000000     0.4055809550
  1.50000000   0.00000000     0.4557774148
  1.60000000   0.00000000     0.4927411765
  1.70000000   0.00000000     0.5123622573
  1.80000000   0.00000000     0.5123622573
  1.90000000   0.00000000     0.4927411765
  2.00000000   0.00000000     0.4557774148
  2.10000000   0.00000000     0.4055809550
  2.20000000   0.00000000     0.3473243673
  2.30000000   0.00000000     0.2863554621
  2.40000000   0.00000000     0.2274041893
  2.50000000   0.00000000     0.1740399643
  2.60000000   0.00000000     0.1284435730
  2.70000000   0.00000000     0.0914673630
  2.80000000   0.00000000     0.0628965605
  2.90000000   0.00000000     0.0418036444
  3.00000000   0.00000000     0.0269009337
  3.10000000   0.00000000     0.0168291616
  3.20000000   0.00000000     0.0103561242
  3.30000000   0.00000000     0.0064881678
  3.40000000   0.00000000     0.0046354913
  3.50000000   0.00000000     0.0046354913

  0.00000000   0.10000000     0.0046354913
  0.10000000   0.10000000     0.0046354913
  0.20000000   0.10000000     0.0064881678
  0.30000000   0.10000000     0.0103561242
  0.40000000   0.10000000     0.0168291616
  0.50000000   0.10000000     0.0269009337
  0.60000000   0.10000000     0.0418036444
  0.70000000   0.10000000     0.0628965605
  0.80000000   0.10000000     0.0914673630
  0.90000000   0.10000000     0.1284435730
  1.00000000   0.10000000     0.1740399643
  1.10000000   0.10000000     0.2274041893
  1.20000000   0.10000000     0.2863554621
  1.30000000   0.10000000     0.3473243673
  1.40000000   0.10000000     0.4055809550
  1.50000000   0.10000000     0.4557774148
  1.60000000   0.10000000     0.4927411765
  1.70000000   0.10000000     0.5123622573
  1.80000000   0.10000000     0.5123622573
  1.90000000   0.10000000     0.4927411765
  2.00000000   0.10000000     0.4557774148
  2.10000000   0.10000000     0.4055809550
  2.20000000   0.10000000     0.3473243673
  2.30000000   0.10000000     0.2863554621
  2.40000000   0.10000000     0.2274041893
  2.50000000   0.10000000     0.1740399643
  2.60000000   0.10000000     0.1284435730
  2.70000000   0.10000000     0.0914673630
  2.80000000   0.10000000     0.0628965605
  2.90000000   0.10000000     0.0418036444
  3.00000000   0.10000000     0.0269009337
  3.10000000   0.10000000     0.0168291616
  3.20000000   0.10000000     0.0103561242
  3.30000000   0.10000000     0.0064881678
  3.40000000   0.10000000     0.0046354913
  3.50000000   0.10000000     0.0046354913

  0.00000000   0.20000000     0.0066534299
  0.10000000   0.20000000     0.0066534299
  0.20000000   0.20000000     0.0092167228
  0.30000000   0.20000000     0.0146494872
  0.40000000   0.20000000     0.0237588712
  0.50000000   0.20000000     0.0379323541
  0.60000000   0.20000000     0.0588983739
  0.70000000   0.20000000     0.0885690363
  0.80000000   0.20000000     0.1287628000
  0.90000000   0.20000000     0.1808006400
  1.00000000   0.20000000     0.2450097076
  1.10000000   0.20000000     0.3202198451
  1.20000000   0.20000000     0.4033856760
  1.30000000   0.20000000     0.4894885286
  1.40000000   0.20000000     0.5718463334
  1.50000000   0.20000000     0.6428754253
  1.60000000   0.20000000     0.6952183785
  1.70000000   0.20000000     0.7230161019
  1.80000000   0.20000000     0.7230161019
  1.90000000   0.20000000     0.6952183785
  2.00000000   0.20000000     0.6428754253
  2.10000000   0.20000000     0.5718463334
  2.20000000   0.20000000     0.4894885286
  2.30000000   0.20000000     0.4033856760
  2.40000000   0.20000000     0.3202198451
  2.50000000   0.20000000     0.2450097076
  2.60000000   0.20000000     0.1808006400
  2.70000000   0.20000000     0.1287628000
  2.80000000   0.20000000     0.0885690363
  2.90000000   0.20000000     0.0588983739
  3.00000000   0.20000000     0.0379323541
  3.10000000   0.20000000     0.0237588712
  3.20000000   0.20000000     0.0146494872
  3.30000000   0.20000000     0.0092167228
  3.40000000   0.20000000     0.0066534299
  3.50000000   0.20000000     0.0066534299

  0.00000000   0.30000000     0.0105960351
  0.10000000   0.30000000     0.0105960351
  0.20000000   0.30000000     0.0146359984
  0.30000000   0.30000000     0.0232387826
  0.40000000   0.30000000     0.0377044215
  0.50000000   0.30000000     0.0602560415
  0.60000000   0.30000000     0.0936802019
  0.70000000   0.30000000     0.1410827464
  0.80000000   0.30000000     0.2054508509
  0.90000000   0.30000000     0.2890057578
  1.00000000   0.30000000     0.3923946325
  1.10000000   0.30000000     0.5138541856
  1.20000000   0.30000000     0.6485606302
  1.30000000   0.30000000     0.7884245696
  1.40000000   0.30000000     0.9225566828
  1.50000000   0.30000000     1.0384970961
  1.60000000   0.30000000     1.1240822760
  1.70000000   0.30000000     1.1695826442
  1.80000000   0.30000000     1.1695826442
  1.90000000   0.30000000     1.1240822760
  2.00000000   0.30000000     1.0384970961
  2.10000000   0.30000000     0.9225566828
  2.20000000   0.30000000     0.7884245696
  2.30000000   0.30000000     0.6485606302
  2.40000000   0.30000000     0.5138541856
  2.50000000   0.30000000     0.3923946325
  2.60000000   0.30000000     0.2890057578
  2.70000000   0.30000000     0.2054508509
  2.80000000   0.30000000     0.1410827464
  2.90000000   0.30000000     0.0936802019
  3.00000000   0.30000000     0.0602560415
  3.10000000   0.30000000     0.0377044215
  3.20000000   0.30000000     0.0232387826
  3.30000000   0.30000000     0.0146359984
  3.40000000   0.30000000     0.0105960351
  3.50000000   0.30000000     0.0105960351

  0.00000000   0.40000000     0.0171835846
  0.10000000   0.40000000     0.0171835846
  0.20000000   0.40000000     0.0237184418
  0.30000000   0.40000000     0.0376750337
  0.40000000   0.40000000     0.0612147681
  0.50000000   0.40000000     0.0980108631
  0.60000000   0.40000000     0.1527003430
  0.70000000   0.40000000     0.2305000084
  0.80000000   0.40000000     0.3364989351
  0.90000000   0.40000000     0.4745913174
  1.00000000   0.40000000     0.6461167388
  1.10000000   0.40000000     0.8484173448
  1.20000000   0.40000000     1.0736687794
  1.30000000   0.40000000     1.3084349184
  1.40000000   0.40000000     1.5343637385
  1.50000000   0.40000000     1.7302292917
  1.60000000   0.40000000     1.8751407798
  1.70000000   0.40000000     1.9522904753
  1.80000000   0.40000000     1.9522904753
  1.90000000   0.40000000     1.8751407798
  2.00000000   0.40000000     1.7302292917
  2.10000000   0.40000000     1.5343637385
  2.20000000   0.40000000     1.3084349184
  2.30000000   0.40000000     1.0736687794
  2.40000000   0.40000000     0.8484173448
  2.50000000   0.40000000     0.6461167388
  2.60000000   0.40000000     0.4745913174
  2.70000000   0.40000000     0.3364989351
  2.80000000   0.40000000     0.2305000084
  2.90000000   0.40000000     0.1527003430
  3.00000000   0.40000000     0.0980108631
  3.10000000   0.40000000     0.0612147681
  3.20000000   0.40000000     0.0376750337
  3.30000000   0.40000000     0.0237184418
  3.40000000   0.40000000     0.0171835846
  3.50000000   0.40000000     0.0171835846

  0.00000000   0.50000000     0.0274174515
  0.10000000   0.50000000     0.0274174515
  0.20000000   0.50000000     0.0378432899
  0.30000000   0.50000000     0.0601705700
  0.40000000   0.50000000     0.0979484810
  0.50000000   0.50000000     0.1571787451
  0.60000000   0.50000000     0.2454981148
  0.70000000   0.50000000     0.3715897084
  0.80000000   0.50000000     0.5440616450
  0.90000000   0.50000000     0.7697135646
  1.00000000   0.50000000     1.0512741859
  1.10000000   0.50000000     1.3849294253
  1.20000000   0.50000000     1.7582228035
  1.30000000   0.50000000     2.1491035335
  1.40000000   0.50000000     2.5268937152
  1.50000000   0.50000000     2.8556247502
  1.60000000   0.50000000     3.0995272274
  1.70000000   0.50000000     3.2296103960
  1.80000000   0.50000000     3.2296103960
  1.90000000   0.50000000     3.0995272274
  2.00000000   0.50000000     2.8556247502
  2.10000000   0.50000000     2.5268937152
  2.20000000   0.50000000     2.1491035335
  2.30000000   0.50000000     1.7582228035
  2.40000000   0.50000000     1.3849294253
  2.50000000   0.50000000     1.0512741859
  2.60000000   0.50000000     0.7697135646
  2.70000000   0.50000000     0.5440616450
  2.80000000   0.50000000     0.3715897084
  2.90000000   0.50000000     0.2454981148
  3.00000000   0.50000000     0.1571787451
  3.10000000   0.50000000     0.0979484810
  3.20000000   0.50000000     0.0601705700
  3.30000000   0.50000000     0.0378432899
  3.40000000   0.50000000     0.0274174515
  3.50000000   0.50000000     0.0274174515

  0.00000000   0.60000000     0.0425368625
  0.10000000   0.60000000     0.0425368625
  0.20000000   0.60000000     0.0587284012
  0.30000000   0.60000000     0.0934978742
  0.40000000   0.60000000     0.1525232637
  0.50000000   0.60000000     0.2453700620
  0.60000000   0.60000000     0.3843168835
  0.70000000   0.60000000     0.5834919729
  0.80000000   0.60000000     0.8571577454
  0.90000000   0.60000000     1.2169796887
  1.00000000   0.60000000     1.6683595307
  1.10000000   0.60000000     2.2062896813
  1.20000000   0.60000000     2.8116383116
  1.30000000   0.60000000     3.4491639563
  1.40000000   0.60000000     4.0686650682
  1.50000000   0.60000000     4.6102392962
  1.60000000   0.60000000     5.0135109981
  1.70000000   0.60000000     5.2290809995
  1.80000000   0.60000000     5.2290809995
  1.90000000   0.60000000     5.0135109981
  2.00000000   0.60000000     4.6102392962
  2.10000000   0.60000000     4.0686650682
  2.20000000   0.60000000     3.4491639563
  2.30000000   0.60000000     2.8116383116
  2.40000000   0.60000000     2.2062896813
  2.50000000   0.60000000     1.6683595307
  2.60000000   0.60000000     1.2169796887
  2.70000000   0.60000000     0.8571577454
  2.80000000   0.60000000     0.5834919729
  2.90000000   0.60000000     0.3843168835
  3.00000000   0.60000000     0.2453700620
  3.10000000   0.60000000     0.1525232637
  3.20000000   0.60000000     0.0934978742
  3.30000000   0.60000000     0.0587284012
  3.40000000   0.60000000     0.0425368625
  3.50000000   0.60000000     0.0425368625

  0.00000000   0.70000000     0.0639057452
  0.10000000   0.70000000     0.0639057452
  0.20000000   0.70000000     0.0882737562
  0.30000000   0.70000000     0.1407465724
  0.40000000   0.70000000     0.2301334828
  0.50000000   0.70000000     0.3712370515
  0.60000000   0.70000000     0.5832432790
  0.70000000   0.70000000     0.8885247531
  0.80000000   0.70000000     1.3101302046
  0.90000000   0.70000000     1.8676429504
  1.00000000   0.70000000     2.5714312980
  1.10000000   0.70000000     3.4158829176
  1.20000000   0.70000000     4.3729612907
  1.30000000   0.70000000     5.3881724668
  1.40000000   0.70000000     6.3814442117
  1.50000000   0.70000000     7.2549932123
  1.60000000   0.70000000     7.9084980737
  1.70000000   0.70000000     8.2588586573
  1.80000000   0.70000000     8.2588586573
  1.90000000   0.70000000     7.9084980737
  2.00000000   0.70000000     7.2549932123
  2.10000000   0.70000000     6.3814442117
  2.20000000   0.70000000     5.3881724668
  2.30000000   0.70000000     4.3729612907
  2.40000000   0.70000000     3.4158829176
  2.50000000   0.70000000     2.5714312980
  2.60000000   0.70000000     1.8676429504
  2.70000000   0.70000000     1.3101302046
  2.80000000   0.70000000     0.8885247531
  2.90000000   0.70000000     0.5832432790
  3.00000000   0.70000000     0.3712370515
  3.10000000   0.70000000     0.2301334828
  3.20000000   0.70000000     0.1407465724
  3.30000000   0.70000000     0.0882737562
  3.40000000   0.70000000     0.0639057452
  3.50000000   0.70000000     0.0639057452

  0.00000000   0.80000000     0.0928122625
  0.10000000   0.80000000     0.0928122625
  0.20000000   0.80000000     0.1282858569
  0.30000000   0.80000000     0.2048877845
  0.40000000   0.80000000     0.3358458565
  0.50000000   0.80000000     0.5433568444
  0.60000000   0.80000000     0.8564976907
  0.70000000   0.80000000     1.3096812972
  0.80000000   0.80000000     1.9391715391
  0.90000000   0.80000000     2.7770779969
  1.00000000   0.80000000     3.8426833935
  1.10000000   0.80000000     5.1317510203
  1.20000000   0.80000000     6.6056132149
  1.30000000   0.80000000     8.1832037952
  1.40000000   0.80000000     9.7403346135
  1.50000000   0.80000000    11.1205409302
  1.60000000   0.80000000    12.1593998060
  1.70000000   0.80000000    12.7185053446
  1.80000000   0.80000000    12.7185053446
  1.90000000   0.80000000    12.1593998060
  2.00000000   0.80000000    11.1205409302
  2.10000000   0.80000000     9.7403346135
  2.20000000   0.80000000     8.1832037952
  2.30000000   0.80000000     6.6056132149
  2.40000000   0.80000000     5.1317510203
  2.50000000   0.80000000     3.8426833935
  2.60000000   0.80000000     2.7770779969
  2.70000000   0.80000000     1.9391715391
  2.80000000   0.80000000     1.3096812972
  2.90000000   0.80000000     0.8564976907
  3.00000000   0.80000000     0.5433568444
  3.10000000   0.80000000     0.3358458565
  3.20000000   0.80000000     0.2048877845
  3.30000000   0.80000000     0.1282858569
  3.40000000   0.80000000     0.0928122625
  3.50000000   0.80000000     0.0928122625

  0.00000000   0.90000000     0.1301787278
  0.10000000   0.90000000     0.1301787278
  0.20000000   0.90000000     0.1800764704
  0.30000000   0.90000000     0.2881303163
  0.40000000   0.90000000     0.4735371058
  0.50000000   0.90000000     0.7685046635
  0.60000000   0.90000000     1.2157123067
  0.70000000   0.90000000     1.8665008781
  0.80000000   0.90000000     2.7763348142
  0.90000000   0.90000000     3.9965456932
  1.00000000   0.90000000     5.5618410184
  1.10000000   0.90000000     7.4740501929
  1.20000000   0.90000000     9.6841966102
  1.30000000   0.90000000    12.0772507103
  1.40000000   0.90000000    14.4665308832
  1.50000000   0.90000000    16.6064632468
  1.60000000   0.90000000    18.2302561784
  1.70000000   0.90000000    19.1086137175
  1.80000000   0.90000000    19.1086137175
  1.90000000   0.90000000    18.2302561784
  2.00000000   0.90000000    16.6064632468
  2.10000000   0.90000000    14.4665308832
  2.20000000   0.90000000    12.0772507103
  2.30000000   0.90000000     9.6841966102
  2.40000000   0.90000000     7.4740501929
  2.50000000   0.90000000     5.5618410184
  2.60000000   0.90000000     3.9965456932
  2.70000000   0.90000000     2.7763348142
  2.80000000   0.90000000     1.8665008781
  2.90000000   0.90000000     1.2157123067
  3.00000000   0.90000000     0.7685046635
  3.10000000   0.90000000     0.4735371058
  3.20000000   0.90000000     0.2881303163
  3.30000000   0.90000000     0.1800764704
  3.40000000   0.90000000     0.1301787278
  3.50000000   0.90000000     0.1301787278

  0.00000000   1.00000000     0.1762082276
  0.10000000   1.00000000     0.1762082276
  0.20000000   1.00000000     0.2439694130
  0.30000000   1.00000000     0.3911166840
  0.40000000   1.00000000     0.6445400018
  0.50000000   1.00000000     1.0493993758
  0.60000000   1.00000000     1.6662751724
  0.70000000   1.00000000     2.5693337772
  0.80000000   1.00000000     3.8408803613
  0.90000000   1.00000000     5.5607272906
  1.00000000   1.00000000     7.7892046147
  1.10000000   1.00000000    10.5436508625
  1.20000000   1.00000000    13.7701368945
  1.30000000   1.00000000    17.3154350425
  1.40000000   1.00000000    20.9093303585
  1.50000000   1.00000000    24.1737527460
  1.60000000   1.00000000    26.6778175604
  1.70000000   1.00000000    28.0414341140
  1.80000000   1.00000000    28.0414341140
  1.90000000   1.00000000    26.6778175604
  2.00000000   1.00000000    24.1737527460
  2.10000000   1.00000000    20.9093303585
  2.20000000   1.00000000    17.3154350425
  2.30000000   1.00000000    13.7701368945
  2.40000000   1.00000000    10.5436508625
  2.50000000   1.00000000     7.7892046147
  2.60000000   1.00000000     5.5607272906
  2.70000000   1.00000000     3.8408803613
  2.80000000   1.00000000     2.5693337772
  2.90000000   1.00000000     1.6662751724
  3.00000000   1.00000000     1.0493993758
  3.10000000   1.00000000     0.6445400018
  3.20000000   1.00000000     0.3911166840
  3.30000000   1.00000000     0.2439694130
  3.40000000   1.00000000     0.1762082276
  3.50000000   1.00000000     0.1762082276

  0.00000000   1.10000000     0.2300304672
  0.10000000   1.10000000     0.2300304672
  0.20000000   1.10000000     0.3188000824
  0.30000000   1.10000000     0.5120907177
  0.40000000   1.10000000     0.8462059846
  0.50000000   1.10000000     1.3822390241
  0.60000000   1.10000000     2.2031945081
  0.70000000   1.10000000     3.4125885265
  0.80000000   1.10000000     5.1285997789
  0.90000000   1.10000000     7.4714919230
  1.00000000   1.10000000    10.5421695038
  1.10000000   1.10000000    14.3903966861
  1.20000000   1.10000000    18.9727739281
  1.30000000   1.10000000    24.1040341704
  1.40000000   1.10000000    29.4129652882
  1.50000000   1.10000000    34.3301108615
  1.60000000   1.10000000    38.1571400429
  1.70000000   1.10000000    40.2594568618
  1.80000000   1.10000000    40.2594568618
  1.90000000   1.10000000    38.1571400429
  2.00000000   1.10000000    34.3301108615
  2.10000000   1.10000000    29.4129652882
  2.20000000   1.10000000    24.1040341704
  2.30000000   1.10000000    18.9727739281
  2.40000000   1.10000000    14.3903966861
  2.50000000   1.10000000    10.5421695038
  2.60000000   1.10000000     7.4714919230
  2.70000000   1.10000000     5.1285997789
  2.80000000   1.10000000     3.4125885265
  2.90000000   1.10000000     2.2031945081
  3.00000000   1.10000000     1.3822390241
  3.10000000   1.10000000     0.8462059846
  3.20000000   1.10000000     0.5120907177
  3.30000000   1.10000000     0.3188000824
  3.40000000   1.10000000     0.2300304672
  3.50000000   1.10000000     0.2300304672

  0.00000000   1.20000000     0.2894417383
  0.10000000   1.20000000     0.2894417383
  0.20000000   1.20000000     0.4015395823
  0.30000000   1.20000000     0.6462501252
  0.40000000   1.20000000     1.0707395387
  0.50000000   1.20000000     1.7546056692
  0.60000000   1.20000000     2.8073892279
  0.70000000   1.20000000     4.3682946120
  0.80000000   1.20000000     6.6009111834
  0.90000000   1.20000000     9.6799760397
  1.00000000   1.20000000    13.7669592597
  1.10000000   1.20000000    18.9710983735
  1.20000000   1.20000000    25.2924663043
  1.30000000   1.20000000    32.5445541989
  1.40000000   1.20000000    40.2599400110
  1.50000000   1.20000000    47.6085788499
  1.60000000   1.20000000    53.4387323618
  1.70000000   1.20000000    56.6770514666
  1.80000000   1.20000000    56.6770514666
  1.90000000   1.20000000    53.4387323618
  2.00000000   1.20000000    47.6085788499
  2.10000000   1.20000000    40.2599400110
  2.20000000   1.20000000    32.5445541989
  2.30000000   1.20000000    25.2924663043
  2.40000000   1.20000000    18.9710983735
  2.50000000   1.20000000    13.7669592597
  2.60000000   1.20000000     9.6799760397
  2.70000000   1.20000000     6.6009111834
  2.80000000   1.20000000     4.3682946120
  2.90000000   1.20000000     2.8073892279
  3.00000000   1.20000000     1.7546056692
  3.10000000   1.20000000     1.0707395387
  3.20000000   1.20000000     0.6462501252
  3.30000000   1.20000000     0.4015395823
  3.40000000   1.20000000     0.2894417383
  3.50000000   1.20000000     0.2894417383

  0.00000000   1.30000000     0.3508468701
  0.10000000   1.30000000     0.3508468701
  0.20000000   1.30000000     0.4871968352
  0.30000000   1.30000000     0.7855414921
  0.40000000   1.30000000     1.3047528357
  0.50000000   1.30000000     2.1445128657
  0.60000000   1.30000000     3.4437017464
  0.70000000   1.30000000     5.3820650343
  0.80000000   1.30000000     8.1768830760
  0.90000000   1.30000000    12.0713209225
  1.00000000   1.30000000    17.3105704679
  1.10000000   1.30000000    24.1008002207
  1.20000000   1.30000000    32.5431590621
  1.30000000   1.30000000    42.5287247066
  1.40000000   1.30000000    53.5694876166
  1.50000000   1.30000000    64.5409335156
  1.60000000   1.30000000    73.4556465453
  1.70000000   1.30000000    78.4738010431
  1.80000000   1.30000000    78.4738010431
  1.90000000   1.30000000    73.4556465453
  2.00000000   1.30000000    64.5409335156
  2.10000000   1.30000000    53.5694876166
  2.20000000   1.30000000    42.5287247066
  2.30000000   1.30000000    32.5431590621
  2.40000000   1.30000000    24.1008002207
  2.50000000   1.30000000    17.3105704679
  2.60000000   1.30000000    12.0713209225
  2.70000000   1.30000000     8.1768830760
  2.80000000   1.30000000     5.3820650343
  2.90000000   1.30000000     3.4437017464
  3.00000000   1.30000000     2.1445128657
  3.10000000   1.30000000     1.3047528357
  3.20000000   1.30000000     0.7855414921
  3.30000000   1.30000000     0.4871968352
  3.40000000   1.30000000     0.3508468701
  3.50000000   1.30000000     0.3508468701

  0.00000000   1.40000000     0.4094899027
  0.10000000   1.40000000     0.4094899027
  0.20000000   1.40000000     0.5691262858
  0.30000000   1.40000000     0.9191229392
  0.40000000   1.40000000     1.5299572165
  0.50000000   1.40000000     2.5213663617
  0.60000000   1.40000000     4.0620377419
  0.70000000   1.40000000     6.3739603225
  0.80000000   1.40000000     9.7324867771
  0.90000000   1.40000000    14.4590341388
  1.00000000   1.40000000    20.9030193910
  1.10000000   1.40000000    29.4086032736
  1.20000000   1.40000000    40.2579325310
  1.30000000   1.40000000    53.5694610015
  1.40000000   1.40000000    69.0863882859
  1.50000000   1.40000000    85.6335506857
  1.60000000   1.40000000    99.4135810251
  1.70000000   1.40000000   107.2908853093
  1.80000000   1.40000000   107.2908853093
  1.90000000   1.40000000    99.4135810251
  2.00000000   1.40000000    85.6335506857
  2.10000000   1.40000000    69.0863882859
  2.20000000   1.40000000    53.5694610015
  2.30000000   1.40000000    40.2579325310
  2.40000000   1.40000000    29.4086032736
  2.50000000   1.40000000    20.9030193910
  2.60000000   1.40000000    14.4590341388
  2.70000000   1.40000000     9.7324867771
  2.80000000   1.40000000     6.3739603225
  2.90000000   1.40000000     4.0620377419
  3.00000000   1.40000000     2.5213663617
  3.10000000   1.40000000     1.5299572165
  3.20000000   1.40000000     0.9191229392
  3.30000000   1.40000000     0.5691262858
  3.40000000   1.40000000     0.4094899027
  3.50000000   1.40000000     0.4094899027

  0.00000000   1.50000000     0.4599992858
  0.10000000   1.50000000     0.4599992858
  0.20000000   1.50000000     0.6397851655
  0.30000000   1.50000000     1.0345874766
  0.40000000   1.50000000     1.7251968783
  0.50000000   1.50000000     2.8492890579
  0.60000000   1.50000000     4.6026096443
  0.70000000   1.50000000     7.2463337597
  0.80000000   1.50000000    11.1114099429
  0.90000000   1.50000000    16.5976992020
  1.00000000   1.50000000    24.1663859169
  1.10000000   1.50000000    34.3251955975
  1.20000000   1.50000000    47.6069668293
  1.30000000   1.50000000    64.5430453986
  1.40000000   1.50000000    85.6393149355
  1.50000000   1.50000000   111.4059203308
  1.60000000   1.50000000   133.0169742230
  1.70000000   1.50000000   145.6208347024
  1.80000000   1.50000000   145.6208347024
  1.90000000   1.50000000   133.0169742230
  2.00000000   1.50000000   111.4059203308
  2.10000000   1.50000000    85.6393149355
  2.20000000   1.50000000    64.5430453986
  2.30000000   1.50000000    47.6069668293
  2.40000000   1.50000000    34.3251955975
  2.50000000   1.50000000    24.1663859169
  2.60000000   1.50000000    16.5976992020
  2.70000000   1.50000000    11.1114099429
  2.80000000   1.50000000     7.2463337597
  2.90000000   1.50000000     4.6026096443
  3.00000000   1.50000000     2.8492890579
  3.10000000   1.50000000     1.7251968783
  3.20000000   1.50000000     1.0345874766
  3.30000000   1.50000000     0.6397851655
  3.40000000   1.50000000     0.4599992858
  3.50000000   1.50000000     0.4599992858

  0.00000000   1.60000000     0.4971830565
  0.10000000   1.60000000     0.4971830565
  0.20000000   1.60000000     0.6918551567
  0.30000000   1.60000000     1.1198219010
  0.40000000   1.60000000     1.8696472988
  0.50000000   1.60000000     3.0925969133
  0.60000000   1.60000000     5.0051464310
  0.70000000   1.60000000     7.8989828065
  0.80000000   1.60000000    12.1493493067
  0.90000000   1.60000000    18.2206179273
  1.00000000   1.60000000    26.6698014841
  1.10000000   1.60000000    38.1520818881
  1.20000000   1.60000000    53.4379250564
  1.30000000   1.60000000    73.4602112958
  1.40000000   1.60000000    99.4244703757
  1.50000000   1.60000000   137.9541217151
  1.60000000   1.60000000   200.0000000000
  1.70000000   1.60000000   200.0000000000
  1.80000000   1.60000000   200.0000000000
  1.90000000   1.60000000   200.0000000000
  2.00000000   1.60000000   137.9541217151
  2.10000000   1.60000000    99.4244703757
  2.20000000   1.60000000    73.4602112958
  2.30000000   1.60000000    53.4379250564
  2.40000000   1.60000000    38.1520818881
  2.50000000   1.60000000    26.6698014841
  2.60000000   1.60000000    18.2206179273
  2.70000000   1.60000000    12.1493493067
  2.80000000   1.60000000     7.8989828065
  2.90000000   1.60000000     5.0051464310
  3.00000000   1.60000000     3.0925969133
  3.10000000   1.60000000     1.8696472988
  3.20000000   1.60000000     1.1198219010
  3.30000000   1.60000000     0.6918551567
  3.40000000   1.60000000     0.4971830565
  3.50000000   1.60000000     0.4971830565

  0.00000000   1.70000000     0.5169176313
  0.10000000   1.70000000     0.5169176313
  0.20000000   1.70000000     0.7195079303
  0.30000000   1.70000000     1.1651360649
  0.40000000   1.70000000     1.9465523512
  0.50000000   1.70000000     3.2223649246
  0.60000000   1.70000000     5.2203278520
  0.70000000   1.70000000     8.2488931954
  0.80000000   1.70000000    12.7079765971
  0.90000000   1.70000000    19.0985334413
  1.00000000   1.70000000    28.0331199280
  1.10000000   1.70000000    40.2544165183
  1.20000000   1.70000000    56.6768518768
  1.30000000   1.70000000    78.4800082809
  1.40000000   1.70000000   107.3052027106
  1.50000000   1.70000000   147.4447833833
  1.60000000   1.70000000   200.0000000000
  1.70000000   1.70000000   200.0000000000
  1.80000000   1.70000000   200.0000000000
  1.90000000   1.70000000   200.0000000000
  2.00000000   1.70000000   147.4447833833
  2.10000000   1.70000000   107.3052027106
  2.20000000   1.70000000    78.4800082809
  2.30000000   1.70000000    56.6768518768
  2.40000000   1.70000000    40.2544165183
  2.50000000   1.70000000    28.0331199280
  2.60000000   1.70000000    19.0985334413
  2.70000000   1.70000000    12.7079765971
  2.80000000   1.70000000     8.2488931954
  2.90000000   1.70000000     5.2203278520
  3.00000000   1.70000000     3.2223649246
  3.10000000   1.70000000     1.9465523512
  3.20000000   1.70000000     1.1651360649
  3.30000000   1.70000000     0.7195079303
  3.40000000   1.70000000     0.5169176313
  3.50000000   1.70000000     0.5169176313

  0.00000000   1.80000000     0.5169176313
  0.10000000   1.80000000     0.5169176313
  0.20000000   1.80000000     0.7195079303
  0.30000000   1.80000000     1.1651360649
  0.40000000   1.80000000     1.9465523512
  0.50000000   1.80000000     3.2223649246
  0.60000000   1.80000000     5.2203278520
  0.70000000   1.80000000     8.2488931954
  0.80000000   1.80000000    12.7079765971
  0.90000000   1.80000000    19.0985334413
  1.00000000   1.80000000    28.0331199280
  1.10000000   1.80000000    40.2544165183
  1.20000000   1.80000000    56.6768518768
  1.30000000   1.80000000    78.4800082809
  1.40000000   1.80000000   107.3052027106
  1.50000000   1.80000000   147.4447833833
  1.60000000   1.80000000   200.0000000000
  1.70000000   1.80000000   200.0000000000
  1.80000000   1.80000000   200.0000000000
  1.90000000   1.80000000   200.0000000000
  2.00000000   1.80000000   147.4447833833
  2.10000000   1.80000000   107.3052027106
  2.20000000   1.80000000    78.4800082809
  2.30000000   1.80000000    56.6768518768
  2.40000000   1.80000000    40.2544165183
  2.50000000   1.80000000    28.0331199280
  2.60000000   1.80000000    19.0985334413
  2.70000000   1.80000000    12.7079765971
  2.80000000   1.80000000     8.2488931954
  2.90000000   1.80000000     5.2203278520
  3.00000000   1.80000000     3.2223649246
  3.10000000   1.80000000     1.9465523512
  3.20000000   1.80000000     1.1651360649
  3.30000000   1.80000000     0.7195079303
  3.40000000   1.80000000     0.5169176313
  3.50000000   1.80000000     0.5169176313

  0.00000000   1.90000000     0.4971830565
  0.10000000   1.90000000     0.4971830565
  0.20000000   1.90000000     0.6918551567
  0.30000000   1.90000000     1.1198219010
  0.40000000   1.90000000     1.8696472988
  0.50000000   1.90000000     3.0925969133
  0.60000000   1.90000000     5.0051464310
  0.70000000   1.90000000     7.8989828065
  0.80000000   1.90000000    12.1493493067
  0.90000000   1.90000000    18.2206179273
  1.00000000   1.90000000    26.6698014841
  1.10000000   1.90000000    38.1520818881
  1.20000000   1.90000000    53.4379250564
  1.30000000   1.90000000    73.4602112958
  1.40000000   1.90000000    99.4244703757
  1.50000000   1.90000000   137.9541217151
  1.60000000   1.90000000   200.0000000000
  1.70000000   1.90000000   200.0000000000
  1.80000000   1.90000000   200.0000000000
  1.90000000   1.90000000   200.0000000000
  2.00000000   1.90000000   137.9541217151
  2.10000000   1.90000000    99.4244703757
  2.20000000   1.90000000    73.4602112958
  2.30000000   1.90000000    53.4379250564
  2.40000000   1.90000000    38.1520818881
  2.50000000   1.90000000    26.6698014841
  2.60000000   1.90000000    18.2206179273
  2.70000000   1.90000000    12.1493493067
  2.80000000   1.90000000     7.8989828065
  2.90000000   1.90000000     5.0051464310
  3.00000000   1.90000000     3.0925969133
  3.10000000   1.90000000     1.8696472988
  3.20000000   1.90000000     1.1198219010
  3.30000000   1.90000000     0.6918551567
  3.40000000   1.90000000     0.4971830565
  3.50000000   1.90000000     0.4971830565

  0.00000000   2.00000000     0.4599992858
  0.10000000   2.00000000     0.4599992858
  0.20000000   2.00000000     0.6397851655
  0.30000000   2.00000000     1.0345874766
  0.40000000   2.00000000     1.7251968783
  0.50000000   2.00000000     2.8492890579
  0.60000000   2.00000000     4.6026096443
  0.70000000   2.00000000     7.2463337597
  0.80000000   2.00000000    11.1114099429
  0.90000000   2.00000000    16.5976992020
  1.00000000   2.00000000    24.1663859169
  1.10000000   2.00000000    34.3251955975
  1.20000000   2.00000000    47.6069668293
  1.30000000   2.00000000    64.5430453986
  1.40000000   2.00000000    85.6393149355
  1.50000000   2.00000000   111.4059203308
  1.60000000   2.00000000   133.0169742230
  1.70000000   2.00000000   145.6208347024
  1.80000000   2.00000000   145.6208347024
  1.90000000   2.00000000   133.0169742230
  2.00000000   2.00000000   111.4059203308
  2.10000000   2.00000000    85.6393149355
  2.20000000   2.00000000    64.5430453986
  2.30000000   2.00000000    47.6069668293
  2.40000000   2.00000000    34.3251955975
  2.50000000   2.00000000    24.1663859169
  2.60000000   2.00000000    16.5976992020
  2.70000000   2.00000000    11.1114099429
  2.80000000   2.00000000     7.2463337597
  2.90000000   2.00000000     4.6026096443
  3.00000000   2.00000000     2.8492890579
  3.10000000   2.00000000     1.7251968783
  3.20000000   2.00000000     1.0345874766
  3.30000000   2.00000000     0.6397851655
  3.40000000   2.00000000     0.4599992858
  3.50000000   2.00000000     0.4599992858

  0.00000000   2.10000000     0.4094899027
  0.10000000   2.10000000     0.4094899027
  0.20000000   2.10000000     0.5691262858
  0.30000000   2.10000000     0.9191229392
  0.40000000   2.10000000     1.5299572165
  0.50000000   2.10000000     2.5213663617
  0.60000000   2.10000000     4.0620377419
  0.70000000   2.10000000     6.3739603225
  0.80000000   2.10000000     9.7324867771
  0.90000000   2.10000000    14.4590341388
  1.00000000   2.10000000    20.9030193910
  1.10000000   2.10000000    29.4086032736
  1.20000000   2.10000000    40.2579325310
  1.30000000   2.10000000    53.5694610015
  1.40000000   2.10000000    69.0863882859
  1.50000000   2.10000000    85.6335506857
  1.60000000   2.10000000    99.4135810251
  1.70000000   2.10000000   107.2908853093
  1.80000000   2.10000000   107.2908853093
  1.90000000   2.10000000    99.4135810251
  2.00000000   2.10000000    85.6335506857
  2.10000000   2.10000000    69.0863882859
  2.20000000   2.10000000    53.5694610015
  2.30000000   2.10000000    40.2579325310
  2.40000000   2.10000000    29.4086032736
  2.50000000   2.10000000    20.9030193910
  2.60000000   2.10000000    14.4590341388
  2.70000000   2.10000000     9.7324867771
  2.80000000   2.10000000     6.3739603225
  2.90000000   2.10000000     4.0620377419
  3.00000000   2.10000000     2.5213663617
  3.10000000   2.10000000     1.5299572165
  3.20000000   2.10000000     0.9191229392
  3.30000000   2.10000000     0.5691262858
  3.40000000   2.10000000     0.4094899027
  3.50000000   2.10000000     0.4094899027

  0.00000000   2.20000000     0.3508468701
  0.10000000   2.20000000     0.3508468701
  0.20000000   2.20000000     0.4871968352
  0.30000000   2.20000000     0.7855414921
  0.40000000   2.20000000     1.3047528357
  0.50000000   2.20000000     2.1445128657
  0.60000000   2.20000000     3.4437017464
  0.70000000   2.20000000     5.3820650343
  0.80000000   2.20000000     8.1768830760
  0.90000000   2.20000000    12.0713209225
  1.00000000   2.20000000    17.3105704679
  1.10000000   2.20000000    24.1008002207
  1.20000000   2.20000000    32.5431590621
  1.30000000   2.20000000    42.5287247066
  1.40000000   2.20000000    53.5694876166
  1.50000000   2.20000000    64.5409335156
  1.60000000   2.20000000    73.4556465453
  1.70000000   2.20000000    78.4738010431
  1.80000000   2.20000000    78.4738010431
  1.90000000   2.20000000    73.4556465453
  2.00000000   2.20000000    64.5409335156
  2.10000000   2.20000000    53.5694876166
  2.20000000   2.20000000    42.5287247066
  2.30000000   2.20000000    32.5431590621
  2.40000000   2.20000000    24.1008002207
  2.50000000   2.20000000    17.3105704679
  2.60000000   2.20000000    12.0713209225
  2.70000000   2.20000000     8.1768830760
  2.80000000   2.20000000     5.3820650343
  2.90000000   2.20000000     3.4437017464
  3.00000000   2.20000000     2.1445128657
  3.10000000   2.20000000     1.3047528357
  3.20000000   2.20000000     0.7855414921
  3.30000000   2.20000000     0.4871968352
  3.40000000   2.20000000     0.3508468701
  3.50000000   2.20000000     0.3508468701

  0.00000000   2.30000000     0.2894417383
  0.10000000   2.30000000     0.2894417383
  0.20000000   2.30000000     0.4015395823
  0.30000000   2.30000000     0.6462501252
  0.40000000   2.30000000     1.0707395387
  0.50000000   2.30000000     1.7546056692
  0.60000000   2.30000000     2.8073892279
  0.70000000   2.30000000     4.3682946120
  0.80000000   2.30000000     6.6009111834
  0.90000000   2.30000000     9.6799760397
  1.00000000   2.30000000    13.7669592597
  1.10000000   2.30000000    18.9710983735
  1.20000000   2.30000000    25.2924663043
  1.30000000   2.30000000    32.5445541989
  1.40000000   2.30000000    40.2599400110
  1.50000000   2.30000000    47.6085788499
  1.60000000   2.30000000    53.4387323618
  1.70000000   2.30000000    56.6770514666
  1.80000000   2.30000000    56.6770514666
  1.90000000   2.30000000    53.4387323618
  2.00000000   2.30000000    47.6085788499
  2.10000000   2.30000000    40.2599400110
  2.20000000   2.30000000    32.5445541989
  2.30000000   2.30000000    25.2924663043
  2.40000000   2.30000000    18.9710983735
  2.50000000   2.30000000    13.7669592597
  2.60000000   2.30000000     9.6799760397
  2.70000000   2.30000000     6.6009111834
  2.80000000   2.30000000     4.3682946120
  2.90000000   2.30000000     2.8073892279
  3.00000000   2.30000000     1.7546056692
  3.10000000   2.30000000     1.0707395387
  3.20000000   2.30000000     0.6462501252
  3.30000000   2.30000000     0.4015395823
  3.40000000   2.30000000     0.2894417383
  3.50000000   2.30000000     0.2894417383

  0.00000000   2.40000000     0.2300304672
  0.10000000   2.40000000     0.2300304672
  0.20000000   2.40000000     0.3188000824
  0.30000000   2.40000000     0.5120907177
  0.40000000   2.40000000     0.8462059846
  0.50000000   2.40000000     1.3822390241
  0.60000000   2.40000000     2.2031945081
  0.70000000   2.40000000     3.4125885265
  0.80000000   2.40000000     5.1285997789
  0.90000000   2.40000000     7.4714919230
  1.00000000   2.40000000    10.5421695038
  1.10000000   2.40000000    14.3903966861
  1.20000000   2.40000000    18.9727739281
  1.30000000   2.40000000    24.1040341704
  1.40000000   2.40000000    29.4129652882
  1.50000000   2.40000000    34.3301108615
  1.60000000   2.40000000    38.1571400429
  1.70000000   2.40000000    40.2594568618
  1.80000000   2.40000000    40.2594568618
  1.90000000   2.40000000    38.1571400429
  2.00000000   2.40000000    34.3301108615
  2.10000000   2.40000000    29.4129652882
  2.20000000   2.40000000    24.1040341704
  2.30000000   2.40000000    18.9727739281
  2.40000000   2.40000000    14.3903966861
  2.50000000   2.40000000    10.5421695038
  2.60000000   2.40000000     7.4714919230
  2.70000000   2.40000000     5.1285997789
  2.80000000   2.40000000     3.4125885265
  2.90000000   2.40000000     2.2031945081
  3.00000000   2.40000000     1.3822390241
  3.10000000   2.40000000     0.8462059846
  3.20000000   2.40000000     0.5120907177
  3.30000000   2.40000000     0.3188000824
  3.40000000   2.40000000     0.2300304672
  3.50000000   2.40000000     0.2300304672

  0.00000000   2.50000000     0.1762082276
  0.10000000   2.50000000     0.1762082276
  0.20000000   2.50000000     0.2439694130
  0.30000000   2.50000000     0.3911166840
  0.40000000   2.50000000     0.6445400018
  0.50000000   2.50000000     1.0493993758
  0.60000000   2.50000000     1.6662751724
  0.70000000   2.50000000     2.5693337772
  0.80000000   2.50000000     3.8408803613
  0.90000000   2.50000000     5.5607272906
  1.00000000   2.50000000     7.7892046147
  1.10000000   2.50000000    10.5436508625
  1.20000000   2.50000000    13.7701368945
  1.30000000   2.50000000    17.3154350425
  1.40000000   2.50000000    20.9093303585
  1.50000000   2.50000000    24.1737527460
  1.60000000   2.50000000    26.6778175604
  1.70000000   2.50000000    28.0414341140
  1.80000000   2.50000000    28.0414341140
  1.90000000   2.50000000    26.6778175604
  2.00000000   2.50000000    24.1737527460
  2.10000000   2.50000000    20.9093303585
  2.20000000   2.50000000    17.3154350425
  2.30000000   2.50000000    13.7701368945
  2.40000000   2.50000000    10.5436508625
  2.50000000   2.50000000     7.7892046147
  2.60000000   2.50000000     5.5607272906
  2.70000000   2.50000000     3.8408803613
  2.80000000   2.50000000     2.5693337772
  2.90000000   2.50000000     1.6662751724
  3.00000000   2.50000000     1.0493993758
  3.10000000   2.50000000     0.6445400018
  3.20000000   2.50000000     0.3911166840
  3.30000000   2.50000000     0.2439694130
  3.40000000   2.50000000     0.1762082276
  3.50000000   2.50000000     0.1762082276

  0.00000000   2.60000000     0.1301787278
  0.10000000   2.60000000     0.1301787278
  0.20000000   2.60000000     0.1800764704
  0.30000000   2.60000000     0.2881303163
  0.40000000   2.60000000     0.4735371058
  0.50000000   2.60000000     0.7685046635
  0.60000000   2.60000000     1.2157123067
  0.70000000   2.60000000     1.8665008781
  0.80000000   2.60000000     2.7763348142
  0.90000000   2.60000000     3.9965456932
  1.00000000   2.60000000     5.5618410184
  1.10000000   2.60000000     7.4740501929
  1.20000000   2.60000000     9.6841966102
  1.30000000   2.60000000    12.0772507103
  1.40000000   2.60000000    14.4665308832
  1.50000000   2.60000000    16.6064632468
  1.60000000   2.60000000    18.2302561784
  1.70000000   2.60000000    19.1086137175
  1.80000000   2.60000000    19.1086137175
  1.90000000   2.60000000    18.2302561784
  2.00000000   2.60000000    16.6064632468
  2.10000000   2.60000000    14.4665308832
  2.20000000   2.60000000    12.0772507103
  2.30000000   2.60000000     9.6841966102
  2.40000000   2.60000000     7.4740501929
  2.50000000   2.60000000     5.5618410184
  2.60000000   2.60000000     3.9965456932
  2.70000000   2.60000000     2.7763348142
  2.80000000   2.60000000     1.8665008781
  2.90000000   2.60000000     1.2157123067
  3.00000000   2.60000000     0.7685046635
  3.10000000   2.60000000     0.4735371058
  3.20000000   2.60000000     0.2881303163
  3.30000000   2.60000000     0.1800764704
  3.40000000   2.60000000     0.1301787278
  3.50000000   2.60000000     0.1301787278

  0.00000000   2.70000000     0.0928122625
  0.10000000   2.70000000     0.0928122625
  0.20000000   2.70000000     0.1282858569
  0.30000000   2.70000000     0.2048877845
  0.40000000   2.70000000     0.3358458565
  0.50000000   2.70000000     0.5433568444
  0.60000000   2.70000000     0.8564976907
  0.70000000   2.70000000     1.3096812972
  0.80000000   2.70000000     1.9391715391
  0.90000000   2.70000000     2.7770779969
  1.00000000   2.70000000     3.8426833935
  1.10000000   2.70000000     5.1317510203
  1.20000000   2.70000000     6.6056132149
  1.30000000   2.70000000     8.1832037952
  1.40000000   2.70000000     9.7403346135
  1.50000000   2.70000000    11.1205409302
  1.60000000   2.70000000    12.1593998060
  1.70000000   2.70000000    12.7185053446
  1.80000000   2.70000000    12.7185053446
  1.90000000   2.70000000    12.1593998060
  2.00000000   2.70000000    11.1205409302
  2.10000000   2.70000000     9.7403346135
  2.20000000   2.70000000     8.1832037952
  2.30000000   2.70000000     6.6056132149
  2.40000000   2.70000000     5.1317510203
  2.50000000   2.70000000     3.8426833935
  2.60000000   2.70000000     2.7770779969
  2.70000000   2.70000000     1.9391715391
  2.80000000   2.70000000     1.3096812972
  2.90000000   2.70000000     0.8564976907
  3.00000000   2.70000000     0.5433568444
  3.10000000   2.70000000     0.3358458565
  3.20000000   2.70000000     0.2048877845
  3.30000000   2.70000000     0.1282858569
  3.40000000   2.70000000     0.0928122625
  3.50000000   2.70000000     0.0928122625

  0.00000000   2.80000000     0.0639057452
  0.10000000   2.80000000     0.0639057452
  0.20000000   2.80000000     0.0882737562
  0.30000000   2.80000000     0.1407465724
  0.40000000   2.80000000     0.2301334828
  0.50000000   2.80000000     0.3712370515
  0.60000000   2.80000000     0.5832432790
  0.70000000   2.80000000     0.8885247531
  0.80000000   2.80000000     1.3101302046
  0.90000000   2.80000000     1.8676429504
  1.00000000   2.80000000     2.5714312980
  1.10000000   2.80000000     3.4158829176
  1.20000000   2.80000000     4.3729612907
  1.30000000   2.80000000     5.3881724668
  1.40000000   2.80000000     6.3814442117
  1.50000000   2.80000000     7.2549932123
  1.60000000   2.80000000     7.9084980737
  1.70000000   2.80000000     8.2588586573
  1.80000000   2.80000000     8.2588586573
  1.90000000   2.80000000     7.9084980737
  2.00000000   2.80000000     7.2549932123
  2.10000000   2.80000000     6.3814442117
  2.20000000   2.80000000     5.3881724668
  2.30000000   2.80000000     4.3729612907
  2.40000000   2.80000000     3.4158829176
  2.50000000   2.80000000     2.5714312980
  2.60000000   2.80000000     1.8676429504
  2.70000000   2.80000000     1.3101302046
  2.80000000   2.80000000     0.8885247531
  2.90000000   2.80000000     0.5832432790
  3.00000000   2.80000000     0.3712370515
  3.10000000   2.80000000     0.2301334828
  3.20000000   2.80000000     0.1407465724
  3.30000000   2.80000000     0.0882737562
  3.40000000   2.80000000     0.0639057452
  3.50000000   2.80000000     0.0639057452

  0.00000000   2.90000000     0.0425368625
  0.10000000   2.90000000     0.0425368625
  0.20000000   2.90000000     0.0587284012
  0.30000000   2.90000000     0.0934978742
  0.40000000   2.90000000     0.1525232637
  0.50000000   2.90000000     0.2453700620
  0.60000000   2.90000000     0.3843168835
  0.70000000   2.90000000     0.5834919729
  0.80000000   2.90000000     0.8571577454
  0.90000000   2.90000000     1.2169796887
  1.00000000   2.90000000     1.6683595307
  1.10000000   2.90000000     2.2062896813
  1.20000000   2.90000000     2.8116383116
  1.30000000   2.90000000     3.4491639563
  1.40000000   2.90000000     4.0686650682
  1.50000000   2.90000000     4.6102392962
  1.60000000   2.90000000     5.0135109981
  1.70000000   2.90000000     5.2290809995
  1.80000000   2.90000000     5.2290809995
  1.90000000   2.90000000     5.0135109981
  2.00000000   2.90000000     4.6102392962
  2.10000000   2.90000000     4.0686650682
  2.20000000   2.90000000     3.4491639563
  2.30000000   2.90000000     2.8116383116
  2.40000000   2.90000000     2.2062896813
  2.50000000   2.90000000     1.6683595307
  2.60000000   2.90000000     1.2169796887
  2.70000000   2.90000000     0.8571577454
  2.80000000   2.90000000     0.5834919729
  2.90000000   2.90000000     0.3843168835
  3.00000000   2.90000000     0.2453700620
  3.10000000   2.90000000     0.1525232637
  3.20000000   2.90000000     0.0934978742
  3.30000000   2.90000000     0.0587284012
  3.40000000   2.90000000     0.0425368625
  3.50000000   2.90000000     0.0425368625

  0.00000000   3.00000000     0.0274174515
  0.10000000   3.00000000     0.0274174515
  0.20000000   3.00000000     0.0378432899
  0.30000000   3.00000000     0.0601705700
  0.40000000   3.00000000     0.0979484810
  0.50000000   3.00000000     0.1571787451
  0.60000000   3.00000000     0.2454981148
  0.70000000   3.00000000     0.3715897084
  0.80000000   3.00000000     0.5440616450
  0.90000000   3.00000000     0.7697135646
  1.00000000   3.00000000     1.0512741859
  1.10000000   3.00000000     1.3849294253
  1.20000000   3.00000000     1.7582228035
  1.30000000   3.00000000     2.1491035335
  1.40000000   3.00000000     2.5268937152
  1.50000000   3.00000000     2.8556247502
  1.60000000   3.00000000     3.0995272274
  1.70000000   3.00000000     3.2296103960
  1.80000000   3.00000000     3.2296103960
  1.90000000   3.00000000     3.0995272274
  2.00000000   3.00000000     2.8556247502
  2.10000000   3.00000000     2.5268937152
  2.20000000   3.00000000     2.1491035335
  2.30000000   3.00000000     1.7582228035
  2.40000000   3.00000000     1.3849294253
  2.50000000   3.00000000     1.0512741859
  2.60000000   3.00000000     0.7697135646
  2.70000000   3.00000000     0.5440616450
  2.80000000   3.00000000     0.3715897084
  2.90000000   3.00000000     0.2454981148
  3.00000000   3.00000000     0.1571787451
  3.10000000   3.00000000     0.0979484810
  3.20000000   3.00000000     0.0601705700
  3.30000000   3.00000000     0.0378432899
  3.40000000   3.00000000     0.0274174515
  3.50000000   3.00000000     0.0274174515

  0.00000000   3.10000000     0.0171835846
  0.10000000   3.10000000     0.0171835846
  0.20000000   3.10000000     0.0237184418
  0.30000000   3.10000000     0.0376750337
  0.40000000   3.10000000     0.0612147681
  0.50000000   3.10000000     0.0980108631
  0.60000000   3.10000000     0.1527003430
  0.70000000   3.10000000     0.2305000084
  0.80000000   3.10000000     0.3364989351
  0.90000000   3.10000000     0.4745913174
  1.00000000   3.10000000     0.6461167388
  1.10000000   3.10000000     0.8484173448
  1.20000000   3.10000000     1.0736687794
  1.30000000   3.10000000     1.3084349184
  1.40000000   3.10000000     1.5343637385
  1.50000000   3.10000000     1.7302292917
  1.60000000   3.10000000     1.8751407798
  1.70000000   3.10000000     1.9522904753
  1.80000000   3.10000000     1.9522904753
  1.90000000   3.10000000     1.8751407798
  2.00000000   3.10000000     1.7302292917
  2.10000000   3.10000000     1.5343637385
  2.20000000   3.10000000     1.3084349184
  2.30000000   3.10000000     1.0736687794
  2.40000000   3.10000000     0.8484173448
  2.50000000   3.10000000     0.6461167388
  2.60000000   3.10000000     0.4745913174
  2.70000000   3.10000000     0.3364989351
  2.80000000   3.10000000     0.2305000084
  2.90000000   3.10000000     0.1527003430
  3.00000000   3.10000000     0.0980108631
  3.10000000   3.10000000     0.0612147681
  3.20000000   3.10000000     0.0376750337
  3.30000000   3.10000000     0.0237184418
  3.40000000   3.10000000     0.0171835846
  3.50000000   3.10000000     0.0171835846

  0.00000000   3.20000000     0.0105960351
  0.10000000   3.20000000     0.0105960351
  0.20000000   3.20000000     0.0146359984
  0.30000000   3.20000000     0.0232387826
  0.40000000   3.20000000     0.0377044215
  0.50000000   3.20000000     0.0602560415
  0.60000000   3.20000000     0.0936802019
  0.70000000   3.20000000     0.1410827464
  0.80000000   3.20000000     0.2054508509
  0.90000000   3.20000000     0.2890057578
  1.00000000   3.20000000     0.3923946325
  1.10000000   3.20000000     0.5138541856
  1.20000000   3.20000000     0.6485606302
  1.30000000   3.20000000     0.7884245696
  1.40000000   3.20000000     0.9225566828
  1.50000000   3.20000000     1.0384970961
  1.60000000   3.20000000     1.1240822760
  1.70000000   3.20000000     1.1695826442
  1.80000000   3.20000000     1.1695826442
  1.90000000   3.20000000     1.1240822760
  2.00000000   3.20000000     1.0384970961
  2.10000000   3.20000000     0.9225566828
  2.20000000   3.20000000     0.7884245696
  2.30000000   3.20000000     0.6485606302
  2.40000000   3.20000000     0.5138541856
  2.50000000   3.20000000     0.3923946325
  2.60000000   3.20000000     0.2890057578
  2.70000000   3.20000000     0.2054508509
  2.80000000   3.20000000     0.1410827464
  2.90000000   3.20000000     0.0936802019
  3.00000000   3.20000000     0.0602560415
  3.10000000   3.20000000     0.0377044215
  3.20000000   3.20000000     0.0232387826
  3.30000000   3.20000000     0.0146359984
  3.40000000   3.20000000     0.0105960351
  3.50000000   3.20000000     0.0105960351

  0.00000000   3.30000000     0.0066534299
  0.10000000   3.30000000     0.0066534299
  0.20000000   3.30000000     0.0092167228
  0.30000000   3.30000000     0.0146494872
  0.40000000   3.30000000     0.0237588712
  0.50000000   3.30000000     0.0379323541
  0.60000000   3.30000000     0.0588983739
  0.70000000   3.30000000     0.0885690363
  0.80000000   3.30000000     0.1287628000
  0.90000000   3.30000000     0.1808006400
  1.00000000   3.30000000     0.2450097076
  1.10000000   3.30000000     0.3202198451
  1.20000000   3.30000000     0.4033856760
  1.30000000   3.30000000     0.4894885286
  1.40000000   3.30000000     0.5718463334
  1.50000000   3.30000000     0.6428754253
  1.60000000   3.30000000     0.6952183785
  1.70000000   3.30000000     0.7230161019
  1.80000000   3.30000000     0.7230161019
  1.90000000   3.30000000     0.6952183785
  2.00000000   3.30000000     0.6428754253
  2.10000000   3.30000000     0.5718463334
  2.20000000   3.30000000     0.4894885286
  2.30000000   3.30000000     0.4033856760
  2.40000000   3.30000000     0.3202198451
  2.50000000   3.30000000     0.2450097076
  2.60000000   3.30000000     0.1808006400
  2.70000000   3.30000000     0.1287628000
  2.80000000   3.30000000     0.0885690363
  2.90000000   3.30000000     0.0588983739
  3.00000000   3.30000000     0.0379323541
  3.10000000   3.30000000     0.0237588712
  3.20000000   3.30000000     0.0146494872
  3.30000000   3.30000000     0.0092167228
  3.40000000   3.30000000     0.0066534299
  3.50000000   3.30000000     0.0066534299

  0.00000000   3.40000000     0.0046354913
  0.10000000   3.40000000     0.0046354913
  0.20000000   3.40000000     0.0064881678
  0.30000000   3.40000000     0.0103561242
  0.40000000   3.40000000     0.0168291616
  0.50000000   3.40000000     0.0269009337
  0.60000000   3.40000000     0.0418036444
  0.70000000   3.40000000     0.0628965605
  0.80000000   3.40000000     0.0914673630
  0.90000000   3.40000000     0.1284435730
  1.00000000   3.40000000     0.1740399643
  1.10000000   3.40000000     0.2274041893
  1.20000000   3.40000000     0.2863554621
  1.30000000   3.40000000     0.3473243673
  1.40000000   3.40000000     0.4055809550
  1.50000000   3.40000000     0.4557774148
  1.60000000   3.40000000     0.4927411765
  1.70000000   3.40000000     0.5123622573
  1.80000000   3.40000000     0.5123622573
  1.90000000   3.40000000     0.4927411765
  2.00000000   3.40000000     0.4557774148
  2.10000000   3.40000000     0.4055809550
  2.20000000   3.40000000     0.3473243673
  2.30000000   3.40000000     0.2863554621
  2.40000000   3.40000000     0.2274041893
  2.50000000   3.40000000     0.1740399643
  2.60000000   3.40000000     0.1284435730
  2.70000000   3.40000000     0.0914673630
  2.80000000   3.40000000     0.0628965605
  2.90000000   3.40000000     0.0418036444
  3.00000000   3.40000000     0.0269009337
  3.10000000   3.40000000     0.0168291616
  3.20000000   3.40000000     0.0103561242
  3.30000000   3.40000000     0.0064881678
  3.40000000   3.40000000     0.0046354913
  3.50000000   3.40000000     0.0046354913

  0.00000000   3.50000000     0.0046354913
  0.10000000   3.50000000     0.0046354913
  0.20000000   3.50000000     0.0064881678
  0.30000000   3.50000000     0.0103561242
  0.40000000   3.50000000     0.0168291616
  0.50000000   3.50000000     0.0269009337
  0.60000000   3.50000000     0.0418036444
  0.70000000   3.50000000     0.0628965605
  0.80000000   3.50000000     0.0914673630
  0.90000000   3.50000000     0.1284435730
  1.00000000   3.50000000     0.1740399643
  1.10000000   3.50000000     0.2274041893
  1.20000000   3.50000000     0.2863554621
  1.30000000   3.50000000     0.3473243673
  1.40000000   3.50000000     0.4055809550
  1.50000000   3.50000000     0.4557774148
  1.60000000   3.50000000     0.4927411765
  1.70000000   3.50000000     0.5123622573
  1.80000000   3.50000000     0.5123622573
  1.90000000   3.50000000     0.4927411765
  2.00000000   3.50000000     0.4557774148
  2.10000000   3.50000000     0.4055809550
  2.20000000   3.50000000     0.3473243673
  2.30000000   3.50000000     0.2863554621
  2.40000000   3.50000000     0.2274041893
  2.50000000   3.50000000     0.1740399643
  2.60000000   3.50000000     0.1284435730
  2.70000000   3.50000000     0.0914673630
  2.80000000   3.50000000     0.0628965605
  2.90000000   3.50000000     0.0418036444
  3.00000000   3.50000000     0.0269009337
  3.10000000   3.50000000     0.0168291616
  3.20000000   3.50000000     0.0103561242
  3.30000000   3.50000000     0.0064881678
  3.40000000   3.50000000     0.0046354913
  3.50000000   3.50000000     0.0046354913

