  0.00000000   0.00000000     0.0069720334
  0.10000000   0.00000000     0.0069720334
  0.20000000   0.00000000     0.0095423223
  0.30000000   0.00000000     0.0148497695
  0.40000000   0.00000000     0.0235973398
  0.50000000   0.00000000     0.0369808072
  0.60000000   0.00000000     0.0564494795
  0.70000000   0.00000000     0.0835570074
  0.80000000   0.00000000     0.1197156792
  0.90000000   0.00000000     0.1658574891
  1.00000000   0.00000000     0.2220369546
  1.10000000   0.00000000     0.2870486390
  1.20000000   0.00000000     0.3581640725
  1.30000000   0.00000000     0.4311021778
  1.40000000   0.00000000     0.5003202468
  1.50000000   0.00000000     0.5596446411
  1.60000000   0.00000000     0.6031639727
  1.70000000   0.00000000     0.6262121270
  1.80000000   0.00000000     0.6262121270
  1.90000000   0.00000000     0.6031639727
  2.00000000   0.00000000     0.5596446411
  2.10000000   0.00000000     0.5003202468
  2.20000000   0.00000000     0.4311021778
  2.30000000   0.00000000     0.3581640725
  2.40000000   0.00000000     0.2870486390
  2.50000000   0.00000000     0.2220369546
  2.60000000   0.00000000     0.1658574891
  2.70000000   0.00000000     0.1197156792
  2.80000000   0.00000000     0.0835570074
  2.90000000   0.00000000     0.0564494795
  3.00000000   0.00000000     0.0369808072
  3.10000000   0.00000000     0.0235973398
  3.20000000   0.00000000     0.0148497695
  3.30000000   0.00000000     0.0095423223
  3.40000000   0.00000000     0.0069720334
  3.50000000   0.00000000     0.0069720334

  0.00000000   0.10000000     0.0069720334
  0.10000000   0.10000000     0.0069720334
  0.20000000   0.10000000     0.0095423223
  0.30000000   0.10000000     0.0148497695
  0.40000000   0.10000000     0.0235973398
  0.50000000   0.10000000     0.0369808072
  0.60000000   0.10000000     0.0564494795
  0.70000000   0.10000000     0.0835570074
  0.80000000   0.10000000     0.1197156792
  0.90000000   0.10000000     0.1658574891
  1.00000000   0.10000000     0.2220369546
  1.10000000   0.10000000     0.2870486390
  1.20000000   0.10000000     0.3581640725
  1.30000000   0.10000000     0.4311021778
  1.40000000   0.10000000     0.5003202468
  1.50000000   0.10000000     0.5596446411
  1.60000000   0.10000000     0.6031639727
  1.70000000   0.10000000     0.6262121270
  1.80000000   0.10000000     0.6262121270
  1.90000000   0.10000000     0.6031639727
  2.00000000   0.10000000     0.5596446411
  2.10000000   0.10000000     0.5003202468
  2.20000000   0.10000000     0.4311021778
  2.30000000   0.10000000     0.3581640725
  2.40000000   0.10000000     0.2870486390
  2.50000000   0.10000000     0.2220369546
  2.60000000   0.10000000     0.1658574891
  2.70000000   0.10000000     0.1197156792
  2.80000000   0.10000000     0.0835570074
  2.90000000   0.10000000     0.0564494795
  3.00000000   0.10000000     0.0369808072
  3.10000000   0.10000000     0.0235973398
  3.20000000   0.10000000     0.0148497695
  3.30000000   0.10000000     0.0095423223
  3.40000000   0.10000000     0.0069720334
  3.50000000   0.10000000     0.0069720334

  0.00000000   0.20000000     0.0097679473
  0.10000000   0.20000000     0.0097679473
  0.20000000   0.20000000     0.0132394687
  0.30000000   0.20000000     0.0205201860
  0.40000000   0.20000000     0.0325469953
  0.50000000   0.20000000     0.0509514295
  0.60000000   0.20000000     0.0777220555
  0.70000000   0.20000000     0.1149984413
  0.80000000   0.20000000     0.1647354004
  0.90000000   0.20000000     0.2282385070
  1.00000000   0.20000000     0.3056160861
  1.10000000   0.20000000     0.3952457669
  1.20000000   0.20000000     0.4933993423
  1.30000000   0.20000000     0.5941860660
  1.40000000   0.20000000     0.6899408253
  1.50000000   0.20000000     0.7720914362
  1.60000000   0.20000000     0.8324033118
  1.70000000   0.20000000     0.8643610352
  1.80000000   0.20000000     0.8643610352
  1.90000000   0.20000000     0.8324033118
  2.00000000   0.20000000     0.7720914362
  2.10000000   0.20000000     0.6899408253
  2.20000000   0.20000000     0.5941860660
  2.30000000   0.20000000     0.4933993423
  2.40000000   0.20000000     0.3952457669
  2.50000000   0.20000000     0.3056160861
  2.60000000   0.20000000     0.2282385070
  2.70000000   0.20000000     0.1647354004
  2.80000000   0.20000000     0.1149984413
  2.90000000   0.20000000     0.0777220555
  3.00000000   0.20000000     0.0509514295
  3.10000000   0.20000000     0.0325469953
  3.20000000   0.20000000     0.0205201860
  3.30000000   0.20000000     0.0132394687
  3.40000000   0.20000000     0.0097679473
  3.50000000   0.20000000     0.0097679473

  0.00000000   0.30000000     0.0151693003
  0.10000000   0.30000000     0.0151693003
  0.20000000   0.30000000     0.0205034762
  0.30000000   0.30000000     0.0317460310
  0.40000000   0.30000000     0.0503734986
  0.50000000   0.30000000     0.0789385902
  0.60000000   0.30000000     0.1205740957
  0.70000000   0.30000000     0.1786794310
  0.80000000   0.30000000     0.2564018449
  0.90000000   0.30000000     0.3559080588
  1.00000000   0.30000000     0.4775105077
  1.10000000   0.30000000     0.6187977096
  1.20000000   0.30000000     0.7739966850
  1.30000000   0.30000000     0.9338313437
  1.40000000   0.30000000     1.0860974570
  1.50000000   0.30000000     1.2170318845
  1.60000000   0.30000000     1.3133282908
  1.70000000   0.30000000     1.3644096536
  1.80000000   0.30000000     1.3644096536
  1.90000000   0.30000000     1.3133282908
  2.00000000   0.30000000     1.2170318845
  2.10000000   0.30000000     1.0860974570
  2.20000000   0.30000000     0.9338313437
  2.30000000   0.30000000     0.7739966850
  2.40000000   0.30000000     0.6187977096
  2.50000000   0.30000000     0.4775105077
  2.60000000   0.30000000     0.3559080588
  2.70000000   0.30000000     0.2564018449
  2.80000000   0.30000000     0.1786794310
  2.90000000   0.30000000     0.1205740957
  3.00000000   0.30000000     0.0789385902
  3.10000000   0.30000000     0.0503734986
  3.20000000   0.30000000     0.0317460310
  3.30000000   0.30000000     0.0205034762
  3.40000000   0.30000000     0.0151693003
  3.50000000   0.30000000     0.0151693003

  0.00000000   0.40000000     0.0240591087
  0.10000000   0.40000000     0.0240591087
  0.20000000   0.40000000     0.0324978904
  0.30000000   0.40000000     0.0503385727
  0.40000000   0.40000000     0.0799924069
  0.50000000   0.40000000     0.1255926603
  0.60000000   0.40000000     0.1922513802
  0.70000000   0.40000000     0.2855736949
  0.80000000   0.40000000     0.4108347837
  0.90000000   0.40000000     0.5718009482
  1.00000000   0.40000000     0.7692849657
  1.10000000   0.40000000     0.9996684324
  1.20000000   0.40000000     1.2537642514
  1.30000000   0.40000000     1.5164725134
  1.40000000   0.40000000     1.7676347954
  1.50000000   0.40000000     1.9842667977
  1.60000000   0.40000000     2.1439596389
  1.70000000   0.40000000     2.2287934774
  1.80000000   0.40000000     2.2287934774
  1.90000000   0.40000000     2.1439596389
  2.00000000   0.40000000     1.9842667977
  2.10000000   0.40000000     1.7676347954
  2.20000000   0.40000000     1.5164725134
  2.30000000   0.40000000     1.2537642514
  2.40000000   0.40000000     0.9996684324
  2.50000000   0.40000000     0.7692849657
  2.60000000   0.40000000     0.5718009482
  2.70000000   0.40000000     0.4108347837
  2.80000000   0.40000000     0.2855736949
  2.90000000   0.40000000     0.1922513802
  3.00000000   0.40000000     0.1255926603
  3.10000000   0.40000000     0.0799924069
  3.20000000   0.40000000     0.0503385727
  3.30000000   0.40000000     0.0324978904
  3.40000000   0.40000000     0.0240591087
  3.50000000   0.40000000     0.0240591087

  0.00000000   0.50000000     0.0376410965
  0.10000000   0.50000000     0.0376410965
  0.20000000   0.50000000     0.0508453862
  0.30000000   0.50000000     0.0788391726
  0.40000000   0.50000000     0.1255218614
  0.50000000   0.50000000     0.1975309761
  0.60000000   0.50000000     0.3031466189
  0.70000000   0.50000000     0.4515544790
  0.80000000   0.50000000     0.6515604927
  0.90000000   0.50000000     0.9097050478
  1.00000000   0.50000000     1.2278938142
  1.10000000   0.50000000     1.6008965598
  1.20000000   0.50000000     2.0143146377
  1.30000000   0.50000000     2.4437901312
  1.40000000   0.50000000     2.8562025393
  1.50000000   0.50000000     3.2132615238
  1.60000000   0.50000000     3.4772360267
  1.70000000   0.50000000     3.6177234311
  1.80000000   0.50000000     3.6177234311
  1.90000000   0.50000000     3.4772360267
  2.00000000   0.50000000     3.2132615238
  2.10000000   0.50000000     2.8562025393
  2.20000000   0.50000000     2.4437901312
  2.30000000   0.50000000     2.0143146377
  2.40000000   0.50000000     1.6008965598
  2.50000000   0.50000000     1.2278938142
  2.60000000   0.50000000     0.9097050478
  2.70000000   0.50000000     0.6515604927
  2.80000000   0.50000000     0.4515544790
  2.90000000   0.50000000     0.3031466189
  3.00000000   0.50000000     0.1975309761
  3.10000000   0.50000000     0.1255218614
  3.20000000   0.50000000     0.0788391726
  3.30000000   0.50000000     0.0508453862
  3.40000000   0.50000000     0.0376410965
  3.50000000   0.50000000     0.0376410965

  0.00000000   0.60000000     0.0573713947
  0.10000000   0.60000000     0.0573713947
  0.20000000   0.60000000     0.0775235090
  0.30000000   0.60000000     0.1203662606
  0.40000000   0.60000000     0.1920545619
  0.50000000   0.60000000     0.3030076015
  0.60000000   0.60000000     0.4663464944
  0.70000000   0.60000000     0.6968189104
  0.80000000   0.60000000     1.0088562005
  0.90000000   0.60000000     1.4136409057
  1.00000000   0.60000000     1.9153136838
  1.10000000   0.60000000     2.5068194578
  1.20000000   0.60000000     3.1663222614
  1.30000000   0.60000000     3.8554732492
  1.40000000   0.60000000     4.5208881966
  1.50000000   0.60000000     5.0997402576
  1.60000000   0.60000000     5.5292632571
  1.70000000   0.60000000     5.7583862902
  1.80000000   0.60000000     5.7583862902
  1.90000000   0.60000000     5.5292632571
  2.00000000   0.60000000     5.0997402576
  2.10000000   0.60000000     4.5208881966
  2.20000000   0.60000000     3.8554732492
  2.30000000   0.60000000     3.1663222614
  2.40000000   0.60000000     2.5068194578
  2.50000000   0.60000000     1.9153136838
  2.60000000   0.60000000     1.4136409057
  2.70000000   0.60000000     1.0088562005
  2.80000000   0.60000000     0.6968189104
  2.90000000   0.60000000     0.4663464944
  3.00000000   0.60000000     0.3030076015
  3.10000000   0.60000000     0.1920545619
  3.20000000   0.60000000     0.1203662606
  3.30000000   0.60000000     0.0775235090
  3.40000000   0.60000000     0.0573713947
  3.50000000   0.60000000     0.0573713947

  0.00000000   0.70000000     0.0848075818
  0.10000000   0.70000000     0.0848075818
  0.20000000   0.70000000     0.1146596109
  0.30000000   0.70000000     0.1783032648
  0.40000000   0.70000000     0.2851739479
  0.50000000   0.70000000     0.4511788368
  0.60000000   0.70000000     0.6965595550
  0.70000000   0.70000000     1.0444005192
  0.80000000   0.70000000     1.5178119810
  0.90000000   0.70000000     2.1355320650
  1.00000000   0.70000000     2.9060407673
  1.10000000   0.70000000     3.8208343493
  1.20000000   0.70000000     4.8482166284
  1.30000000   0.70000000     5.9296589316
  1.40000000   0.70000000     6.9811417213
  1.50000000   0.70000000     7.9014391688
  1.60000000   0.70000000     8.5875713641
  1.70000000   0.70000000     8.9546776843
  1.80000000   0.70000000     8.9546776843
  1.90000000   0.70000000     8.5875713641
  2.00000000   0.70000000     7.9014391688
  2.10000000   0.70000000     6.9811417213
  2.20000000   0.70000000     5.9296589316
  2.30000000   0.70000000     4.8482166284
  2.40000000   0.70000000     3.8208343493
  2.50000000   0.70000000     2.9060407673
  2.60000000   0.70000000     2.1355320650
  2.70000000   0.70000000     1.5178119810
  2.80000000   0.70000000     1.0444005192
  2.90000000   0.70000000     0.6965595550
  3.00000000   0.70000000     0.4511788368
  3.10000000   0.70000000     0.2851739479
  3.20000000   0.70000000     0.1783032648
  3.30000000   0.70000000     0.1146596109
  3.40000000   0.70000000     0.0848075818
  3.50000000   0.70000000     0.0848075818

  0.00000000   0.80000000     0.1213611074
  0.10000000   0.80000000     0.1213611074
  0.20000000   0.80000000     0.1641969664
  0.30000000   0.80000000     0.2557822816
  0.40000000   0.80000000     0.4101345183
  0.50000000   0.80000000     0.6508224259
  0.60000000   0.80000000     1.0081794320
  0.70000000   0.80000000     1.5173603075
  0.80000000   0.80000000     2.2144549135
  0.90000000   0.80000000     3.1301692193
  1.00000000   0.80000000     4.2810243026
  1.10000000   0.80000000     5.6587942052
  1.20000000   0.80000000     7.2199968111
  1.30000000   0.80000000     8.8785285195
  1.40000000   0.80000000    10.5055895798
  1.50000000   0.80000000    11.9410349102
  1.60000000   0.80000000    13.0179098371
  1.70000000   0.80000000    13.5963424853
  1.80000000   0.80000000    13.5963424853
  1.90000000   0.80000000    13.0179098371
  2.00000000   0.80000000    11.9410349102
  2.10000000   0.80000000    10.5055895798
  2.20000000   0.80000000     8.8785285195
  2.30000000   0.80000000     7.2199968111
  2.40000000   0.80000000     5.6587942052
  2.50000000   0.80000000     4.2810243026
  2.60000000   0.80000000     3.1301692193
  2.70000000   0.80000000     2.2144549135
  2.80000000   0.80000000     1.5173603075
  2.90000000   0.80000000     1.0081794320
  3.00000000   0.80000000     0.6508224259
  3.10000000   0.80000000     0.4101345183
  3.20000000   0.80000000     0.2557822816
  3.30000000   0.80000000     0.1641969664
  3.40000000   0.80000000     0.1213611074
  3.50000000   0.80000000     0.1213611074

  0.00000000   0.90000000     0.1679568853
  0.10000000   0.90000000     0.1679568853
  0.20000000   0.90000000     0.2274329233
  0.30000000   0.90000000     0.3549591596
  0.40000000   0.90000000     0.5706875884
  0.50000000   0.90000000     0.9084581506
  0.60000000   0.90000000     1.4123609598
  0.70000000   0.90000000     2.1344002226
  0.80000000   0.90000000     3.1294450970
  0.90000000   0.90000000     4.4466035583
  1.00000000   0.90000000     6.1166374295
  1.10000000   0.90000000     8.1359867138
  1.20000000   0.90000000    10.4494978309
  1.30000000   0.90000000    12.9360881507
  1.40000000   0.90000000    15.4040642892
  1.50000000   0.90000000    17.6044901886
  1.60000000   0.90000000    19.2689135852
  1.70000000   0.90000000    20.1675764394
  1.80000000   0.90000000    20.1675764394
  1.90000000   0.90000000    19.2689135852
  2.00000000   0.90000000    17.6044901886
  2.10000000   0.90000000    15.4040642892
  2.20000000   0.90000000    12.9360881507
  2.30000000   0.90000000    10.4494978309
  2.40000000   0.90000000     8.1359867138
  2.50000000   0.90000000     6.1166374295
  2.60000000   0.90000000     4.4466035583
  2.70000000   0.90000000     3.1294450970
  2.80000000   0.90000000     2.1344002226
  2.90000000   0.90000000     1.4123609598
  3.00000000   0.90000000     0.9084581506
  3.10000000   0.90000000     0.5706875884
  3.20000000   0.90000000     0.3549591596
  3.30000000   0.90000000     0.2274329233
  3.40000000   0.90000000     0.1679568853
  3.50000000   0.90000000     0.1679568853

  0.00000000   1.00000000     0.2246354376
  0.10000000   1.00000000     0.2246354376
  0.20000000   1.00000000     0.3044739165
  0.30000000   1.00000000     0.4761436716
  0.40000000   1.00000000     0.7676419581
  0.50000000   1.00000000     1.2259858626
  0.60000000   1.00000000     1.9132367357
  0.70000000   1.00000000     2.9039898594
  0.80000000   1.00000000     4.2792912589
  0.90000000   1.00000000     6.1155835037
  1.00000000   1.00000000     8.4676884011
  1.10000000   1.00000000    11.3457922325
  1.20000000   1.00000000    14.6881879434
  1.30000000   1.00000000    18.3346057716
  1.40000000   1.00000000    22.0098518194
  1.50000000   1.00000000    25.3337179722
  1.60000000   1.00000000    27.8757794022
  1.70000000   1.00000000    29.2576886452
  1.80000000   1.00000000    29.2576886452
  1.90000000   1.00000000    27.8757794022
  2.00000000   1.00000000    25.3337179722
  2.10000000   1.00000000    22.0098518194
  2.20000000   1.00000000    18.3346057716
  2.30000000   1.00000000    14.6881879434
  2.40000000   1.00000000    11.3457922325
  2.50000000   1.00000000     8.4676884011
  2.60000000   1.00000000     6.1155835037
  2.70000000   1.00000000     4.2792912589
  2.80000000   1.00000000     2.9039898594
  2.90000000   1.00000000     1.9132367357
  3.00000000   1.00000000     1.2259858626
  3.10000000   1.00000000     0.7676419581
  3.20000000   1.00000000     0.4761436716
  3.30000000   1.00000000     0.3044739165
  3.40000000   1.00000000     0.2246354376
  3.50000000   1.00000000     0.2246354376

  0.00000000   1.10000000     0.2901708014
  0.10000000   1.10000000     0.2901708014
  0.20000000   1.10000000     0.3937047823
  0.30000000   1.10000000     0.6169334202
  0.40000000   1.10000000     0.9973909580
  0.50000000   1.10000000     1.5981905354
  0.60000000   1.10000000     2.5037713792
  0.70000000   1.10000000     3.8176511940
  0.80000000   1.10000000     5.6558016885
  0.90000000   1.10000000     8.1335958590
  1.00000000   1.10000000    11.3444284310
  1.10000000   1.10000000    15.3287094173
  1.20000000   1.10000000    20.0333376496
  1.30000000   1.10000000    25.2649908769
  1.40000000   1.10000000    30.6480308332
  1.50000000   1.10000000    35.6133775199
  1.60000000   1.10000000    39.4672717338
  1.70000000   1.10000000    41.5810198902
  1.80000000   1.10000000    41.5810198902
  1.90000000   1.10000000    39.4672717338
  2.00000000   1.10000000    35.6133775199
  2.10000000   1.10000000    30.6480308332
  2.20000000   1.10000000    25.2649908769
  2.30000000   1.10000000    20.0333376496
  2.40000000   1.10000000    15.3287094173
  2.50000000   1.10000000    11.3444284310
  2.60000000   1.10000000     8.1335958590
  2.70000000   1.10000000     5.6558016885
  2.80000000   1.10000000     3.8176511940
  2.90000000   1.10000000     2.5037713792
  3.00000000   1.10000000     1.5981905354
  3.10000000   1.10000000     0.9973909580
  3.20000000   1.10000000     0.6169334202
  3.30000000   1.10000000     0.3937047823
  3.40000000   1.10000000     0.2901708014
  3.50000000   1.10000000     0.2901708014

  0.00000000   1.20000000     0.3618089097
  0.10000000   1.20000000     0.3618089097
  0.20000000   1.20000000     0.4914152963
  0.30000000   1.20000000     0.7715783250
  0.40000000   1.20000000     1.2507775484
  0.50000000   1.20000000     2.0107129528
  0.60000000   1.20000000     3.1621800554
  0.70000000   1.20000000     4.8437537211
  0.80000000   1.20000000     7.2155787232
  0.90000000   1.20000000    10.4455973313
  1.00000000   1.20000000    14.6852982193
  1.10000000   1.20000000    20.0318390826
  1.20000000   1.20000000    26.4731737043
  1.30000000   1.20000000    33.8134495869
  1.40000000   1.20000000    41.5817011074
  1.50000000   1.20000000    48.9523409991
  1.60000000   1.20000000    54.7855140188
  1.70000000   1.20000000    58.0210768333
  1.80000000   1.20000000    58.0210768333
  1.90000000   1.20000000    54.7855140188
  2.00000000   1.20000000    48.9523409991
  2.10000000   1.20000000    41.5817011074
  2.20000000   1.20000000    33.8134495869
  2.30000000   1.20000000    26.4731737043
  2.40000000   1.20000000    20.0318390826
  2.50000000   1.20000000    14.6852982193
  2.60000000   1.20000000    10.4455973313
  2.70000000   1.20000000     7.2155787232
  2.80000000   1.20000000     4.8437537211
  2.90000000   1.20000000     3.1621800554
  3.00000000   1.20000000     2.0107129528
  3.10000000   1.20000000     1.2507775484
  3.20000000   1.20000000     0.7715783250
  3.30000000   1.20000000     0.4914152963
  3.40000000   1.20000000     0.3618089097
  3.50000000   1.20000000     0.3618089097

  0.00000000   1.30000000     0.4352403140
  0.10000000   1.30000000     0.4352403140
  0.20000000   1.30000000     0.5917433135
  0.30000000   1.30000000     0.9308386618
  0.40000000   1.30000000     1.5127494768
  0.50000000   1.30000000     2.4392573883
  0.60000000   1.30000000     3.8501935864
  0.70000000   1.30000000     5.9238688744
  0.80000000   1.30000000     8.8726433681
  0.90000000   1.30000000    12.9306620494
  1.00000000   1.30000000    18.3302328684
  1.10000000   1.30000000    25.2621432189
  1.20000000   1.30000000    33.8122587001
  1.30000000   1.30000000    43.8601678789
  1.40000000   1.30000000    54.9146480937
  1.50000000   1.30000000    65.8609105572
  1.60000000   1.30000000    74.7364060696
  1.70000000   1.30000000    79.7268526351
  1.80000000   1.30000000    79.7268526351
  1.90000000   1.30000000    74.7364060696
  2.00000000   1.30000000    65.8609105572
  2.10000000   1.30000000    54.9146480937
  2.20000000   1.30000000    43.8601678789
  2.30000000   1.30000000    33.8122587001
  2.40000000   1.30000000    25.2621432189
  2.50000000   1.30000000    18.3302328684
  2.60000000   1.30000000    12.9306620494
  2.70000000   1.30000000     8.8726433681
  2.80000000   1.30000000     5.9238688744
  2.90000000   1.30000000     3.8501935864
  3.00000000   1.30000000     2.4392573883
  3.10000000   1.30000000     1.5127494768
  3.20000000   1.30000000     0.9308386618
  3.30000000   1.30000000     0.5917433135
  3.40000000   1.30000000     0.4352403140
  3.50000000   1.30000000     0.4352403140

  0.00000000   1.40000000     0.5048938646
  0.10000000   1.40000000     0.5048938646
  0.20000000   1.40000000     0.6870605365
  0.30000000   1.40000000     1.0825568072
  0.40000000   1.40000000     1.7632090227
  0.50000000   1.40000000     2.8507817078
  0.60000000   1.40000000     4.5145262421
  0.70000000   1.40000000     6.9740969461
  0.80000000   1.40000000    10.4983376008
  0.90000000   1.40000000    15.3972627139
  1.00000000   1.40000000    22.0042402513
  1.10000000   1.40000000    30.6442581488
  1.20000000   1.40000000    41.5800741702
  1.30000000   1.40000000    54.9147597578
  1.40000000   1.40000000    70.3857875144
  1.50000000   1.40000000    86.8307197539
  1.60000000   1.40000000   100.5026899191
  1.70000000   1.40000000   108.3114491657
  1.80000000   1.40000000   108.3114491657
  1.90000000   1.40000000   100.5026899191
  2.00000000   1.40000000    86.8307197539
  2.10000000   1.40000000    70.3857875144
  2.20000000   1.40000000    54.9147597578
  2.30000000   1.40000000    41.5800741702
  2.40000000   1.40000000    30.6442581488
  2.50000000   1.40000000    22.0042402513
  2.60000000   1.40000000    15.3972627139
  2.70000000   1.40000000    10.4983376008
  2.80000000   1.40000000     6.9740969461
  2.90000000   1.40000000     4.5145262421
  3.00000000   1.40000000     2.8507817078
  3.10000000   1.40000000     1.7632090227
  3.20000000   1.40000000     1.0825568072
  3.30000000   1.40000000     0.6870605365
  3.40000000   1.40000000     0.5048938646
  3.50000000   1.40000000     0.5048938646

  0.00000000   1.50000000     0.5645700451
  0.10000000   1.50000000     0.5645700451
  0.20000000   1.50000000     0.7688352834
  0.30000000   1.50000000     1.2130206197
  0.40000000   1.50000000     1.9792377846
  0.50000000   1.50000000     3.2070794980
  0.60000000   1.50000000     5.0924541284
  0.70000000   1.50000000     7.8933319341
  0.80000000   1.50000000    11.9326468263
  0.90000000   1.50000000    17.5965940614
  1.00000000   1.50000000    25.3272318861
  1.10000000   1.50000000    35.6092145449
  1.20000000   1.50000000    48.9512153437
  1.30000000   1.50000000    65.8631495855
  1.40000000   1.50000000    86.8362312148
  1.50000000   1.50000000   112.3758880636
  1.60000000   1.50000000   133.7712521279
  1.70000000   1.50000000   146.2415737351
  1.80000000   1.50000000   146.2415737351
  1.90000000   1.50000000   133.7712521279
  2.00000000   1.50000000   112.3758880636
  2.10000000   1.50000000    86.8362312148
  2.20000000   1.50000000    65.8631495855
  2.30000000   1.50000000    48.9512153437
  2.40000000   1.50000000    35.6092145449
  2.50000000   1.50000000    25.3272318861
  2.60000000   1.50000000    17.5965940614
  2.70000000   1.50000000    11.9326468263
  2.80000000   1.50000000     7.8933319341
  2.90000000   1.50000000     5.0924541284
  3.00000000   1.50000000     3.2070794980
  3.10000000   1.50000000     1.9792377846
  3.20000000   1.50000000     1.2130206197
  3.30000000   1.50000000     0.7688352834
  3.40000000   1.50000000     0.5645700451
  3.50000000   1.50000000     0.5645700451

  0.00000000   1.60000000     0.6083363351
  0.10000000   1.60000000     0.6083363351
  0.20000000   1.60000000     0.8288712280
  0.30000000   1.60000000     1.3089716857
  0.40000000   1.60000000     2.1384882959
  0.50000000   1.60000000     3.4704968110
  0.60000000   1.60000000     5.5213031931
  0.70000000   1.60000000     8.5786956150
  0.80000000   1.60000000    13.0087145779
  0.90000000   1.60000000    19.2602732393
  1.00000000   1.60000000    27.8687763582
  1.10000000   1.60000000    39.4630753650
  1.20000000   1.60000000    54.7852424691
  1.30000000   1.60000000    74.7410336127
  1.40000000   1.60000000   100.5130778996
  1.50000000   1.60000000   138.6502526231
  1.60000000   1.60000000   200.0000000000
  1.70000000   1.60000000   200.0000000000
  1.80000000   1.60000000   200.0000000000
  1.90000000   1.60000000   200.0000000000
  2.00000000   1.60000000   138.6502526231
  2.10000000   1.60000000   100.5130778996
  2.20000000   1.60000000    74.7410336127
  2.30000000   1.60000000    54.7852424691
  2.40000000   1.60000000    39.4630753650
  2.50000000   1.60000000    27.8687763582
  2.60000000   1.60000000    19.2602732393
  2.70000000   1.60000000    13.0087145779
  2.80000000   1.60000000     8.5786956150
  2.90000000   1.60000000     5.5213031931
  3.00000000   1.60000000     3.4704968110
  3.10000000   1.60000000     2.1384882959
  3.20000000   1.60000000     1.3089716857
  3.30000000   1.60000000     0.8288712280
  3.40000000   1.60000000     0.6083363351
  3.50000000   1.60000000     0.6083363351

  0.00000000   1.70000000     0.6315117810
  0.10000000   1.70000000     0.6315117810
  0.20000000   1.70000000     0.8606828059
  0.30000000   1.70000000     1.3598702079
  0.40000000   1.70000000     2.2230880874
  0.50000000   1.70000000     3.6106897779
  0.60000000   1.70000000     5.7500710746
  0.70000000   1.70000000     8.9453992866
  0.80000000   1.70000000    13.5867297519
  0.90000000   1.70000000    20.1585636653
  1.00000000   1.70000000    29.2504567856
  1.10000000   1.70000000    41.5768951966
  1.20000000   1.70000000    58.0214285010
  1.30000000   1.70000000    79.7330658119
  1.40000000   1.70000000   108.3250838625
  1.50000000   1.70000000   148.0438255659
  1.60000000   1.70000000   200.0000000000
  1.70000000   1.70000000   200.0000000000
  1.80000000   1.70000000   200.0000000000
  1.90000000   1.70000000   200.0000000000
  2.00000000   1.70000000   148.0438255659
  2.10000000   1.70000000   108.3250838625
  2.20000000   1.70000000    79.7330658119
  2.30000000   1.70000000    58.0214285010
  2.40000000   1.70000000    41.5768951966
  2.50000000   1.70000000    29.2504567856
  2.60000000   1.70000000    20.1585636653
  2.70000000   1.70000000    13.5867297519
  2.80000000   1.70000000     8.9453992866
  2.90000000   1.70000000     5.7500710746
  3.00000000   1.70000000     3.6106897779
  3.10000000   1.70000000     2.2230880874
  3.20000000   1.70000000     1.3598702079
  3.30000000   1.70000000     0.8606828059
  3.40000000   1.70000000     0.6315117810
  3.50000000   1.70000000     0.6315117810

  0.00000000   1.80000000     0.6315117810
  0.10000000   1.80000000     0.6315117810
  0.20000000   1.80000000     0.8606828059
  0.30000000   1.80000000     1.3598702079
  0.40000000   1.80000000     2.2230880874
  0.50000000   1.80000000     3.6106897779
  0.60000000   1.80000000     5.7500710746
  0.70000000   1.80000000     8.9453992866
  0.80000000   1.80000000    13.5867297519
  0.90000000   1.80000000    20.1585636653
  1.00000000   1.80000000    29.2504567856
  1.10000000   1.80000000    41.5768951966
  1.20000000   1.80000000    58.0214285010
  1.30000000   1.80000000    79.7330658119
  1.40000000   1.80000000   108.3250838625
  1.50000000   1.80000000   148.0438255659
  1.60000000   1.80000000   200.0000000000
  1.70000000   1.80000000   200.0000000000
  1.80000000   1.80000000   200.0000000000
  1.90000000   1.80000000   200.0000000000
  2.00000000   1.80000000   148.0438255659
  2.10000000   1.80000000   108.3250838625
  2.20000000   1.80000000    79.7330658119
  2.30000000   1.80000000    58.0214285010
  2.40000000   1.80000000    41.5768951966
  2.50000000   1.80000000    29.2504567856
  2.60000000   1.80000000    20.1585636653
  2.70000000   1.80000000    13.5867297519
  2.80000000   1.80000000     8.9453992866
  2.90000000   1.80000000     5.7500710746
  3.00000000   1.80000000     3.6106897779
  3.10000000   1.80000000     2.2230880874
  3.20000000   1.80000000     1.3598702079
  3.30000000   1.80000000     0.8606828059
  3.40000000   1.80000000     0.6315117810
  3.50000000   1.80000000     0.6315117810

  0.00000000   1.90000000     0.6083363351
  0.10000000   1.90000000     0.6083363351
  0.20000000   1.90000000     0.8288712280
  0.30000000   1.90000000     1.3089716857
  0.40000000   1.90000000     2.1384882959
  0.50000000   1.90000000     3.4704968110
  0.60000000   1.90000000     5.5213031931
  0.70000000   1.90000000     8.5786956150
  0.80000000   1.90000000    13.0087145779
  0.90000000   1.90000000    19.2602732393
  1.00000000   1.90000000    27.8687763582
  1.10000000   1.90000000    39.4630753650
  1.20000000   1.90000000    54.7852424691
  1.30000000   1.90000000    74.7410336127
  1.40000000   1.90000000   100.5130778996
  1.50000000   1.90000000   138.6502526231
  1.60000000   1.90000000   200.0000000000
  1.70000000   1.90000000   200.0000000000
  1.80000000   1.90000000   200.0000000000
  1.90000000   1.90000000   200.0000000000
  2.00000000   1.90000000   138.6502526231
  2.10000000   1.90000000   100.5130778996
  2.20000000   1.90000000    74.7410336127
  2.30000000   1.90000000    54.7852424691
  2.40000000   1.90000000    39.4630753650
  2.50000000   1.90000000    27.8687763582
  2.60000000   1.90000000    19.2602732393
  2.70000000   1.90000000    13.0087145779
  2.80000000   1.90000000     8.5786956150
  2.90000000   1.90000000     5.5213031931
  3.00000000   1.90000000     3.4704968110
  3.10000000   1.90000000     2.1384882959
  3.20000000   1.90000000     1.3089716857
  3.30000000   1.90000000     0.8288712280
  3.40000000   1.90000000     0.6083363351
  3.50000000   1.90000000     0.6083363351

  0.00000000   2.00000000     0.5645700451
  0.10000000   2.00000000     0.5645700451
  0.20000000   2.00000000     0.7688352834
  0.30000000   2.00000000     1.2130206197
  0.40000000   2.00000000     1.9792377846
  0.50000000   2.00000000     3.2070794980
  0.60000000   2.00000000     5.0924541284
  0.70000000   2.00000000     7.8933319341
  0.80000000   2.00000000    11.9326468263
  0.90000000   2.00000000    17.5965940614
  1.00000000   2.00000000    25.3272318861
  1.10000000   2.00000000    35.6092145449
  1.20000000   2.00000000    48.9512153437
  1.30000000   2.00000000    65.8631495855
  1.40000000   2.00000000    86.8362312148
  1.50000000   2.00000000   112.3758880636
  1.60000000   2.00000000   133.7712521279
  1.70000000   2.00000000   146.2415737351
  1.80000000   2.00000000   146.2415737351
  1.90000000   2.00000000   133.7712521279
  2.00000000   2.00000000   112.3758880636
  2.10000000   2.00000000    86.8362312148
  2.20000000   2.00000000    65.8631495855
  2.30000000   2.00000000    48.9512153437
  2.40000000   2.00000000    35.6092145449
  2.50000000   2.00000000    25.3272318861
  2.60000000   2.00000000    17.5965940614
  2.70000000   2.00000000    11.9326468263
  2.80000000   2.00000000     7.8933319341
  2.90000000   2.00000000     5.0924541284
  3.00000000   2.00000000     3.2070794980
  3.10000000   2.00000000     1.9792377846
  3.20000000   2.00000000     1.2130206197
  3.30000000   2.00000000     0.7688352834
  3.40000000   2.00000000     0.5645700451
  3.50000000   2.00000000     0.5645700451

  0.00000000   2.10000000     0.5048938646
  0.10000000   2.10000000     0.5048938646
  0.20000000   2.10000000     0.6870605365
  0.30000000   2.10000000     1.0825568072
  0.40000000   2.10000000     1.7632090227
  0.50000000   2.10000000     2.8507817078
  0.60000000   2.10000000     4.5145262421
  0.70000000   2.10000000     6.9740969461
  0.80000000   2.10000000    10.4983376008
  0.90000000   2.10000000    15.3972627139
  1.00000000   2.10000000    22.0042402513
  1.10000000   2.10000000    30.6442581488
  1.20000000   2.10000000    41.5800741702
  1.30000000   2.10000000    54.9147597578
  1.40000000   2.10000000    70.3857875144
  1.50000000   2.10000000    86.8307197539
  1.60000000   2.10000000   100.5026899191
  1.70000000   2.10000000   108.3114491657
  1.80000000   2.10000000   108.3114491657
  1.90000000   2.10000000   100.5026899191
  2.00000000   2.10000000    86.8307197539
  2.10000000   2.10000000    70.3857875144
  2.20000000   2.10000000    54.9147597578
  2.30000000   2.10000000    41.5800741702
  2.40000000   2.10000000    30.6442581488
  2.50000000   2.10000000    22.0042402513
  2.60000000   2.10000000    15.3972627139
  2.70000000   2.10000000    10.4983376008
  2.80000000   2.10000000     6.9740969461
  2.90000000   2.10000000     4.5145262421
  3.00000000   2.10000000     2.8507817078
  3.10000000   2.10000000     1.7632090227
  3.20000000   2.10000000     1.0825568072
  3.30000000   2.10000000     0.6870605365
  3.40000000   2.10000000     0.5048938646
  3.50000000   2.10000000     0.5048938646

  0.00000000   2.20000000     0.4352403140
  0.10000000   2.20000000     0.4352403140
  0.20000000   2.20000000     0.5917433135
  0.30000000   2.20000000     0.9308386618
  0.40000000   2.20000000     1.5127494768
  0.50000000   2.20000000     2.4392573883
  0.60000000   2.20000000     3.8501935864
  0.70000000   2.20000000     5.9238688744
  0.80000000   2.20000000     8.8726433681
  0.90000000   2.20000000    12.9306620494
  1.00000000   2.20000000    18.3302328684
  1.10000000   2.20000000    25.2621432189
  1.20000000   2.20000000    33.8122587001
  1.30000000   2.20000000    43.8601678789
  1.40000000   2.20000000    54.9146480937
  1.50000000   2.20000000    65.8609105572
  1.60000000   2.20000000    74.7364060696
  1.70000000   2.20000000    79.7268526351
  1.80000000   2.20000000    79.7268526351
  1.90000000   2.20000000    74.7364060696
  2.00000000   2.20000000    65.8609105572
  2.10000000   2.20000000    54.9146480937
  2.20000000   2.20000000    43.8601678789
  2.30000000   2.20000000    33.8122587001
  2.40000000   2.20000000    25.2621432189
  2.50000000   2.20000000    18.3302328684
  2.60000000   2.20000000    12.9306620494
  2.70000000   2.20000000     8.8726433681
  2.80000000   2.20000000     5.9238688744
  2.90000000   2.20000000     3.8501935864
  3.00000000   2.20000000     2.4392573883
  3.10000000   2.20000000     1.5127494768
  3.20000000   2.20000000     0.9308386618
  3.30000000   2.20000000     0.5917433135
  3.40000000   2.20000000     0.4352403140
  3.50000000   2.20000000     0.4352403140

  0.00000000   2.30000000     0.3618089097
  0.10000000   2.30000000     0.3618089097
  0.20000000   2.30000000     0.4914152963
  0.30000000   2.30000000     0.7715783250
  0.40000000   2.30000000     1.2507775484
  0.50000000   2.30000000     2.0107129528
  0.60000000   2.30000000     3.1621800554
  0.70000000   2.30000000     4.8437537211
  0.80000000   2.30000000     7.2155787232
  0.90000000   2.30000000    10.4455973313
  1.00000000   2.30000000    14.6852982193
  1.10000000   2.30000000    20.0318390826
  1.20000000   2.30000000    26.4731737043
  1.30000000   2.30000000    33.8134495869
  1.40000000   2.30000000    41.5817011074
  1.50000000   2.30000000    48.9523409991
  1.60000000   2.30000000    54.7855140188
  1.70000000   2.30000000    58.0210768333
  1.80000000   2.30000000    58.0210768333
  1.90000000   2.30000000    54.7855140188
  2.00000000   2.30000000    48.9523409991
  2.10000000   2.30000000    41.5817011074
  2.20000000   2.30000000    33.8134495869
  2.30000000   2.30000000    26.4731737043
  2.40000000   2.30000000    20.0318390826
  2.50000000   2.30000000    14.6852982193
  2.60000000   2.30000000    10.4455973313
  2.70000000   2.30000000     7.2155787232
  2.80000000   2.30000000     4.8437537211
  2.90000000   2.30000000     3.1621800554
  3.00000000   2.30000000     2.0107129528
  3.10000000   2.30000000     1.2507775484
  3.20000000   2.30000000     0.7715783250
  3.30000000   2.30000000     0.4914152963
  3.40000000   2.30000000     0.3618089097
  3.50000000   2.30000000     0.3618089097

  0.00000000   2.40000000     0.2901708014
  0.10000000   2.40000000     0.2901708014
  0.20000000   2.40000000     0.3937047823
  0.30000000   2.40000000     0.6169334202
  0.40000000   2.40000000     0.9973909580
  0.50000000   2.40000000     1.5981905354
  0.60000000   2.40000000     2.5037713792
  0.70000000   2.40000000     3.8176511940
  0.80000000   2.40000000     5.6558016885
  0.90000000   2.40000000     8.1335958590
  1.00000000   2.40000000    11.3444284310
  1.10000000   2.40000000    15.3287094173
  1.20000000   2.40000000    20.0333376496
  1.30000000   2.40000000    25.2649908769
  1.40000000   2.40000000    30.6480308332
  1.50000000   2.40000000    35.6133775199
  1.60000000   2.40000000    39.4672717338
  1.70000000   2.40000000    41.5810198902
  1.80000000   2.40000000    41.5810198902
  1.90000000   2.40000000    39.4672717338
  2.00000000   2.40000000    35.6133775199
  2.10000000   2.40000000    30.6480308332
  2.20000000   2.40000000    25.2649908769
  2.30000000   2.40000000    20.0333376496
  2.40000000   2.40000000    15.3287094173
  2.50000000   2.40000000    11.3444284310
  2.60000000   2.40000000     8.1335958590
  2.70000000   2.40000000     5.6558016885
  2.80000000   2.40000000     3.8176511940
  2.90000000   2.40000000     2.5037713792
  3.00000000   2.40000000     1.5981905354
  3.10000000   2.40000000     0.9973909580
  3.20000000   2.40000000     0.6169334202
  3.30000000   2.40000000     0.3937047823
  3.40000000   2.40000000     0.2901708014
  3.50000000   2.40000000     0.2901708014

  0.00000000   2.50000000     0.2246354376
  0.10000000   2.50000000     0.2246354376
  0.20000000   2.50000000     0.3044739165
  0.30000000   2.50000000     0.4761436716
  0.40000000   2.50000000     0.7676419581
  0.50000000   2.50000000     1.2259858626
  0.60000000   2.50000000     1.9132367357
  0.70000000   2.50000000     2.9039898594
  0.80000000   2.50000000     4.2792912589
  0.90000000   2.50000000     6.1155835037
  1.00000000   2.50000000     8.4676884011
  1.10000000   2.50000000    11.3457922325
  1.20000000   2.50000000    14.6881879434
  1.30000000   2.50000000    18.3346057716
  1.40000000   2.50000000    22.0098518194
  1.50000000   2.50000000    25.3337179722
  1.60000000   2.50000000    27.8757794022
  1.70000000   2.50000000    29.2576886452
  1.80000000   2.50000000    29.2576886452
  1.90000000   2.50000000    27.8757794022
  2.00000000   2.50000000    25.3337179722
  2.10000000   2.50000000    22.0098518194
  2.20000000   2.50000000    18.3346057716
  2.30000000   2.50000000    14.6881879434
  2.40000000   2.50000000    11.3457922325
  2.50000000   2.50000000     8.4676884011
  2.60000000   2.50000000     6.1155835037
  2.70000000   2.50000000     4.2792912589
  2.80000000   2.50000000     2.9039898594
  2.90000000   2.50000000     1.9132367357
  3.00000000   2.50000000     1.2259858626
  3.10000000   2.50000000     0.7676419581
  3.20000000   2.50000000     0.4761436716
  3.30000000   2.50000000     0.3044739165
  3.40000000   2.50000000     0.2246354376
  3.50000000   2.50000000     0.2246354376

  0.00000000   2.60000000     0.1679568853
  0.10000000   2.60000000     0.1679568853
  0.20000000   2.60000000     0.2274329233
  0.30000000   2.60000000     0.3549591596
  0.40000000   2.60000000     0.5706875884
  0.50000000   2.60000000     0.9084581506
  0.60000000   2.60000000     1.4123609598
  0.70000000   2.60000000     2.1344002226
  0.80000000   2.60000000     3.1294450970
  0.90000000   2.60000000     4.4466035583
  1.00000000   2.60000000     6.1166374295
  1.10000000   2.60000000     8.1359867138
  1.20000000   2.60000000    10.4494978309
  1.30000000   2.60000000    12.9360881507
  1.40000000   2.60000000    15.4040642892
  1.50000000   2.60000000    17.6044901886
  1.60000000   2.60000000    19.2689135852
  1.70000000   2.60000000    20.1675764394
  1.80000000   2.60000000    20.1675764394
  1.90000000   2.60000000    19.2689135852
  2.00000000   2.60000000    17.6044901886
  2.10000000   2.60000000    15.4040642892
  2.20000000   2.60000000    12.9360881507
  2.30000000   2.60000000    10.4494978309
  2.40000000   2.60000000     8.1359867138
  2.50000000   2.60000000     6.1166374295
  2.60000000   2.60000000     4.4466035583
  2.70000000   2.60000000     3.1294450970
  2.80000000   2.60000000     2.1344002226
  2.90000000   2.60000000     1.4123609598
  3.00000000   2.60000000     0.9084581506
  3.10000000   2.60000000     0.5706875884
  3.20000000   2.60000000     0.3549591596
  3.30000000   2.60000000     0.2274329233
  3.40000000   2.60000000     0.1679568853
  3.50000000   2.60000000     0.1679568853

  0.00000000   2.70000000     0.1213611074
  0.10000000   2.70000000     0.1213611074
  0.20000000   2.70000000     0.1641969664
  0.30000000   2.70000000     0.2557822816
  0.40000000   2.70000000     0.4101345183
  0.50000000   2.70000000     0.6508224259
  0.60000000   2.70000000     1.0081794320
  0.70000000   2.70000000     1.5173603075
  0.80000000   2.70000000     2.2144549135
  0.90000000   2.70000000     3.1301692193
  1.00000000   2.70000000     4.2810243026
  1.10000000   2.70000000     5.6587942052
  1.20000000   2.70000000     7.2199968111
  1.30000000   2.70000000     8.8785285195
  1.40000000   2.70000000    10.5055895798
  1.50000000   2.70000000    11.9410349102
  1.60000000   2.70000000    13.0179098371
  1.70000000   2.70000000    13.5963424853
  1.80000000   2.70000000    13.5963424853
  1.90000000   2.70000000    13.0179098371
  2.00000000   2.70000000    11.9410349102
  2.10000000   2.70000000    10.5055895798
  2.20000000   2.70000000     8.8785285195
  2.30000000   2.70000000     7.2199968111
  2.40000000   2.70000000     5.6587942052
  2.50000000   2.70000000     4.2810243026
  2.60000000   2.70000000     3.1301692193
  2.70000000   2.70000000     2.2144549135
  2.80000000   2.70000000     1.5173603075
  2.90000000   2.70000000     1.0081794320
  3.00000000   2.70000000     0.6508224259
  3.10000000   2.70000000     0.4101345183
  3.20000000   2.70000000     0.2557822816
  3.30000000   2.70000000     0.1641969664
  3.40000000   2.70000000     0.1213611074
  3.50000000   2.70000000     0.1213611074

  0.00000000   2.80000000     0.0848075818
  0.10000000   2.80000000     0.0848075818
  0.20000000   2.80000000     0.1146596109
  0.30000000   2.80000000     0.1783032648
  0.40000000   2.80000000     0.2851739479
  0.50000000   2.80000000     0.4511788368
  0.60000000   2.80000000     0.6965595550
  0.70000000   2.80000000     1.0444005192
  0.80000000   2.80000000     1.5178119810
  0.90000000   2.80000000     2.1355320650
  1.00000000   2.80000000     2.9060407673
  1.10000000   2.80000000     3.8208343493
  1.20000000   2.80000000     4.8482166284
  1.30000000   2.80000000     5.9296589316
  1.40000000   2.80000000     6.9811417213
  1.50000000   2.80000000     7.9014391688
  1.60000000   2.80000000     8.5875713641
  1.70000000   2.80000000     8.9546776843
  1.80000000   2.80000000     8.9546776843
  1.90000000   2.80000000     8.5875713641
  2.00000000   2.80000000     7.9014391688
  2.10000000   2.80000000     6.9811417213
  2.20000000   2.80000000     5.9296589316
  2.30000000   2.80000000     4.8482166284
  2.40000000   2.80000000     3.8208343493
  2.50000000   2.80000000     2.9060407673
  2.60000000   2.80000000     2.1355320650
  2.70000000   2.80000000     1.5178119810
  2.80000000   2.80000000     1.0444005192
  2.90000000   2.80000000     0.6965595550
  3.00000000   2.80000000     0.4511788368
  3.10000000   2.80000000     0.2851739479
  3.20000000   2.80000000     0.1783032648
  3.30000000   2.80000000     0.1146596109
  3.40000000   2.80000000     0.0848075818
  3.50000000   2.80000000     0.0848075818

  0.00000000   2.90000000     0.0573713947
  0.10000000   2.90000000     0.0573713947
  0.20000000   2.90000000     0.0775235090
  0.30000000   2.90000000     0.1203662606
  0.40000000   2.90000000     0.1920545619
  0.50000000   2.90000000     0.3030076015
  0.60000000   2.90000000     0.4663464944
  0.70000000   2.90000000     0.6968189104
  0.80000000   2.90000000     1.0088562005
  0.90000000   2.90000000     1.4136409057
  1.00000000   2.90000000     1.9153136838
  1.10000000   2.90000000     2.5068194578
  1.20000000   2.90000000     3.1663222614
  1.30000000   2.90000000     3.8554732492
  1.40000000   2.90000000     4.5208881966
  1.50000000   2.90000000     5.0997402576
  1.60000000   2.90000000     5.5292632571
  1.70000000   2.90000000     5.7583862902
  1.80000000   2.90000000     5.7583862902
  1.90000000   2.90000000     5.5292632571
  2.00000000   2.90000000     5.0997402576
  2.10000000   2.90000000     4.5208881966
  2.20000000   2.90000000     3.8554732492
  2.30000000   2.90000000     3.1663222614
  2.40000000   2.90000000     2.5068194578
  2.50000000   2.90000000     1.9153136838
  2.60000000   2.90000000     1.4136409057
  2.70000000   2.90000000     1.0088562005
  2.80000000   2.90000000     0.6968189104
  2.90000000   2.90000000     0.4663464944
  3.00000000   2.90000000     0.3030076015
  3.10000000   2.90000000     0.1920545619
  3.20000000   2.90000000     0.1203662606
  3.30000000   2.90000000     0.0775235090
  3.40000000   2.90000000     0.0573713947
  3.50000000   2.90000000     0.0573713947

  0.00000000   3.00000000     0.0376410965
  0.10000000   3.00000000     0.0376410965
  0.20000000   3.00000000     0.0508453862
  0.30000000   3.00000000     0.0788391726
  0.40000000   3.00000000     0.1255218614
  0.50000000   3.00000000     0.1975309761
  0.60000000   3.00000000     0.3031466189
  0.70000000   3.00000000     0.4515544790
  0.80000000   3.00000000     0.6515604927
  0.90000000   3.00000000     0.9097050478
  1.00000000   3.00000000     1.2278938142
  1.10000000   3.00000000     1.6008965598
  1.20000000   3.00000000     2.0143146377
  1.30000000   3.00000000     2.4437901312
  1.40000000   3.00000000     2.8562025393
  1.50000000   3.00000000     3.2132615238
  1.60000000   3.00000000     3.4772360267
  1.70000000   3.00000000     3.6177234311
  1.80000000   3.00000000     3.6177234311
  1.90000000   3.00000000     3.4772360267
  2.00000000   3.00000000     3.2132615238
  2.10000000   3.00000000     2.8562025393
  2.20000000   3.00000000     2.4437901312
  2.30000000   3.00000000     2.0143146377
  2.40000000   3.00000000     1.6008965598
  2.50000000   3.00000000     1.2278938142
  2.60000000   3.00000000     0.9097050478
  2.70000000   3.00000000     0.6515604927
  2.80000000   3.00000000     0.4515544790
  2.90000000   3.00000000     0.3031466189
  3.00000000   3.00000000     0.1975309761
  3.10000000   3.00000000     0.1255218614
  3.20000000   3.00000000     0.0788391726
  3.30000000   3.00000000     0.0508453862
  3.40000000   3.00000000     0.0376410965
  3.50000000   3.00000000     0.0376410965

  0.00000000   3.10000000     0.0240591087
  0.10000000   3.10000000     0.0240591087
  0.20000000   3.10000000     0.0324978904
  0.30000000   3.10000000     0.0503385727
  0.40000000   3.10000000     0.0799924069
  0.50000000   3.10000000     0.1255926603
  0.60000000   3.10000000     0.1922513802
  0.70000000   3.10000000     0.2855736949
  0.80000000   3.10000000     0.4108347837
  0.90000000   3.10000000     0.5718009482
  1.00000000   3.10000000     0.7692849657
  1.10000000   3.10000000     0.9996684324
  1.20000000   3.10000000     1.2537642514
  1.30000000   3.10000000     1.5164725134
  1.40000000   3.10000000     1.7676347954
  1.50000000   3.10000000     1.9842667977
  1.60000000   3.10000000     2.1439596389
  1.70000000   3.10000000     2.2287934774
  1.80000000   3.10000000     2.2287934774
  1.90000000   3.10000000     2.1439596389
  2.00000000   3.10000000     1.9842667977
  2.10000000   3.10000000     1.7676347954
  2.20000000   3.10000000     1.5164725134
  2.30000000   3.10000000     1.2537642514
  2.40000000   3.10000000     0.9996684324
  2.50000000   3.10000000     0.7692849657
  2.60000000   3.10000000     0.5718009482
  2.70000000   3.10000000     0.4108347837
  2.80000000   3.10000000     0.2855736949
  2.90000000   3.10000000     0.1922513802
  3.00000000   3.10000000     0.1255926603
  3.10000000   3.10000000     0.0799924069
  3.20000000   3.10000000     0.0503385727
  3.30000000   3.10000000     0.0324978904
  3.40000000   3.10000000     0.0240591087
  3.50000000   3.10000000     0.0240591087

  0.00000000   3.20000000     0.0151693003
  0.10000000   3.20000000     0.0151693003
  0.20000000   3.20000000     0.0205034762
  0.30000000   3.20000000     0.0317460310
  0.40000000   3.20000000     0.0503734986
  0.50000000   3.20000000     0.0789385902
  0.60000000   3.20000000     0.1205740957
  0.70000000   3.20000000     0.1786794310
  0.80000000   3.20000000     0.2564018449
  0.90000000   3.20000000     0.3559080588
  1.00000000   3.20000000     0.4775105077
  1.10000000   3.20000000     0.6187977096
  1.20000000   3.20000000     0.7739966850
  1.30000000   3.20000000     0.9338313437
  1.40000000   3.20000000     1.0860974570
  1.50000000   3.20000000     1.2170318845
  1.60000000   3.20000000     1.3133282908
  1.70000000   3.20000000     1.3644096536
  1.80000000   3.20000000     1.3644096536
  1.90000000   3.20000000     1.3133282908
  2.00000000   3.20000000     1.2170318845
  2.10000000   3.20000000     1.0860974570
  2.20000000   3.20000000     0.9338313437
  2.30000000   3.20000000     0.7739966850
  2.40000000   3.20000000     0.6187977096
  2.50000000   3.20000000     0.4775105077
  2.60000000   3.20000000     0.3559080588
  2.70000000   3.20000000     0.2564018449
  2.80000000   3.20000000     0.1786794310
  2.90000000   3.20000000     0.1205740957
  3.00000000   3.20000000     0.0789385902
  3.10000000   3.20000000     0.0503734986
  3.20000000   3.20000000     0.0317460310
  3.30000000   3.20000000     0.0205034762
  3.40000000   3.20000000     0.0151693003
  3.50000000   3.20000000     0.0151693003

  0.00000000   3.30000000     0.0097679473
  0.10000000   3.30000000     0.0097679473
  0.20000000   3.30000000     0.0132394687
  0.30000000   3.30000000     0.0205201860
  0.40000000   3.30000000     0.0325469953
  0.50000000   3.30000000     0.0509514295
  0.60000000   3.30000000     0.0777220555
  0.70000000   3.30000000     0.1149984413
  0.80000000   3.30000000     0.1647354004
  0.90000000   3.30000000     0.2282385070
  1.00000000   3.30000000     0.3056160861
  1.10000000   3.30000000     0.3952457669
  1.20000000   3.30000000     0.4933993423
  1.30000000   3.30000000     0.5941860660
  1.40000000   3.30000000     0.6899408253
  1.50000000   3.30000000     0.7720914362
  1.60000000   3.30000000     0.8324033118
  1.70000000   3.30000000     0.8643610352
  1.80000000   3.30000000     0.8643610352
  1.90000000   3.30000000     0.8324033118
  2.00000000   3.30000000     0.7720914362
  2.10000000   3.30000000     0.6899408253
  2.20000000   3.30000000     0.5941860660
  2.30000000   3.30000000     0.4933993423
  2.40000000   3.30000000     0.3952457669
  2.50000000   3.30000000     0.3056160861
  2.60000000   3.30000000     0.2282385070
  2.70000000   3.30000000     0.1647354004
  2.80000000   3.30000000     0.1149984413
  2.90000000   3.30000000     0.0777220555
  3.00000000   3.30000000     0.0509514295
  3.10000000   3.30000000     0.0325469953
  3.20000000   3.30000000     0.0205201860
  3.30000000   3.30000000     0.0132394687
  3.40000000   3.30000000     0.0097679473
  3.50000000   3.30000000     0.0097679473

  0.00000000   3.40000000     0.0069720334
  0.10000000   3.40000000     0.0069720334
  0.20000000   3.40000000     0.0095423223
  0.30000000   3.40000000     0.0148497695
  0.40000000   3.40000000     0.0235973398
  0.50000000   3.40000000     0.0369808072
  0.60000000   3.40000000     0.0564494795
  0.70000000   3.40000000     0.0835570074
  0.80000000   3.40000000     0.1197156792
  0.90000000   3.40000000     0.1658574891
  1.00000000   3.40000000     0.2220369546
  1.10000000   3.40000000     0.2870486390
  1.20000000   3.40000000     0.3581640725
  1.30000000   3.40000000     0.4311021778
  1.40000000   3.40000000     0.5003202468
  1.50000000   3.40000000     0.5596446411
  1.60000000   3.40000000     0.6031639727
  1.70000000   3.40000000     0.6262121270
  1.80000000   3.40000000     0.6262121270
  1.90000000   3.40000000     0.6031639727
  2.00000000   3.40000000     0.5596446411
  2.10000000   3.40000000     0.5003202468
  2.20000000   3.40000000     0.4311021778
  2.30000000   3.40000000     0.3581640725
  2.40000000   3.40000000     0.2870486390
  2.50000000   3.40000000     0.2220369546
  2.60000000   3.40000000     0.1658574891
  2.70000000   3.40000000     0.1197156792
  2.80000000   3.40000000     0.0835570074
  2.90000000   3.40000000     0.0564494795
  3.00000000   3.40000000     0.0369808072
  3.10000000   3.40000000     0.0235973398
  3.20000000   3.40000000     0.0148497695
  3.30000000   3.40000000     0.0095423223
  3.40000000   3.40000000     0.0069720334
  3.50000000   3.40000000     0.0069720334

  0.00000000   3.50000000     0.0069720334
  0.10000000   3.50000000     0.0069720334
  0.20000000   3.50000000     0.0095423223
  0.30000000   3.50000000     0.0148497695
  0.40000000   3.50000000     0.0235973398
  0.50000000   3.50000000     0.0369808072
  0.60000000   3.50000000     0.0564494795
  0.70000000   3.50000000     0.0835570074
  0.80000000   3.50000000     0.1197156792
  0.90000000   3.50000000     0.1658574891
  1.00000000   3.50000000     0.2220369546
  1.10000000   3.50000000     0.2870486390
  1.20000000   3.50000000     0.3581640725
  1.30000000   3.50000000     0.4311021778
  1.40000000   3.50000000     0.5003202468
  1.50000000   3.50000000     0.5596446411
  1.60000000   3.50000000     0.6031639727
  1.70000000   3.50000000     0.6262121270
  1.80000000   3.50000000     0.6262121270
  1.90000000   3.50000000     0.6031639727
  2.00000000   3.50000000     0.5596446411
  2.10000000   3.50000000     0.5003202468
  2.20000000   3.50000000     0.4311021778
  2.30000000   3.50000000     0.3581640725
  2.40000000   3.50000000     0.2870486390
  2.50000000   3.50000000     0.2220369546
  2.60000000   3.50000000     0.1658574891
  2.70000000   3.50000000     0.1197156792
  2.80000000   3.50000000     0.0835570074
  2.90000000   3.50000000     0.0564494795
  3.00000000   3.50000000     0.0369808072
  3.10000000   3.50000000     0.0235973398
  3.20000000   3.50000000     0.0148497695
  3.30000000   3.50000000     0.0095423223
  3.40000000   3.50000000     0.0069720334
  3.50000000   3.50000000     0.0069720334

