  0.00000000   0.00000000    21.0757705039
  0.10000000   0.00000000    21.0757705039
  0.20000000   0.00000000    21.3752907911
  0.30000000   0.00000000    21.9289331401
  0.40000000   0.00000000    22.7046002531
  0.50000000   0.00000000    23.6842229841
  0.60000000   0.00000000    24.8429210863
  0.70000000   0.00000000    26.1494255351
  0.80000000   0.00000000    27.5664789216
  0.90000000   0.00000000    29.0514077743
  1.00000000   0.00000000    30.5569829722
  1.10000000   0.00000000    32.0326503291
  1.20000000   0.00000000    33.4261793399
  1.30000000   0.00000000    34.6857296610
  1.40000000   0.00000000    35.7622690128
  1.50000000   0.00000000    36.6121982219
  1.60000000   0.00000000    37.1999629126
  1.70000000   0.00000000    37.5003775349
  1.80000000   0.00000000    37.5003775349
  1.90000000   0.00000000    37.1999629126
  2.00000000   0.00000000    36.6121982219
  2.10000000   0.00000000    35.7622690128
  2.20000000   0.00000000    34.6857296610
  2.30000000   0.00000000    33.4261793399
  2.40000000   0.00000000    32.0326503291
  2.50000000   0.00000000    30.5569829722
  2.60000000   0.00000000    29.0514077743
  2.70000000   0.00000000    27.5664789216
  2.80000000   0.00000000    26.1494255351
  2.90000000   0.00000000    24.8429210863
  3.00000000   0.00000000    23.6842229841
  3.10000000   0.00000000    22.7046002531
  3.20000000   0.00000000    21.9289331401
  3.30000000   0.00000000    21.3752907911
  3.40000000   0.00000000    21.0757705039
  3.50000000   0.00000000    21.0757705039

  0.00000000   0.10000000    21.0757705039
  0.10000000   0.10000000    21.0757705039
  0.20000000   0.10000000    21.3752907911
  0.30000000   0.10000000    21.9289331401
  0.40000000   0.10000000    22.7046002531
  0.50000000   0.10000000    23.6842229841
  0.60000000   0.10000000    24.8429210863
  0.70000000   0.10000000    26.1494255351
  0.80000000   0.10000000    27.5664789216
  0.90000000   0.10000000    29.0514077743
  1.00000000   0.10000000    30.5569829722
  1.10000000   0.10000000    32.0326503291
  1.20000000   0.10000000    33.4261793399
  1.30000000   0.10000000    34.6857296610
  1.40000000   0.10000000    35.7622690128
  1.50000000   0.10000000    36.6121982219
  1.60000000   0.10000000    37.1999629126
  1.70000000   0.10000000    37.5003775349
  1.80000000   0.10000000    37.5003775349
  1.90000000   0.10000000    37.1999629126
  2.00000000   0.10000000    36.6121982219
  2.10000000   0.10000000    35.7622690128
  2.20000000   0.10000000    34.6857296610
  2.30000000   0.10000000    33.4261793399
  2.40000000   0.10000000    32.0326503291
  2.50000000   0.10000000    30.5569829722
  2.60000000   0.10000000    29.0514077743
  2.70000000   0.10000000    27.5664789216
  2.80000000   0.10000000    26.1494255351
  2.90000000   0.10000000    24.8429210863
  3.00000000   0.10000000    23.6842229841
  3.10000000   0.10000000    22.7046002531
  3.20000000   0.10000000    21.9289331401
  3.30000000   0.10000000    21.3752907911
  3.40000000   0.10000000    21.0757705039
  3.50000000   0.10000000    21.0757705039

  0.00000000   0.20000000    21.3970634678
  0.10000000   0.20000000    21.3970634678
  0.20000000   0.20000000    21.6969299386
  0.30000000   0.20000000    22.2620794126
  0.40000000   0.20000000    23.0573947334
  0.50000000   0.20000000    24.0638166835
  0.60000000   0.20000000    25.2559488485
  0.70000000   0.20000000    26.6020199581
  0.80000000   0.20000000    28.0640977742
  0.90000000   0.20000000    29.5985522656
  1.00000000   0.20000000    31.1568399908
  1.10000000   0.20000000    32.6866911231
  1.20000000   0.20000000    34.1337609560
  1.30000000   0.20000000    35.4437626319
  1.40000000   0.20000000    36.5650269291
  1.50000000   0.20000000    37.4513434703
  1.60000000   0.20000000    38.0648412652
  1.70000000   0.20000000    38.3785913881
  1.80000000   0.20000000    38.3785913881
  1.90000000   0.20000000    38.0648412652
  2.00000000   0.20000000    37.4513434703
  2.10000000   0.20000000    36.5650269291
  2.20000000   0.20000000    35.4437626319
  2.30000000   0.20000000    34.1337609560
  2.40000000   0.20000000    32.6866911231
  2.50000000   0.20000000    31.1568399908
  2.60000000   0.20000000    29.5985522656
  2.70000000   0.20000000    28.0640977742
  2.80000000   0.20000000    26.6020199581
  2.90000000   0.20000000    25.2559488485
  3.00000000   0.20000000    24.0638166835
  3.10000000   0.20000000    23.0573947334
  3.20000000   0.20000000    22.2620794126
  3.30000000   0.20000000    21.6969299386
  3.40000000   0.20000000    21.3970634678
  3.50000000   0.20000000    21.3970634678

  0.00000000   0.30000000    21.9507398381
  0.10000000   0.30000000    21.9507398381
  0.20000000   0.30000000    22.2620666415
  0.30000000   0.30000000    22.8529961616
  0.40000000   0.30000000    23.6882905045
  0.50000000   0.30000000    24.7484469360
  0.60000000   0.30000000    26.0075100850
  0.70000000   0.30000000    27.4329061534
  0.80000000   0.30000000    28.9854790459
  0.90000000   0.30000000    30.6197787580
  1.00000000   0.30000000    32.2846937051
  1.10000000   0.30000000    33.9245362777
  1.20000000   0.30000000    35.4806822897
  1.30000000   0.30000000    36.8938237513
  1.40000000   0.30000000    38.1068135082
  1.50000000   0.30000000    39.0679601219
  1.60000000   0.30000000    39.7344887290
  1.70000000   0.30000000    40.0757569468
  1.80000000   0.30000000    40.0757569468
  1.90000000   0.30000000    39.7344887290
  2.00000000   0.30000000    39.0679601219
  2.10000000   0.30000000    38.1068135082
  2.20000000   0.30000000    36.8938237513
  2.30000000   0.30000000    35.4806822897
  2.40000000   0.30000000    33.9245362777
  2.50000000   0.30000000    32.2846937051
  2.60000000   0.30000000    30.6197787580
  2.70000000   0.30000000    28.9854790459
  2.80000000   0.30000000    27.4329061534
  2.90000000   0.30000000    26.0075100850
  3.00000000   0.30000000    24.7484469360
  3.10000000   0.30000000    23.6882905045
  3.20000000   0.30000000    22.8529961616
  3.30000000   0.30000000    22.2620666415
  3.40000000   0.30000000    21.9507398381
  3.50000000   0.30000000    21.9507398381

  0.00000000   0.40000000    22.7264518657
  0.10000000   0.40000000    22.7264518657
  0.20000000   0.40000000    23.0573638893
  0.30000000   0.40000000    23.6882724393
  0.40000000   0.40000000    24.5841112709
  0.50000000   0.40000000    25.7252283049
  0.60000000   0.40000000    27.0851973255
  0.70000000   0.40000000    28.6305240142
  0.80000000   0.40000000    30.3204608380
  0.90000000   0.40000000    32.1070356891
  1.00000000   0.40000000    33.9354286878
  1.10000000   0.40000000    35.7448597457
  1.20000000   0.40000000    37.4701583546
  1.30000000   0.40000000    39.0441569041
  1.40000000   0.40000000    40.4009579686
  1.50000000   0.40000000    41.4799607847
  1.60000000   0.40000000    42.2303054557
  1.70000000   0.40000000    42.6151628921
  1.80000000   0.40000000    42.6151628921
  1.90000000   0.40000000    42.2303054557
  2.00000000   0.40000000    41.4799607847
  2.10000000   0.40000000    40.4009579686
  2.20000000   0.40000000    39.0441569041
  2.30000000   0.40000000    37.4701583546
  2.40000000   0.40000000    35.7448597457
  2.50000000   0.40000000    33.9354286878
  2.60000000   0.40000000    32.1070356891
  2.70000000   0.40000000    30.3204608380
  2.80000000   0.40000000    28.6305240142
  2.90000000   0.40000000    27.0851973255
  3.00000000   0.40000000    25.7252283049
  3.10000000   0.40000000    24.5841112709
  3.20000000   0.40000000    23.6882724393
  3.30000000   0.40000000    23.0573638893
  3.40000000   0.40000000    22.7264518657
  3.50000000   0.40000000    22.7264518657

  0.00000000   0.50000000    23.7061283079
  0.10000000   0.50000000    23.7061283079
  0.20000000   0.50000000    24.0637632340
  0.30000000   0.50000000    24.7484063924
  0.40000000   0.50000000    25.7252059323
  0.50000000   0.50000000    26.9745945413
  0.60000000   0.50000000    28.4698950599
  0.70000000   0.50000000    30.1768016527
  0.80000000   0.50000000    32.0528762388
  0.90000000   0.50000000    34.0471905481
  1.00000000   0.50000000    36.1002914025
  1.10000000   0.50000000    38.1447235189
  1.20000000   0.50000000    40.1063902162
  1.30000000   0.50000000    41.9070351692
  1.40000000   0.50000000    43.4680415637
  1.50000000   0.50000000    44.7155225099
  1.60000000   0.50000000    45.5863090421
  1.70000000   0.50000000    46.0340097289
  1.80000000   0.50000000    46.0340097289
  1.90000000   0.50000000    45.5863090421
  2.00000000   0.50000000    44.7155225099
  2.10000000   0.50000000    43.4680415637
  2.20000000   0.50000000    41.9070351692
  2.30000000   0.50000000    40.1063902162
  2.40000000   0.50000000    38.1447235189
  2.50000000   0.50000000    36.1002914025
  2.60000000   0.50000000    34.0471905481
  2.70000000   0.50000000    32.0528762388
  2.80000000   0.50000000    30.1768016527
  2.90000000   0.50000000    28.4698950599
  3.00000000   0.50000000    26.9745945413
  3.10000000   0.50000000    25.7252059323
  3.20000000   0.50000000    24.7484063924
  3.30000000   0.50000000    24.0637632340
  3.40000000   0.50000000    23.7061283079
  3.50000000   0.50000000    23.7061283079

  0.00000000   0.60000000    24.8648863029
  0.10000000   0.60000000    24.8648863029
  0.20000000   0.60000000    25.2558693405
  0.30000000   0.60000000    26.0074437714
  0.40000000   0.60000000    27.0851494785
  0.50000000   0.60000000    28.4698697980
  0.60000000   0.60000000    30.1351249632
  0.70000000   0.60000000    32.0462311658
  0.80000000   0.60000000    34.1593570660
  0.90000000   0.60000000    36.4206105891
  1.00000000   0.60000000    38.7653663483
  1.10000000   0.60000000    41.1181491212
  1.20000000   0.60000000    43.3935047123
  1.30000000   0.60000000    45.4983715195
  1.40000000   0.60000000    47.3364299549
  1.50000000   0.60000000    48.8146373055
  1.60000000   0.60000000    49.8515683321
  1.70000000   0.60000000    50.3863584301
  1.80000000   0.60000000    50.3863584301
  1.90000000   0.60000000    49.8515683321
  2.00000000   0.60000000    48.8146373055
  2.10000000   0.60000000    47.3364299549
  2.20000000   0.60000000    45.4983715195
  2.30000000   0.60000000    43.3935047123
  2.40000000   0.60000000    41.1181491212
  2.50000000   0.60000000    38.7653663483
  2.60000000   0.60000000    36.4206105891
  2.70000000   0.60000000    34.1593570660
  2.80000000   0.60000000    32.0462311658
  2.90000000   0.60000000    30.1351249632
  3.00000000   0.60000000    28.4698697980
  3.10000000   0.60000000    27.0851494785
  3.20000000   0.60000000    26.0074437714
  3.30000000   0.60000000    25.2558693405
  3.40000000   0.60000000    24.8648863029
  3.50000000   0.60000000    24.8648863029

  0.00000000   0.70000000    26.1714539908
  0.10000000   0.70000000    26.1714539908
  0.20000000   0.70000000    26.6019121771
  0.30000000   0.70000000    27.4328120586
  0.40000000   0.70000000    28.6304489574
  0.50000000   0.70000000    30.1767497325
  0.60000000   0.70000000    32.0462048885
  0.70000000   0.70000000    34.2046312290
  0.80000000   0.70000000    36.6076661322
  0.90000000   0.70000000    39.1990996234
  1.00000000   0.70000000    41.9092586229
  1.10000000   0.70000000    44.6538276403
  1.20000000   0.70000000    47.3337202862
  1.30000000   0.70000000    49.8368612391
  1.40000000   0.70000000    52.0428682386
  1.50000000   0.70000000    53.8313924718
  1.60000000   0.70000000    55.0939892792
  1.70000000   0.70000000    55.7478073718
  1.80000000   0.70000000    55.7478073718
  1.90000000   0.70000000    55.0939892792
  2.00000000   0.70000000    53.8313924718
  2.10000000   0.70000000    52.0428682386
  2.20000000   0.70000000    49.8368612391
  2.30000000   0.70000000    47.3337202862
  2.40000000   0.70000000    44.6538276403
  2.50000000   0.70000000    41.9092586229
  2.60000000   0.70000000    39.1990996234
  2.70000000   0.70000000    36.6076661322
  2.80000000   0.70000000    34.2046312290
  2.90000000   0.70000000    32.0462048885
  3.00000000   0.70000000    30.1767497325
  3.10000000   0.70000000    28.6304489574
  3.20000000   0.70000000    27.4328120586
  3.30000000   0.70000000    26.6019121771
  3.40000000   0.70000000    26.1714539908
  3.50000000   0.70000000    26.1714539908

  0.00000000   0.80000000    27.5885711489
  0.10000000   0.80000000    27.5885711489
  0.20000000   0.80000000    28.0639608053
  0.30000000   0.80000000    28.9853565056
  0.40000000   0.80000000    30.3203582739
  0.50000000   0.80000000    32.0527978447
  0.60000000   0.80000000    34.1593052821
  0.70000000   0.80000000    36.6076412837
  0.80000000   0.80000000    39.3545356076
  0.90000000   0.80000000    42.3430635664
  1.00000000   0.80000000    45.4997161608
  1.10000000   0.80000000    48.7315550126
  1.20000000   0.80000000    51.9242318591
  1.30000000   0.80000000    54.9421906521
  1.40000000   0.80000000    57.6329118839
  1.50000000   0.80000000    59.8371610524
  1.60000000   0.80000000    61.4060629684
  1.70000000   0.80000000    62.2227813956
  1.80000000   0.80000000    62.2227813956
  1.90000000   0.80000000    61.4060629684
  2.00000000   0.80000000    59.8371610524
  2.10000000   0.80000000    57.6329118839
  2.20000000   0.80000000    54.9421906521
  2.30000000   0.80000000    51.9242318591
  2.40000000   0.80000000    48.7315550126
  2.50000000   0.80000000    45.4997161608
  2.60000000   0.80000000    42.3430635664
  2.70000000   0.80000000    39.3545356076
  2.80000000   0.80000000    36.6076412837
  2.90000000   0.80000000    34.1593052821
  3.00000000   0.80000000    32.0527978447
  3.10000000   0.80000000    30.3203582739
  3.20000000   0.80000000    28.9853565056
  3.30000000   0.80000000    28.0639608053
  3.40000000   0.80000000    27.5885711489
  3.50000000   0.80000000    27.5885711489

  0.00000000   0.90000000    29.0735617216
  0.10000000   0.90000000    29.0735617216
  0.20000000   0.90000000    29.5983864663
  0.30000000   0.90000000    30.6196284236
  0.40000000   0.90000000    32.1069067227
  0.50000000   0.90000000    34.0470874144
  0.60000000   0.90000000    36.4205358500
  0.70000000   0.90000000    39.1990534768
  0.80000000   0.90000000    42.3430433997
  0.90000000   0.90000000    45.7977926122
  1.00000000   0.90000000    49.4888547068
  1.10000000   0.90000000    53.3167762869
  1.20000000   0.90000000    57.1519594435
  1.30000000   0.90000000    60.8314285632
  1.40000000   0.90000000    64.1606638509
  1.50000000   0.90000000    66.9249030146
  1.60000000   0.90000000    68.9135827279
  1.70000000   0.90000000    69.9559594459
  1.80000000   0.90000000    69.9559594459
  1.90000000   0.90000000    68.9135827279
  2.00000000   0.90000000    66.9249030146
  2.10000000   0.90000000    64.1606638509
  2.20000000   0.90000000    60.8314285632
  2.30000000   0.90000000    57.1519594435
  2.40000000   0.90000000    53.3167762869
  2.50000000   0.90000000    49.4888547068
  2.60000000   0.90000000    45.7977926122
  2.70000000   0.90000000    42.3430433997
  2.80000000   0.90000000    39.1990534768
  2.90000000   0.90000000    36.4205358500
  3.00000000   0.90000000    34.0470874144
  3.10000000   0.90000000    32.1069067227
  3.20000000   0.90000000    30.6196284236
  3.30000000   0.90000000    29.5983864663
  3.40000000   0.90000000    29.0735617216
  3.50000000   0.90000000    29.0735617216

  0.00000000   1.00000000    30.5791944014
  0.10000000   1.00000000    30.5791944014
  0.20000000   1.00000000    31.1566468765
  0.30000000   1.00000000    32.2845174141
  0.40000000   1.00000000    33.9352756752
  0.50000000   1.00000000    36.1001666416
  0.60000000   1.00000000    38.7652728108
  0.70000000   1.00000000    41.9091967133
  0.80000000   1.00000000    45.4996830876
  0.90000000   1.00000000    49.4888437944
  1.00000000   1.00000000    53.8066335769
  1.10000000   1.00000000    58.3523808660
  1.20000000   1.00000000    62.9847486124
  1.30000000   1.00000000    67.5119188550
  1.40000000   1.00000000    71.6866099194
  1.50000000   1.00000000    75.2147210043
  1.60000000   1.00000000    77.7890171971
  1.70000000   1.00000000    79.1505240013
  1.80000000   1.00000000    79.1505240013
  1.90000000   1.00000000    77.7890171971
  2.00000000   1.00000000    75.2147210043
  2.10000000   1.00000000    71.6866099194
  2.20000000   1.00000000    67.5119188550
  2.30000000   1.00000000    62.9847486124
  2.40000000   1.00000000    58.3523808660
  2.50000000   1.00000000    53.8066335769
  2.60000000   1.00000000    49.4888437944
  2.70000000   1.00000000    45.4996830876
  2.80000000   1.00000000    41.9091967133
  2.90000000   1.00000000    38.7652728108
  3.00000000   1.00000000    36.1001666416
  3.10000000   1.00000000    33.9352756752
  3.20000000   1.00000000    32.2845174141
  3.30000000   1.00000000    31.1566468765
  3.40000000   1.00000000    30.5791944014
  3.50000000   1.00000000    30.5791944014

  0.00000000   1.10000000    32.0549133229
  0.10000000   1.10000000    32.0549133229
  0.20000000   1.10000000    32.6864731765
  0.30000000   1.10000000    33.9243368306
  0.40000000   1.10000000    35.7446860238
  0.50000000   1.10000000    38.1445812934
  0.60000000   1.10000000    41.1180421627
  0.70000000   1.10000000    44.6537570747
  0.80000000   1.10000000    48.7315185180
  0.90000000   1.10000000    53.3167670537
  1.00000000   1.10000000    58.3523862619
  1.10000000   1.10000000    63.7466992171
  1.20000000   1.10000000    69.3567743219
  1.30000000   1.10000000    74.9674564168
  1.40000000   1.10000000    80.2707910414
  1.50000000   1.10000000    84.8605656495
  1.60000000   1.10000000    88.2724469605
  1.70000000   1.10000000    90.0980595532
  1.80000000   1.10000000    90.0980595532
  1.90000000   1.10000000    88.2724469605
  2.00000000   1.10000000    84.8605656495
  2.10000000   1.10000000    80.2707910414
  2.20000000   1.10000000    74.9674564168
  2.30000000   1.10000000    69.3567743219
  2.40000000   1.10000000    63.7466992171
  2.50000000   1.10000000    58.3523862619
  2.60000000   1.10000000    53.3167670537
  2.70000000   1.10000000    48.7315185180
  2.80000000   1.10000000    44.6537570747
  2.90000000   1.10000000    41.1180421627
  3.00000000   1.10000000    38.1445812934
  3.10000000   1.10000000    35.7446860238
  3.20000000   1.10000000    33.9243368306
  3.30000000   1.10000000    32.6864731765
  3.40000000   1.10000000    32.0549133229
  3.50000000   1.10000000    32.0549133229

  0.00000000   1.20000000    33.4484868536
  0.10000000   1.20000000    33.4484868536
  0.20000000   1.20000000    34.1335213788
  0.30000000   1.20000000    35.4804631546
  0.40000000   1.20000000    37.4699678691
  0.50000000   1.20000000    40.1062352578
  0.60000000   1.20000000    43.3933903105
  0.70000000   1.20000000    47.3336489739
  0.80000000   1.20000000    51.9242027810
  0.90000000   1.20000000    57.1519670344
  1.00000000   1.20000000    62.9847805645
  1.10000000   1.20000000    69.3568084818
  1.20000000   1.20000000    76.1448403606
  1.30000000   1.20000000    83.1315763180
  1.40000000   1.20000000    89.9548065528
  1.50000000   1.20000000    96.0573801268
  1.60000000   1.20000000   100.7052763753
  1.70000000   1.20000000   103.2289751088
  1.80000000   1.20000000   103.2289751088
  1.90000000   1.20000000   100.7052763753
  2.00000000   1.20000000    96.0573801268
  2.10000000   1.20000000    89.9548065528
  2.20000000   1.20000000    83.1315763180
  2.30000000   1.20000000    76.1448403606
  2.40000000   1.20000000    69.3568084818
  2.50000000   1.20000000    62.9847805645
  2.60000000   1.20000000    57.1519670344
  2.70000000   1.20000000    51.9242027810
  2.80000000   1.20000000    47.3336489739
  2.90000000   1.20000000    43.3933903105
  3.00000000   1.20000000    40.1062352578
  3.10000000   1.20000000    37.4699678691
  3.20000000   1.20000000    35.4804631546
  3.30000000   1.20000000    34.1335213788
  3.40000000   1.20000000    33.4484868536
  3.50000000   1.20000000    33.4484868536

  0.00000000   1.30000000    34.7080740476
  0.10000000   1.30000000    34.7080740476
  0.20000000   1.30000000    35.4435050682
  0.30000000   1.30000000    36.8935887282
  0.40000000   1.30000000    39.0439537725
  0.50000000   1.30000000    41.9068721818
  0.60000000   1.30000000    45.4982554189
  0.70000000   1.30000000    49.8367967280
  0.80000000   1.30000000    54.9421796096
  0.90000000   1.30000000    60.8314687370
  1.00000000   1.30000000    67.5120015035
  1.10000000   1.30000000    74.9675618904
  1.20000000   1.30000000    83.1316657099
  1.30000000   1.30000000    91.8363275802
  1.40000000   1.30000000   100.7162828576
  1.50000000   1.30000000   109.0472456882
  1.60000000   1.30000000   115.5864777484
  1.70000000   1.30000000   119.2000078444
  1.80000000   1.30000000   119.2000078444
  1.90000000   1.30000000   115.5864777484
  2.00000000   1.30000000   109.0472456882
  2.10000000   1.30000000   100.7162828576
  2.20000000   1.30000000    91.8363275802
  2.30000000   1.30000000    83.1316657099
  2.40000000   1.30000000    74.9675618904
  2.50000000   1.30000000    67.5120015035
  2.60000000   1.30000000    60.8314687370
  2.70000000   1.30000000    54.9421796096
  2.80000000   1.30000000    49.8367967280
  2.90000000   1.30000000    45.4982554189
  3.00000000   1.30000000    41.9068721818
  3.10000000   1.30000000    39.0439537725
  3.20000000   1.30000000    36.8935887282
  3.30000000   1.30000000    35.4435050682
  3.40000000   1.30000000    34.7080740476
  3.50000000   1.30000000    34.7080740476

  0.00000000   1.40000000    35.7846424606
  0.10000000   1.40000000    35.7846424606
  0.20000000   1.40000000    36.5647552002
  0.30000000   1.40000000    38.1065664036
  0.40000000   1.40000000    40.4007460439
  0.50000000   1.40000000    43.4678745981
  0.60000000   1.40000000    47.3363167235
  0.70000000   1.40000000    52.0428162503
  0.80000000   1.40000000    57.6329269863
  0.90000000   1.40000000    64.1607494723
  1.00000000   1.40000000    71.6867654166
  1.10000000   1.40000000    80.2710078644
  1.20000000   1.40000000    89.9550588380
  1.30000000   1.40000000   100.7165023337
  1.40000000   1.40000000   112.3499588979
  1.50000000   1.40000000   124.1261057918
  1.60000000   1.40000000   133.6700333096
  1.70000000   1.40000000   139.0497936143
  1.80000000   1.40000000   139.0497936143
  1.90000000   1.40000000   133.6700333096
  2.00000000   1.40000000   124.1261057918
  2.10000000   1.40000000   112.3499588979
  2.20000000   1.40000000   100.7165023337
  2.30000000   1.40000000    89.9550588380
  2.40000000   1.40000000    80.2710078644
  2.50000000   1.40000000    71.6867654166
  2.60000000   1.40000000    64.1607494723
  2.70000000   1.40000000    57.6329269863
  2.80000000   1.40000000    52.0428162503
  2.90000000   1.40000000    47.3363167235
  3.00000000   1.40000000    43.4678745981
  3.10000000   1.40000000    40.4007460439
  3.20000000   1.40000000    38.1065664036
  3.30000000   1.40000000    36.5647552002
  3.40000000   1.40000000    35.7846424606
  3.50000000   1.40000000    35.7846424606

  0.00000000   1.50000000    36.6345930590
  0.10000000   1.50000000    36.6345930590
  0.20000000   1.50000000    37.4510613621
  0.30000000   1.50000000    39.0677044916
  0.40000000   1.50000000    41.4797433097
  0.50000000   1.50000000    44.7153544475
  0.60000000   1.50000000    48.8145294986
  0.70000000   1.50000000    53.8313554600
  0.80000000   1.50000000    59.8372053031
  0.90000000   1.50000000    66.9250392571
  1.00000000   1.50000000    75.2149605824
  1.10000000   1.50000000    84.8609206803
  1.20000000   1.50000000    96.0578632062
  1.30000000   1.50000000   109.0478701652
  1.40000000   1.50000000   124.1268980598
  1.50000000   1.50000000   141.6860399521
  1.60000000   1.50000000   156.1358438324
  1.70000000   1.50000000   164.4801402089
  1.80000000   1.50000000   164.4801402089
  1.90000000   1.50000000   156.1358438324
  2.00000000   1.50000000   141.6860399521
  2.10000000   1.50000000   124.1268980598
  2.20000000   1.50000000   109.0478701652
  2.30000000   1.50000000    96.0578632062
  2.40000000   1.50000000    84.8609206803
  2.50000000   1.50000000    75.2149605824
  2.60000000   1.50000000    66.9250392571
  2.70000000   1.50000000    59.8372053031
  2.80000000   1.50000000    53.8313554600
  2.90000000   1.50000000    48.8145294986
  3.00000000   1.50000000    44.7153544475
  3.10000000   1.50000000    41.4797433097
  3.20000000   1.50000000    39.0677044916
  3.30000000   1.50000000    37.4510613621
  3.40000000   1.50000000    36.6345930590
  3.50000000   1.50000000    36.6345930590

  0.00000000   1.60000000    37.2223717561
  0.10000000   1.60000000    37.2223717561
  0.20000000   1.60000000    38.0645524015
  0.30000000   1.60000000    39.7342277416
  0.40000000   1.60000000    42.2300848955
  0.50000000   1.60000000    45.5861413500
  0.60000000   1.60000000    49.8514660618
  0.70000000   1.60000000    55.0939655747
  0.80000000   1.60000000    61.4061324409
  0.90000000   1.60000000    68.9137629674
  1.00000000   1.60000000    77.7893313416
  1.10000000   1.60000000    88.2729281080
  1.20000000   1.60000000   100.7059753882
  1.30000000   1.60000000   115.5874774825
  1.40000000   1.60000000   133.6714738761
  1.50000000   1.60000000   159.3417511205
  1.60000000   1.60000000   200.0000000000
  1.70000000   1.60000000   200.0000000000
  1.80000000   1.60000000   200.0000000000
  1.90000000   1.60000000   200.0000000000
  2.00000000   1.60000000   159.3417511205
  2.10000000   1.60000000   133.6714738761
  2.20000000   1.60000000   115.5874774825
  2.30000000   1.60000000   100.7059753882
  2.40000000   1.60000000    88.2729281080
  2.50000000   1.60000000    77.7893313416
  2.60000000   1.60000000    68.9137629674
  2.70000000   1.60000000    61.4061324409
  2.80000000   1.60000000    55.0939655747
  2.90000000   1.60000000    49.8514660618
  3.00000000   1.60000000    45.5861413500
  3.10000000   1.60000000    42.2300848955
  3.20000000   1.60000000    39.7342277416
  3.30000000   1.60000000    38.0645524015
  3.40000000   1.60000000    37.2223717561
  3.50000000   1.60000000    37.2223717561

  0.00000000   1.70000000    37.5227932932
  0.10000000   1.70000000    37.5227932932
  0.20000000   1.70000000    38.3782992067
  0.30000000   1.70000000    40.0754933950
  0.40000000   1.70000000    42.6149410007
  0.50000000   1.70000000    46.0338425994
  0.60000000   1.70000000    50.3862595889
  0.70000000   1.70000000    55.7477914747
  0.80000000   1.70000000    62.2228655104
  0.90000000   1.70000000    69.9561653151
  1.00000000   1.70000000    79.1508820239
  1.10000000   1.70000000    90.0986158707
  1.20000000   1.70000000   103.2298044207
  1.30000000   1.70000000   119.2012368760
  1.40000000   1.70000000   139.0516443135
  1.50000000   1.70000000   165.6615766699
  1.60000000   1.70000000   200.0000000000
  1.70000000   1.70000000   200.0000000000
  1.80000000   1.70000000   200.0000000000
  1.90000000   1.70000000   200.0000000000
  2.00000000   1.70000000   165.6615766699
  2.10000000   1.70000000   139.0516443135
  2.20000000   1.70000000   119.2012368760
  2.30000000   1.70000000   103.2298044207
  2.40000000   1.70000000    90.0986158707
  2.50000000   1.70000000    79.1508820239
  2.60000000   1.70000000    69.9561653151
  2.70000000   1.70000000    62.2228655104
  2.80000000   1.70000000    55.7477914747
  2.90000000   1.70000000    50.3862595889
  3.00000000   1.70000000    46.0338425994
  3.10000000   1.70000000    42.6149410007
  3.20000000   1.70000000    40.0754933950
  3.30000000   1.70000000    38.3782992067
  3.40000000   1.70000000    37.5227932932
  3.50000000   1.70000000    37.5227932932

  0.00000000   1.80000000    37.5227932932
  0.10000000   1.80000000    37.5227932932
  0.20000000   1.80000000    38.3782992067
  0.30000000   1.80000000    40.0754933950
  0.40000000   1.80000000    42.6149410007
  0.50000000   1.80000000    46.0338425994
  0.60000000   1.80000000    50.3862595889
  0.70000000   1.80000000    55.7477914747
  0.80000000   1.80000000    62.2228655104
  0.90000000   1.80000000    69.9561653151
  1.00000000   1.80000000    79.1508820239
  1.10000000   1.80000000    90.0986158707
  1.20000000   1.80000000   103.2298044207
  1.30000000   1.80000000   119.2012368760
  1.40000000   1.80000000   139.0516443135
  1.50000000   1.80000000   165.6615766699
  1.60000000   1.80000000   200.0000000000
  1.70000000   1.80000000   200.0000000000
  1.80000000   1.80000000   200.0000000000
  1.90000000   1.80000000   200.0000000000
  2.00000000   1.80000000   165.6615766699
  2.10000000   1.80000000   139.0516443135
  2.20000000   1.80000000   119.2012368760
  2.30000000   1.80000000   103.2298044207
  2.40000000   1.80000000    90.0986158707
  2.50000000   1.80000000    79.1508820239
  2.60000000   1.80000000    69.9561653151
  2.70000000   1.80000000    62.2228655104
  2.80000000   1.80000000    55.7477914747
  2.90000000   1.80000000    50.3862595889
  3.00000000   1.80000000    46.0338425994
  3.10000000   1.80000000    42.6149410007
  3.20000000   1.80000000    40.0754933950
  3.30000000   1.80000000    38.3782992067
  3.40000000   1.80000000    37.5227932932
  3.50000000   1.80000000    37.5227932932

  0.00000000   1.90000000    37.2223717561
  0.10000000   1.90000000    37.2223717561
  0.20000000   1.90000000    38.0645524015
  0.30000000   1.90000000    39.7342277416
  0.40000000   1.90000000    42.2300848955
  0.50000000   1.90000000    45.5861413500
  0.60000000   1.90000000    49.8514660618
  0.70000000   1.90000000    55.0939655747
  0.80000000   1.90000000    61.4061324409
  0.90000000   1.90000000    68.9137629674
  1.00000000   1.90000000    77.7893313416
  1.10000000   1.90000000    88.2729281080
  1.20000000   1.90000000   100.7059753882
  1.30000000   1.90000000   115.5874774825
  1.40000000   1.90000000   133.6714738761
  1.50000000   1.90000000   159.3417511205
  1.60000000   1.90000000   200.0000000000
  1.70000000   1.90000000   200.0000000000
  1.80000000   1.90000000   200.0000000000
  1.90000000   1.90000000   200.0000000000
  2.00000000   1.90000000   159.3417511205
  2.10000000   1.90000000   133.6714738761
  2.20000000   1.90000000   115.5874774825
  2.30000000   1.90000000   100.7059753882
  2.40000000   1.90000000    88.2729281080
  2.50000000   1.90000000    77.7893313416
  2.60000000   1.90000000    68.9137629674
  2.70000000   1.90000000    61.4061324409
  2.80000000   1.90000000    55.0939655747
  2.90000000   1.90000000    49.8514660618
  3.00000000   1.90000000    45.5861413500
  3.10000000   1.90000000    42.2300848955
  3.20000000   1.90000000    39.7342277416
  3.30000000   1.90000000    38.0645524015
  3.40000000   1.90000000    37.2223717561
  3.50000000   1.90000000    37.2223717561

  0.00000000   2.00000000    36.6345930590
  0.10000000   2.00000000    36.6345930590
  0.20000000   2.00000000    37.4510613621
  0.30000000   2.00000000    39.0677044916
  0.40000000   2.00000000    41.4797433097
  0.50000000   2.00000000    44.7153544475
  0.60000000   2.00000000    48.8145294986
  0.70000000   2.00000000    53.8313554600
  0.80000000   2.00000000    59.8372053031
  0.90000000   2.00000000    66.9250392571
  1.00000000   2.00000000    75.2149605824
  1.10000000   2.00000000    84.8609206803
  1.20000000   2.00000000    96.0578632062
  1.30000000   2.00000000   109.0478701652
  1.40000000   2.00000000   124.1268980598
  1.50000000   2.00000000   141.6860399521
  1.60000000   2.00000000   156.1358438324
  1.70000000   2.00000000   164.4801402089
  1.80000000   2.00000000   164.4801402089
  1.90000000   2.00000000   156.1358438324
  2.00000000   2.00000000   141.6860399521
  2.10000000   2.00000000   124.1268980598
  2.20000000   2.00000000   109.0478701652
  2.30000000   2.00000000    96.0578632062
  2.40000000   2.00000000    84.8609206803
  2.50000000   2.00000000    75.2149605824
  2.60000000   2.00000000    66.9250392571
  2.70000000   2.00000000    59.8372053031
  2.80000000   2.00000000    53.8313554600
  2.90000000   2.00000000    48.8145294986
  3.00000000   2.00000000    44.7153544475
  3.10000000   2.00000000    41.4797433097
  3.20000000   2.00000000    39.0677044916
  3.30000000   2.00000000    37.4510613621
  3.40000000   2.00000000    36.6345930590
  3.50000000   2.00000000    36.6345930590

  0.00000000   2.10000000    35.7846424606
  0.10000000   2.10000000    35.7846424606
  0.20000000   2.10000000    36.5647552002
  0.30000000   2.10000000    38.1065664036
  0.40000000   2.10000000    40.4007460439
  0.50000000   2.10000000    43.4678745981
  0.60000000   2.10000000    47.3363167235
  0.70000000   2.10000000    52.0428162503
  0.80000000   2.10000000    57.6329269863
  0.90000000   2.10000000    64.1607494723
  1.00000000   2.10000000    71.6867654166
  1.10000000   2.10000000    80.2710078644
  1.20000000   2.10000000    89.9550588380
  1.30000000   2.10000000   100.7165023337
  1.40000000   2.10000000   112.3499588979
  1.50000000   2.10000000   124.1261057918
  1.60000000   2.10000000   133.6700333096
  1.70000000   2.10000000   139.0497936143
  1.80000000   2.10000000   139.0497936143
  1.90000000   2.10000000   133.6700333096
  2.00000000   2.10000000   124.1261057918
  2.10000000   2.10000000   112.3499588979
  2.20000000   2.10000000   100.7165023337
  2.30000000   2.10000000    89.9550588380
  2.40000000   2.10000000    80.2710078644
  2.50000000   2.10000000    71.6867654166
  2.60000000   2.10000000    64.1607494723
  2.70000000   2.10000000    57.6329269863
  2.80000000   2.10000000    52.0428162503
  2.90000000   2.10000000    47.3363167235
  3.00000000   2.10000000    43.4678745981
  3.10000000   2.10000000    40.4007460439
  3.20000000   2.10000000    38.1065664036
  3.30000000   2.10000000    36.5647552002
  3.40000000   2.10000000    35.7846424606
  3.50000000   2.10000000    35.7846424606

  0.00000000   2.20000000    34.7080740476
  0.10000000   2.20000000    34.7080740476
  0.20000000   2.20000000    35.4435050682
  0.30000000   2.20000000    36.8935887282
  0.40000000   2.20000000    39.0439537725
  0.50000000   2.20000000    41.9068721818
  0.60000000   2.20000000    45.4982554189
  0.70000000   2.20000000    49.8367967280
  0.80000000   2.20000000    54.9421796096
  0.90000000   2.20000000    60.8314687370
  1.00000000   2.20000000    67.5120015035
  1.10000000   2.20000000    74.9675618904
  1.20000000   2.20000000    83.1316657099
  1.30000000   2.20000000    91.8363275802
  1.40000000   2.20000000   100.7162828576
  1.50000000   2.20000000   109.0472456882
  1.60000000   2.20000000   115.5864777484
  1.70000000   2.20000000   119.2000078444
  1.80000000   2.20000000   119.2000078444
  1.90000000   2.20000000   115.5864777484
  2.00000000   2.20000000   109.0472456882
  2.10000000   2.20000000   100.7162828576
  2.20000000   2.20000000    91.8363275802
  2.30000000   2.20000000    83.1316657099
  2.40000000   2.20000000    74.9675618904
  2.50000000   2.20000000    67.5120015035
  2.60000000   2.20000000    60.8314687370
  2.70000000   2.20000000    54.9421796096
  2.80000000   2.20000000    49.8367967280
  2.90000000   2.20000000    45.4982554189
  3.00000000   2.20000000    41.9068721818
  3.10000000   2.20000000    39.0439537725
  3.20000000   2.20000000    36.8935887282
  3.30000000   2.20000000    35.4435050682
  3.40000000   2.20000000    34.7080740476
  3.50000000   2.20000000    34.7080740476

  0.00000000   2.30000000    33.4484868536
  0.10000000   2.30000000    33.4484868536
  0.20000000   2.30000000    34.1335213788
  0.30000000   2.30000000    35.4804631546
  0.40000000   2.30000000    37.4699678691
  0.50000000   2.30000000    40.1062352578
  0.60000000   2.30000000    43.3933903105
  0.70000000   2.30000000    47.3336489739
  0.80000000   2.30000000    51.9242027810
  0.90000000   2.30000000    57.1519670344
  1.00000000   2.30000000    62.9847805645
  1.10000000   2.30000000    69.3568084818
  1.20000000   2.30000000    76.1448403606
  1.30000000   2.30000000    83.1315763180
  1.40000000   2.30000000    89.9548065528
  1.50000000   2.30000000    96.0573801268
  1.60000000   2.30000000   100.7052763753
  1.70000000   2.30000000   103.2289751088
  1.80000000   2.30000000   103.2289751088
  1.90000000   2.30000000   100.7052763753
  2.00000000   2.30000000    96.0573801268
  2.10000000   2.30000000    89.9548065528
  2.20000000   2.30000000    83.1315763180
  2.30000000   2.30000000    76.1448403606
  2.40000000   2.30000000    69.3568084818
  2.50000000   2.30000000    62.9847805645
  2.60000000   2.30000000    57.1519670344
  2.70000000   2.30000000    51.9242027810
  2.80000000   2.30000000    47.3336489739
  2.90000000   2.30000000    43.3933903105
  3.00000000   2.30000000    40.1062352578
  3.10000000   2.30000000    37.4699678691
  3.20000000   2.30000000    35.4804631546
  3.30000000   2.30000000    34.1335213788
  3.40000000   2.30000000    33.4484868536
  3.50000000   2.30000000    33.4484868536

  0.00000000   2.40000000    32.0549133229
  0.10000000   2.40000000    32.0549133229
  0.20000000   2.40000000    32.6864731765
  0.30000000   2.40000000    33.9243368306
  0.40000000   2.40000000    35.7446860238
  0.50000000   2.40000000    38.1445812934
  0.60000000   2.40000000    41.1180421627
  0.70000000   2.40000000    44.6537570747
  0.80000000   2.40000000    48.7315185180
  0.90000000   2.40000000    53.3167670537
  1.00000000   2.40000000    58.3523862619
  1.10000000   2.40000000    63.7466992171
  1.20000000   2.40000000    69.3567743219
  1.30000000   2.40000000    74.9674564168
  1.40000000   2.40000000    80.2707910414
  1.50000000   2.40000000    84.8605656495
  1.60000000   2.40000000    88.2724469605
  1.70000000   2.40000000    90.0980595532
  1.80000000   2.40000000    90.0980595532
  1.90000000   2.40000000    88.2724469605
  2.00000000   2.40000000    84.8605656495
  2.10000000   2.40000000    80.2707910414
  2.20000000   2.40000000    74.9674564168
  2.30000000   2.40000000    69.3567743219
  2.40000000   2.40000000    63.7466992171
  2.50000000   2.40000000    58.3523862619
  2.60000000   2.40000000    53.3167670537
  2.70000000   2.40000000    48.7315185180
  2.80000000   2.40000000    44.6537570747
  2.90000000   2.40000000    41.1180421627
  3.00000000   2.40000000    38.1445812934
  3.10000000   2.40000000    35.7446860238
  3.20000000   2.40000000    33.9243368306
  3.30000000   2.40000000    32.6864731765
  3.40000000   2.40000000    32.0549133229
  3.50000000   2.40000000    32.0549133229

  0.00000000   2.50000000    30.5791944014
  0.10000000   2.50000000    30.5791944014
  0.20000000   2.50000000    31.1566468765
  0.30000000   2.50000000    32.2845174141
  0.40000000   2.50000000    33.9352756752
  0.50000000   2.50000000    36.1001666416
  0.60000000   2.50000000    38.7652728108
  0.70000000   2.50000000    41.9091967133
  0.80000000   2.50000000    45.4996830876
  0.90000000   2.50000000    49.4888437944
  1.00000000   2.50000000    53.8066335769
  1.10000000   2.50000000    58.3523808660
  1.20000000   2.50000000    62.9847486124
  1.30000000   2.50000000    67.5119188550
  1.40000000   2.50000000    71.6866099194
  1.50000000   2.50000000    75.2147210043
  1.60000000   2.50000000    77.7890171971
  1.70000000   2.50000000    79.1505240013
  1.80000000   2.50000000    79.1505240013
  1.90000000   2.50000000    77.7890171971
  2.00000000   2.50000000    75.2147210043
  2.10000000   2.50000000    71.6866099194
  2.20000000   2.50000000    67.5119188550
  2.30000000   2.50000000    62.9847486124
  2.40000000   2.50000000    58.3523808660
  2.50000000   2.50000000    53.8066335769
  2.60000000   2.50000000    49.4888437944
  2.70000000   2.50000000    45.4996830876
  2.80000000   2.50000000    41.9091967133
  2.90000000   2.50000000    38.7652728108
  3.00000000   2.50000000    36.1001666416
  3.10000000   2.50000000    33.9352756752
  3.20000000   2.50000000    32.2845174141
  3.30000000   2.50000000    31.1566468765
  3.40000000   2.50000000    30.5791944014
  3.50000000   2.50000000    30.5791944014

  0.00000000   2.60000000    29.0735617216
  0.10000000   2.60000000    29.0735617216
  0.20000000   2.60000000    29.5983864663
  0.30000000   2.60000000    30.6196284236
  0.40000000   2.60000000    32.1069067227
  0.50000000   2.60000000    34.0470874144
  0.60000000   2.60000000    36.4205358500
  0.70000000   2.60000000    39.1990534768
  0.80000000   2.60000000    42.3430433997
  0.90000000   2.60000000    45.7977926122
  1.00000000   2.60000000    49.4888547068
  1.10000000   2.60000000    53.3167762869
  1.20000000   2.60000000    57.1519594435
  1.30000000   2.60000000    60.8314285632
  1.40000000   2.60000000    64.1606638509
  1.50000000   2.60000000    66.9249030146
  1.60000000   2.60000000    68.9135827279
  1.70000000   2.60000000    69.9559594459
  1.80000000   2.60000000    69.9559594459
  1.90000000   2.60000000    68.9135827279
  2.00000000   2.60000000    66.9249030146
  2.10000000   2.60000000    64.1606638509
  2.20000000   2.60000000    60.8314285632
  2.30000000   2.60000000    57.1519594435
  2.40000000   2.60000000    53.3167762869
  2.50000000   2.60000000    49.4888547068
  2.60000000   2.60000000    45.7977926122
  2.70000000   2.60000000    42.3430433997
  2.80000000   2.60000000    39.1990534768
  2.90000000   2.60000000    36.4205358500
  3.00000000   2.60000000    34.0470874144
  3.10000000   2.60000000    32.1069067227
  3.20000000   2.60000000    30.6196284236
  3.30000000   2.60000000    29.5983864663
  3.40000000   2.60000000    29.0735617216
  3.50000000   2.60000000    29.0735617216

  0.00000000   2.70000000    27.5885711489
  0.10000000   2.70000000    27.5885711489
  0.20000000   2.70000000    28.0639608053
  0.30000000   2.70000000    28.9853565056
  0.40000000   2.70000000    30.3203582739
  0.50000000   2.70000000    32.0527978447
  0.60000000   2.70000000    34.1593052821
  0.70000000   2.70000000    36.6076412837
  0.80000000   2.70000000    39.3545356076
  0.90000000   2.70000000    42.3430635664
  1.00000000   2.70000000    45.4997161608
  1.10000000   2.70000000    48.7315550126
  1.20000000   2.70000000    51.9242318591
  1.30000000   2.70000000    54.9421906521
  1.40000000   2.70000000    57.6329118839
  1.50000000   2.70000000    59.8371610524
  1.60000000   2.70000000    61.4060629684
  1.70000000   2.70000000    62.2227813956
  1.80000000   2.70000000    62.2227813956
  1.90000000   2.70000000    61.4060629684
  2.00000000   2.70000000    59.8371610524
  2.10000000   2.70000000    57.6329118839
  2.20000000   2.70000000    54.9421906521
  2.30000000   2.70000000    51.9242318591
  2.40000000   2.70000000    48.7315550126
  2.50000000   2.70000000    45.4997161608
  2.60000000   2.70000000    42.3430635664
  2.70000000   2.70000000    39.3545356076
  2.80000000   2.70000000    36.6076412837
  2.90000000   2.70000000    34.1593052821
  3.00000000   2.70000000    32.0527978447
  3.10000000   2.70000000    30.3203582739
  3.20000000   2.70000000    28.9853565056
  3.30000000   2.70000000    28.0639608053
  3.40000000   2.70000000    27.5885711489
  3.50000000   2.70000000    27.5885711489

  0.00000000   2.80000000    26.1714539908
  0.10000000   2.80000000    26.1714539908
  0.20000000   2.80000000    26.6019121771
  0.30000000   2.80000000    27.4328120586
  0.40000000   2.80000000    28.6304489574
  0.50000000   2.80000000    30.1767497325
  0.60000000   2.80000000    32.0462048885
  0.70000000   2.80000000    34.2046312290
  0.80000000   2.80000000    36.6076661322
  0.90000000   2.80000000    39.1990996234
  1.00000000   2.80000000    41.9092586229
  1.10000000   2.80000000    44.6538276403
  1.20000000   2.80000000    47.3337202862
  1.30000000   2.80000000    49.8368612391
  1.40000000   2.80000000    52.0428682386
  1.50000000   2.80000000    53.8313924718
  1.60000000   2.80000000    55.0939892792
  1.70000000   2.80000000    55.7478073718
  1.80000000   2.80000000    55.7478073718
  1.90000000   2.80000000    55.0939892792
  2.00000000   2.80000000    53.8313924718
  2.10000000   2.80000000    52.0428682386
  2.20000000   2.80000000    49.8368612391
  2.30000000   2.80000000    47.3337202862
  2.40000000   2.80000000    44.6538276403
  2.50000000   2.80000000    41.9092586229
  2.60000000   2.80000000    39.1990996234
  2.70000000   2.80000000    36.6076661322
  2.80000000   2.80000000    34.2046312290
  2.90000000   2.80000000    32.0462048885
  3.00000000   2.80000000    30.1767497325
  3.10000000   2.80000000    28.6304489574
  3.20000000   2.80000000    27.4328120586
  3.30000000   2.80000000    26.6019121771
  3.40000000   2.80000000    26.1714539908
  3.50000000   2.80000000    26.1714539908

  0.00000000   2.90000000    24.8648863029
  0.10000000   2.90000000    24.8648863029
  0.20000000   2.90000000    25.2558693405
  0.30000000   2.90000000    26.0074437714
  0.40000000   2.90000000    27.0851494785
  0.50000000   2.90000000    28.4698697980
  0.60000000   2.90000000    30.1351249632
  0.70000000   2.90000000    32.0462311658
  0.80000000   2.90000000    34.1593570660
  0.90000000   2.90000000    36.4206105891
  1.00000000   2.90000000    38.7653663483
  1.10000000   2.90000000    41.1181491212
  1.20000000   2.90000000    43.3935047123
  1.30000000   2.90000000    45.4983715195
  1.40000000   2.90000000    47.3364299549
  1.50000000   2.90000000    48.8146373055
  1.60000000   2.90000000    49.8515683321
  1.70000000   2.90000000    50.3863584301
  1.80000000   2.90000000    50.3863584301
  1.90000000   2.90000000    49.8515683321
  2.00000000   2.90000000    48.8146373055
  2.10000000   2.90000000    47.3364299549
  2.20000000   2.90000000    45.4983715195
  2.30000000   2.90000000    43.3935047123
  2.40000000   2.90000000    41.1181491212
  2.50000000   2.90000000    38.7653663483
  2.60000000   2.90000000    36.4206105891
  2.70000000   2.90000000    34.1593570660
  2.80000000   2.90000000    32.0462311658
  2.90000000   2.90000000    30.1351249632
  3.00000000   2.90000000    28.4698697980
  3.10000000   2.90000000    27.0851494785
  3.20000000   2.90000000    26.0074437714
  3.30000000   2.90000000    25.2558693405
  3.40000000   2.90000000    24.8648863029
  3.50000000   2.90000000    24.8648863029

  0.00000000   3.00000000    23.7061283079
  0.10000000   3.00000000    23.7061283079
  0.20000000   3.00000000    24.0637632340
  0.30000000   3.00000000    24.7484063924
  0.40000000   3.00000000    25.7252059323
  0.50000000   3.00000000    26.9745945413
  0.60000000   3.00000000    28.4698950599
  0.70000000   3.00000000    30.1768016527
  0.80000000   3.00000000    32.0528762388
  0.90000000   3.00000000    34.0471905481
  1.00000000   3.00000000    36.1002914025
  1.10000000   3.00000000    38.1447235189
  1.20000000   3.00000000    40.1063902162
  1.30000000   3.00000000    41.9070351692
  1.40000000   3.00000000    43.4680415637
  1.50000000   3.00000000    44.7155225099
  1.60000000   3.00000000    45.5863090421
  1.70000000   3.00000000    46.0340097289
  1.80000000   3.00000000    46.0340097289
  1.90000000   3.00000000    45.5863090421
  2.00000000   3.00000000    44.7155225099
  2.10000000   3.00000000    43.4680415637
  2.20000000   3.00000000    41.9070351692
  2.30000000   3.00000000    40.1063902162
  2.40000000   3.00000000    38.1447235189
  2.50000000   3.00000000    36.1002914025
  2.60000000   3.00000000    34.0471905481
  2.70000000   3.00000000    32.0528762388
  2.80000000   3.00000000    30.1768016527
  2.90000000   3.00000000    28.4698950599
  3.00000000   3.00000000    26.9745945413
  3.10000000   3.00000000    25.7252059323
  3.20000000   3.00000000    24.7484063924
  3.30000000   3.00000000    24.0637632340
  3.40000000   3.00000000    23.7061283079
  3.50000000   3.00000000    23.7061283079

  0.00000000   3.10000000    22.7264518657
  0.10000000   3.10000000    22.7264518657
  0.20000000   3.10000000    23.0573638893
  0.30000000   3.10000000    23.6882724393
  0.40000000   3.10000000    24.5841112709
  0.50000000   3.10000000    25.7252283049
  0.60000000   3.10000000    27.0851973255
  0.70000000   3.10000000    28.6305240142
  0.80000000   3.10000000    30.3204608380
  0.90000000   3.10000000    32.1070356891
  1.00000000   3.10000000    33.9354286878
  1.10000000   3.10000000    35.7448597457
  1.20000000   3.10000000    37.4701583546
  1.30000000   3.10000000    39.0441569041
  1.40000000   3.10000000    40.4009579686
  1.50000000   3.10000000    41.4799607847
  1.60000000   3.10000000    42.2303054557
  1.70000000   3.10000000    42.6151628921
  1.80000000   3.10000000    42.6151628921
  1.90000000   3.10000000    42.2303054557
  2.00000000   3.10000000    41.4799607847
  2.10000000   3.10000000    40.4009579686
  2.20000000   3.10000000    39.0441569041
  2.30000000   3.10000000    37.4701583546
  2.40000000   3.10000000    35.7448597457
  2.50000000   3.10000000    33.9354286878
  2.60000000   3.10000000    32.1070356891
  2.70000000   3.10000000    30.3204608380
  2.80000000   3.10000000    28.6305240142
  2.90000000   3.10000000    27.0851973255
  3.00000000   3.10000000    25.7252283049
  3.10000000   3.10000000    24.5841112709
  3.20000000   3.10000000    23.6882724393
  3.30000000   3.10000000    23.0573638893
  3.40000000   3.10000000    22.7264518657
  3.50000000   3.10000000    22.7264518657

  0.00000000   3.20000000    21.9507398381
  0.10000000   3.20000000    21.9507398381
  0.20000000   3.20000000    22.2620666415
  0.30000000   3.20000000    22.8529961616
  0.40000000   3.20000000    23.6882905045
  0.50000000   3.20000000    24.7484469360
  0.60000000   3.20000000    26.0075100850
  0.70000000   3.20000000    27.4329061534
  0.80000000   3.20000000    28.9854790459
  0.90000000   3.20000000    30.6197787580
  1.00000000   3.20000000    32.2846937051
  1.10000000   3.20000000    33.9245362777
  1.20000000   3.20000000    35.4806822897
  1.30000000   3.20000000    36.8938237513
  1.40000000   3.20000000    38.1068135082
  1.50000000   3.20000000    39.0679601219
  1.60000000   3.20000000    39.7344887290
  1.70000000   3.20000000    40.0757569468
  1.80000000   3.20000000    40.0757569468
  1.90000000   3.20000000    39.7344887290
  2.00000000   3.20000000    39.0679601219
  2.10000000   3.20000000    38.1068135082
  2.20000000   3.20000000    36.8938237513
  2.30000000   3.20000000    35.4806822897
  2.40000000   3.20000000    33.9245362777
  2.50000000   3.20000000    32.2846937051
  2.60000000   3.20000000    30.6197787580
  2.70000000   3.20000000    28.9854790459
  2.80000000   3.20000000    27.4329061534
  2.90000000   3.20000000    26.0075100850
  3.00000000   3.20000000    24.7484469360
  3.10000000   3.20000000    23.6882905045
  3.20000000   3.20000000    22.8529961616
  3.30000000   3.20000000    22.2620666415
  3.40000000   3.20000000    21.9507398381
  3.50000000   3.20000000    21.9507398381

  0.00000000   3.30000000    21.3970634678
  0.10000000   3.30000000    21.3970634678
  0.20000000   3.30000000    21.6969299386
  0.30000000   3.30000000    22.2620794126
  0.40000000   3.30000000    23.0573947334
  0.50000000   3.30000000    24.0638166835
  0.60000000   3.30000000    25.2559488485
  0.70000000   3.30000000    26.6020199581
  0.80000000   3.30000000    28.0640977742
  0.90000000   3.30000000    29.5985522656
  1.00000000   3.30000000    31.1568399908
  1.10000000   3.30000000    32.6866911231
  1.20000000   3.30000000    34.1337609560
  1.30000000   3.30000000    35.4437626319
  1.40000000   3.30000000    36.5650269291
  1.50000000   3.30000000    37.4513434703
  1.60000000   3.30000000    38.0648412652
  1.70000000   3.30000000    38.3785913881
  1.80000000   3.30000000    38.3785913881
  1.90000000   3.30000000    38.0648412652
  2.00000000   3.30000000    37.4513434703
  2.10000000   3.30000000    36.5650269291
  2.20000000   3.30000000    35.4437626319
  2.30000000   3.30000000    34.1337609560
  2.40000000   3.30000000    32.6866911231
  2.50000000   3.30000000    31.1568399908
  2.60000000   3.30000000    29.5985522656
  2.70000000   3.30000000    28.0640977742
  2.80000000   3.30000000    26.6020199581
  2.90000000   3.30000000    25.2559488485
  3.00000000   3.30000000    24.0638166835
  3.10000000   3.30000000    23.0573947334
  3.20000000   3.30000000    22.2620794126
  3.30000000   3.30000000    21.6969299386
  3.40000000   3.30000000    21.3970634678
  3.50000000   3.30000000    21.3970634678

  0.00000000   3.40000000    21.0757705039
  0.10000000   3.40000000    21.0757705039
  0.20000000   3.40000000    21.3752907911
  0.30000000   3.40000000    21.9289331401
  0.40000000   3.40000000    22.7046002531
  0.50000000   3.40000000    23.6842229841
  0.60000000   3.40000000    24.8429210863
  0.70000000   3.40000000    26.1494255351
  0.80000000   3.40000000    27.5664789216
  0.90000000   3.40000000    29.0514077743
  1.00000000   3.40000000    30.5569829722
  1.10000000   3.40000000    32.0326503291
  1.20000000   3.40000000    33.4261793399
  1.30000000   3.40000000    34.6857296610
  1.40000000   3.40000000    35.7622690128
  1.50000000   3.40000000    36.6121982219
  1.60000000   3.40000000    37.1999629126
  1.70000000   3.40000000    37.5003775349
  1.80000000   3.40000000    37.5003775349
  1.90000000   3.40000000    37.1999629126
  2.00000000   3.40000000    36.6121982219
  2.10000000   3.40000000    35.7622690128
  2.20000000   3.40000000    34.6857296610
  2.30000000   3.40000000    33.4261793399
  2.40000000   3.40000000    32.0326503291
  2.50000000   3.40000000    30.5569829722
  2.60000000   3.40000000    29.0514077743
  2.70000000   3.40000000    27.5664789216
  2.80000000   3.40000000    26.1494255351
  2.90000000   3.40000000    24.8429210863
  3.00000000   3.40000000    23.6842229841
  3.10000000   3.40000000    22.7046002531
  3.20000000   3.40000000    21.9289331401
  3.30000000   3.40000000    21.3752907911
  3.40000000   3.40000000    21.0757705039
  3.50000000   3.40000000    21.0757705039

  0.00000000   3.50000000    21.0757705039
  0.10000000   3.50000000    21.0757705039
  0.20000000   3.50000000    21.3752907911
  0.30000000   3.50000000    21.9289331401
  0.40000000   3.50000000    22.7046002531
  0.50000000   3.50000000    23.6842229841
  0.60000000   3.50000000    24.8429210863
  0.70000000   3.50000000    26.1494255351
  0.80000000   3.50000000    27.5664789216
  0.90000000   3.50000000    29.0514077743
  1.00000000   3.50000000    30.5569829722
  1.10000000   3.50000000    32.0326503291
  1.20000000   3.50000000    33.4261793399
  1.30000000   3.50000000    34.6857296610
  1.40000000   3.50000000    35.7622690128
  1.50000000   3.50000000    36.6121982219
  1.60000000   3.50000000    37.1999629126
  1.70000000   3.50000000    37.5003775349
  1.80000000   3.50000000    37.5003775349
  1.90000000   3.50000000    37.1999629126
  2.00000000   3.50000000    36.6121982219
  2.10000000   3.50000000    35.7622690128
  2.20000000   3.50000000    34.6857296610
  2.30000000   3.50000000    33.4261793399
  2.40000000   3.50000000    32.0326503291
  2.50000000   3.50000000    30.5569829722
  2.60000000   3.50000000    29.0514077743
  2.70000000   3.50000000    27.5664789216
  2.80000000   3.50000000    26.1494255351
  2.90000000   3.50000000    24.8429210863
  3.00000000   3.50000000    23.6842229841
  3.10000000   3.50000000    22.7046002531
  3.20000000   3.50000000    21.9289331401
  3.30000000   3.50000000    21.3752907911
  3.40000000   3.50000000    21.0757705039
  3.50000000   3.50000000    21.0757705039

