  0.00000000   0.00000000     1.9225617419
  0.10000000   0.00000000     1.9225617419
  0.20000000   0.00000000     2.0517631493
  0.30000000   0.00000000     2.2932616640
  0.40000000   0.00000000     2.6374248835
  0.50000000   0.00000000     3.0815092344
  0.60000000   0.00000000     3.6200437454
  0.70000000   0.00000000     4.2441723309
  0.80000000   0.00000000     4.9409595575
  0.90000000   0.00000000     5.6928531466
  1.00000000   0.00000000     6.4774698491
  1.10000000   0.00000000     7.2678505559
  1.20000000   0.00000000     8.0332924697
  1.30000000   0.00000000     8.7408018805
  1.40000000   0.00000000     9.3571200853
  1.50000000   0.00000000     9.8511662694
  1.60000000   0.00000000    10.1966342980
  1.70000000   0.00000000    10.3744033044
  1.80000000   0.00000000    10.3744033044
  1.90000000   0.00000000    10.1966342980
  2.00000000   0.00000000     9.8511662694
  2.10000000   0.00000000     9.3571200853
  2.20000000   0.00000000     8.7408018805
  2.30000000   0.00000000     8.0332924697
  2.40000000   0.00000000     7.2678505559
  2.50000000   0.00000000     6.4774698491
  2.60000000   0.00000000     5.6928531466
  2.70000000   0.00000000     4.9409595575
  2.80000000   0.00000000     4.2441723309
  2.90000000   0.00000000     3.6200437454
  3.00000000   0.00000000     3.0815092344
  3.10000000   0.00000000     2.6374248835
  3.20000000   0.00000000     2.2932616640
  3.30000000   0.00000000     2.0517631493
  3.40000000   0.00000000     1.9225617419
  3.50000000   0.00000000     1.9225617419

  0.00000000   0.10000000     1.9225617419
  0.10000000   0.10000000     1.9225617419
  0.20000000   0.10000000     2.0517631493
  0.30000000   0.10000000     2.2932616640
  0.40000000   0.10000000     2.6374248835
  0.50000000   0.10000000     3.0815092344
  0.60000000   0.10000000     3.6200437454
  0.70000000   0.10000000     4.2441723309
  0.80000000   0.10000000     4.9409595575
  0.90000000   0.10000000     5.6928531466
  1.00000000   0.10000000     6.4774698491
  1.10000000   0.10000000     7.2678505559
  1.20000000   0.10000000     8.0332924697
  1.30000000   0.10000000     8.7408018805
  1.40000000   0.10000000     9.3571200853
  1.50000000   0.10000000     9.8511662694
  1.60000000   0.10000000    10.1966342980
  1.70000000   0.10000000    10.3744033044
  1.80000000   0.10000000    10.3744033044
  1.90000000   0.10000000    10.1966342980
  2.00000000   0.10000000     9.8511662694
  2.10000000   0.10000000     9.3571200853
  2.20000000   0.10000000     8.7408018805
  2.30000000   0.10000000     8.0332924697
  2.40000000   0.10000000     7.2678505559
  2.50000000   0.10000000     6.4774698491
  2.60000000   0.10000000     5.6928531466
  2.70000000   0.10000000     4.9409595575
  2.80000000   0.10000000     4.2441723309
  2.90000000   0.10000000     3.6200437454
  3.00000000   0.10000000     3.0815092344
  3.10000000   0.10000000     2.6374248835
  3.20000000   0.10000000     2.2932616640
  3.30000000   0.10000000     2.0517631493
  3.40000000   0.10000000     1.9225617419
  3.50000000   0.10000000     1.9225617419

  0.00000000   0.20000000     2.0613914355
  0.10000000   0.20000000     2.0613914355
  0.20000000   0.20000000     2.1965376540
  0.30000000   0.20000000     2.4540954924
  0.40000000   0.20000000     2.8228688901
  0.50000000   0.20000000     3.2997608538
  0.60000000   0.20000000     3.8790730663
  0.70000000   0.20000000     4.5515882251
  0.80000000   0.20000000     5.3037223943
  0.90000000   0.20000000     6.1168659805
  1.00000000   0.20000000     6.9670728127
  1.10000000   0.20000000     7.8252579405
  1.20000000   0.20000000     8.6580350795
  1.30000000   0.20000000     9.4292608104
  1.40000000   0.20000000    10.1022532566
  1.50000000   0.20000000    10.6425257855
  1.60000000   0.20000000    11.0207428687
  1.70000000   0.20000000    11.2155008278
  1.80000000   0.20000000    11.2155008278
  1.90000000   0.20000000    11.0207428687
  2.00000000   0.20000000    10.6425257855
  2.10000000   0.20000000    10.1022532566
  2.20000000   0.20000000     9.4292608104
  2.30000000   0.20000000     8.6580350795
  2.40000000   0.20000000     7.8252579405
  2.50000000   0.20000000     6.9670728127
  2.60000000   0.20000000     6.1168659805
  2.70000000   0.20000000     5.3037223943
  2.80000000   0.20000000     4.5515882251
  2.90000000   0.20000000     3.8790730663
  3.00000000   0.20000000     3.2997608538
  3.10000000   0.20000000     2.8228688901
  3.20000000   0.20000000     2.4540954924
  3.30000000   0.20000000     2.1965376540
  3.40000000   0.20000000     2.0613914355
  3.50000000   0.20000000     2.0613914355

  0.00000000   0.30000000     2.3034392894
  0.10000000   0.30000000     2.3034392894
  0.20000000   0.30000000     2.4540148295
  0.30000000   0.30000000     2.7430778666
  0.40000000   0.30000000     3.1589797003
  0.50000000   0.30000000     3.6986601221
  0.60000000   0.30000000     4.3563041414
  0.70000000   0.30000000     5.1222262013
  0.80000000   0.30000000     5.9817863122
  0.90000000   0.30000000     6.9144914890
  1.00000000   0.30000000     7.8934724428
  1.10000000   0.30000000     8.8855389447
  1.20000000   0.30000000     9.8519988921
  1.30000000   0.30000000    10.7503642583
  1.40000000   0.30000000    11.5369523125
  1.50000000   0.30000000    12.1702244885
  1.60000000   0.30000000    12.6145116062
  1.70000000   0.30000000    12.8436036970
  1.80000000   0.30000000    12.8436036970
  1.90000000   0.30000000    12.6145116062
  2.00000000   0.30000000    12.1702244885
  2.10000000   0.30000000    11.5369523125
  2.20000000   0.30000000    10.7503642583
  2.30000000   0.30000000     9.8519988921
  2.40000000   0.30000000     8.8855389447
  2.50000000   0.30000000     7.8934724428
  2.60000000   0.30000000     6.9144914890
  2.70000000   0.30000000     5.9817863122
  2.80000000   0.30000000     5.1222262013
  2.90000000   0.30000000     4.3563041414
  3.00000000   0.30000000     3.6986601221
  3.10000000   0.30000000     3.1589797003
  3.20000000   0.30000000     2.7430778666
  3.30000000   0.30000000     2.4540148295
  3.40000000   0.30000000     2.3034392894
  3.50000000   0.30000000     2.3034392894

  0.00000000   0.40000000     2.6483546012
  0.10000000   0.40000000     2.6483546012
  0.20000000   0.40000000     2.8226717335
  0.30000000   0.40000000     3.1588626566
  0.40000000   0.40000000     3.6449115011
  0.50000000   0.40000000     4.2781479312
  0.60000000   0.40000000     5.0528901489
  0.70000000   0.40000000     5.9590542726
  0.80000000   0.40000000     6.9807204028
  0.90000000   0.40000000     8.0948507585
  1.00000000   0.40000000     9.2704002143
  1.10000000   0.40000000    10.4680936706
  1.20000000   0.40000000    11.6411489014
  1.30000000   0.40000000    12.7371733802
  1.40000000   0.40000000    13.7013326439
  1.50000000   0.40000000    14.4806611170
  1.60000000   0.40000000    15.0290836122
  1.70000000   0.40000000    15.3124129681
  1.80000000   0.40000000    15.3124129681
  1.90000000   0.40000000    15.0290836122
  2.00000000   0.40000000    14.4806611170
  2.10000000   0.40000000    13.7013326439
  2.20000000   0.40000000    12.7371733802
  2.30000000   0.40000000    11.6411489014
  2.40000000   0.40000000    10.4680936706
  2.50000000   0.40000000     9.2704002143
  2.60000000   0.40000000     8.0948507585
  2.70000000   0.40000000     6.9807204028
  2.80000000   0.40000000     5.9590542726
  2.90000000   0.40000000     5.0528901489
  3.00000000   0.40000000     4.2781479312
  3.10000000   0.40000000     3.6449115011
  3.20000000   0.40000000     3.1588626566
  3.30000000   0.40000000     2.8226717335
  3.40000000   0.40000000     2.6483546012
  3.50000000   0.40000000     2.6483546012

  0.00000000   0.50000000     3.0933712987
  0.10000000   0.50000000     3.0933712987
  0.20000000   0.50000000     3.2994120627
  0.30000000   0.50000000     3.6983913442
  0.40000000   0.50000000     4.2779962942
  0.50000000   0.50000000     5.0363787988
  0.60000000   0.50000000     5.9684335943
  0.70000000   0.50000000     7.0640126113
  0.80000000   0.50000000     8.3059932367
  0.90000000   0.50000000     9.6684271517
  1.00000000   0.50000000    11.1150675814
  1.10000000   0.50000000    12.5986456285
  1.20000000   0.50000000    14.0613171693
  1.30000000   0.50000000    15.4366900807
  1.40000000   0.50000000    16.6537107807
  1.50000000   0.50000000    17.6423846810
  1.60000000   0.50000000    18.3408206688
  1.70000000   0.50000000    18.7025313669
  1.80000000   0.50000000    18.7025313669
  1.90000000   0.50000000    18.3408206688
  2.00000000   0.50000000    17.6423846810
  2.10000000   0.50000000    16.6537107807
  2.20000000   0.50000000    15.4366900807
  2.30000000   0.50000000    14.0613171693
  2.40000000   0.50000000    12.5986456285
  2.50000000   0.50000000    11.1150675814
  2.60000000   0.50000000     9.6684271517
  2.70000000   0.50000000     8.3059932367
  2.80000000   0.50000000     7.0640126113
  2.90000000   0.50000000     5.9684335943
  3.00000000   0.50000000     5.0363787988
  3.10000000   0.50000000     4.2779962942
  3.20000000   0.50000000     3.6983913442
  3.30000000   0.50000000     3.2994120627
  3.40000000   0.50000000     3.0933712987
  3.50000000   0.50000000     3.0933712987

  0.00000000   0.60000000     3.6329873850
  0.10000000   0.60000000     3.6329873850
  0.20000000   0.60000000     3.8785406141
  0.30000000   0.60000000     4.3558521531
  0.40000000   0.60000000     5.0525558267
  0.50000000   0.60000000     5.9682513309
  0.60000000   0.60000000     7.0991430047
  0.70000000   0.60000000     8.4357384018
  0.80000000   0.60000000     9.9602509334
  0.90000000   0.60000000    11.6439474776
  1.00000000   0.60000000    13.4447900504
  1.10000000   0.60000000    15.3058544663
  1.20000000   0.60000000    17.1551459206
  1.30000000   0.60000000    18.9075149196
  1.40000000   0.60000000    20.4693026211
  1.50000000   0.60000000    21.7459725864
  1.60000000   0.60000000    22.6522186332
  1.70000000   0.60000000    23.1229871494
  1.80000000   0.60000000    23.1229871494
  1.90000000   0.60000000    22.6522186332
  2.00000000   0.60000000    21.7459725864
  2.10000000   0.60000000    20.4693026211
  2.20000000   0.60000000    18.9075149196
  2.30000000   0.60000000    17.1551459206
  2.40000000   0.60000000    15.3058544663
  2.50000000   0.60000000    13.4447900504
  2.60000000   0.60000000    11.6439474776
  2.70000000   0.60000000     9.9602509334
  2.80000000   0.60000000     8.4357384018
  2.90000000   0.60000000     7.0991430047
  3.00000000   0.60000000     5.9682513309
  3.10000000   0.60000000     5.0525558267
  3.20000000   0.60000000     4.3558521531
  3.30000000   0.60000000     3.8785406141
  3.40000000   0.60000000     3.6329873850
  3.50000000   0.60000000     3.6329873850

  0.00000000   0.70000000     4.2583098023
  0.10000000   0.70000000     4.2583098023
  0.20000000   0.70000000     4.5508447612
  0.30000000   0.70000000     5.1215642650
  0.40000000   0.70000000     5.9585112154
  0.50000000   0.70000000     7.0636228269
  0.60000000   0.70000000     8.4355317654
  0.70000000   0.70000000    10.0666480368
  0.80000000   0.70000000    11.9397279274
  0.90000000   0.70000000    14.0241522948
  1.00000000   0.70000000    16.2722832009
  1.10000000   0.70000000    18.6164830851
  1.20000000   0.70000000    20.9676591028
  1.30000000   0.70000000    23.2164779534
  1.40000000   0.70000000    25.2385202533
  1.50000000   0.70000000    26.9043061535
  1.60000000   0.70000000    28.0939704951
  1.70000000   0.70000000    28.7143607074
  1.80000000   0.70000000    28.7143607074
  1.90000000   0.70000000    28.0939704951
  2.00000000   0.70000000    26.9043061535
  2.10000000   0.70000000    25.2385202533
  2.20000000   0.70000000    23.2164779534
  2.30000000   0.70000000    20.9676591028
  2.40000000   0.70000000    18.6164830851
  2.50000000   0.70000000    16.2722832009
  2.60000000   0.70000000    14.0241522948
  2.70000000   0.70000000    11.9397279274
  2.80000000   0.70000000    10.0666480368
  2.90000000   0.70000000     8.4355317654
  3.00000000   0.70000000     7.0636228269
  3.10000000   0.70000000     5.9585112154
  3.20000000   0.70000000     5.1215642650
  3.30000000   0.70000000     4.5508447612
  3.40000000   0.70000000     4.2583098023
  3.50000000   0.70000000     4.2583098023

  0.00000000   0.80000000     4.9563621654
  0.10000000   0.80000000     4.9563621654
  0.20000000   0.80000000     5.3027466707
  0.30000000   0.80000000     5.9808939120
  0.40000000   0.80000000     6.9799490629
  0.50000000   0.80000000     8.3053776163
  0.60000000   0.80000000     9.9598208459
  0.70000000   0.80000000    11.9395061730
  0.80000000   0.80000000    14.2298496146
  0.90000000   0.80000000    16.8003955999
  1.00000000   0.80000000    19.5994075636
  1.10000000   0.80000000    22.5487218246
  1.20000000   0.80000000    25.5399534134
  1.30000000   0.80000000    28.4337861095
  1.40000000   0.80000000    31.0647038655
  1.50000000   0.80000000    33.2535787503
  1.60000000   0.80000000    34.8290388594
  1.70000000   0.80000000    35.6547110390
  1.80000000   0.80000000    35.6547110390
  1.90000000   0.80000000    34.8290388594
  2.00000000   0.80000000    33.2535787503
  2.10000000   0.80000000    31.0647038655
  2.20000000   0.80000000    28.4337861095
  2.30000000   0.80000000    25.5399534134
  2.40000000   0.80000000    22.5487218246
  2.50000000   0.80000000    19.5994075636
  2.60000000   0.80000000    16.8003955999
  2.70000000   0.80000000    14.2298496146
  2.80000000   0.80000000    11.9395061730
  2.90000000   0.80000000     9.9598208459
  3.00000000   0.80000000     8.3053776163
  3.10000000   0.80000000     6.9799490629
  3.20000000   0.80000000     5.9808939120
  3.30000000   0.80000000     5.3027466707
  3.40000000   0.80000000     4.9563621654
  3.50000000   0.80000000     4.9563621654

  0.00000000   0.90000000     5.7095491174
  0.10000000   0.90000000     5.7095491174
  0.20000000   0.90000000     6.1156441837
  0.30000000   0.90000000     6.9133556879
  0.40000000   0.90000000     8.0938394621
  0.50000000   0.90000000     9.6675757417
  0.60000000   0.90000000    11.6432862222
  0.70000000   0.90000000    14.0237038220
  0.80000000   0.90000000    16.8001720127
  0.90000000   0.90000000    19.9460550594
  1.00000000   0.90000000    23.4090782482
  1.10000000   0.90000000    27.1030503874
  1.20000000   0.90000000    30.9001001201
  1.30000000   0.90000000    34.6257441118
  1.40000000   0.90000000    38.0607774975
  1.50000000   0.90000000    40.9554172835
  1.60000000   0.90000000    43.0601039679
  1.70000000   0.90000000    44.1703032615
  1.80000000   0.90000000    44.1703032615
  1.90000000   0.90000000    43.0601039679
  2.00000000   0.90000000    40.9554172835
  2.10000000   0.90000000    38.0607774975
  2.20000000   0.90000000    34.6257441118
  2.30000000   0.90000000    30.9001001201
  2.40000000   0.90000000    27.1030503874
  2.50000000   0.90000000    23.4090782482
  2.60000000   0.90000000    19.9460550594
  2.70000000   0.90000000    16.8001720127
  2.80000000   0.90000000    14.0237038220
  2.90000000   0.90000000    11.6432862222
  3.00000000   0.90000000     9.6675757417
  3.10000000   0.90000000     8.0938394621
  3.20000000   0.90000000     6.9133556879
  3.30000000   0.90000000     6.1156441837
  3.40000000   0.90000000     5.7095491174
  3.50000000   0.90000000     5.7095491174

  0.00000000   1.00000000     6.4954440045
  0.10000000   1.00000000     6.4954440045
  0.20000000   1.00000000     6.9655996774
  0.30000000   1.00000000     7.8920889664
  0.40000000   1.00000000     9.2691462023
  0.50000000   1.00000000    11.1139797978
  0.60000000   1.00000000    13.4439000371
  0.70000000   1.00000000    16.2716143691
  0.80000000   1.00000000    19.5989716847
  0.90000000   1.00000000    23.4088716468
  1.00000000   1.00000000    27.6550606562
  1.10000000   1.00000000    32.2497483939
  1.20000000   1.00000000    37.0496939193
  1.30000000   1.00000000    41.8431529527
  1.40000000   1.00000000    46.3435062356
  1.50000000   1.00000000    50.2004414380
  1.60000000   1.00000000    53.0425935663
  1.70000000   1.00000000    54.5545591259
  1.80000000   1.00000000    54.5545591259
  1.90000000   1.00000000    53.0425935663
  2.00000000   1.00000000    50.2004414380
  2.10000000   1.00000000    46.3435062356
  2.20000000   1.00000000    41.8431529527
  2.30000000   1.00000000    37.0496939193
  2.40000000   1.00000000    32.2497483939
  2.50000000   1.00000000    27.6550606562
  2.60000000   1.00000000    23.4088716468
  2.70000000   1.00000000    19.5989716847
  2.80000000   1.00000000    16.2716143691
  2.90000000   1.00000000    13.4439000371
  3.00000000   1.00000000    11.1139797978
  3.10000000   1.00000000     9.2691462023
  3.20000000   1.00000000     7.8920889664
  3.30000000   1.00000000     6.9655996774
  3.40000000   1.00000000     6.4954440045
  3.50000000   1.00000000     6.4954440045

  0.00000000   1.10000000     7.2870456738
  0.10000000   1.10000000     7.2870456738
  0.20000000   1.10000000     7.8235374930
  0.30000000   1.10000000     8.8839128337
  0.40000000   1.10000000    10.4666036168
  0.50000000   1.10000000    12.5973306090
  0.60000000   1.10000000    15.3047484166
  0.70000000   1.10000000    18.6156116707
  0.80000000   1.10000000    22.5480983044
  0.90000000   1.10000000    27.1026707083
  1.00000000   1.10000000    32.2495858261
  1.10000000   1.10000000    37.9119568836
  1.20000000   1.10000000    43.9434883408
  1.30000000   1.10000000    50.1016334760
  1.40000000   1.10000000    56.0221467906
  1.50000000   1.10000000    61.2132828797
  1.60000000   1.10000000    65.1069854894
  1.70000000   1.10000000    67.2012597353
  1.80000000   1.10000000    67.2012597353
  1.90000000   1.10000000    65.1069854894
  2.00000000   1.10000000    61.2132828797
  2.10000000   1.10000000    56.0221467906
  2.20000000   1.10000000    50.1016334760
  2.30000000   1.10000000    43.9434883408
  2.40000000   1.10000000    37.9119568836
  2.50000000   1.10000000    32.2495858261
  2.60000000   1.10000000    27.1026707083
  2.70000000   1.10000000    22.5480983044
  2.80000000   1.10000000    18.6156116707
  2.90000000   1.10000000    15.3047484166
  3.00000000   1.10000000    12.5973306090
  3.10000000   1.10000000    10.4666036168
  3.20000000   1.10000000     8.8839128337
  3.30000000   1.10000000     7.8235374930
  3.40000000   1.10000000     7.2870456738
  3.50000000   1.10000000     7.2870456738

  0.00000000   1.20000000     8.0536121361
  0.10000000   1.20000000     8.0536121361
  0.20000000   1.20000000     8.6560808924
  0.30000000   1.20000000     9.8501446046
  0.40000000   1.20000000    11.6394387771
  0.50000000   1.20000000    14.0597933008
  0.60000000   1.20000000    17.1538459612
  0.70000000   1.20000000    20.9666129047
  0.80000000   1.20000000    25.5391784704
  0.90000000   1.20000000    30.8995957061
  1.00000000   1.20000000    37.0494337273
  1.10000000   1.20000000    43.9434113796
  1.20000000   1.20000000    51.4582935779
  1.30000000   1.20000000    59.3465405681
  1.40000000   1.20000000    67.1737180692
  1.50000000   1.20000000    74.2583355147
  1.60000000   1.20000000    79.6968563565
  1.70000000   1.20000000    82.6629289817
  1.80000000   1.20000000    82.6629289817
  1.90000000   1.20000000    79.6968563565
  2.00000000   1.20000000    74.2583355147
  2.10000000   1.20000000    67.1737180692
  2.20000000   1.20000000    59.3465405681
  2.30000000   1.20000000    51.4582935779
  2.40000000   1.20000000    43.9434113796
  2.50000000   1.20000000    37.0494337273
  2.60000000   1.20000000    30.8995957061
  2.70000000   1.20000000    25.5391784704
  2.80000000   1.20000000    20.9666129047
  2.90000000   1.20000000    17.1538459612
  3.00000000   1.20000000    14.0597933008
  3.10000000   1.20000000    11.6394387771
  3.20000000   1.20000000     9.8501446046
  3.30000000   1.20000000     8.6560808924
  3.40000000   1.20000000     8.0536121361
  3.50000000   1.20000000     8.0536121361

  0.00000000   1.30000000     8.7621145639
  0.10000000   1.30000000     8.7621145639
  0.20000000   1.30000000     9.4270957074
  0.30000000   1.30000000    10.7483051807
  0.40000000   1.30000000    12.7352676399
  0.50000000   1.30000000    15.4349836824
  0.60000000   1.30000000    18.9060505282
  0.70000000   1.30000000    23.2152917187
  0.80000000   1.30000000    28.4329031819
  0.90000000   1.30000000    34.6251725325
  1.00000000   1.30000000    41.8428751526
  1.10000000   1.30000000    50.1015936145
  1.20000000   1.30000000    59.3466241189
  1.30000000   1.30000000    69.3885101808
  1.40000000   1.30000000    79.7850961300
  1.50000000   1.30000000    89.6445943724
  1.60000000   1.30000000    97.4346303318
  1.70000000   1.30000000   101.7546055798
  1.80000000   1.30000000   101.7546055798
  1.90000000   1.30000000    97.4346303318
  2.00000000   1.30000000    89.6445943724
  2.10000000   1.30000000    79.7850961300
  2.20000000   1.30000000    69.3885101808
  2.30000000   1.30000000    59.3466241189
  2.40000000   1.30000000    50.1015936145
  2.50000000   1.30000000    41.8428751526
  2.60000000   1.30000000    34.6251725325
  2.70000000   1.30000000    28.4329031819
  2.80000000   1.30000000    23.2152917187
  2.90000000   1.30000000    18.9060505282
  3.00000000   1.30000000    15.4349836824
  3.10000000   1.30000000    12.7352676399
  3.20000000   1.30000000    10.7483051807
  3.30000000   1.30000000     9.4270957074
  3.40000000   1.30000000     8.7621145639
  3.50000000   1.30000000     8.7621145639

  0.00000000   1.40000000     9.3792641292
  0.10000000   1.40000000     9.3792641292
  0.20000000   1.40000000    10.0999084845
  0.30000000   1.40000000    11.5347197320
  0.40000000   1.40000000    13.6992628441
  0.50000000   1.40000000    16.6518541316
  0.60000000   1.40000000    20.4677076892
  0.70000000   1.40000000    25.2372312013
  0.80000000   1.40000000    31.0637567486
  0.90000000   1.40000000    38.0601952240
  1.00000000   1.40000000    46.3432913751
  1.10000000   1.40000000    56.0222697698
  1.20000000   1.40000000    67.1740935754
  1.30000000   1.40000000    79.7855253852
  1.40000000   1.40000000    93.6061987596
  1.50000000   1.40000000   107.7316001181
  1.60000000   1.40000000   119.2377230416
  1.70000000   1.40000000   125.7406186414
  1.80000000   1.40000000   125.7406186414
  1.90000000   1.40000000   119.2377230416
  2.00000000   1.40000000   107.7316001181
  2.10000000   1.40000000    93.6061987596
  2.20000000   1.40000000    79.7855253852
  2.30000000   1.40000000    67.1740935754
  2.40000000   1.40000000    56.0222697698
  2.50000000   1.40000000    46.3432913751
  2.60000000   1.40000000    38.0601952240
  2.70000000   1.40000000    31.0637567486
  2.80000000   1.40000000    25.2372312013
  2.90000000   1.40000000    20.4677076892
  3.00000000   1.40000000    16.6518541316
  3.10000000   1.40000000    13.6992628441
  3.20000000   1.40000000    11.5347197320
  3.30000000   1.40000000    10.0999084845
  3.40000000   1.40000000     9.3792641292
  3.50000000   1.40000000     9.3792641292

  0.00000000   1.50000000     9.8739555009
  0.10000000   1.50000000     9.8739555009
  0.20000000   1.50000000    10.6400397387
  0.30000000   1.50000000    12.1678561705
  0.40000000   1.50000000    14.4784642084
  0.50000000   1.50000000    17.6404137909
  0.60000000   1.50000000    21.7442822478
  0.70000000   1.50000000    26.9029490845
  0.80000000   1.50000000    33.2526035472
  0.90000000   1.50000000    40.9548657941
  1.00000000   1.50000000    50.2003459960
  1.10000000   1.50000000    61.2136633266
  1.20000000   1.50000000    74.2591957863
  1.30000000   1.50000000    89.6459212918
  1.40000000   1.50000000   107.7333909510
  1.50000000   1.50000000   128.9793173510
  1.60000000   1.50000000   146.5241103902
  1.70000000   1.50000000   156.6740924906
  1.80000000   1.50000000   156.6740924906
  1.90000000   1.50000000   146.5241103902
  2.00000000   1.50000000   128.9793173510
  2.10000000   1.50000000   107.7333909510
  2.20000000   1.50000000    89.6459212918
  2.30000000   1.50000000    74.2591957863
  2.40000000   1.50000000    61.2136633266
  2.50000000   1.50000000    50.2003459960
  2.60000000   1.50000000    40.9548657941
  2.70000000   1.50000000    33.2526035472
  2.80000000   1.50000000    26.9029490845
  2.90000000   1.50000000    21.7442822478
  3.00000000   1.50000000    17.6404137909
  3.10000000   1.50000000    14.4784642084
  3.20000000   1.50000000    12.1678561705
  3.30000000   1.50000000    10.6400397387
  3.40000000   1.50000000     9.8739555009
  3.50000000   1.50000000     9.8739555009

  0.00000000   1.60000000    10.2198639966
  0.10000000   1.60000000    10.2198639966
  0.20000000   1.60000000    11.0181594940
  0.30000000   1.60000000    12.6120501619
  0.40000000   1.60000000    15.0268002067
  0.50000000   1.60000000    18.3387733094
  0.60000000   1.60000000    22.6504667683
  0.70000000   1.60000000    28.0925741430
  0.80000000   1.60000000    34.8280577891
  0.90000000   1.60000000    43.0595977593
  1.00000000   1.60000000    53.0426238736
  1.10000000   1.60000000    65.1076226578
  1.20000000   1.60000000    79.6981941238
  1.30000000   1.60000000    97.4368153556
  1.40000000   1.60000000   119.2410087358
  1.50000000   1.60000000   150.4386663006
  1.60000000   1.60000000   200.0000000000
  1.70000000   1.60000000   200.0000000000
  1.80000000   1.60000000   200.0000000000
  1.90000000   1.60000000   200.0000000000
  2.00000000   1.60000000   150.4386663006
  2.10000000   1.60000000   119.2410087358
  2.20000000   1.60000000    97.4368153556
  2.30000000   1.60000000    79.6981941238
  2.40000000   1.60000000    65.1076226578
  2.50000000   1.60000000    53.0426238736
  2.60000000   1.60000000    43.0595977593
  2.70000000   1.60000000    34.8280577891
  2.80000000   1.60000000    28.0925741430
  2.90000000   1.60000000    22.6504667683
  3.00000000   1.60000000    18.3387733094
  3.10000000   1.60000000    15.0268002067
  3.20000000   1.60000000    12.6120501619
  3.30000000   1.60000000    11.0181594940
  3.40000000   1.60000000    10.2198639966
  3.50000000   1.60000000    10.2198639966

  0.00000000   1.70000000    10.3978563415
  0.10000000   1.70000000    10.3978563415
  0.20000000   1.70000000    11.2128678400
  0.30000000   1.70000000    12.8410949109
  0.40000000   1.70000000    15.3100858315
  0.50000000   1.70000000    18.7004457843
  0.60000000   1.70000000    23.1212053575
  0.70000000   1.70000000    28.7129469453
  0.80000000   1.70000000    35.6537316784
  0.90000000   1.70000000    44.1698285995
  1.00000000   1.70000000    54.5546688844
  1.10000000   1.70000000    67.2020557488
  1.20000000   1.70000000    82.6645611403
  1.30000000   1.70000000   101.7573217575
  1.40000000   1.70000000   125.7448575936
  1.50000000   1.70000000   158.1174927700
  1.60000000   1.70000000   200.0000000000
  1.70000000   1.70000000   200.0000000000
  1.80000000   1.70000000   200.0000000000
  1.90000000   1.70000000   200.0000000000
  2.00000000   1.70000000   158.1174927700
  2.10000000   1.70000000   125.7448575936
  2.20000000   1.70000000   101.7573217575
  2.30000000   1.70000000    82.6645611403
  2.40000000   1.70000000    67.2020557488
  2.50000000   1.70000000    54.5546688844
  2.60000000   1.70000000    44.1698285995
  2.70000000   1.70000000    35.6537316784
  2.80000000   1.70000000    28.7129469453
  2.90000000   1.70000000    23.1212053575
  3.00000000   1.70000000    18.7004457843
  3.10000000   1.70000000    15.3100858315
  3.20000000   1.70000000    12.8410949109
  3.30000000   1.70000000    11.2128678400
  3.40000000   1.70000000    10.3978563415
  3.50000000   1.70000000    10.3978563415

  0.00000000   1.80000000    10.3978563415
  0.10000000   1.80000000    10.3978563415
  0.20000000   1.80000000    11.2128678400
  0.30000000   1.80000000    12.8410949109
  0.40000000   1.80000000    15.3100858315
  0.50000000   1.80000000    18.7004457843
  0.60000000   1.80000000    23.1212053575
  0.70000000   1.80000000    28.7129469453
  0.80000000   1.80000000    35.6537316784
  0.90000000   1.80000000    44.1698285995
  1.00000000   1.80000000    54.5546688844
  1.10000000   1.80000000    67.2020557488
  1.20000000   1.80000000    82.6645611403
  1.30000000   1.80000000   101.7573217575
  1.40000000   1.80000000   125.7448575936
  1.50000000   1.80000000   158.1174927700
  1.60000000   1.80000000   200.0000000000
  1.70000000   1.80000000   200.0000000000
  1.80000000   1.80000000   200.0000000000
  1.90000000   1.80000000   200.0000000000
  2.00000000   1.80000000   158.1174927700
  2.10000000   1.80000000   125.7448575936
  2.20000000   1.80000000   101.7573217575
  2.30000000   1.80000000    82.6645611403
  2.40000000   1.80000000    67.2020557488
  2.50000000   1.80000000    54.5546688844
  2.60000000   1.80000000    44.1698285995
  2.70000000   1.80000000    35.6537316784
  2.80000000   1.80000000    28.7129469453
  2.90000000   1.80000000    23.1212053575
  3.00000000   1.80000000    18.7004457843
  3.10000000   1.80000000    15.3100858315
  3.20000000   1.80000000    12.8410949109
  3.30000000   1.80000000    11.2128678400
  3.40000000   1.80000000    10.3978563415
  3.50000000   1.80000000    10.3978563415

  0.00000000   1.90000000    10.2198639966
  0.10000000   1.90000000    10.2198639966
  0.20000000   1.90000000    11.0181594940
  0.30000000   1.90000000    12.6120501619
  0.40000000   1.90000000    15.0268002067
  0.50000000   1.90000000    18.3387733094
  0.60000000   1.90000000    22.6504667683
  0.70000000   1.90000000    28.0925741430
  0.80000000   1.90000000    34.8280577891
  0.90000000   1.90000000    43.0595977593
  1.00000000   1.90000000    53.0426238736
  1.10000000   1.90000000    65.1076226578
  1.20000000   1.90000000    79.6981941238
  1.30000000   1.90000000    97.4368153556
  1.40000000   1.90000000   119.2410087358
  1.50000000   1.90000000   150.4386663006
  1.60000000   1.90000000   200.0000000000
  1.70000000   1.90000000   200.0000000000
  1.80000000   1.90000000   200.0000000000
  1.90000000   1.90000000   200.0000000000
  2.00000000   1.90000000   150.4386663006
  2.10000000   1.90000000   119.2410087358
  2.20000000   1.90000000    97.4368153556
  2.30000000   1.90000000    79.6981941238
  2.40000000   1.90000000    65.1076226578
  2.50000000   1.90000000    53.0426238736
  2.60000000   1.90000000    43.0595977593
  2.70000000   1.90000000    34.8280577891
  2.80000000   1.90000000    28.0925741430
  2.90000000   1.90000000    22.6504667683
  3.00000000   1.90000000    18.3387733094
  3.10000000   1.90000000    15.0268002067
  3.20000000   1.90000000    12.6120501619
  3.30000000   1.90000000    11.0181594940
  3.40000000   1.90000000    10.2198639966
  3.50000000   1.90000000    10.2198639966

  0.00000000   2.00000000     9.8739555009
  0.10000000   2.00000000     9.8739555009
  0.20000000   2.00000000    10.6400397387
  0.30000000   2.00000000    12.1678561705
  0.40000000   2.00000000    14.4784642084
  0.50000000   2.00000000    17.6404137909
  0.60000000   2.00000000    21.7442822478
  0.70000000   2.00000000    26.9029490845
  0.80000000   2.00000000    33.2526035472
  0.90000000   2.00000000    40.9548657941
  1.00000000   2.00000000    50.2003459960
  1.10000000   2.00000000    61.2136633266
  1.20000000   2.00000000    74.2591957863
  1.30000000   2.00000000    89.6459212918
  1.40000000   2.00000000   107.7333909510
  1.50000000   2.00000000   128.9793173510
  1.60000000   2.00000000   146.5241103902
  1.70000000   2.00000000   156.6740924906
  1.80000000   2.00000000   156.6740924906
  1.90000000   2.00000000   146.5241103902
  2.00000000   2.00000000   128.9793173510
  2.10000000   2.00000000   107.7333909510
  2.20000000   2.00000000    89.6459212918
  2.30000000   2.00000000    74.2591957863
  2.40000000   2.00000000    61.2136633266
  2.50000000   2.00000000    50.2003459960
  2.60000000   2.00000000    40.9548657941
  2.70000000   2.00000000    33.2526035472
  2.80000000   2.00000000    26.9029490845
  2.90000000   2.00000000    21.7442822478
  3.00000000   2.00000000    17.6404137909
  3.10000000   2.00000000    14.4784642084
  3.20000000   2.00000000    12.1678561705
  3.30000000   2.00000000    10.6400397387
  3.40000000   2.00000000     9.8739555009
  3.50000000   2.00000000     9.8739555009

  0.00000000   2.10000000     9.3792641292
  0.10000000   2.10000000     9.3792641292
  0.20000000   2.10000000    10.0999084845
  0.30000000   2.10000000    11.5347197320
  0.40000000   2.10000000    13.6992628441
  0.50000000   2.10000000    16.6518541316
  0.60000000   2.10000000    20.4677076892
  0.70000000   2.10000000    25.2372312013
  0.80000000   2.10000000    31.0637567486
  0.90000000   2.10000000    38.0601952240
  1.00000000   2.10000000    46.3432913751
  1.10000000   2.10000000    56.0222697698
  1.20000000   2.10000000    67.1740935754
  1.30000000   2.10000000    79.7855253852
  1.40000000   2.10000000    93.6061987596
  1.50000000   2.10000000   107.7316001181
  1.60000000   2.10000000   119.2377230416
  1.70000000   2.10000000   125.7406186414
  1.80000000   2.10000000   125.7406186414
  1.90000000   2.10000000   119.2377230416
  2.00000000   2.10000000   107.7316001181
  2.10000000   2.10000000    93.6061987596
  2.20000000   2.10000000    79.7855253852
  2.30000000   2.10000000    67.1740935754
  2.40000000   2.10000000    56.0222697698
  2.50000000   2.10000000    46.3432913751
  2.60000000   2.10000000    38.0601952240
  2.70000000   2.10000000    31.0637567486
  2.80000000   2.10000000    25.2372312013
  2.90000000   2.10000000    20.4677076892
  3.00000000   2.10000000    16.6518541316
  3.10000000   2.10000000    13.6992628441
  3.20000000   2.10000000    11.5347197320
  3.30000000   2.10000000    10.0999084845
  3.40000000   2.10000000     9.3792641292
  3.50000000   2.10000000     9.3792641292

  0.00000000   2.20000000     8.7621145639
  0.10000000   2.20000000     8.7621145639
  0.20000000   2.20000000     9.4270957074
  0.30000000   2.20000000    10.7483051807
  0.40000000   2.20000000    12.7352676399
  0.50000000   2.20000000    15.4349836824
  0.60000000   2.20000000    18.9060505282
  0.70000000   2.20000000    23.2152917187
  0.80000000   2.20000000    28.4329031819
  0.90000000   2.20000000    34.6251725325
  1.00000000   2.20000000    41.8428751526
  1.10000000   2.20000000    50.1015936145
  1.20000000   2.20000000    59.3466241189
  1.30000000   2.20000000    69.3885101808
  1.40000000   2.20000000    79.7850961300
  1.50000000   2.20000000    89.6445943724
  1.60000000   2.20000000    97.4346303318
  1.70000000   2.20000000   101.7546055798
  1.80000000   2.20000000   101.7546055798
  1.90000000   2.20000000    97.4346303318
  2.00000000   2.20000000    89.6445943724
  2.10000000   2.20000000    79.7850961300
  2.20000000   2.20000000    69.3885101808
  2.30000000   2.20000000    59.3466241189
  2.40000000   2.20000000    50.1015936145
  2.50000000   2.20000000    41.8428751526
  2.60000000   2.20000000    34.6251725325
  2.70000000   2.20000000    28.4329031819
  2.80000000   2.20000000    23.2152917187
  2.90000000   2.20000000    18.9060505282
  3.00000000   2.20000000    15.4349836824
  3.10000000   2.20000000    12.7352676399
  3.20000000   2.20000000    10.7483051807
  3.30000000   2.20000000     9.4270957074
  3.40000000   2.20000000     8.7621145639
  3.50000000   2.20000000     8.7621145639

  0.00000000   2.30000000     8.0536121361
  0.10000000   2.30000000     8.0536121361
  0.20000000   2.30000000     8.6560808924
  0.30000000   2.30000000     9.8501446046
  0.40000000   2.30000000    11.6394387771
  0.50000000   2.30000000    14.0597933008
  0.60000000   2.30000000    17.1538459612
  0.70000000   2.30000000    20.9666129047
  0.80000000   2.30000000    25.5391784704
  0.90000000   2.30000000    30.8995957061
  1.00000000   2.30000000    37.0494337273
  1.10000000   2.30000000    43.9434113796
  1.20000000   2.30000000    51.4582935779
  1.30000000   2.30000000    59.3465405681
  1.40000000   2.30000000    67.1737180692
  1.50000000   2.30000000    74.2583355147
  1.60000000   2.30000000    79.6968563565
  1.70000000   2.30000000    82.6629289817
  1.80000000   2.30000000    82.6629289817
  1.90000000   2.30000000    79.6968563565
  2.00000000   2.30000000    74.2583355147
  2.10000000   2.30000000    67.1737180692
  2.20000000   2.30000000    59.3465405681
  2.30000000   2.30000000    51.4582935779
  2.40000000   2.30000000    43.9434113796
  2.50000000   2.30000000    37.0494337273
  2.60000000   2.30000000    30.8995957061
  2.70000000   2.30000000    25.5391784704
  2.80000000   2.30000000    20.9666129047
  2.90000000   2.30000000    17.1538459612
  3.00000000   2.30000000    14.0597933008
  3.10000000   2.30000000    11.6394387771
  3.20000000   2.30000000     9.8501446046
  3.30000000   2.30000000     8.6560808924
  3.40000000   2.30000000     8.0536121361
  3.50000000   2.30000000     8.0536121361

  0.00000000   2.40000000     7.2870456738
  0.10000000   2.40000000     7.2870456738
  0.20000000   2.40000000     7.8235374930
  0.30000000   2.40000000     8.8839128337
  0.40000000   2.40000000    10.4666036168
  0.50000000   2.40000000    12.5973306090
  0.60000000   2.40000000    15.3047484166
  0.70000000   2.40000000    18.6156116707
  0.80000000   2.40000000    22.5480983044
  0.90000000   2.40000000    27.1026707083
  1.00000000   2.40000000    32.2495858261
  1.10000000   2.40000000    37.9119568836
  1.20000000   2.40000000    43.9434883408
  1.30000000   2.40000000    50.1016334760
  1.40000000   2.40000000    56.0221467906
  1.50000000   2.40000000    61.2132828797
  1.60000000   2.40000000    65.1069854894
  1.70000000   2.40000000    67.2012597353
  1.80000000   2.40000000    67.2012597353
  1.90000000   2.40000000    65.1069854894
  2.00000000   2.40000000    61.2132828797
  2.10000000   2.40000000    56.0221467906
  2.20000000   2.40000000    50.1016334760
  2.30000000   2.40000000    43.9434883408
  2.40000000   2.40000000    37.9119568836
  2.50000000   2.40000000    32.2495858261
  2.60000000   2.40000000    27.1026707083
  2.70000000   2.40000000    22.5480983044
  2.80000000   2.40000000    18.6156116707
  2.90000000   2.40000000    15.3047484166
  3.00000000   2.40000000    12.5973306090
  3.10000000   2.40000000    10.4666036168
  3.20000000   2.40000000     8.8839128337
  3.30000000   2.40000000     7.8235374930
  3.40000000   2.40000000     7.2870456738
  3.50000000   2.40000000     7.2870456738

  0.00000000   2.50000000     6.4954440045
  0.10000000   2.50000000     6.4954440045
  0.20000000   2.50000000     6.9655996774
  0.30000000   2.50000000     7.8920889664
  0.40000000   2.50000000     9.2691462023
  0.50000000   2.50000000    11.1139797978
  0.60000000   2.50000000    13.4439000371
  0.70000000   2.50000000    16.2716143691
  0.80000000   2.50000000    19.5989716847
  0.90000000   2.50000000    23.4088716468
  1.00000000   2.50000000    27.6550606562
  1.10000000   2.50000000    32.2497483939
  1.20000000   2.50000000    37.0496939193
  1.30000000   2.50000000    41.8431529527
  1.40000000   2.50000000    46.3435062356
  1.50000000   2.50000000    50.2004414380
  1.60000000   2.50000000    53.0425935663
  1.70000000   2.50000000    54.5545591259
  1.80000000   2.50000000    54.5545591259
  1.90000000   2.50000000    53.0425935663
  2.00000000   2.50000000    50.2004414380
  2.10000000   2.50000000    46.3435062356
  2.20000000   2.50000000    41.8431529527
  2.30000000   2.50000000    37.0496939193
  2.40000000   2.50000000    32.2497483939
  2.50000000   2.50000000    27.6550606562
  2.60000000   2.50000000    23.4088716468
  2.70000000   2.50000000    19.5989716847
  2.80000000   2.50000000    16.2716143691
  2.90000000   2.50000000    13.4439000371
  3.00000000   2.50000000    11.1139797978
  3.10000000   2.50000000     9.2691462023
  3.20000000   2.50000000     7.8920889664
  3.30000000   2.50000000     6.9655996774
  3.40000000   2.50000000     6.4954440045
  3.50000000   2.50000000     6.4954440045

  0.00000000   2.60000000     5.7095491174
  0.10000000   2.60000000     5.7095491174
  0.20000000   2.60000000     6.1156441837
  0.30000000   2.60000000     6.9133556879
  0.40000000   2.60000000     8.0938394621
  0.50000000   2.60000000     9.6675757417
  0.60000000   2.60000000    11.6432862222
  0.70000000   2.60000000    14.0237038220
  0.80000000   2.60000000    16.8001720127
  0.90000000   2.60000000    19.9460550594
  1.00000000   2.60000000    23.4090782482
  1.10000000   2.60000000    27.1030503874
  1.20000000   2.60000000    30.9001001201
  1.30000000   2.60000000    34.6257441118
  1.40000000   2.60000000    38.0607774975
  1.50000000   2.60000000    40.9554172835
  1.60000000   2.60000000    43.0601039679
  1.70000000   2.60000000    44.1703032615
  1.80000000   2.60000000    44.1703032615
  1.90000000   2.60000000    43.0601039679
  2.00000000   2.60000000    40.9554172835
  2.10000000   2.60000000    38.0607774975
  2.20000000   2.60000000    34.6257441118
  2.30000000   2.60000000    30.9001001201
  2.40000000   2.60000000    27.1030503874
  2.50000000   2.60000000    23.4090782482
  2.60000000   2.60000000    19.9460550594
  2.70000000   2.60000000    16.8001720127
  2.80000000   2.60000000    14.0237038220
  2.90000000   2.60000000    11.6432862222
  3.00000000   2.60000000     9.6675757417
  3.10000000   2.60000000     8.0938394621
  3.20000000   2.60000000     6.9133556879
  3.30000000   2.60000000     6.1156441837
  3.40000000   2.60000000     5.7095491174
  3.50000000   2.60000000     5.7095491174

  0.00000000   2.70000000     4.9563621654
  0.10000000   2.70000000     4.9563621654
  0.20000000   2.70000000     5.3027466707
  0.30000000   2.70000000     5.9808939120
  0.40000000   2.70000000     6.9799490629
  0.50000000   2.70000000     8.3053776163
  0.60000000   2.70000000     9.9598208459
  0.70000000   2.70000000    11.9395061730
  0.80000000   2.70000000    14.2298496146
  0.90000000   2.70000000    16.8003955999
  1.00000000   2.70000000    19.5994075636
  1.10000000   2.70000000    22.5487218246
  1.20000000   2.70000000    25.5399534134
  1.30000000   2.70000000    28.4337861095
  1.40000000   2.70000000    31.0647038655
  1.50000000   2.70000000    33.2535787503
  1.60000000   2.70000000    34.8290388594
  1.70000000   2.70000000    35.6547110390
  1.80000000   2.70000000    35.6547110390
  1.90000000   2.70000000    34.8290388594
  2.00000000   2.70000000    33.2535787503
  2.10000000   2.70000000    31.0647038655
  2.20000000   2.70000000    28.4337861095
  2.30000000   2.70000000    25.5399534134
  2.40000000   2.70000000    22.5487218246
  2.50000000   2.70000000    19.5994075636
  2.60000000   2.70000000    16.8003955999
  2.70000000   2.70000000    14.2298496146
  2.80000000   2.70000000    11.9395061730
  2.90000000   2.70000000     9.9598208459
  3.00000000   2.70000000     8.3053776163
  3.10000000   2.70000000     6.9799490629
  3.20000000   2.70000000     5.9808939120
  3.30000000   2.70000000     5.3027466707
  3.40000000   2.70000000     4.9563621654
  3.50000000   2.70000000     4.9563621654

  0.00000000   2.80000000     4.2583098023
  0.10000000   2.80000000     4.2583098023
  0.20000000   2.80000000     4.5508447612
  0.30000000   2.80000000     5.1215642650
  0.40000000   2.80000000     5.9585112154
  0.50000000   2.80000000     7.0636228269
  0.60000000   2.80000000     8.4355317654
  0.70000000   2.80000000    10.0666480368
  0.80000000   2.80000000    11.9397279274
  0.90000000   2.80000000    14.0241522948
  1.00000000   2.80000000    16.2722832009
  1.10000000   2.80000000    18.6164830851
  1.20000000   2.80000000    20.9676591028
  1.30000000   2.80000000    23.2164779534
  1.40000000   2.80000000    25.2385202533
  1.50000000   2.80000000    26.9043061535
  1.60000000   2.80000000    28.0939704951
  1.70000000   2.80000000    28.7143607074
  1.80000000   2.80000000    28.7143607074
  1.90000000   2.80000000    28.0939704951
  2.00000000   2.80000000    26.9043061535
  2.10000000   2.80000000    25.2385202533
  2.20000000   2.80000000    23.2164779534
  2.30000000   2.80000000    20.9676591028
  2.40000000   2.80000000    18.6164830851
  2.50000000   2.80000000    16.2722832009
  2.60000000   2.80000000    14.0241522948
  2.70000000   2.80000000    11.9397279274
  2.80000000   2.80000000    10.0666480368
  2.90000000   2.80000000     8.4355317654
  3.00000000   2.80000000     7.0636228269
  3.10000000   2.80000000     5.9585112154
  3.20000000   2.80000000     5.1215642650
  3.30000000   2.80000000     4.5508447612
  3.40000000   2.80000000     4.2583098023
  3.50000000   2.80000000     4.2583098023

  0.00000000   2.90000000     3.6329873850
  0.10000000   2.90000000     3.6329873850
  0.20000000   2.90000000     3.8785406141
  0.30000000   2.90000000     4.3558521531
  0.40000000   2.90000000     5.0525558267
  0.50000000   2.90000000     5.9682513309
  0.60000000   2.90000000     7.0991430047
  0.70000000   2.90000000     8.4357384018
  0.80000000   2.90000000     9.9602509334
  0.90000000   2.90000000    11.6439474776
  1.00000000   2.90000000    13.4447900504
  1.10000000   2.90000000    15.3058544663
  1.20000000   2.90000000    17.1551459206
  1.30000000   2.90000000    18.9075149196
  1.40000000   2.90000000    20.4693026211
  1.50000000   2.90000000    21.7459725864
  1.60000000   2.90000000    22.6522186332
  1.70000000   2.90000000    23.1229871494
  1.80000000   2.90000000    23.1229871494
  1.90000000   2.90000000    22.6522186332
  2.00000000   2.90000000    21.7459725864
  2.10000000   2.90000000    20.4693026211
  2.20000000   2.90000000    18.9075149196
  2.30000000   2.90000000    17.1551459206
  2.40000000   2.90000000    15.3058544663
  2.50000000   2.90000000    13.4447900504
  2.60000000   2.90000000    11.6439474776
  2.70000000   2.90000000     9.9602509334
  2.80000000   2.90000000     8.4357384018
  2.90000000   2.90000000     7.0991430047
  3.00000000   2.90000000     5.9682513309
  3.10000000   2.90000000     5.0525558267
  3.20000000   2.90000000     4.3558521531
  3.30000000   2.90000000     3.8785406141
  3.40000000   2.90000000     3.6329873850
  3.50000000   2.90000000     3.6329873850

  0.00000000   3.00000000     3.0933712987
  0.10000000   3.00000000     3.0933712987
  0.20000000   3.00000000     3.2994120627
  0.30000000   3.00000000     3.6983913442
  0.40000000   3.00000000     4.2779962942
  0.50000000   3.00000000     5.0363787988
  0.60000000   3.00000000     5.9684335943
  0.70000000   3.00000000     7.0640126113
  0.80000000   3.00000000     8.3059932367
  0.90000000   3.00000000     9.6684271517
  1.00000000   3.00000000    11.1150675814
  1.10000000   3.00000000    12.5986456285
  1.20000000   3.00000000    14.0613171693
  1.30000000   3.00000000    15.4366900807
  1.40000000   3.00000000    16.6537107807
  1.50000000   3.00000000    17.6423846810
  1.60000000   3.00000000    18.3408206688
  1.70000000   3.00000000    18.7025313669
  1.80000000   3.00000000    18.7025313669
  1.90000000   3.00000000    18.3408206688
  2.00000000   3.00000000    17.6423846810
  2.10000000   3.00000000    16.6537107807
  2.20000000   3.00000000    15.4366900807
  2.30000000   3.00000000    14.0613171693
  2.40000000   3.00000000    12.5986456285
  2.50000000   3.00000000    11.1150675814
  2.60000000   3.00000000     9.6684271517
  2.70000000   3.00000000     8.3059932367
  2.80000000   3.00000000     7.0640126113
  2.90000000   3.00000000     5.9684335943
  3.00000000   3.00000000     5.0363787988
  3.10000000   3.00000000     4.2779962942
  3.20000000   3.00000000     3.6983913442
  3.30000000   3.00000000     3.2994120627
  3.40000000   3.00000000     3.0933712987
  3.50000000   3.00000000     3.0933712987

  0.00000000   3.10000000     2.6483546012
  0.10000000   3.10000000     2.6483546012
  0.20000000   3.10000000     2.8226717335
  0.30000000   3.10000000     3.1588626566
  0.40000000   3.10000000     3.6449115011
  0.50000000   3.10000000     4.2781479312
  0.60000000   3.10000000     5.0528901489
  0.70000000   3.10000000     5.9590542726
  0.80000000   3.10000000     6.9807204028
  0.90000000   3.10000000     8.0948507585
  1.00000000   3.10000000     9.2704002143
  1.10000000   3.10000000    10.4680936706
  1.20000000   3.10000000    11.6411489014
  1.30000000   3.10000000    12.7371733802
  1.40000000   3.10000000    13.7013326439
  1.50000000   3.10000000    14.4806611170
  1.60000000   3.10000000    15.0290836122
  1.70000000   3.10000000    15.3124129681
  1.80000000   3.10000000    15.3124129681
  1.90000000   3.10000000    15.0290836122
  2.00000000   3.10000000    14.4806611170
  2.10000000   3.10000000    13.7013326439
  2.20000000   3.10000000    12.7371733802
  2.30000000   3.10000000    11.6411489014
  2.40000000   3.10000000    10.4680936706
  2.50000000   3.10000000     9.2704002143
  2.60000000   3.10000000     8.0948507585
  2.70000000   3.10000000     6.9807204028
  2.80000000   3.10000000     5.9590542726
  2.90000000   3.10000000     5.0528901489
  3.00000000   3.10000000     4.2781479312
  3.10000000   3.10000000     3.6449115011
  3.20000000   3.10000000     3.1588626566
  3.30000000   3.10000000     2.8226717335
  3.40000000   3.10000000     2.6483546012
  3.50000000   3.10000000     2.6483546012

  0.00000000   3.20000000     2.3034392894
  0.10000000   3.20000000     2.3034392894
  0.20000000   3.20000000     2.4540148295
  0.30000000   3.20000000     2.7430778666
  0.40000000   3.20000000     3.1589797003
  0.50000000   3.20000000     3.6986601221
  0.60000000   3.20000000     4.3563041414
  0.70000000   3.20000000     5.1222262013
  0.80000000   3.20000000     5.9817863122
  0.90000000   3.20000000     6.9144914890
  1.00000000   3.20000000     7.8934724428
  1.10000000   3.20000000     8.8855389447
  1.20000000   3.20000000     9.8519988921
  1.30000000   3.20000000    10.7503642583
  1.40000000   3.20000000    11.5369523125
  1.50000000   3.20000000    12.1702244885
  1.60000000   3.20000000    12.6145116062
  1.70000000   3.20000000    12.8436036970
  1.80000000   3.20000000    12.8436036970
  1.90000000   3.20000000    12.6145116062
  2.00000000   3.20000000    12.1702244885
  2.10000000   3.20000000    11.5369523125
  2.20000000   3.20000000    10.7503642583
  2.30000000   3.20000000     9.8519988921
  2.40000000   3.20000000     8.8855389447
  2.50000000   3.20000000     7.8934724428
  2.60000000   3.20000000     6.9144914890
  2.70000000   3.20000000     5.9817863122
  2.80000000   3.20000000     5.1222262013
  2.90000000   3.20000000     4.3563041414
  3.00000000   3.20000000     3.6986601221
  3.10000000   3.20000000     3.1589797003
  3.20000000   3.20000000     2.7430778666
  3.30000000   3.20000000     2.4540148295
  3.40000000   3.20000000     2.3034392894
  3.50000000   3.20000000     2.3034392894

  0.00000000   3.30000000     2.0613914355
  0.10000000   3.30000000     2.0613914355
  0.20000000   3.30000000     2.1965376540
  0.30000000   3.30000000     2.4540954924
  0.40000000   3.30000000     2.8228688901
  0.50000000   3.30000000     3.2997608538
  0.60000000   3.30000000     3.8790730663
  0.70000000   3.30000000     4.5515882251
  0.80000000   3.30000000     5.3037223943
  0.90000000   3.30000000     6.1168659805
  1.00000000   3.30000000     6.9670728127
  1.10000000   3.30000000     7.8252579405
  1.20000000   3.30000000     8.6580350795
  1.30000000   3.30000000     9.4292608104
  1.40000000   3.30000000    10.1022532566
  1.50000000   3.30000000    10.6425257855
  1.60000000   3.30000000    11.0207428687
  1.70000000   3.30000000    11.2155008278
  1.80000000   3.30000000    11.2155008278
  1.90000000   3.30000000    11.0207428687
  2.00000000   3.30000000    10.6425257855
  2.10000000   3.30000000    10.1022532566
  2.20000000   3.30000000     9.4292608104
  2.30000000   3.30000000     8.6580350795
  2.40000000   3.30000000     7.8252579405
  2.50000000   3.30000000     6.9670728127
  2.60000000   3.30000000     6.1168659805
  2.70000000   3.30000000     5.3037223943
  2.80000000   3.30000000     4.5515882251
  2.90000000   3.30000000     3.8790730663
  3.00000000   3.30000000     3.2997608538
  3.10000000   3.30000000     2.8228688901
  3.20000000   3.30000000     2.4540954924
  3.30000000   3.30000000     2.1965376540
  3.40000000   3.30000000     2.0613914355
  3.50000000   3.30000000     2.0613914355

  0.00000000   3.40000000     1.9225617419
  0.10000000   3.40000000     1.9225617419
  0.20000000   3.40000000     2.0517631493
  0.30000000   3.40000000     2.2932616640
  0.40000000   3.40000000     2.6374248835
  0.50000000   3.40000000     3.0815092344
  0.60000000   3.40000000     3.6200437454
  0.70000000   3.40000000     4.2441723309
  0.80000000   3.40000000     4.9409595575
  0.90000000   3.40000000     5.6928531466
  1.00000000   3.40000000     6.4774698491
  1.10000000   3.40000000     7.2678505559
  1.20000000   3.40000000     8.0332924697
  1.30000000   3.40000000     8.7408018805
  1.40000000   3.40000000     9.3571200853
  1.50000000   3.40000000     9.8511662694
  1.60000000   3.40000000    10.1966342980
  1.70000000   3.40000000    10.3744033044
  1.80000000   3.40000000    10.3744033044
  1.90000000   3.40000000    10.1966342980
  2.00000000   3.40000000     9.8511662694
  2.10000000   3.40000000     9.3571200853
  2.20000000   3.40000000     8.7408018805
  2.30000000   3.40000000     8.0332924697
  2.40000000   3.40000000     7.2678505559
  2.50000000   3.40000000     6.4774698491
  2.60000000   3.40000000     5.6928531466
  2.70000000   3.40000000     4.9409595575
  2.80000000   3.40000000     4.2441723309
  2.90000000   3.40000000     3.6200437454
  3.00000000   3.40000000     3.0815092344
  3.10000000   3.40000000     2.6374248835
  3.20000000   3.40000000     2.2932616640
  3.30000000   3.40000000     2.0517631493
  3.40000000   3.40000000     1.9225617419
  3.50000000   3.40000000     1.9225617419

  0.00000000   3.50000000     1.9225617419
  0.10000000   3.50000000     1.9225617419
  0.20000000   3.50000000     2.0517631493
  0.30000000   3.50000000     2.2932616640
  0.40000000   3.50000000     2.6374248835
  0.50000000   3.50000000     3.0815092344
  0.60000000   3.50000000     3.6200437454
  0.70000000   3.50000000     4.2441723309
  0.80000000   3.50000000     4.9409595575
  0.90000000   3.50000000     5.6928531466
  1.00000000   3.50000000     6.4774698491
  1.10000000   3.50000000     7.2678505559
  1.20000000   3.50000000     8.0332924697
  1.30000000   3.50000000     8.7408018805
  1.40000000   3.50000000     9.3571200853
  1.50000000   3.50000000     9.8511662694
  1.60000000   3.50000000    10.1966342980
  1.70000000   3.50000000    10.3744033044
  1.80000000   3.50000000    10.3744033044
  1.90000000   3.50000000    10.1966342980
  2.00000000   3.50000000     9.8511662694
  2.10000000   3.50000000     9.3571200853
  2.20000000   3.50000000     8.7408018805
  2.30000000   3.50000000     8.0332924697
  2.40000000   3.50000000     7.2678505559
  2.50000000   3.50000000     6.4774698491
  2.60000000   3.50000000     5.6928531466
  2.70000000   3.50000000     4.9409595575
  2.80000000   3.50000000     4.2441723309
  2.90000000   3.50000000     3.6200437454
  3.00000000   3.50000000     3.0815092344
  3.10000000   3.50000000     2.6374248835
  3.20000000   3.50000000     2.2932616640
  3.30000000   3.50000000     2.0517631493
  3.40000000   3.50000000     1.9225617419
  3.50000000   3.50000000     1.9225617419

