  0.00000000   0.00000000   400.0000000000
  0.10000000   0.00000000   400.0000000000
  0.20000000   0.00000000   400.0000000000
  0.30000000   0.00000000   400.0000000000
  0.40000000   0.00000000   400.0000000000
  0.50000000   0.00000000   400.0000000000
  0.60000000   0.00000000   400.0000000000
  0.70000000   0.00000000   400.0000000000
  0.80000000   0.00000000   400.0000000000
  0.90000000   0.00000000   400.0000000000
  1.00000000   0.00000000   400.0000000000
  1.10000000   0.00000000   400.0000000000
  1.20000000   0.00000000   400.0000000000
  1.30000000   0.00000000   400.0000000000
  1.40000000   0.00000000   400.0000000000
  1.50000000   0.00000000   400.0000000000
  1.60000000   0.00000000   400.0000000000
  1.70000000   0.00000000   400.0000000000
  1.80000000   0.00000000   400.0000000000
  1.90000000   0.00000000   400.0000000000
  2.00000000   0.00000000   400.0000000000
  2.10000000   0.00000000   400.0000000000
  2.20000000   0.00000000   400.0000000000
  2.30000000   0.00000000   400.0000000000
  2.40000000   0.00000000   400.0000000000
  2.50000000   0.00000000   400.0000000000
  2.60000000   0.00000000   400.0000000000
  2.70000000   0.00000000   400.0000000000
  2.80000000   0.00000000   400.0000000000
  2.90000000   0.00000000   400.0000000000
  3.00000000   0.00000000   400.0000000000
  3.10000000   0.00000000   400.0000000000
  3.20000000   0.00000000   400.0000000000
  3.30000000   0.00000000   400.0000000000
  3.40000000   0.00000000   400.0000000000
  3.50000000   0.00000000   400.0000000000

  0.00000000   0.10000000   400.0000000000
  0.10000000   0.10000000   571.7513599590
  0.20000000   0.10000000   608.0273017559
  0.30000000   0.10000000   597.2699448166
  0.40000000   0.10000000   591.7564993447
  0.50000000   0.10000000   588.0520191021
  0.60000000   0.10000000   585.1028746089
  0.70000000   0.10000000   582.5571135514
  0.80000000   0.10000000   580.2893924506
  0.90000000   0.10000000   578.2545015269
  1.00000000   0.10000000   576.4378256100
  1.10000000   0.10000000   574.8369705930
  1.20000000   0.10000000   573.4543503010
  1.30000000   0.10000000   572.2939843218
  1.40000000   0.10000000   571.3600513078
  1.50000000   0.10000000   570.6562258920
  1.60000000   0.10000000   570.1853819894
  1.70000000   0.10000000   569.9494694461
  1.80000000   0.10000000   569.9494694461
  1.90000000   0.10000000   570.1853819894
  2.00000000   0.10000000   570.6562258920
  2.10000000   0.10000000   571.3600513078
  2.20000000   0.10000000   572.2939843218
  2.30000000   0.10000000   573.4543503010
  2.40000000   0.10000000   574.8369705930
  2.50000000   0.10000000   576.4378256100
  2.60000000   0.10000000   578.2545015269
  2.70000000   0.10000000   580.2893924506
  2.80000000   0.10000000   582.5571135514
  2.90000000   0.10000000   585.1028746089
  3.00000000   0.10000000   588.0520191021
  3.10000000   0.10000000   591.7564993447
  3.20000000   0.10000000   597.2699448166
  3.30000000   0.10000000   608.0273017559
  3.40000000   0.10000000   571.7513599590
  3.50000000   0.10000000   400.0000000000

  0.00000000   0.20000000   400.0000000000
  0.10000000   0.20000000   543.5273182793
  0.20000000   0.20000000   598.6856707225
  0.30000000   0.20000000   589.4411699963
  0.40000000   0.20000000   581.8949474119
  0.50000000   0.20000000   575.5831531245
  0.60000000   0.20000000   570.0777480121
  0.70000000   0.20000000   565.1495487824
  0.80000000   0.20000000   560.6940733993
  0.90000000   0.20000000   556.6702475286
  1.00000000   0.20000000   553.0670921869
  1.10000000   0.20000000   549.8871733458
  1.20000000   0.20000000   547.1385136973
  1.30000000   0.20000000   544.8306303266
  1.40000000   0.20000000   542.9725987395
  1.50000000   0.20000000   541.5721296562
  1.60000000   0.20000000   540.6351556658
  1.70000000   0.20000000   540.1656683985
  1.80000000   0.20000000   540.1656683985
  1.90000000   0.20000000   540.6351556658
  2.00000000   0.20000000   541.5721296562
  2.10000000   0.20000000   542.9725987395
  2.20000000   0.20000000   544.8306303266
  2.30000000   0.20000000   547.1385136973
  2.40000000   0.20000000   549.8871733458
  2.50000000   0.20000000   553.0670921869
  2.60000000   0.20000000   556.6702475286
  2.70000000   0.20000000   560.6940733993
  2.80000000   0.20000000   565.1495487824
  2.90000000   0.20000000   570.0777480121
  3.00000000   0.20000000   575.5831531245
  3.10000000   0.20000000   581.8949474119
  3.20000000   0.20000000   589.4411699963
  3.30000000   0.20000000   598.6856707225
  3.40000000   0.20000000   543.5273182793
  3.50000000   0.20000000   400.0000000000

  0.00000000   0.30000000   400.0000000000
  0.10000000   0.30000000   532.7700095822
  0.20000000   0.30000000   589.4412499669
  0.30000000   0.30000000   580.2027474044
  0.40000000   0.30000000   571.1784875872
  0.50000000   0.30000000   562.7739624305
  0.60000000   0.30000000   555.0228434792
  0.70000000   0.30000000   547.8921812390
  0.80000000   0.30000000   541.3591116472
  0.90000000   0.30000000   535.4196230593
  1.00000000   0.30000000   530.0826805682
  1.10000000   0.30000000   525.3637817703
  1.20000000   0.30000000   521.2805069290
  1.30000000   0.30000000   517.8498692178
  1.40000000   0.30000000   515.0868743219
  1.50000000   0.30000000   513.0038116206
  1.60000000   0.30000000   511.6099576845
  1.70000000   0.30000000   510.9114904614
  1.80000000   0.30000000   510.9114904614
  1.90000000   0.30000000   511.6099576845
  2.00000000   0.30000000   513.0038116206
  2.10000000   0.30000000   515.0868743219
  2.20000000   0.30000000   517.8498692178
  2.30000000   0.30000000   521.2805069290
  2.40000000   0.30000000   525.3637817703
  2.50000000   0.30000000   530.0826805682
  2.60000000   0.30000000   535.4196230593
  2.70000000   0.30000000   541.3591116472
  2.80000000   0.30000000   547.8921812390
  2.90000000   0.30000000   555.0228434792
  3.00000000   0.30000000   562.7739624305
  3.10000000   0.30000000   571.1784875872
  3.20000000   0.30000000   580.2027474044
  3.30000000   0.30000000   589.4412499669
  3.40000000   0.30000000   532.7700095822
  3.50000000   0.30000000   400.0000000000

  0.00000000   0.40000000   400.0000000000
  0.10000000   0.40000000   527.2566567084
  0.20000000   0.40000000   581.8951961025
  0.30000000   0.40000000   571.1787007472
  0.40000000   0.40000000   560.4058792298
  0.50000000   0.40000000   550.0034614704
  0.60000000   0.40000000   540.1603906455
  0.70000000   0.40000000   530.9622202333
  0.80000000   0.40000000   522.4581400255
  0.90000000   0.40000000   514.6865055395
  1.00000000   0.40000000   507.6823110237
  1.10000000   0.40000000   501.4782634448
  1.20000000   0.40000000   496.1041314998
  1.30000000   0.40000000   491.5859592267
  1.40000000   0.40000000   487.9455561807
  1.50000000   0.40000000   485.2002800135
  1.60000000   0.40000000   483.3630199643
  1.70000000   0.40000000   482.4422800069
  1.80000000   0.40000000   482.4422800069
  1.90000000   0.40000000   483.3630199643
  2.00000000   0.40000000   485.2002800135
  2.10000000   0.40000000   487.9455561807
  2.20000000   0.40000000   491.5859592267
  2.30000000   0.40000000   496.1041314998
  2.40000000   0.40000000   501.4782634448
  2.50000000   0.40000000   507.6823110238
  2.60000000   0.40000000   514.6865055395
  2.70000000   0.40000000   522.4581400255
  2.80000000   0.40000000   530.9622202333
  2.90000000   0.40000000   540.1603906455
  3.00000000   0.40000000   550.0034614704
  3.10000000   0.40000000   560.4058792298
  3.20000000   0.40000000   571.1787007472
  3.30000000   0.40000000   581.8951961025
  3.40000000   0.40000000   527.2566567084
  3.50000000   0.40000000   400.0000000000

  0.00000000   0.50000000   400.0000000000
  0.10000000   0.50000000   523.5523224558
  0.20000000   0.50000000   575.5836774108
  0.30000000   0.50000000   562.7745492547
  0.40000000   0.50000000   550.0038888870
  0.50000000   0.50000000   537.5835904512
  0.60000000   0.50000000   525.7218410770
  0.70000000   0.50000000   514.5543243333
  0.80000000   0.50000000   504.1757069724
  0.90000000   0.50000000   494.6584888390
  1.00000000   0.50000000   486.0621488516
  1.10000000   0.50000000   478.4370302015
  1.20000000   0.50000000   471.8258539643
  1.30000000   0.50000000   466.2643314486
  1.40000000   0.50000000   461.7815126972
  1.50000000   0.50000000   458.4000962251
  1.60000000   0.50000000   456.1367430168
  1.70000000   0.50000000   455.0023684252
  1.80000000   0.50000000   455.0023684252
  1.90000000   0.50000000   456.1367430168
  2.00000000   0.50000000   458.4000962251
  2.10000000   0.50000000   461.7815126972
  2.20000000   0.50000000   466.2643314486
  2.30000000   0.50000000   471.8258539643
  2.40000000   0.50000000   478.4370302015
  2.50000000   0.50000000   486.0621488516
  2.60000000   0.50000000   494.6584888390
  2.70000000   0.50000000   504.1757069724
  2.80000000   0.50000000   514.5543243333
  2.90000000   0.50000000   525.7218410770
  3.00000000   0.50000000   537.5835904512
  3.10000000   0.50000000   550.0038888870
  3.20000000   0.50000000   562.7745492547
  3.30000000   0.50000000   575.5836774108
  3.40000000   0.50000000   523.5523224558
  3.50000000   0.50000000   400.0000000000

  0.00000000   0.60000000   400.0000000000
  0.10000000   0.60000000   520.6033820023
  0.20000000   0.60000000   570.0786641699
  0.30000000   0.60000000   555.0239787748
  0.40000000   0.60000000   540.1614791590
  0.50000000   0.60000000   525.7225612957
  0.60000000   0.60000000   511.9014495058
  0.70000000   0.60000000   498.8508167865
  0.80000000   0.60000000   486.6906716186
  0.90000000   0.60000000   475.5175932842
  1.00000000   0.60000000   465.4110850638
  1.10000000   0.60000000   456.4373407947
  1.20000000   0.60000000   448.6513976772
  1.30000000   0.60000000   442.0984450283
  1.40000000   0.60000000   436.8147364911
  1.50000000   0.60000000   432.8283152154
  1.60000000   0.60000000   430.1596221841
  1.70000000   0.60000000   428.8219888209
  1.80000000   0.60000000   428.8219888209
  1.90000000   0.60000000   430.1596221841
  2.00000000   0.60000000   432.8283152154
  2.10000000   0.60000000   436.8147364911
  2.20000000   0.60000000   442.0984450283
  2.30000000   0.60000000   448.6513976772
  2.40000000   0.60000000   456.4373407947
  2.50000000   0.60000000   465.4110850638
  2.60000000   0.60000000   475.5175932842
  2.70000000   0.60000000   486.6906716186
  2.80000000   0.60000000   498.8508167865
  2.90000000   0.60000000   511.9014495058
  3.00000000   0.60000000   525.7225612957
  3.10000000   0.60000000   540.1614791590
  3.20000000   0.60000000   555.0239787748
  3.30000000   0.60000000   570.0786641699
  3.40000000   0.60000000   520.6033820023
  3.50000000   0.60000000   400.0000000000

  0.00000000   0.70000000   400.0000000000
  0.10000000   0.70000000   518.0578828572
  0.20000000   0.70000000   565.1509728524
  0.30000000   0.70000000   547.8940397479
  0.40000000   0.70000000   530.9642039475
  0.50000000   0.70000000   514.5560588694
  0.60000000   0.70000000   498.8518915179
  0.70000000   0.70000000   484.0105349745
  0.80000000   0.70000000   470.1665958255
  0.90000000   0.70000000   457.4333028820
  1.00000000   0.70000000   445.9057453952
  1.10000000   0.70000000   435.6635000931
  1.20000000   0.70000000   426.7725884872
  1.30000000   0.70000000   419.2869579350
  1.40000000   0.70000000   413.2496660162
  1.50000000   0.70000000   408.6938699497
  1.60000000   0.70000000   405.6436543541
  1.70000000   0.70000000   404.1146887699
  1.80000000   0.70000000   404.1146887699
  1.90000000   0.70000000   405.6436543541
  2.00000000   0.70000000   408.6938699497
  2.10000000   0.70000000   413.2496660162
  2.20000000   0.70000000   419.2869579350
  2.30000000   0.70000000   426.7725884872
  2.40000000   0.70000000   435.6635000931
  2.50000000   0.70000000   445.9057453952
  2.60000000   0.70000000   457.4333028820
  2.70000000   0.70000000   470.1665958255
  2.80000000   0.70000000   484.0105349745
  2.90000000   0.70000000   498.8518915179
  3.00000000   0.70000000   514.5560588694
  3.10000000   0.70000000   530.9642039475
  3.20000000   0.70000000   547.8940397479
  3.30000000   0.70000000   565.1509728524
  3.40000000   0.70000000   518.0578828572
  3.50000000   0.70000000   400.0000000000

  0.00000000   0.80000000   400.0000000000
  0.10000000   0.80000000   515.7904764289
  0.20000000   0.80000000   560.6961113493
  0.30000000   0.80000000   541.3618533735
  0.40000000   0.80000000   522.4612340618
  0.50000000   0.80000000   504.1787272187
  0.60000000   0.80000000   486.6931497544
  0.70000000   0.80000000   470.1680571347
  0.80000000   0.80000000   454.7480908021
  0.90000000   0.80000000   440.5586690139
  1.00000000   0.80000000   427.7070801423
  1.10000000   0.80000000   416.2839738306
  1.20000000   0.80000000   406.3648549739
  1.30000000   0.80000000   398.0114699577
  1.40000000   0.80000000   391.2730676816
  1.50000000   0.80000000   386.1875272701
  1.60000000   0.80000000   382.7823295198
  1.70000000   0.80000000   381.0753359431
  1.80000000   0.80000000   381.0753359431
  1.90000000   0.80000000   382.7823295198
  2.00000000   0.80000000   386.1875272701
  2.10000000   0.80000000   391.2730676816
  2.20000000   0.80000000   398.0114699577
  2.30000000   0.80000000   406.3648549739
  2.40000000   0.80000000   416.2839738306
  2.50000000   0.80000000   427.7070801423
  2.60000000   0.80000000   440.5586690139
  2.70000000   0.80000000   454.7480908021
  2.80000000   0.80000000   470.1680571347
  2.90000000   0.80000000   486.6931497544
  3.00000000   0.80000000   504.1787272187
  3.10000000   0.80000000   522.4612340618
  3.20000000   0.80000000   541.3618533735
  3.30000000   0.80000000   560.6961113493
  3.40000000   0.80000000   515.7904764289
  3.50000000   0.80000000   400.0000000000

  0.00000000   0.90000000   400.0000000000
  0.10000000   0.90000000   513.7559431512
  0.20000000   0.90000000   556.6729859365
  0.30000000   0.90000000   535.4233793704
  0.40000000   0.90000000   514.6908876496
  0.50000000   0.90000000   494.6630207305
  0.60000000   0.90000000   475.5217506985
  0.70000000   0.90000000   457.4365527543
  0.80000000   0.90000000   440.5605098058
  0.90000000   0.90000000   425.0287828499
  1.00000000   0.90000000   410.9585297240
  1.10000000   0.90000000   398.4495940495
  1.20000000   0.90000000   387.5855634173
  1.30000000   0.90000000   378.4349804736
  1.40000000   0.90000000   371.0525839567
  1.50000000   0.90000000   365.4804942163
  1.60000000   0.90000000   361.7492703331
  1.70000000   0.90000000   359.8787724801
  1.80000000   0.90000000   359.8787724801
  1.90000000   0.90000000   361.7492703331
  2.00000000   0.90000000   365.4804942163
  2.10000000   0.90000000   371.0525839567
  2.20000000   0.90000000   378.4349804736
  2.30000000   0.90000000   387.5855634173
  2.40000000   0.90000000   398.4495940495
  2.50000000   0.90000000   410.9585297240
  2.60000000   0.90000000   425.0287828499
  2.70000000   0.90000000   440.5605098058
  2.80000000   0.90000000   457.4365527543
  2.90000000   0.90000000   475.5217506985
  3.00000000   0.90000000   494.6630207305
  3.10000000   0.90000000   514.6908876496
  3.20000000   0.90000000   535.4233793704
  3.30000000   0.90000000   556.6729859365
  3.40000000   0.90000000   513.7559431512
  3.50000000   0.90000000   400.0000000000

  0.00000000   1.00000000   400.0000000000
  0.10000000   1.00000000   511.9396539995
  0.20000000   1.00000000   553.0705901289
  0.30000000   1.00000000   530.0875420901
  0.40000000   1.00000000   507.6881055672
  0.50000000   1.00000000   486.0683530291
  0.60000000   1.00000000   465.4171213126
  0.70000000   1.00000000   445.9110247177
  0.80000000   1.00000000   427.7110458326
  0.90000000   1.00000000   410.9606989108
  1.00000000   1.00000000   395.7854146589
  1.10000000   1.00000000   382.2927606208
  1.20000000   1.00000000   370.5731888885
  1.30000000   1.00000000   360.7010877911
  1.40000000   1.00000000   352.7359736487
  1.50000000   1.00000000   346.7236936382
  1.60000000   1.00000000   342.6975317824
  1.70000000   1.00000000   340.6791265744
  1.80000000   1.00000000   340.6791265744
  1.90000000   1.00000000   342.6975317824
  2.00000000   1.00000000   346.7236936382
  2.10000000   1.00000000   352.7359736487
  2.20000000   1.00000000   360.7010877911
  2.30000000   1.00000000   370.5731888885
  2.40000000   1.00000000   382.2927606208
  2.50000000   1.00000000   395.7854146589
  2.60000000   1.00000000   410.9606989108
  2.70000000   1.00000000   427.7110458326
  2.80000000   1.00000000   445.9110247177
  2.90000000   1.00000000   465.4171213126
  3.00000000   1.00000000   486.0683530291
  3.10000000   1.00000000   507.6881055672
  3.20000000   1.00000000   530.0875420901
  3.30000000   1.00000000   553.0705901289
  3.40000000   1.00000000   511.9396539995
  3.50000000   1.00000000   400.0000000000

  0.00000000   1.10000000   400.0000000000
  0.10000000   1.10000000   510.3391978494
  0.20000000   1.10000000   549.8914560887
  0.30000000   1.10000000   525.3697889680
  0.40000000   1.10000000   501.4855289107
  0.50000000   1.10000000   478.4449865459
  0.60000000   1.10000000   456.4453607558
  0.70000000   1.10000000   435.6709422472
  0.80000000   1.10000000   416.2902293705
  0.90000000   1.10000000   398.4541312467
  1.00000000   1.10000000   382.2951637631
  1.10000000   1.10000000   367.9274369995
  1.20000000   1.10000000   355.4472175707
  1.30000000   1.10000000   344.9338691544
  1.40000000   1.10000000   336.4510000847
  1.50000000   1.10000000   330.0476692663
  1.60000000   1.10000000   325.7595212194
  1.70000000   1.10000000   323.6097408290
  1.80000000   1.10000000   323.6097408290
  1.90000000   1.10000000   325.7595212194
  2.00000000   1.10000000   330.0476692663
  2.10000000   1.10000000   336.4510000847
  2.20000000   1.10000000   344.9338691544
  2.30000000   1.10000000   355.4472175707
  2.40000000   1.10000000   367.9274369995
  2.50000000   1.10000000   382.2951637631
  2.60000000   1.10000000   398.4541312467
  2.70000000   1.10000000   416.2902293705
  2.80000000   1.10000000   435.6709422472
  2.90000000   1.10000000   456.4453607558
  3.00000000   1.10000000   478.4449865459
  3.10000000   1.10000000   501.4855289107
  3.20000000   1.10000000   525.3697889680
  3.30000000   1.10000000   549.8914560887
  3.40000000   1.10000000   510.3391978494
  3.50000000   1.10000000   400.0000000000

  0.00000000   1.20000000   400.0000000000
  0.10000000   1.20000000   508.9569694876
  0.20000000   1.20000000   547.1435686619
  0.30000000   1.20000000   521.2876440700
  0.40000000   1.20000000   496.1128524934
  0.50000000   1.20000000   471.8355516398
  0.60000000   1.20000000   448.6613996958
  0.70000000   1.20000000   426.7822056571
  0.80000000   1.20000000   406.3734307079
  0.90000000   1.20000000   387.5925207614
  1.00000000   1.20000000   370.5780717346
  1.10000000   1.20000000   355.4497230939
  1.20000000   1.20000000   342.3086269002
  1.30000000   1.20000000   331.2383251012
  1.40000000   1.20000000   322.3058698363
  1.50000000   1.20000000   315.5630313734
  1.60000000   1.20000000   311.0474531289
  1.70000000   1.20000000   308.7836327581
  1.80000000   1.20000000   308.7836327581
  1.90000000   1.20000000   311.0474531289
  2.00000000   1.20000000   315.5630313734
  2.10000000   1.20000000   322.3058698363
  2.20000000   1.20000000   331.2383251012
  2.30000000   1.20000000   342.3086269002
  2.40000000   1.20000000   355.4497230939
  2.50000000   1.20000000   370.5780717346
  2.60000000   1.20000000   387.5925207614
  2.70000000   1.20000000   406.3734307079
  2.80000000   1.20000000   426.7822056571
  2.90000000   1.20000000   448.6613996958
  3.00000000   1.20000000   471.8355516398
  3.10000000   1.20000000   496.1128524934
  3.20000000   1.20000000   521.2876440700
  3.30000000   1.20000000   547.1435686619
  3.40000000   1.20000000   508.9569694876
  3.50000000   1.20000000   400.0000000000

  0.00000000   1.30000000   400.0000000000
  0.10000000   1.30000000   507.7969687355
  0.20000000   1.30000000   544.8364056289
  0.30000000   1.30000000   517.8580621743
  0.40000000   1.30000000   491.5960435226
  0.50000000   1.30000000   466.2756651983
  0.60000000   1.30000000   442.1103164480
  0.70000000   1.30000000   419.2986358727
  0.80000000   1.30000000   398.0222556292
  0.90000000   1.30000000   378.4442566765
  1.00000000   1.30000000   360.7083620584
  1.10000000   1.30000000   344.9388077562
  1.20000000   1.30000000   331.2407754709
  1.30000000   1.30000000   319.7012421975
  1.40000000   1.30000000   310.3900897866
  1.50000000   1.30000000   303.3613183683
  1.60000000   1.30000000   298.6542176076
  1.70000000   1.30000000   296.2943677978
  1.80000000   1.30000000   296.2943677978
  1.90000000   1.30000000   298.6542176076
  2.00000000   1.30000000   303.3613183683
  2.10000000   1.30000000   310.3900897866
  2.20000000   1.30000000   319.7012421975
  2.30000000   1.30000000   331.2407754709
  2.40000000   1.30000000   344.9388077562
  2.50000000   1.30000000   360.7083620584
  2.60000000   1.30000000   378.4442566765
  2.70000000   1.30000000   398.0222556292
  2.80000000   1.30000000   419.2986358727
  2.90000000   1.30000000   442.1103164480
  3.00000000   1.30000000   466.2756651983
  3.10000000   1.30000000   491.5960435226
  3.20000000   1.30000000   517.8580621743
  3.30000000   1.30000000   544.8364056289
  3.40000000   1.30000000   507.7969687355
  3.50000000   1.30000000   400.0000000000

  0.00000000   1.40000000   400.0000000000
  0.10000000   1.40000000   506.8633551066
  0.20000000   1.40000000   542.9790044291
  0.30000000   1.40000000   515.0959923900
  0.40000000   1.40000000   487.9568370804
  0.50000000   1.40000000   461.7942856845
  0.60000000   1.40000000   436.8282569184
  0.70000000   1.40000000   413.2631676628
  0.80000000   1.40000000   391.2858163443
  0.90000000   1.40000000   371.0639284432
  1.00000000   1.40000000   352.7453905144
  1.10000000   1.40000000   336.4581289136
  1.20000000   1.40000000   322.3105365591
  1.30000000   1.40000000   310.3923163950
  1.40000000   1.40000000   300.7755916441
  1.50000000   1.40000000   293.5161278988
  1.60000000   1.40000000   288.6545186040
  1.70000000   1.40000000   286.2172019279
  1.80000000   1.40000000   286.2172019279
  1.90000000   1.40000000   288.6545186040
  2.00000000   1.40000000   293.5161278988
  2.10000000   1.40000000   300.7755916441
  2.20000000   1.40000000   310.3923163950
  2.30000000   1.40000000   322.3105365591
  2.40000000   1.40000000   336.4581289136
  2.50000000   1.40000000   352.7453905144
  2.60000000   1.40000000   371.0639284432
  2.70000000   1.40000000   391.2858163443
  2.80000000   1.40000000   413.2631676628
  2.90000000   1.40000000   436.8282569184
  3.00000000   1.40000000   461.7942856845
  3.10000000   1.40000000   487.9568370804
  3.20000000   1.40000000   515.0959923900
  3.30000000   1.40000000   542.9790044291
  3.40000000   1.40000000   506.8633551066
  3.50000000   1.40000000   400.0000000000

  0.00000000   1.50000000   400.0000000000
  0.10000000   1.50000000   506.1597860400
  0.20000000   1.50000000   541.5790415804
  0.30000000   1.50000000   513.0136732510
  0.40000000   1.50000000   485.2125238664
  0.50000000   1.50000000   458.4140292483
  0.60000000   1.50000000   432.8431673128
  0.70000000   1.50000000   408.7088476797
  0.80000000   1.50000000   386.2018688453
  0.90000000   1.50000000   365.4935218510
  1.00000000   1.50000000   346.7348594902
  1.10000000   1.50000000   330.0565916940
  1.20000000   1.50000000   315.5695189377
  1.30000000   1.50000000   303.3653798954
  1.40000000   1.50000000   293.5179679295
  1.50000000   1.50000000   286.0843628004
  1.60000000   1.50000000   281.1061281561
  1.70000000   1.50000000   278.6103405743
  1.80000000   1.50000000   278.6103405743
  1.90000000   1.50000000   281.1061281561
  2.00000000   1.50000000   286.0843628004
  2.10000000   1.50000000   293.5179679295
  2.20000000   1.50000000   303.3653798954
  2.30000000   1.50000000   315.5695189377
  2.40000000   1.50000000   330.0565916940
  2.50000000   1.50000000   346.7348594902
  2.60000000   1.50000000   365.4935218510
  2.70000000   1.50000000   386.2018688453
  2.80000000   1.50000000   408.7088476797
  2.90000000   1.50000000   432.8431673128
  3.00000000   1.50000000   458.4140292483
  3.10000000   1.50000000   485.2125238664
  3.20000000   1.50000000   513.0136732510
  3.30000000   1.50000000   541.5790415804
  3.40000000   1.50000000   506.1597860400
  3.50000000   1.50000000   400.0000000000

  0.00000000   1.60000000   400.0000000000
  0.10000000   1.60000000   505.6891213905
  0.20000000   1.60000000   540.6424216998
  0.30000000   1.60000000   511.6203397380
  0.40000000   1.60000000   483.3759383427
  0.50000000   1.60000000   456.1514894680
  0.60000000   1.60000000   430.1754092513
  0.70000000   1.60000000   405.6596699941
  0.80000000   1.60000000   382.7977930517
  0.90000000   1.60000000   361.7634856967
  1.00000000   1.60000000   342.7099342932
  1.10000000   1.60000000   325.7697144844
  1.20000000   1.60000000   311.0552335111
  1.30000000   1.60000000   298.6595845275
  1.40000000   1.60000000   288.6576699906
  1.50000000   1.60000000   281.1074414291
  1.60000000   1.60000000   276.0511057636
  1.70000000   1.60000000   273.5161627814
  1.80000000   1.60000000   273.5161627814
  1.90000000   1.60000000   276.0511057636
  2.00000000   1.60000000   281.1074414291
  2.10000000   1.60000000   288.6576699906
  2.20000000   1.60000000   298.6595845275
  2.30000000   1.60000000   311.0552335111
  2.40000000   1.60000000   325.7697144844
  2.50000000   1.60000000   342.7099342932
  2.60000000   1.60000000   361.7634856967
  2.70000000   1.60000000   382.7977930517
  2.80000000   1.60000000   405.6596699941
  2.90000000   1.60000000   430.1754092513
  3.00000000   1.60000000   456.1514894680
  3.10000000   1.60000000   483.3759383427
  3.20000000   1.60000000   511.6203397380
  3.30000000   1.60000000   540.6424216998
  3.40000000   1.60000000   505.6891213905
  3.50000000   1.60000000   400.0000000000

  0.00000000   1.70000000   400.0000000000
  0.10000000   1.70000000   505.4533010514
  0.20000000   1.70000000   540.1731166161
  0.30000000   1.70000000   510.9221403531
  0.40000000   1.70000000   482.4555456953
  0.50000000   1.70000000   455.0175339576
  0.60000000   1.70000000   428.8382579388
  0.70000000   1.70000000   404.1312399896
  0.80000000   1.70000000   381.0913789816
  0.90000000   1.70000000   359.8936019724
  1.00000000   1.70000000   340.6921692370
  1.10000000   1.70000000   323.6205927077
  1.20000000   1.70000000   308.7920839263
  1.30000000   1.70000000   296.3004127787
  1.40000000   1.70000000   286.2210351485
  1.50000000   1.70000000   278.6123372337
  1.60000000   1.70000000   273.5168465638
  1.70000000   1.70000000   270.9622738154
  1.80000000   1.70000000   270.9622738154
  1.90000000   1.70000000   273.5168465638
  2.00000000   1.70000000   278.6123372337
  2.10000000   1.70000000   286.2210351485
  2.20000000   1.70000000   296.3004127787
  2.30000000   1.70000000   308.7920839263
  2.40000000   1.70000000   323.6205927077
  2.50000000   1.70000000   340.6921692370
  2.60000000   1.70000000   359.8936019724
  2.70000000   1.70000000   381.0913789816
  2.80000000   1.70000000   404.1312399896
  2.90000000   1.70000000   428.8382579388
  3.00000000   1.70000000   455.0175339576
  3.10000000   1.70000000   482.4555456953
  3.20000000   1.70000000   510.9221403531
  3.30000000   1.70000000   540.1731166161
  3.40000000   1.70000000   505.4533010514
  3.50000000   1.70000000   400.0000000000

  0.00000000   1.80000000   400.0000000000
  0.10000000   1.80000000   505.4533010514
  0.20000000   1.80000000   540.1731166161
  0.30000000   1.80000000   510.9221403531
  0.40000000   1.80000000   482.4555456953
  0.50000000   1.80000000   455.0175339576
  0.60000000   1.80000000   428.8382579388
  0.70000000   1.80000000   404.1312399896
  0.80000000   1.80000000   381.0913789816
  0.90000000   1.80000000   359.8936019724
  1.00000000   1.80000000   340.6921692370
  1.10000000   1.80000000   323.6205927077
  1.20000000   1.80000000   308.7920839263
  1.30000000   1.80000000   296.3004127787
  1.40000000   1.80000000   286.2210351485
  1.50000000   1.80000000   278.6123372337
  1.60000000   1.80000000   273.5168465638
  1.70000000   1.80000000   270.9622738154
  1.80000000   1.80000000   270.9622738154
  1.90000000   1.80000000   273.5168465638
  2.00000000   1.80000000   278.6123372337
  2.10000000   1.80000000   286.2210351485
  2.20000000   1.80000000   296.3004127787
  2.30000000   1.80000000   308.7920839263
  2.40000000   1.80000000   323.6205927077
  2.50000000   1.80000000   340.6921692370
  2.60000000   1.80000000   359.8936019724
  2.70000000   1.80000000   381.0913789816
  2.80000000   1.80000000   404.1312399896
  2.90000000   1.80000000   428.8382579388
  3.00000000   1.80000000   455.0175339576
  3.10000000   1.80000000   482.4555456953
  3.20000000   1.80000000   510.9221403531
  3.30000000   1.80000000   540.1731166161
  3.40000000   1.80000000   505.4533010514
  3.50000000   1.80000000   400.0000000000

  0.00000000   1.90000000   400.0000000000
  0.10000000   1.90000000   505.6891213905
  0.20000000   1.90000000   540.6424216998
  0.30000000   1.90000000   511.6203397380
  0.40000000   1.90000000   483.3759383427
  0.50000000   1.90000000   456.1514894680
  0.60000000   1.90000000   430.1754092513
  0.70000000   1.90000000   405.6596699941
  0.80000000   1.90000000   382.7977930517
  0.90000000   1.90000000   361.7634856967
  1.00000000   1.90000000   342.7099342932
  1.10000000   1.90000000   325.7697144844
  1.20000000   1.90000000   311.0552335111
  1.30000000   1.90000000   298.6595845275
  1.40000000   1.90000000   288.6576699906
  1.50000000   1.90000000   281.1074414291
  1.60000000   1.90000000   276.0511057636
  1.70000000   1.90000000   273.5161627814
  1.80000000   1.90000000   273.5161627814
  1.90000000   1.90000000   276.0511057636
  2.00000000   1.90000000   281.1074414291
  2.10000000   1.90000000   288.6576699906
  2.20000000   1.90000000   298.6595845275
  2.30000000   1.90000000   311.0552335111
  2.40000000   1.90000000   325.7697144844
  2.50000000   1.90000000   342.7099342932
  2.60000000   1.90000000   361.7634856967
  2.70000000   1.90000000   382.7977930517
  2.80000000   1.90000000   405.6596699941
  2.90000000   1.90000000   430.1754092513
  3.00000000   1.90000000   456.1514894680
  3.10000000   1.90000000   483.3759383427
  3.20000000   1.90000000   511.6203397380
  3.30000000   1.90000000   540.6424216998
  3.40000000   1.90000000   505.6891213905
  3.50000000   1.90000000   400.0000000000

  0.00000000   2.00000000   400.0000000000
  0.10000000   2.00000000   506.1597860400
  0.20000000   2.00000000   541.5790415804
  0.30000000   2.00000000   513.0136732510
  0.40000000   2.00000000   485.2125238664
  0.50000000   2.00000000   458.4140292483
  0.60000000   2.00000000   432.8431673128
  0.70000000   2.00000000   408.7088476797
  0.80000000   2.00000000   386.2018688453
  0.90000000   2.00000000   365.4935218510
  1.00000000   2.00000000   346.7348594902
  1.10000000   2.00000000   330.0565916940
  1.20000000   2.00000000   315.5695189377
  1.30000000   2.00000000   303.3653798954
  1.40000000   2.00000000   293.5179679295
  1.50000000   2.00000000   286.0843628004
  1.60000000   2.00000000   281.1061281561
  1.70000000   2.00000000   278.6103405743
  1.80000000   2.00000000   278.6103405743
  1.90000000   2.00000000   281.1061281561
  2.00000000   2.00000000   286.0843628004
  2.10000000   2.00000000   293.5179679295
  2.20000000   2.00000000   303.3653798954
  2.30000000   2.00000000   315.5695189377
  2.40000000   2.00000000   330.0565916940
  2.50000000   2.00000000   346.7348594902
  2.60000000   2.00000000   365.4935218510
  2.70000000   2.00000000   386.2018688453
  2.80000000   2.00000000   408.7088476797
  2.90000000   2.00000000   432.8431673128
  3.00000000   2.00000000   458.4140292483
  3.10000000   2.00000000   485.2125238664
  3.20000000   2.00000000   513.0136732511
  3.30000000   2.00000000   541.5790415804
  3.40000000   2.00000000   506.1597860400
  3.50000000   2.00000000   400.0000000000

  0.00000000   2.10000000   400.0000000000
  0.10000000   2.10000000   506.8633551066
  0.20000000   2.10000000   542.9790044291
  0.30000000   2.10000000   515.0959923900
  0.40000000   2.10000000   487.9568370804
  0.50000000   2.10000000   461.7942856845
  0.60000000   2.10000000   436.8282569184
  0.70000000   2.10000000   413.2631676628
  0.80000000   2.10000000   391.2858163443
  0.90000000   2.10000000   371.0639284432
  1.00000000   2.10000000   352.7453905144
  1.10000000   2.10000000   336.4581289136
  1.20000000   2.10000000   322.3105365591
  1.30000000   2.10000000   310.3923163950
  1.40000000   2.10000000   300.7755916441
  1.50000000   2.10000000   293.5161278988
  1.60000000   2.10000000   288.6545186040
  1.70000000   2.10000000   286.2172019279
  1.80000000   2.10000000   286.2172019279
  1.90000000   2.10000000   288.6545186040
  2.00000000   2.10000000   293.5161278988
  2.10000000   2.10000000   300.7755916441
  2.20000000   2.10000000   310.3923163950
  2.30000000   2.10000000   322.3105365591
  2.40000000   2.10000000   336.4581289136
  2.50000000   2.10000000   352.7453905144
  2.60000000   2.10000000   371.0639284432
  2.70000000   2.10000000   391.2858163443
  2.80000000   2.10000000   413.2631676628
  2.90000000   2.10000000   436.8282569184
  3.00000000   2.10000000   461.7942856845
  3.10000000   2.10000000   487.9568370804
  3.20000000   2.10000000   515.0959923900
  3.30000000   2.10000000   542.9790044291
  3.40000000   2.10000000   506.8633551066
  3.50000000   2.10000000   400.0000000000

  0.00000000   2.20000000   400.0000000000
  0.10000000   2.20000000   507.7969687355
  0.20000000   2.20000000   544.8364056289
  0.30000000   2.20000000   517.8580621743
  0.40000000   2.20000000   491.5960435226
  0.50000000   2.20000000   466.2756651983
  0.60000000   2.20000000   442.1103164480
  0.70000000   2.20000000   419.2986358727
  0.80000000   2.20000000   398.0222556292
  0.90000000   2.20000000   378.4442566765
  1.00000000   2.20000000   360.7083620584
  1.10000000   2.20000000   344.9388077562
  1.20000000   2.20000000   331.2407754709
  1.30000000   2.20000000   319.7012421975
  1.40000000   2.20000000   310.3900897866
  1.50000000   2.20000000   303.3613183683
  1.60000000   2.20000000   298.6542176076
  1.70000000   2.20000000   296.2943677978
  1.80000000   2.20000000   296.2943677978
  1.90000000   2.20000000   298.6542176076
  2.00000000   2.20000000   303.3613183683
  2.10000000   2.20000000   310.3900897866
  2.20000000   2.20000000   319.7012421975
  2.30000000   2.20000000   331.2407754709
  2.40000000   2.20000000   344.9388077562
  2.50000000   2.20000000   360.7083620584
  2.60000000   2.20000000   378.4442566765
  2.70000000   2.20000000   398.0222556292
  2.80000000   2.20000000   419.2986358727
  2.90000000   2.20000000   442.1103164480
  3.00000000   2.20000000   466.2756651983
  3.10000000   2.20000000   491.5960435226
  3.20000000   2.20000000   517.8580621743
  3.30000000   2.20000000   544.8364056289
  3.40000000   2.20000000   507.7969687355
  3.50000000   2.20000000   400.0000000000

  0.00000000   2.30000000   400.0000000000
  0.10000000   2.30000000   508.9569694876
  0.20000000   2.30000000   547.1435686619
  0.30000000   2.30000000   521.2876440700
  0.40000000   2.30000000   496.1128524934
  0.50000000   2.30000000   471.8355516398
  0.60000000   2.30000000   448.6613996958
  0.70000000   2.30000000   426.7822056571
  0.80000000   2.30000000   406.3734307079
  0.90000000   2.30000000   387.5925207614
  1.00000000   2.30000000   370.5780717346
  1.10000000   2.30000000   355.4497230939
  1.20000000   2.30000000   342.3086269002
  1.30000000   2.30000000   331.2383251012
  1.40000000   2.30000000   322.3058698363
  1.50000000   2.30000000   315.5630313734
  1.60000000   2.30000000   311.0474531289
  1.70000000   2.30000000   308.7836327581
  1.80000000   2.30000000   308.7836327581
  1.90000000   2.30000000   311.0474531289
  2.00000000   2.30000000   315.5630313734
  2.10000000   2.30000000   322.3058698363
  2.20000000   2.30000000   331.2383251012
  2.30000000   2.30000000   342.3086269002
  2.40000000   2.30000000   355.4497230939
  2.50000000   2.30000000   370.5780717346
  2.60000000   2.30000000   387.5925207614
  2.70000000   2.30000000   406.3734307079
  2.80000000   2.30000000   426.7822056571
  2.90000000   2.30000000   448.6613996958
  3.00000000   2.30000000   471.8355516398
  3.10000000   2.30000000   496.1128524934
  3.20000000   2.30000000   521.2876440700
  3.30000000   2.30000000   547.1435686619
  3.40000000   2.30000000   508.9569694876
  3.50000000   2.30000000   400.0000000000

  0.00000000   2.40000000   400.0000000000
  0.10000000   2.40000000   510.3391978494
  0.20000000   2.40000000   549.8914560887
  0.30000000   2.40000000   525.3697889680
  0.40000000   2.40000000   501.4855289107
  0.50000000   2.40000000   478.4449865459
  0.60000000   2.40000000   456.4453607558
  0.70000000   2.40000000   435.6709422472
  0.80000000   2.40000000   416.2902293705
  0.90000000   2.40000000   398.4541312467
  1.00000000   2.40000000   382.2951637631
  1.10000000   2.40000000   367.9274369995
  1.20000000   2.40000000   355.4472175707
  1.30000000   2.40000000   344.9338691544
  1.40000000   2.40000000   336.4510000847
  1.50000000   2.40000000   330.0476692663
  1.60000000   2.40000000   325.7595212194
  1.70000000   2.40000000   323.6097408290
  1.80000000   2.40000000   323.6097408290
  1.90000000   2.40000000   325.7595212194
  2.00000000   2.40000000   330.0476692663
  2.10000000   2.40000000   336.4510000847
  2.20000000   2.40000000   344.9338691544
  2.30000000   2.40000000   355.4472175707
  2.40000000   2.40000000   367.9274369995
  2.50000000   2.40000000   382.2951637631
  2.60000000   2.40000000   398.4541312467
  2.70000000   2.40000000   416.2902293705
  2.80000000   2.40000000   435.6709422472
  2.90000000   2.40000000   456.4453607558
  3.00000000   2.40000000   478.4449865459
  3.10000000   2.40000000   501.4855289107
  3.20000000   2.40000000   525.3697889680
  3.30000000   2.40000000   549.8914560887
  3.40000000   2.40000000   510.3391978494
  3.50000000   2.40000000   400.0000000000

  0.00000000   2.50000000   400.0000000000
  0.10000000   2.50000000   511.9396539995
  0.20000000   2.50000000   553.0705901289
  0.30000000   2.50000000   530.0875420901
  0.40000000   2.50000000   507.6881055672
  0.50000000   2.50000000   486.0683530291
  0.60000000   2.50000000   465.4171213126
  0.70000000   2.50000000   445.9110247177
  0.80000000   2.50000000   427.7110458326
  0.90000000   2.50000000   410.9606989108
  1.00000000   2.50000000   395.7854146589
  1.10000000   2.50000000   382.2927606208
  1.20000000   2.50000000   370.5731888885
  1.30000000   2.50000000   360.7010877911
  1.40000000   2.50000000   352.7359736487
  1.50000000   2.50000000   346.7236936382
  1.60000000   2.50000000   342.6975317824
  1.70000000   2.50000000   340.6791265744
  1.80000000   2.50000000   340.6791265744
  1.90000000   2.50000000   342.6975317824
  2.00000000   2.50000000   346.7236936382
  2.10000000   2.50000000   352.7359736487
  2.20000000   2.50000000   360.7010877911
  2.30000000   2.50000000   370.5731888885
  2.40000000   2.50000000   382.2927606208
  2.50000000   2.50000000   395.7854146589
  2.60000000   2.50000000   410.9606989108
  2.70000000   2.50000000   427.7110458326
  2.80000000   2.50000000   445.9110247177
  2.90000000   2.50000000   465.4171213126
  3.00000000   2.50000000   486.0683530291
  3.10000000   2.50000000   507.6881055672
  3.20000000   2.50000000   530.0875420901
  3.30000000   2.50000000   553.0705901289
  3.40000000   2.50000000   511.9396539995
  3.50000000   2.50000000   400.0000000000

  0.00000000   2.60000000   400.0000000000
  0.10000000   2.60000000   513.7559431512
  0.20000000   2.60000000   556.6729859365
  0.30000000   2.60000000   535.4233793704
  0.40000000   2.60000000   514.6908876496
  0.50000000   2.60000000   494.6630207305
  0.60000000   2.60000000   475.5217506985
  0.70000000   2.60000000   457.4365527543
  0.80000000   2.60000000   440.5605098058
  0.90000000   2.60000000   425.0287828499
  1.00000000   2.60000000   410.9585297240
  1.10000000   2.60000000   398.4495940495
  1.20000000   2.60000000   387.5855634173
  1.30000000   2.60000000   378.4349804736
  1.40000000   2.60000000   371.0525839567
  1.50000000   2.60000000   365.4804942163
  1.60000000   2.60000000   361.7492703331
  1.70000000   2.60000000   359.8787724801
  1.80000000   2.60000000   359.8787724801
  1.90000000   2.60000000   361.7492703331
  2.00000000   2.60000000   365.4804942163
  2.10000000   2.60000000   371.0525839567
  2.20000000   2.60000000   378.4349804736
  2.30000000   2.60000000   387.5855634173
  2.40000000   2.60000000   398.4495940495
  2.50000000   2.60000000   410.9585297240
  2.60000000   2.60000000   425.0287828499
  2.70000000   2.60000000   440.5605098058
  2.80000000   2.60000000   457.4365527543
  2.90000000   2.60000000   475.5217506985
  3.00000000   2.60000000   494.6630207305
  3.10000000   2.60000000   514.6908876496
  3.20000000   2.60000000   535.4233793704
  3.30000000   2.60000000   556.6729859365
  3.40000000   2.60000000   513.7559431512
  3.50000000   2.60000000   400.0000000000

  0.00000000   2.70000000   400.0000000000
  0.10000000   2.70000000   515.7904764289
  0.20000000   2.70000000   560.6961113493
  0.30000000   2.70000000   541.3618533735
  0.40000000   2.70000000   522.4612340618
  0.50000000   2.70000000   504.1787272187
  0.60000000   2.70000000   486.6931497544
  0.70000000   2.70000000   470.1680571347
  0.80000000   2.70000000   454.7480908021
  0.90000000   2.70000000   440.5586690139
  1.00000000   2.70000000   427.7070801423
  1.10000000   2.70000000   416.2839738306
  1.20000000   2.70000000   406.3648549739
  1.30000000   2.70000000   398.0114699577
  1.40000000   2.70000000   391.2730676816
  1.50000000   2.70000000   386.1875272701
  1.60000000   2.70000000   382.7823295198
  1.70000000   2.70000000   381.0753359431
  1.80000000   2.70000000   381.0753359431
  1.90000000   2.70000000   382.7823295198
  2.00000000   2.70000000   386.1875272701
  2.10000000   2.70000000   391.2730676816
  2.20000000   2.70000000   398.0114699577
  2.30000000   2.70000000   406.3648549739
  2.40000000   2.70000000   416.2839738306
  2.50000000   2.70000000   427.7070801423
  2.60000000   2.70000000   440.5586690139
  2.70000000   2.70000000   454.7480908021
  2.80000000   2.70000000   470.1680571347
  2.90000000   2.70000000   486.6931497544
  3.00000000   2.70000000   504.1787272187
  3.10000000   2.70000000   522.4612340618
  3.20000000   2.70000000   541.3618533735
  3.30000000   2.70000000   560.6961113493
  3.40000000   2.70000000   515.7904764289
  3.50000000   2.70000000   400.0000000000

  0.00000000   2.80000000   400.0000000000
  0.10000000   2.80000000   518.0578828572
  0.20000000   2.80000000   565.1509728524
  0.30000000   2.80000000   547.8940397479
  0.40000000   2.80000000   530.9642039475
  0.50000000   2.80000000   514.5560588694
  0.60000000   2.80000000   498.8518915179
  0.70000000   2.80000000   484.0105349745
  0.80000000   2.80000000   470.1665958255
  0.90000000   2.80000000   457.4333028820
  1.00000000   2.80000000   445.9057453952
  1.10000000   2.80000000   435.6635000931
  1.20000000   2.80000000   426.7725884872
  1.30000000   2.80000000   419.2869579350
  1.40000000   2.80000000   413.2496660162
  1.50000000   2.80000000   408.6938699497
  1.60000000   2.80000000   405.6436543541
  1.70000000   2.80000000   404.1146887699
  1.80000000   2.80000000   404.1146887699
  1.90000000   2.80000000   405.6436543541
  2.00000000   2.80000000   408.6938699497
  2.10000000   2.80000000   413.2496660162
  2.20000000   2.80000000   419.2869579350
  2.30000000   2.80000000   426.7725884872
  2.40000000   2.80000000   435.6635000931
  2.50000000   2.80000000   445.9057453952
  2.60000000   2.80000000   457.4333028820
  2.70000000   2.80000000   470.1665958255
  2.80000000   2.80000000   484.0105349745
  2.90000000   2.80000000   498.8518915179
  3.00000000   2.80000000   514.5560588694
  3.10000000   2.80000000   530.9642039475
  3.20000000   2.80000000   547.8940397479
  3.30000000   2.80000000   565.1509728524
  3.40000000   2.80000000   518.0578828572
  3.50000000   2.80000000   400.0000000000

  0.00000000   2.90000000   400.0000000000
  0.10000000   2.90000000   520.6033820023
  0.20000000   2.90000000   570.0786641699
  0.30000000   2.90000000   555.0239787748
  0.40000000   2.90000000   540.1614791590
  0.50000000   2.90000000   525.7225612957
  0.60000000   2.90000000   511.9014495058
  0.70000000   2.90000000   498.8508167865
  0.80000000   2.90000000   486.6906716186
  0.90000000   2.90000000   475.5175932842
  1.00000000   2.90000000   465.4110850638
  1.10000000   2.90000000   456.4373407947
  1.20000000   2.90000000   448.6513976772
  1.30000000   2.90000000   442.0984450283
  1.40000000   2.90000000   436.8147364911
  1.50000000   2.90000000   432.8283152154
  1.60000000   2.90000000   430.1596221841
  1.70000000   2.90000000   428.8219888209
  1.80000000   2.90000000   428.8219888209
  1.90000000   2.90000000   430.1596221841
  2.00000000   2.90000000   432.8283152154
  2.10000000   2.90000000   436.8147364911
  2.20000000   2.90000000   442.0984450283
  2.30000000   2.90000000   448.6513976772
  2.40000000   2.90000000   456.4373407947
  2.50000000   2.90000000   465.4110850638
  2.60000000   2.90000000   475.5175932842
  2.70000000   2.90000000   486.6906716186
  2.80000000   2.90000000   498.8508167865
  2.90000000   2.90000000   511.9014495058
  3.00000000   2.90000000   525.7225612957
  3.10000000   2.90000000   540.1614791590
  3.20000000   2.90000000   555.0239787748
  3.30000000   2.90000000   570.0786641699
  3.40000000   2.90000000   520.6033820023
  3.50000000   2.90000000   400.0000000000

  0.00000000   3.00000000   400.0000000000
  0.10000000   3.00000000   523.5523224558
  0.20000000   3.00000000   575.5836774108
  0.30000000   3.00000000   562.7745492547
  0.40000000   3.00000000   550.0038888870
  0.50000000   3.00000000   537.5835904512
  0.60000000   3.00000000   525.7218410770
  0.70000000   3.00000000   514.5543243333
  0.80000000   3.00000000   504.1757069724
  0.90000000   3.00000000   494.6584888390
  1.00000000   3.00000000   486.0621488516
  1.10000000   3.00000000   478.4370302015
  1.20000000   3.00000000   471.8258539643
  1.30000000   3.00000000   466.2643314486
  1.40000000   3.00000000   461.7815126972
  1.50000000   3.00000000   458.4000962251
  1.60000000   3.00000000   456.1367430168
  1.70000000   3.00000000   455.0023684252
  1.80000000   3.00000000   455.0023684252
  1.90000000   3.00000000   456.1367430168
  2.00000000   3.00000000   458.4000962251
  2.10000000   3.00000000   461.7815126972
  2.20000000   3.00000000   466.2643314486
  2.30000000   3.00000000   471.8258539643
  2.40000000   3.00000000   478.4370302015
  2.50000000   3.00000000   486.0621488516
  2.60000000   3.00000000   494.6584888390
  2.70000000   3.00000000   504.1757069724
  2.80000000   3.00000000   514.5543243333
  2.90000000   3.00000000   525.7218410770
  3.00000000   3.00000000   537.5835904512
  3.10000000   3.00000000   550.0038888870
  3.20000000   3.00000000   562.7745492547
  3.30000000   3.00000000   575.5836774108
  3.40000000   3.00000000   523.5523224558
  3.50000000   3.00000000   400.0000000000

  0.00000000   3.10000000   400.0000000000
  0.10000000   3.10000000   527.2566567084
  0.20000000   3.10000000   581.8951961025
  0.30000000   3.10000000   571.1787007472
  0.40000000   3.10000000   560.4058792298
  0.50000000   3.10000000   550.0034614704
  0.60000000   3.10000000   540.1603906455
  0.70000000   3.10000000   530.9622202333
  0.80000000   3.10000000   522.4581400255
  0.90000000   3.10000000   514.6865055395
  1.00000000   3.10000000   507.6823110238
  1.10000000   3.10000000   501.4782634448
  1.20000000   3.10000000   496.1041314998
  1.30000000   3.10000000   491.5859592267
  1.40000000   3.10000000   487.9455561807
  1.50000000   3.10000000   485.2002800135
  1.60000000   3.10000000   483.3630199643
  1.70000000   3.10000000   482.4422800069
  1.80000000   3.10000000   482.4422800069
  1.90000000   3.10000000   483.3630199643
  2.00000000   3.10000000   485.2002800135
  2.10000000   3.10000000   487.9455561807
  2.20000000   3.10000000   491.5859592267
  2.30000000   3.10000000   496.1041314998
  2.40000000   3.10000000   501.4782634448
  2.50000000   3.10000000   507.6823110238
  2.60000000   3.10000000   514.6865055395
  2.70000000   3.10000000   522.4581400255
  2.80000000   3.10000000   530.9622202333
  2.90000000   3.10000000   540.1603906455
  3.00000000   3.10000000   550.0034614704
  3.10000000   3.10000000   560.4058792298
  3.20000000   3.10000000   571.1787007472
  3.30000000   3.10000000   581.8951961025
  3.40000000   3.10000000   527.2566567084
  3.50000000   3.10000000   400.0000000000

  0.00000000   3.20000000   400.0000000000
  0.10000000   3.20000000   532.7700095822
  0.20000000   3.20000000   589.4412499669
  0.30000000   3.20000000   580.2027474044
  0.40000000   3.20000000   571.1784875872
  0.50000000   3.20000000   562.7739624305
  0.60000000   3.20000000   555.0228434792
  0.70000000   3.20000000   547.8921812390
  0.80000000   3.20000000   541.3591116472
  0.90000000   3.20000000   535.4196230593
  1.00000000   3.20000000   530.0826805682
  1.10000000   3.20000000   525.3637817703
  1.20000000   3.20000000   521.2805069290
  1.30000000   3.20000000   517.8498692178
  1.40000000   3.20000000   515.0868743219
  1.50000000   3.20000000   513.0038116206
  1.60000000   3.20000000   511.6099576845
  1.70000000   3.20000000   510.9114904614
  1.80000000   3.20000000   510.9114904614
  1.90000000   3.20000000   511.6099576845
  2.00000000   3.20000000   513.0038116206
  2.10000000   3.20000000   515.0868743219
  2.20000000   3.20000000   517.8498692178
  2.30000000   3.20000000   521.2805069290
  2.40000000   3.20000000   525.3637817703
  2.50000000   3.20000000   530.0826805682
  2.60000000   3.20000000   535.4196230593
  2.70000000   3.20000000   541.3591116472
  2.80000000   3.20000000   547.8921812390
  2.90000000   3.20000000   555.0228434792
  3.00000000   3.20000000   562.7739624305
  3.10000000   3.20000000   571.1784875872
  3.20000000   3.20000000   580.2027474044
  3.30000000   3.20000000   589.4412499669
  3.40000000   3.20000000   532.7700095822
  3.50000000   3.20000000   400.0000000000

  0.00000000   3.30000000   400.0000000000
  0.10000000   3.30000000   543.5273182793
  0.20000000   3.30000000   598.6856707225
  0.30000000   3.30000000   589.4411699963
  0.40000000   3.30000000   581.8949474119
  0.50000000   3.30000000   575.5831531245
  0.60000000   3.30000000   570.0777480121
  0.70000000   3.30000000   565.1495487824
  0.80000000   3.30000000   560.6940733993
  0.90000000   3.30000000   556.6702475286
  1.00000000   3.30000000   553.0670921869
  1.10000000   3.30000000   549.8871733458
  1.20000000   3.30000000   547.1385136973
  1.30000000   3.30000000   544.8306303266
  1.40000000   3.30000000   542.9725987395
  1.50000000   3.30000000   541.5721296562
  1.60000000   3.30000000   540.6351556658
  1.70000000   3.30000000   540.1656683985
  1.80000000   3.30000000   540.1656683985
  1.90000000   3.30000000   540.6351556658
  2.00000000   3.30000000   541.5721296562
  2.10000000   3.30000000   542.9725987395
  2.20000000   3.30000000   544.8306303266
  2.30000000   3.30000000   547.1385136973
  2.40000000   3.30000000   549.8871733458
  2.50000000   3.30000000   553.0670921869
  2.60000000   3.30000000   556.6702475286
  2.70000000   3.30000000   560.6940733993
  2.80000000   3.30000000   565.1495487824
  2.90000000   3.30000000   570.0777480121
  3.00000000   3.30000000   575.5831531245
  3.10000000   3.30000000   581.8949474119
  3.20000000   3.30000000   589.4411699963
  3.30000000   3.30000000   598.6856707225
  3.40000000   3.30000000   543.5273182793
  3.50000000   3.30000000   400.0000000000

  0.00000000   3.40000000   400.0000000000
  0.10000000   3.40000000   571.7513599590
  0.20000000   3.40000000   608.0273017559
  0.30000000   3.40000000   597.2699448166
  0.40000000   3.40000000   591.7564993447
  0.50000000   3.40000000   588.0520191021
  0.60000000   3.40000000   585.1028746089
  0.70000000   3.40000000   582.5571135514
  0.80000000   3.40000000   580.2893924506
  0.90000000   3.40000000   578.2545015269
  1.00000000   3.40000000   576.4378256100
  1.10000000   3.40000000   574.8369705930
  1.20000000   3.40000000   573.4543503010
  1.30000000   3.40000000   572.2939843218
  1.40000000   3.40000000   571.3600513078
  1.50000000   3.40000000   570.6562258920
  1.60000000   3.40000000   570.1853819894
  1.70000000   3.40000000   569.9494694461
  1.80000000   3.40000000   569.9494694461
  1.90000000   3.40000000   570.1853819894
  2.00000000   3.40000000   570.6562258920
  2.10000000   3.40000000   571.3600513078
  2.20000000   3.40000000   572.2939843218
  2.30000000   3.40000000   573.4543503010
  2.40000000   3.40000000   574.8369705930
  2.50000000   3.40000000   576.4378256100
  2.60000000   3.40000000   578.2545015269
  2.70000000   3.40000000   580.2893924506
  2.80000000   3.40000000   582.5571135514
  2.90000000   3.40000000   585.1028746089
  3.00000000   3.40000000   588.0520191021
  3.10000000   3.40000000   591.7564993447
  3.20000000   3.40000000   597.2699448166
  3.30000000   3.40000000   608.0273017559
  3.40000000   3.40000000   571.7513599590
  3.50000000   3.40000000   400.0000000000

  0.00000000   3.50000000   400.0000000000
  0.10000000   3.50000000   400.0000000000
  0.20000000   3.50000000   400.0000000000
  0.30000000   3.50000000   400.0000000000
  0.40000000   3.50000000   400.0000000000
  0.50000000   3.50000000   400.0000000000
  0.60000000   3.50000000   400.0000000000
  0.70000000   3.50000000   400.0000000000
  0.80000000   3.50000000   400.0000000000
  0.90000000   3.50000000   400.0000000000
  1.00000000   3.50000000   400.0000000000
  1.10000000   3.50000000   400.0000000000
  1.20000000   3.50000000   400.0000000000
  1.30000000   3.50000000   400.0000000000
  1.40000000   3.50000000   400.0000000000
  1.50000000   3.50000000   400.0000000000
  1.60000000   3.50000000   400.0000000000
  1.70000000   3.50000000   400.0000000000
  1.80000000   3.50000000   400.0000000000
  1.90000000   3.50000000   400.0000000000
  2.00000000   3.50000000   400.0000000000
  2.10000000   3.50000000   400.0000000000
  2.20000000   3.50000000   400.0000000000
  2.30000000   3.50000000   400.0000000000
  2.40000000   3.50000000   400.0000000000
  2.50000000   3.50000000   400.0000000000
  2.60000000   3.50000000   400.0000000000
  2.70000000   3.50000000   400.0000000000
  2.80000000   3.50000000   400.0000000000
  2.90000000   3.50000000   400.0000000000
  3.00000000   3.50000000   400.0000000000
  3.10000000   3.50000000   400.0000000000
  3.20000000   3.50000000   400.0000000000
  3.30000000   3.50000000   400.0000000000
  3.40000000   3.50000000   400.0000000000
  3.50000000   3.50000000   400.0000000000

