  0.00000000   0.00000000   400.0000000000
  0.10000000   0.00000000   400.0000000000
  0.20000000   0.00000000   400.0000000000
  0.30000000   0.00000000   400.0000000000
  0.40000000   0.00000000   400.0000000000
  0.50000000   0.00000000   400.0000000000
  0.60000000   0.00000000   400.0000000000
  0.70000000   0.00000000   400.0000000000
  0.80000000   0.00000000   400.0000000000
  0.90000000   0.00000000   400.0000000000
  1.00000000   0.00000000   400.0000000000
  1.10000000   0.00000000   400.0000000000
  1.20000000   0.00000000   400.0000000000
  1.30000000   0.00000000   400.0000000000
  1.40000000   0.00000000   400.0000000000
  1.50000000   0.00000000   400.0000000000
  1.60000000   0.00000000   400.0000000000
  1.70000000   0.00000000   400.0000000000
  1.80000000   0.00000000   400.0000000000
  1.90000000   0.00000000   400.0000000000
  2.00000000   0.00000000   400.0000000000
  2.10000000   0.00000000   400.0000000000
  2.20000000   0.00000000   400.0000000000
  2.30000000   0.00000000   400.0000000000
  2.40000000   0.00000000   400.0000000000
  2.50000000   0.00000000   400.0000000000
  2.60000000   0.00000000   400.0000000000
  2.70000000   0.00000000   400.0000000000
  2.80000000   0.00000000   400.0000000000
  2.90000000   0.00000000   400.0000000000
  3.00000000   0.00000000   400.0000000000
  3.10000000   0.00000000   400.0000000000
  3.20000000   0.00000000   400.0000000000
  3.30000000   0.00000000   400.0000000000
  3.40000000   0.00000000   400.0000000000
  3.50000000   0.00000000   400.0000000000

  0.00000000   0.10000000   400.0000000000
  0.10000000   0.10000000   573.3958721148
  0.20000000   0.10000000   611.3006985174
  0.30000000   0.10000000   602.1412691380
  0.40000000   0.10000000   598.1800459422
  0.50000000   0.10000000   595.9681702342
  0.60000000   0.10000000   594.4391498486
  0.70000000   0.10000000   593.2293839438
  0.80000000   0.10000000   592.2032037621
  0.90000000   0.10000000   591.3064493406
  1.00000000   0.10000000   590.5169268983
  1.10000000   0.10000000   589.8259819137
  1.20000000   0.10000000   589.2309914696
  1.30000000   0.10000000   588.7320376353
  1.40000000   0.10000000   588.3303192912
  1.50000000   0.10000000   588.0273441412
  1.60000000   0.10000000   587.8244969931
  1.70000000   0.10000000   587.7228033068
  1.80000000   0.10000000   587.7228033068
  1.90000000   0.10000000   587.8244969931
  2.00000000   0.10000000   588.0273441412
  2.10000000   0.10000000   588.3303192912
  2.20000000   0.10000000   588.7320376353
  2.30000000   0.10000000   589.2309914696
  2.40000000   0.10000000   589.8259819137
  2.50000000   0.10000000   590.5169268983
  2.60000000   0.10000000   591.3064493406
  2.70000000   0.10000000   592.2032037621
  2.80000000   0.10000000   593.2293839438
  2.90000000   0.10000000   594.4391498486
  3.00000000   0.10000000   595.9681702342
  3.10000000   0.10000000   598.1800459422
  3.20000000   0.10000000   602.1412691380
  3.30000000   0.10000000   611.3006985174
  3.40000000   0.10000000   573.3958721148
  3.50000000   0.10000000   400.0000000000

  0.00000000   0.20000000   400.0000000000
  0.10000000   0.20000000   546.8006987212
  0.20000000   0.20000000   605.2013238250
  0.30000000   0.20000000   599.1374735788
  0.40000000   0.20000000   594.6809220872
  0.50000000   0.20000000   591.3401262016
  0.60000000   0.20000000   588.6614434084
  0.70000000   0.20000000   586.3925041825
  0.80000000   0.20000000   584.4082745664
  0.90000000   0.20000000   582.6498657942
  1.00000000   0.20000000   581.0912148801
  1.10000000   0.20000000   579.7224279035
  1.20000000   0.20000000   578.5415035334
  1.30000000   0.20000000   577.5501228831
  1.40000000   0.20000000   576.7514318181
  1.50000000   0.20000000   576.1488292143
  1.60000000   0.20000000   575.7452847570
  1.70000000   0.20000000   575.5429509082
  1.80000000   0.20000000   575.5429509082
  1.90000000   0.20000000   575.7452847570
  2.00000000   0.20000000   576.1488292143
  2.10000000   0.20000000   576.7514318181
  2.20000000   0.20000000   577.5501228831
  2.30000000   0.20000000   578.5415035334
  2.40000000   0.20000000   579.7224279035
  2.50000000   0.20000000   581.0912148801
  2.60000000   0.20000000   582.6498657942
  2.70000000   0.20000000   584.4082745664
  2.80000000   0.20000000   586.3925041825
  2.90000000   0.20000000   588.6614434084
  3.00000000   0.20000000   591.3401262016
  3.10000000   0.20000000   594.6809220872
  3.20000000   0.20000000   599.1374735788
  3.30000000   0.20000000   605.2013238250
  3.40000000   0.20000000   546.8006987212
  3.50000000   0.20000000   400.0000000000

  0.00000000   0.30000000   400.0000000000
  0.10000000   0.30000000   537.6412699367
  0.20000000   0.30000000   599.1374745651
  0.30000000   0.30000000   594.6322273237
  0.40000000   0.30000000   590.2058236670
  0.50000000   0.30000000   586.2225421083
  0.60000000   0.30000000   582.6779517445
  0.70000000   0.30000000   579.5045986673
  0.80000000   0.30000000   576.6490356090
  0.90000000   0.30000000   574.0807424222
  1.00000000   0.30000000   571.7862397732
  1.10000000   0.30000000   569.7624865125
  1.20000000   0.30000000   568.0121494818
  1.30000000   0.30000000   566.5405847136
  1.40000000   0.30000000   565.3539775251
  1.50000000   0.30000000   564.4582040559
  1.60000000   0.30000000   563.8581344353
  1.70000000   0.30000000   563.5572116364
  1.80000000   0.30000000   563.5572116364
  1.90000000   0.30000000   563.8581344353
  2.00000000   0.30000000   564.4582040559
  2.10000000   0.30000000   565.3539775251
  2.20000000   0.30000000   566.5405847136
  2.30000000   0.30000000   568.0121494818
  2.40000000   0.30000000   569.7624865125
  2.50000000   0.30000000   571.7862397732
  2.60000000   0.30000000   574.0807424222
  2.70000000   0.30000000   576.6490356090
  2.80000000   0.30000000   579.5045986673
  2.90000000   0.30000000   582.6779517445
  3.00000000   0.30000000   586.2225421083
  3.10000000   0.30000000   590.2058236670
  3.20000000   0.30000000   594.6322273237
  3.30000000   0.30000000   599.1374745651
  3.40000000   0.30000000   537.6412699367
  3.50000000   0.30000000   400.0000000000

  0.00000000   0.40000000   400.0000000000
  0.10000000   0.40000000   533.6800478831
  0.20000000   0.40000000   594.6809251547
  0.30000000   0.40000000   590.2058262963
  0.40000000   0.40000000   585.4958441529
  0.50000000   0.40000000   580.9233602055
  0.60000000   0.40000000   576.6270729373
  0.70000000   0.40000000   572.6470373188
  0.80000000   0.40000000   568.9921170058
  0.90000000   0.40000000   565.6657160615
  1.00000000   0.40000000   562.6732377359
  1.10000000   0.40000000   560.0229492693
  1.20000000   0.40000000   557.7249608145
  1.30000000   0.40000000   555.7899519564
  1.40000000   0.40000000   554.2281082323
  1.50000000   0.40000000   553.0483367009
  1.60000000   0.40000000   552.2577211235
  1.70000000   0.40000000   551.8611625853
  1.80000000   0.40000000   551.8611625853
  1.90000000   0.40000000   552.2577211235
  2.00000000   0.40000000   553.0483367009
  2.10000000   0.40000000   554.2281082323
  2.20000000   0.40000000   555.7899519564
  2.30000000   0.40000000   557.7249608145
  2.40000000   0.40000000   560.0229492693
  2.50000000   0.40000000   562.6732377359
  2.60000000   0.40000000   565.6657160615
  2.70000000   0.40000000   568.9921170058
  2.80000000   0.40000000   572.6470373188
  2.90000000   0.40000000   576.6270729373
  3.00000000   0.40000000   580.9233602055
  3.10000000   0.40000000   585.4958441529
  3.20000000   0.40000000   590.2058262963
  3.30000000   0.40000000   594.6809251547
  3.40000000   0.40000000   533.6800478831
  3.50000000   0.40000000   400.0000000000

  0.00000000   0.50000000   400.0000000000
  0.10000000   0.50000000   531.4681739761
  0.20000000   0.50000000   591.3401326690
  0.30000000   0.50000000   586.2225493476
  0.40000000   0.50000000   580.9233654787
  0.50000000   0.50000000   575.6874941620
  0.60000000   0.50000000   570.6612010784
  0.70000000   0.50000000   565.9240998993
  0.80000000   0.50000000   561.5211642972
  0.90000000   0.50000000   557.4818270314
  1.00000000   0.50000000   553.8291080752
  1.10000000   0.50000000   550.5832415408
  1.20000000   0.50000000   547.7627325983
  1.30000000   0.50000000   545.3843688611
  1.40000000   0.50000000   543.4628858607
  1.50000000   0.50000000   542.0105773181
  1.60000000   0.50000000   541.0369574369
  1.70000000   0.50000000   540.5485069301
  1.80000000   0.50000000   540.5485069301
  1.90000000   0.50000000   541.0369574369
  2.00000000   0.50000000   542.0105773181
  2.10000000   0.50000000   543.4628858607
  2.20000000   0.50000000   545.3843688611
  2.30000000   0.50000000   547.7627325983
  2.40000000   0.50000000   550.5832415408
  2.50000000   0.50000000   553.8291080752
  2.60000000   0.50000000   557.4818270314
  2.70000000   0.50000000   561.5211642972
  2.80000000   0.50000000   565.9240998993
  2.90000000   0.50000000   570.6612010784
  3.00000000   0.50000000   575.6874941620
  3.10000000   0.50000000   580.9233654787
  3.20000000   0.50000000   586.2225493476
  3.30000000   0.50000000   591.3401326690
  3.40000000   0.50000000   531.4681739761
  3.50000000   0.50000000   400.0000000000

  0.00000000   0.60000000   400.0000000000
  0.10000000   0.60000000   529.9391561082
  0.20000000   0.60000000   588.6614547111
  0.30000000   0.60000000   582.6779657517
  0.40000000   0.60000000   576.6270863684
  0.50000000   0.60000000   570.6612099660
  0.60000000   0.60000000   564.9015286866
  0.70000000   0.60000000   559.4345880902
  0.80000000   0.60000000   554.3217935267
  0.90000000   0.60000000   549.6089391363
  1.00000000   0.60000000   545.3325395481
  1.10000000   0.60000000   541.5232911705
  1.20000000   0.60000000   538.2076855456
  1.30000000   0.60000000   535.4086083876
  1.40000000   0.60000000   533.1454452466
  1.50000000   0.60000000   531.4339807799
  1.60000000   0.60000000   530.2862375963
  1.70000000   0.60000000   529.7103243528
  1.80000000   0.60000000   529.7103243528
  1.90000000   0.60000000   530.2862375963
  2.00000000   0.60000000   531.4339807799
  2.10000000   0.60000000   533.1454452466
  2.20000000   0.60000000   535.4086083876
  2.30000000   0.60000000   538.2076855456
  2.40000000   0.60000000   541.5232911705
  2.50000000   0.60000000   545.3325395481
  2.60000000   0.60000000   549.6089391363
  2.70000000   0.60000000   554.3217935267
  2.80000000   0.60000000   559.4345880902
  2.90000000   0.60000000   564.9015286866
  3.00000000   0.60000000   570.6612099660
  3.10000000   0.60000000   576.6270863684
  3.20000000   0.60000000   582.6779657517
  3.30000000   0.60000000   588.6614547111
  3.40000000   0.60000000   529.9391561082
  3.50000000   0.60000000   400.0000000000

  0.00000000   0.70000000   400.0000000000
  0.10000000   0.70000000   528.7293934357
  0.20000000   0.70000000   586.3925217538
  0.30000000   0.70000000   579.5046216004
  0.40000000   0.70000000   572.6470617990
  0.50000000   0.70000000   565.9241213067
  0.60000000   0.70000000   559.4346013560
  0.70000000   0.70000000   553.2617464102
  0.80000000   0.70000000   547.4731798974
  0.90000000   0.70000000   542.1240883939
  1.00000000   0.70000000   537.2604347035
  1.10000000   0.70000000   532.9212351088
  1.20000000   0.70000000   529.1398989802
  1.30000000   0.70000000   525.9448973733
  1.40000000   0.70000000   523.3600241961
  1.50000000   0.70000000   521.4044403155
  1.60000000   0.70000000   520.0926206281
  1.70000000   0.70000000   519.4342739450
  1.80000000   0.70000000   519.4342739450
  1.90000000   0.70000000   520.0926206281
  2.00000000   0.70000000   521.4044403155
  2.10000000   0.70000000   523.3600241961
  2.20000000   0.70000000   525.9448973733
  2.30000000   0.70000000   529.1398989802
  2.40000000   0.70000000   532.9212351088
  2.50000000   0.70000000   537.2604347035
  2.60000000   0.70000000   542.1240883939
  2.70000000   0.70000000   547.4731798974
  2.80000000   0.70000000   553.2617464102
  2.90000000   0.70000000   559.4346013560
  3.00000000   0.70000000   565.9241213067
  3.10000000   0.70000000   572.6470617990
  3.20000000   0.70000000   579.5046216004
  3.30000000   0.70000000   586.3925217538
  3.40000000   0.70000000   528.7293934357
  3.50000000   0.70000000   400.0000000000

  0.00000000   0.80000000   400.0000000000
  0.10000000   0.80000000   527.7032171385
  0.20000000   0.80000000   584.4082997157
  0.30000000   0.80000000   576.6490694454
  0.40000000   0.80000000   568.9921551934
  0.50000000   0.80000000   561.5212015779
  0.60000000   0.80000000   554.3218241195
  0.70000000   0.80000000   547.4731979398
  0.80000000   0.80000000   541.0451959896
  0.90000000   0.80000000   535.0984540838
  1.00000000   0.80000000   529.6854354748
  1.10000000   0.80000000   524.8515305378
  1.20000000   0.80000000   520.6358599449
  1.30000000   0.80000000   517.0717525034
  1.40000000   0.80000000   514.1869740845
  1.50000000   0.80000000   512.0037986066
  1.60000000   0.80000000   510.5389950343
  1.70000000   0.80000000   509.8037819026
  1.80000000   0.80000000   509.8037819026
  1.90000000   0.80000000   510.5389950343
  2.00000000   0.80000000   512.0037986066
  2.10000000   0.80000000   514.1869740845
  2.20000000   0.80000000   517.0717525034
  2.30000000   0.80000000   520.6358599449
  2.40000000   0.80000000   524.8515305378
  2.50000000   0.80000000   529.6854354748
  2.60000000   0.80000000   535.0984540838
  2.70000000   0.80000000   541.0451959896
  2.80000000   0.80000000   547.4731979398
  2.90000000   0.80000000   554.3218241195
  3.00000000   0.80000000   561.5212015779
  3.10000000   0.80000000   568.9921551934
  3.20000000   0.80000000   576.6490694454
  3.30000000   0.80000000   584.4082997157
  3.40000000   0.80000000   527.7032171385
  3.50000000   0.80000000   400.0000000000

  0.00000000   0.90000000   400.0000000000
  0.10000000   0.90000000   526.8064671329
  0.20000000   0.90000000   582.6498995925
  0.30000000   0.90000000   574.0807887866
  0.40000000   0.90000000   565.6657701547
  0.50000000   0.90000000   557.4818829794
  0.60000000   0.90000000   549.6089904674
  0.70000000   0.90000000   542.1241285250
  0.80000000   0.90000000   535.0984768180
  0.90000000   0.90000000   528.5962387671
  1.00000000   0.90000000   522.6745280768
  1.10000000   0.90000000   517.3836276887
  1.20000000   0.90000000   512.7672897565
  1.30000000   0.90000000   508.8629499494
  1.40000000   0.90000000   505.7018361209
  1.50000000   0.90000000   503.3089945182
  1.60000000   0.90000000   501.7032669353
  1.70000000   0.90000000   500.8972485813
  1.80000000   0.90000000   500.8972485813
  1.90000000   0.90000000   501.7032669353
  2.00000000   0.90000000   503.3089945182
  2.10000000   0.90000000   505.7018361209
  2.20000000   0.90000000   508.8629499494
  2.30000000   0.90000000   512.7672897565
  2.40000000   0.90000000   517.3836276887
  2.50000000   0.90000000   522.6745280768
  2.60000000   0.90000000   528.5962387671
  2.70000000   0.90000000   535.0984768180
  2.80000000   0.90000000   542.1241285250
  2.90000000   0.90000000   549.6089904674
  3.00000000   0.90000000   557.4818829794
  3.10000000   0.90000000   565.6657701547
  3.20000000   0.90000000   574.0807887866
  3.30000000   0.90000000   582.6498995925
  3.40000000   0.90000000   526.8064671329
  3.50000000   0.90000000   400.0000000000

  0.00000000   1.00000000   400.0000000000
  0.10000000   1.00000000   526.0169494672
  0.20000000   1.00000000   581.0912580589
  0.30000000   1.00000000   571.7862997879
  0.40000000   1.00000000   562.6733092746
  0.50000000   1.00000000   553.8291846792
  0.60000000   1.00000000   545.3326140876
  0.70000000   1.00000000   537.2604999046
  0.80000000   1.00000000   529.6854844590
  0.90000000   1.00000000   522.6745548745
  1.00000000   1.00000000   516.2883922898
  1.10000000   1.00000000   510.5811272074
  1.20000000   1.00000000   505.6002678066
  1.30000000   1.00000000   501.3866746828
  1.40000000   1.00000000   497.9745293163
  1.50000000   1.00000000   495.3912846368
  1.60000000   1.00000000   493.6576044712
  1.70000000   1.00000000   492.7873041953
  1.80000000   1.00000000   492.7873041953
  1.90000000   1.00000000   493.6576044712
  2.00000000   1.00000000   495.3912846368
  2.10000000   1.00000000   497.9745293163
  2.20000000   1.00000000   501.3866746828
  2.30000000   1.00000000   505.6002678066
  2.40000000   1.00000000   510.5811272074
  2.50000000   1.00000000   516.2883922898
  2.60000000   1.00000000   522.6745548745
  2.70000000   1.00000000   529.6854844590
  2.80000000   1.00000000   537.2604999046
  2.90000000   1.00000000   545.3326140876
  3.00000000   1.00000000   553.8291846792
  3.10000000   1.00000000   562.6733092746
  3.20000000   1.00000000   571.7862997879
  3.30000000   1.00000000   581.0912580589
  3.40000000   1.00000000   526.0169494672
  3.50000000   1.00000000   400.0000000000

  0.00000000   1.10000000   400.0000000000
  0.10000000   1.10000000   525.3260094098
  0.20000000   1.10000000   579.7224807773
  0.30000000   1.10000000   569.7625606806
  0.40000000   1.10000000   560.0230389802
  0.50000000   1.10000000   550.5833397927
  0.60000000   1.10000000   541.5233902198
  0.70000000   1.10000000   532.9213270341
  0.80000000   1.10000000   524.8516078169
  0.90000000   1.10000000   517.3836837480
  1.00000000   1.10000000   510.5811569037
  1.10000000   1.10000000   504.5012713542
  1.20000000   1.10000000   499.1946015910
  1.30000000   1.10000000   494.7048447363
  1.40000000   1.10000000   491.0686639379
  1.50000000   1.10000000   488.3155592444
  1.60000000   1.10000000   486.4677590898
  1.70000000   1.10000000   485.5401335956
  1.80000000   1.10000000   485.5401335956
  1.90000000   1.10000000   486.4677590898
  2.00000000   1.10000000   488.3155592444
  2.10000000   1.10000000   491.0686639379
  2.20000000   1.10000000   494.7048447363
  2.30000000   1.10000000   499.1946015910
  2.40000000   1.10000000   504.5012713542
  2.50000000   1.10000000   510.5811569037
  2.60000000   1.10000000   517.3836837480
  2.70000000   1.10000000   524.8516078169
  2.80000000   1.10000000   532.9213270341
  2.90000000   1.10000000   541.5233902198
  3.00000000   1.10000000   550.5833397927
  3.10000000   1.10000000   560.0230389802
  3.20000000   1.10000000   569.7625606806
  3.30000000   1.10000000   579.7224807773
  3.40000000   1.10000000   525.3260094098
  3.50000000   1.10000000   400.0000000000

  0.00000000   1.20000000   400.0000000000
  0.10000000   1.20000000   524.7310238084
  0.20000000   1.20000000   578.5415659488
  0.30000000   1.20000000   568.0122376120
  0.40000000   1.20000000   557.7250685114
  0.50000000   1.20000000   547.7628523688
  0.60000000   1.20000000   538.2078090897
  0.70000000   1.20000000   529.1400177863
  0.80000000   1.20000000   520.6359659005
  0.90000000   1.20000000   512.7673757288
  1.00000000   1.20000000   505.6003281527
  1.10000000   1.20000000   499.1946325606
  1.20000000   1.20000000   493.6033745280
  1.30000000   1.20000000   488.8725827182
  1.40000000   1.20000000   485.0409746418
  1.50000000   1.20000000   482.1397576341
  1.60000000   1.20000000   480.1924733762
  1.70000000   1.20000000   479.2148815063
  1.80000000   1.20000000   479.2148815063
  1.90000000   1.20000000   480.1924733762
  2.00000000   1.20000000   482.1397576341
  2.10000000   1.20000000   485.0409746418
  2.20000000   1.20000000   488.8725827182
  2.30000000   1.20000000   493.6033745280
  2.40000000   1.20000000   499.1946325606
  2.50000000   1.20000000   505.6003281527
  2.60000000   1.20000000   512.7673757288
  2.70000000   1.20000000   520.6359659005
  2.80000000   1.20000000   529.1400177863
  2.90000000   1.20000000   538.2078090897
  3.00000000   1.20000000   547.7628523688
  3.10000000   1.20000000   557.7250685114
  3.20000000   1.20000000   568.0122376120
  3.30000000   1.20000000   578.5415659488
  3.40000000   1.20000000   524.7310238084
  3.50000000   1.20000000   400.0000000000

  0.00000000   1.30000000   400.0000000000
  0.10000000   1.30000000   524.2320744876
  0.20000000   1.30000000   577.5501942008
  0.30000000   1.30000000   566.5406858927
  0.40000000   1.30000000   555.7900765031
  0.50000000   1.30000000   545.3845088537
  0.60000000   1.30000000   535.4087550390
  0.70000000   1.30000000   525.9450416536
  0.80000000   1.30000000   517.0718857785
  0.90000000   1.30000000   508.8630645889
  1.00000000   1.30000000   501.3867645942
  1.10000000   1.30000000   494.7049057868
  1.20000000   1.30000000   488.8726130133
  1.30000000   1.30000000   483.9378028023
  1.40000000   1.30000000   479.9408590685
  1.50000000   1.30000000   476.9143789511
  1.60000000   1.30000000   474.8829771470
  1.70000000   1.30000000   473.8631423011
  1.80000000   1.30000000   473.8631423011
  1.90000000   1.30000000   474.8829771470
  2.00000000   1.30000000   476.9143789511
  2.10000000   1.30000000   479.9408590685
  2.20000000   1.30000000   483.9378028023
  2.30000000   1.30000000   488.8726130133
  2.40000000   1.30000000   494.7049057868
  2.50000000   1.30000000   501.3867645942
  2.60000000   1.30000000   508.8630645889
  2.70000000   1.30000000   517.0718857785
  2.80000000   1.30000000   525.9450416536
  2.90000000   1.30000000   535.4087550390
  3.00000000   1.30000000   545.3845088537
  3.10000000   1.30000000   555.7900765031
  3.20000000   1.30000000   566.5406858927
  3.30000000   1.30000000   577.5501942008
  3.40000000   1.30000000   524.2320744876
  3.50000000   1.30000000   400.0000000000

  0.00000000   1.40000000   400.0000000000
  0.10000000   1.40000000   523.8303600913
  0.20000000   1.40000000   576.7515109279
  0.30000000   1.40000000   565.3540901395
  0.40000000   1.40000000   554.2282475709
  0.50000000   1.40000000   543.4630436456
  0.60000000   1.40000000   533.1456122845
  0.70000000   1.40000000   523.3601910240
  0.80000000   1.40000000   514.1871316305
  0.90000000   1.40000000   505.7019763345
  1.00000000   1.40000000   497.9746457217
  1.10000000   1.40000000   491.0687520721
  1.20000000   1.40000000   485.0410323440
  1.30000000   1.40000000   479.9408866028
  1.40000000   1.40000000   475.8100065206
  1.50000000   1.40000000   472.6820809337
  1.60000000   1.40000000   470.5825688544
  1.70000000   1.40000000   469.5285335176
  1.80000000   1.40000000   469.5285335176
  1.90000000   1.40000000   470.5825688544
  2.00000000   1.40000000   472.6820809337
  2.10000000   1.40000000   475.8100065206
  2.20000000   1.40000000   479.9408866028
  2.30000000   1.40000000   485.0410323440
  2.40000000   1.40000000   491.0687520721
  2.50000000   1.40000000   497.9746457217
  2.60000000   1.40000000   505.7019763345
  2.70000000   1.40000000   514.1871316305
  2.80000000   1.40000000   523.3601910240
  2.90000000   1.40000000   533.1456122845
  3.00000000   1.40000000   543.4630436456
  3.10000000   1.40000000   554.2282475709
  3.20000000   1.40000000   565.3540901395
  3.30000000   1.40000000   576.7515109279
  3.40000000   1.40000000   523.8303600913
  3.50000000   1.40000000   400.0000000000

  0.00000000   1.50000000   400.0000000000
  0.10000000   1.50000000   523.5273881103
  0.20000000   1.50000000   576.1489145824
  0.30000000   1.50000000   564.4583258629
  0.40000000   1.50000000   553.0484879449
  0.50000000   1.50000000   542.0107494457
  0.60000000   1.50000000   531.4341642836
  0.70000000   1.50000000   521.4046253958
  0.80000000   1.50000000   512.0039758507
  0.90000000   1.50000000   503.3091555467
  1.00000000   1.50000000   495.3914226723
  1.10000000   1.50000000   488.3156695611
  1.20000000   1.50000000   482.1398378563
  1.30000000   1.50000000   476.9144291797
  1.40000000   1.50000000   472.6821036914
  1.50000000   1.50000000   469.4773582960
  1.60000000   1.50000000   467.3262772648
  1.70000000   1.50000000   466.2463496654
  1.80000000   1.50000000   466.2463496654
  1.90000000   1.50000000   467.3262772648
  2.00000000   1.50000000   469.4773582960
  2.10000000   1.50000000   472.6821036914
  2.20000000   1.50000000   476.9144291797
  2.30000000   1.50000000   482.1398378563
  2.40000000   1.50000000   488.3156695611
  2.50000000   1.50000000   495.3914226723
  2.60000000   1.50000000   503.3091555467
  2.70000000   1.50000000   512.0039758507
  2.80000000   1.50000000   521.4046253958
  2.90000000   1.50000000   531.4341642836
  3.00000000   1.50000000   542.0107494457
  3.10000000   1.50000000   553.0484879449
  3.20000000   1.50000000   564.4583258629
  3.30000000   1.50000000   576.1489145824
  3.40000000   1.50000000   523.5273881103
  3.50000000   1.50000000   400.0000000000

  0.00000000   1.60000000   400.0000000000
  0.10000000   1.60000000   523.3245431784
  0.20000000   1.60000000   575.7453745032
  0.30000000   1.60000000   563.8582626769
  0.40000000   1.60000000   552.2578807078
  0.50000000   1.60000000   541.0371396227
  0.60000000   1.60000000   530.2864326619
  0.70000000   1.60000000   520.0928185440
  0.80000000   1.60000000   510.5391861541
  0.90000000   1.60000000   501.7034426537
  1.00000000   1.60000000   493.6577578023
  1.10000000   1.60000000   486.4678851255
  1.20000000   1.60000000   480.1925695897
  1.30000000   1.60000000   474.8830435227
  1.40000000   1.60000000   470.5826078330
  1.50000000   1.60000000   467.3262935095
  1.60000000   1.60000000   465.1405980301
  1.70000000   1.60000000   464.0432919409
  1.80000000   1.60000000   464.0432919409
  1.90000000   1.60000000   465.1405980301
  2.00000000   1.60000000   467.3262935095
  2.10000000   1.60000000   470.5826078330
  2.20000000   1.60000000   474.8830435227
  2.30000000   1.60000000   480.1925695897
  2.40000000   1.60000000   486.4678851255
  2.50000000   1.60000000   493.6577578023
  2.60000000   1.60000000   501.7034426537
  2.70000000   1.60000000   510.5391861541
  2.80000000   1.60000000   520.0928185440
  2.90000000   1.60000000   530.2864326619
  3.00000000   1.60000000   541.0371396227
  3.10000000   1.60000000   552.2578807078
  3.20000000   1.60000000   563.8582626769
  3.30000000   1.60000000   575.7453745032
  3.40000000   1.60000000   523.3245431784
  3.50000000   1.60000000   400.0000000000

  0.00000000   1.70000000   400.0000000000
  0.10000000   1.70000000   523.2228506321
  0.20000000   1.70000000   575.5430429070
  0.30000000   1.70000000   563.5573431898
  0.40000000   1.70000000   551.8613264643
  0.50000000   1.70000000   540.5486942983
  0.60000000   1.70000000   529.7105253797
  0.70000000   1.70000000   519.4344784847
  0.80000000   1.70000000   509.8039801899
  0.90000000   1.70000000   500.8974318957
  1.00000000   1.70000000   492.7874654448
  1.10000000   1.70000000   485.5402677782
  1.20000000   1.70000000   479.2149860175
  1.30000000   1.70000000   473.8632170647
  1.40000000   1.70000000   469.5285809308
  1.50000000   1.70000000   466.2463743639
  1.60000000   1.70000000   464.0433003997
  1.70000000   1.70000000   462.9372696125
  1.80000000   1.70000000   462.9372696125
  1.90000000   1.70000000   464.0433003997
  2.00000000   1.70000000   466.2463743639
  2.10000000   1.70000000   469.5285809308
  2.20000000   1.70000000   473.8632170647
  2.30000000   1.70000000   479.2149860175
  2.40000000   1.70000000   485.5402677782
  2.50000000   1.70000000   492.7874654448
  2.60000000   1.70000000   500.8974318957
  2.70000000   1.70000000   509.8039801899
  2.80000000   1.70000000   519.4344784847
  2.90000000   1.70000000   529.7105253797
  3.00000000   1.70000000   540.5486942983
  3.10000000   1.70000000   551.8613264643
  3.20000000   1.70000000   563.5573431898
  3.30000000   1.70000000   575.5430429070
  3.40000000   1.70000000   523.2228506321
  3.50000000   1.70000000   400.0000000000

  0.00000000   1.80000000   400.0000000000
  0.10000000   1.80000000   523.2228506321
  0.20000000   1.80000000   575.5430429070
  0.30000000   1.80000000   563.5573431898
  0.40000000   1.80000000   551.8613264643
  0.50000000   1.80000000   540.5486942983
  0.60000000   1.80000000   529.7105253797
  0.70000000   1.80000000   519.4344784847
  0.80000000   1.80000000   509.8039801899
  0.90000000   1.80000000   500.8974318957
  1.00000000   1.80000000   492.7874654448
  1.10000000   1.80000000   485.5402677782
  1.20000000   1.80000000   479.2149860175
  1.30000000   1.80000000   473.8632170647
  1.40000000   1.80000000   469.5285809308
  1.50000000   1.80000000   466.2463743639
  1.60000000   1.80000000   464.0433003997
  1.70000000   1.80000000   462.9372696125
  1.80000000   1.80000000   462.9372696125
  1.90000000   1.80000000   464.0433003997
  2.00000000   1.80000000   466.2463743639
  2.10000000   1.80000000   469.5285809308
  2.20000000   1.80000000   473.8632170647
  2.30000000   1.80000000   479.2149860175
  2.40000000   1.80000000   485.5402677782
  2.50000000   1.80000000   492.7874654448
  2.60000000   1.80000000   500.8974318957
  2.70000000   1.80000000   509.8039801899
  2.80000000   1.80000000   519.4344784847
  2.90000000   1.80000000   529.7105253797
  3.00000000   1.80000000   540.5486942983
  3.10000000   1.80000000   551.8613264643
  3.20000000   1.80000000   563.5573431898
  3.30000000   1.80000000   575.5430429070
  3.40000000   1.80000000   523.2228506321
  3.50000000   1.80000000   400.0000000000

  0.00000000   1.90000000   400.0000000000
  0.10000000   1.90000000   523.3245431784
  0.20000000   1.90000000   575.7453745032
  0.30000000   1.90000000   563.8582626769
  0.40000000   1.90000000   552.2578807078
  0.50000000   1.90000000   541.0371396227
  0.60000000   1.90000000   530.2864326619
  0.70000000   1.90000000   520.0928185440
  0.80000000   1.90000000   510.5391861541
  0.90000000   1.90000000   501.7034426537
  1.00000000   1.90000000   493.6577578023
  1.10000000   1.90000000   486.4678851255
  1.20000000   1.90000000   480.1925695897
  1.30000000   1.90000000   474.8830435227
  1.40000000   1.90000000   470.5826078330
  1.50000000   1.90000000   467.3262935095
  1.60000000   1.90000000   465.1405980301
  1.70000000   1.90000000   464.0432919409
  1.80000000   1.90000000   464.0432919409
  1.90000000   1.90000000   465.1405980301
  2.00000000   1.90000000   467.3262935095
  2.10000000   1.90000000   470.5826078330
  2.20000000   1.90000000   474.8830435227
  2.30000000   1.90000000   480.1925695897
  2.40000000   1.90000000   486.4678851255
  2.50000000   1.90000000   493.6577578023
  2.60000000   1.90000000   501.7034426537
  2.70000000   1.90000000   510.5391861541
  2.80000000   1.90000000   520.0928185440
  2.90000000   1.90000000   530.2864326619
  3.00000000   1.90000000   541.0371396227
  3.10000000   1.90000000   552.2578807078
  3.20000000   1.90000000   563.8582626769
  3.30000000   1.90000000   575.7453745032
  3.40000000   1.90000000   523.3245431784
  3.50000000   1.90000000   400.0000000000

  0.00000000   2.00000000   400.0000000000
  0.10000000   2.00000000   523.5273881103
  0.20000000   2.00000000   576.1489145824
  0.30000000   2.00000000   564.4583258629
  0.40000000   2.00000000   553.0484879449
  0.50000000   2.00000000   542.0107494457
  0.60000000   2.00000000   531.4341642836
  0.70000000   2.00000000   521.4046253958
  0.80000000   2.00000000   512.0039758507
  0.90000000   2.00000000   503.3091555467
  1.00000000   2.00000000   495.3914226723
  1.10000000   2.00000000   488.3156695611
  1.20000000   2.00000000   482.1398378563
  1.30000000   2.00000000   476.9144291797
  1.40000000   2.00000000   472.6821036914
  1.50000000   2.00000000   469.4773582960
  1.60000000   2.00000000   467.3262772648
  1.70000000   2.00000000   466.2463496654
  1.80000000   2.00000000   466.2463496654
  1.90000000   2.00000000   467.3262772648
  2.00000000   2.00000000   469.4773582960
  2.10000000   2.00000000   472.6821036914
  2.20000000   2.00000000   476.9144291797
  2.30000000   2.00000000   482.1398378563
  2.40000000   2.00000000   488.3156695611
  2.50000000   2.00000000   495.3914226723
  2.60000000   2.00000000   503.3091555467
  2.70000000   2.00000000   512.0039758507
  2.80000000   2.00000000   521.4046253958
  2.90000000   2.00000000   531.4341642836
  3.00000000   2.00000000   542.0107494457
  3.10000000   2.00000000   553.0484879449
  3.20000000   2.00000000   564.4583258629
  3.30000000   2.00000000   576.1489145824
  3.40000000   2.00000000   523.5273881103
  3.50000000   2.00000000   400.0000000000

  0.00000000   2.10000000   400.0000000000
  0.10000000   2.10000000   523.8303600913
  0.20000000   2.10000000   576.7515109279
  0.30000000   2.10000000   565.3540901395
  0.40000000   2.10000000   554.2282475709
  0.50000000   2.10000000   543.4630436456
  0.60000000   2.10000000   533.1456122845
  0.70000000   2.10000000   523.3601910240
  0.80000000   2.10000000   514.1871316305
  0.90000000   2.10000000   505.7019763345
  1.00000000   2.10000000   497.9746457217
  1.10000000   2.10000000   491.0687520721
  1.20000000   2.10000000   485.0410323440
  1.30000000   2.10000000   479.9408866028
  1.40000000   2.10000000   475.8100065206
  1.50000000   2.10000000   472.6820809337
  1.60000000   2.10000000   470.5825688544
  1.70000000   2.10000000   469.5285335176
  1.80000000   2.10000000   469.5285335176
  1.90000000   2.10000000   470.5825688544
  2.00000000   2.10000000   472.6820809337
  2.10000000   2.10000000   475.8100065206
  2.20000000   2.10000000   479.9408866028
  2.30000000   2.10000000   485.0410323440
  2.40000000   2.10000000   491.0687520721
  2.50000000   2.10000000   497.9746457217
  2.60000000   2.10000000   505.7019763345
  2.70000000   2.10000000   514.1871316305
  2.80000000   2.10000000   523.3601910240
  2.90000000   2.10000000   533.1456122845
  3.00000000   2.10000000   543.4630436456
  3.10000000   2.10000000   554.2282475709
  3.20000000   2.10000000   565.3540901395
  3.30000000   2.10000000   576.7515109279
  3.40000000   2.10000000   523.8303600913
  3.50000000   2.10000000   400.0000000000

  0.00000000   2.20000000   400.0000000000
  0.10000000   2.20000000   524.2320744876
  0.20000000   2.20000000   577.5501942008
  0.30000000   2.20000000   566.5406858927
  0.40000000   2.20000000   555.7900765031
  0.50000000   2.20000000   545.3845088537
  0.60000000   2.20000000   535.4087550390
  0.70000000   2.20000000   525.9450416536
  0.80000000   2.20000000   517.0718857785
  0.90000000   2.20000000   508.8630645889
  1.00000000   2.20000000   501.3867645942
  1.10000000   2.20000000   494.7049057868
  1.20000000   2.20000000   488.8726130133
  1.30000000   2.20000000   483.9378028023
  1.40000000   2.20000000   479.9408590685
  1.50000000   2.20000000   476.9143789511
  1.60000000   2.20000000   474.8829771470
  1.70000000   2.20000000   473.8631423011
  1.80000000   2.20000000   473.8631423011
  1.90000000   2.20000000   474.8829771470
  2.00000000   2.20000000   476.9143789511
  2.10000000   2.20000000   479.9408590685
  2.20000000   2.20000000   483.9378028023
  2.30000000   2.20000000   488.8726130133
  2.40000000   2.20000000   494.7049057868
  2.50000000   2.20000000   501.3867645942
  2.60000000   2.20000000   508.8630645889
  2.70000000   2.20000000   517.0718857785
  2.80000000   2.20000000   525.9450416536
  2.90000000   2.20000000   535.4087550390
  3.00000000   2.20000000   545.3845088537
  3.10000000   2.20000000   555.7900765031
  3.20000000   2.20000000   566.5406858927
  3.30000000   2.20000000   577.5501942008
  3.40000000   2.20000000   524.2320744876
  3.50000000   2.20000000   400.0000000000

  0.00000000   2.30000000   400.0000000000
  0.10000000   2.30000000   524.7310238084
  0.20000000   2.30000000   578.5415659488
  0.30000000   2.30000000   568.0122376120
  0.40000000   2.30000000   557.7250685114
  0.50000000   2.30000000   547.7628523688
  0.60000000   2.30000000   538.2078090897
  0.70000000   2.30000000   529.1400177863
  0.80000000   2.30000000   520.6359659005
  0.90000000   2.30000000   512.7673757288
  1.00000000   2.30000000   505.6003281527
  1.10000000   2.30000000   499.1946325606
  1.20000000   2.30000000   493.6033745280
  1.30000000   2.30000000   488.8725827182
  1.40000000   2.30000000   485.0409746418
  1.50000000   2.30000000   482.1397576341
  1.60000000   2.30000000   480.1924733762
  1.70000000   2.30000000   479.2148815063
  1.80000000   2.30000000   479.2148815063
  1.90000000   2.30000000   480.1924733762
  2.00000000   2.30000000   482.1397576341
  2.10000000   2.30000000   485.0409746418
  2.20000000   2.30000000   488.8725827182
  2.30000000   2.30000000   493.6033745280
  2.40000000   2.30000000   499.1946325606
  2.50000000   2.30000000   505.6003281527
  2.60000000   2.30000000   512.7673757288
  2.70000000   2.30000000   520.6359659005
  2.80000000   2.30000000   529.1400177863
  2.90000000   2.30000000   538.2078090897
  3.00000000   2.30000000   547.7628523688
  3.10000000   2.30000000   557.7250685114
  3.20000000   2.30000000   568.0122376120
  3.30000000   2.30000000   578.5415659488
  3.40000000   2.30000000   524.7310238084
  3.50000000   2.30000000   400.0000000000

  0.00000000   2.40000000   400.0000000000
  0.10000000   2.40000000   525.3260094098
  0.20000000   2.40000000   579.7224807773
  0.30000000   2.40000000   569.7625606806
  0.40000000   2.40000000   560.0230389802
  0.50000000   2.40000000   550.5833397927
  0.60000000   2.40000000   541.5233902198
  0.70000000   2.40000000   532.9213270341
  0.80000000   2.40000000   524.8516078169
  0.90000000   2.40000000   517.3836837480
  1.00000000   2.40000000   510.5811569037
  1.10000000   2.40000000   504.5012713542
  1.20000000   2.40000000   499.1946015910
  1.30000000   2.40000000   494.7048447363
  1.40000000   2.40000000   491.0686639379
  1.50000000   2.40000000   488.3155592444
  1.60000000   2.40000000   486.4677590898
  1.70000000   2.40000000   485.5401335956
  1.80000000   2.40000000   485.5401335956
  1.90000000   2.40000000   486.4677590898
  2.00000000   2.40000000   488.3155592444
  2.10000000   2.40000000   491.0686639379
  2.20000000   2.40000000   494.7048447363
  2.30000000   2.40000000   499.1946015910
  2.40000000   2.40000000   504.5012713542
  2.50000000   2.40000000   510.5811569037
  2.60000000   2.40000000   517.3836837480
  2.70000000   2.40000000   524.8516078169
  2.80000000   2.40000000   532.9213270342
  2.90000000   2.40000000   541.5233902198
  3.00000000   2.40000000   550.5833397927
  3.10000000   2.40000000   560.0230389802
  3.20000000   2.40000000   569.7625606806
  3.30000000   2.40000000   579.7224807773
  3.40000000   2.40000000   525.3260094098
  3.50000000   2.40000000   400.0000000000

  0.00000000   2.50000000   400.0000000000
  0.10000000   2.50000000   526.0169494672
  0.20000000   2.50000000   581.0912580589
  0.30000000   2.50000000   571.7862997879
  0.40000000   2.50000000   562.6733092746
  0.50000000   2.50000000   553.8291846792
  0.60000000   2.50000000   545.3326140876
  0.70000000   2.50000000   537.2604999046
  0.80000000   2.50000000   529.6854844590
  0.90000000   2.50000000   522.6745548745
  1.00000000   2.50000000   516.2883922898
  1.10000000   2.50000000   510.5811272074
  1.20000000   2.50000000   505.6002678066
  1.30000000   2.50000000   501.3866746828
  1.40000000   2.50000000   497.9745293163
  1.50000000   2.50000000   495.3912846368
  1.60000000   2.50000000   493.6576044712
  1.70000000   2.50000000   492.7873041953
  1.80000000   2.50000000   492.7873041953
  1.90000000   2.50000000   493.6576044712
  2.00000000   2.50000000   495.3912846368
  2.10000000   2.50000000   497.9745293163
  2.20000000   2.50000000   501.3866746828
  2.30000000   2.50000000   505.6002678066
  2.40000000   2.50000000   510.5811272074
  2.50000000   2.50000000   516.2883922898
  2.60000000   2.50000000   522.6745548745
  2.70000000   2.50000000   529.6854844590
  2.80000000   2.50000000   537.2604999046
  2.90000000   2.50000000   545.3326140876
  3.00000000   2.50000000   553.8291846792
  3.10000000   2.50000000   562.6733092746
  3.20000000   2.50000000   571.7862997879
  3.30000000   2.50000000   581.0912580589
  3.40000000   2.50000000   526.0169494672
  3.50000000   2.50000000   400.0000000000

  0.00000000   2.60000000   400.0000000000
  0.10000000   2.60000000   526.8064671329
  0.20000000   2.60000000   582.6498995925
  0.30000000   2.60000000   574.0807887866
  0.40000000   2.60000000   565.6657701547
  0.50000000   2.60000000   557.4818829794
  0.60000000   2.60000000   549.6089904674
  0.70000000   2.60000000   542.1241285250
  0.80000000   2.60000000   535.0984768180
  0.90000000   2.60000000   528.5962387671
  1.00000000   2.60000000   522.6745280768
  1.10000000   2.60000000   517.3836276887
  1.20000000   2.60000000   512.7672897565
  1.30000000   2.60000000   508.8629499494
  1.40000000   2.60000000   505.7018361209
  1.50000000   2.60000000   503.3089945182
  1.60000000   2.60000000   501.7032669353
  1.70000000   2.60000000   500.8972485813
  1.80000000   2.60000000   500.8972485813
  1.90000000   2.60000000   501.7032669353
  2.00000000   2.60000000   503.3089945182
  2.10000000   2.60000000   505.7018361209
  2.20000000   2.60000000   508.8629499494
  2.30000000   2.60000000   512.7672897565
  2.40000000   2.60000000   517.3836276887
  2.50000000   2.60000000   522.6745280768
  2.60000000   2.60000000   528.5962387671
  2.70000000   2.60000000   535.0984768180
  2.80000000   2.60000000   542.1241285250
  2.90000000   2.60000000   549.6089904674
  3.00000000   2.60000000   557.4818829794
  3.10000000   2.60000000   565.6657701547
  3.20000000   2.60000000   574.0807887866
  3.30000000   2.60000000   582.6498995925
  3.40000000   2.60000000   526.8064671329
  3.50000000   2.60000000   400.0000000000

  0.00000000   2.70000000   400.0000000000
  0.10000000   2.70000000   527.7032171385
  0.20000000   2.70000000   584.4082997157
  0.30000000   2.70000000   576.6490694454
  0.40000000   2.70000000   568.9921551934
  0.50000000   2.70000000   561.5212015779
  0.60000000   2.70000000   554.3218241195
  0.70000000   2.70000000   547.4731979398
  0.80000000   2.70000000   541.0451959896
  0.90000000   2.70000000   535.0984540838
  1.00000000   2.70000000   529.6854354748
  1.10000000   2.70000000   524.8515305378
  1.20000000   2.70000000   520.6358599449
  1.30000000   2.70000000   517.0717525034
  1.40000000   2.70000000   514.1869740845
  1.50000000   2.70000000   512.0037986066
  1.60000000   2.70000000   510.5389950343
  1.70000000   2.70000000   509.8037819026
  1.80000000   2.70000000   509.8037819026
  1.90000000   2.70000000   510.5389950343
  2.00000000   2.70000000   512.0037986066
  2.10000000   2.70000000   514.1869740845
  2.20000000   2.70000000   517.0717525034
  2.30000000   2.70000000   520.6358599449
  2.40000000   2.70000000   524.8515305378
  2.50000000   2.70000000   529.6854354748
  2.60000000   2.70000000   535.0984540838
  2.70000000   2.70000000   541.0451959896
  2.80000000   2.70000000   547.4731979398
  2.90000000   2.70000000   554.3218241195
  3.00000000   2.70000000   561.5212015779
  3.10000000   2.70000000   568.9921551934
  3.20000000   2.70000000   576.6490694454
  3.30000000   2.70000000   584.4082997157
  3.40000000   2.70000000   527.7032171385
  3.50000000   2.70000000   400.0000000000

  0.00000000   2.80000000   400.0000000000
  0.10000000   2.80000000   528.7293934357
  0.20000000   2.80000000   586.3925217538
  0.30000000   2.80000000   579.5046216004
  0.40000000   2.80000000   572.6470617990
  0.50000000   2.80000000   565.9241213067
  0.60000000   2.80000000   559.4346013560
  0.70000000   2.80000000   553.2617464102
  0.80000000   2.80000000   547.4731798974
  0.90000000   2.80000000   542.1240883939
  1.00000000   2.80000000   537.2604347035
  1.10000000   2.80000000   532.9212351088
  1.20000000   2.80000000   529.1398989802
  1.30000000   2.80000000   525.9448973733
  1.40000000   2.80000000   523.3600241961
  1.50000000   2.80000000   521.4044403155
  1.60000000   2.80000000   520.0926206281
  1.70000000   2.80000000   519.4342739450
  1.80000000   2.80000000   519.4342739450
  1.90000000   2.80000000   520.0926206281
  2.00000000   2.80000000   521.4044403155
  2.10000000   2.80000000   523.3600241961
  2.20000000   2.80000000   525.9448973733
  2.30000000   2.80000000   529.1398989802
  2.40000000   2.80000000   532.9212351088
  2.50000000   2.80000000   537.2604347035
  2.60000000   2.80000000   542.1240883939
  2.70000000   2.80000000   547.4731798974
  2.80000000   2.80000000   553.2617464102
  2.90000000   2.80000000   559.4346013560
  3.00000000   2.80000000   565.9241213067
  3.10000000   2.80000000   572.6470617990
  3.20000000   2.80000000   579.5046216004
  3.30000000   2.80000000   586.3925217538
  3.40000000   2.80000000   528.7293934357
  3.50000000   2.80000000   400.0000000000

  0.00000000   2.90000000   400.0000000000
  0.10000000   2.90000000   529.9391561082
  0.20000000   2.90000000   588.6614547111
  0.30000000   2.90000000   582.6779657517
  0.40000000   2.90000000   576.6270863684
  0.50000000   2.90000000   570.6612099660
  0.60000000   2.90000000   564.9015286866
  0.70000000   2.90000000   559.4345880902
  0.80000000   2.90000000   554.3217935267
  0.90000000   2.90000000   549.6089391363
  1.00000000   2.90000000   545.3325395481
  1.10000000   2.90000000   541.5232911705
  1.20000000   2.90000000   538.2076855456
  1.30000000   2.90000000   535.4086083876
  1.40000000   2.90000000   533.1454452466
  1.50000000   2.90000000   531.4339807799
  1.60000000   2.90000000   530.2862375963
  1.70000000   2.90000000   529.7103243528
  1.80000000   2.90000000   529.7103243528
  1.90000000   2.90000000   530.2862375963
  2.00000000   2.90000000   531.4339807799
  2.10000000   2.90000000   533.1454452466
  2.20000000   2.90000000   535.4086083876
  2.30000000   2.90000000   538.2076855456
  2.40000000   2.90000000   541.5232911705
  2.50000000   2.90000000   545.3325395481
  2.60000000   2.90000000   549.6089391363
  2.70000000   2.90000000   554.3217935267
  2.80000000   2.90000000   559.4345880902
  2.90000000   2.90000000   564.9015286866
  3.00000000   2.90000000   570.6612099660
  3.10000000   2.90000000   576.6270863684
  3.20000000   2.90000000   582.6779657517
  3.30000000   2.90000000   588.6614547111
  3.40000000   2.90000000   529.9391561082
  3.50000000   2.90000000   400.0000000000

  0.00000000   3.00000000   400.0000000000
  0.10000000   3.00000000   531.4681739761
  0.20000000   3.00000000   591.3401326690
  0.30000000   3.00000000   586.2225493476
  0.40000000   3.00000000   580.9233654787
  0.50000000   3.00000000   575.6874941620
  0.60000000   3.00000000   570.6612010784
  0.70000000   3.00000000   565.9240998993
  0.80000000   3.00000000   561.5211642972
  0.90000000   3.00000000   557.4818270314
  1.00000000   3.00000000   553.8291080752
  1.10000000   3.00000000   550.5832415408
  1.20000000   3.00000000   547.7627325983
  1.30000000   3.00000000   545.3843688611
  1.40000000   3.00000000   543.4628858607
  1.50000000   3.00000000   542.0105773181
  1.60000000   3.00000000   541.0369574369
  1.70000000   3.00000000   540.5485069301
  1.80000000   3.00000000   540.5485069301
  1.90000000   3.00000000   541.0369574369
  2.00000000   3.00000000   542.0105773181
  2.10000000   3.00000000   543.4628858607
  2.20000000   3.00000000   545.3843688611
  2.30000000   3.00000000   547.7627325983
  2.40000000   3.00000000   550.5832415408
  2.50000000   3.00000000   553.8291080752
  2.60000000   3.00000000   557.4818270314
  2.70000000   3.00000000   561.5211642972
  2.80000000   3.00000000   565.9240998993
  2.90000000   3.00000000   570.6612010784
  3.00000000   3.00000000   575.6874941620
  3.10000000   3.00000000   580.9233654787
  3.20000000   3.00000000   586.2225493476
  3.30000000   3.00000000   591.3401326690
  3.40000000   3.00000000   531.4681739761
  3.50000000   3.00000000   400.0000000000

  0.00000000   3.10000000   400.0000000000
  0.10000000   3.10000000   533.6800478831
  0.20000000   3.10000000   594.6809251547
  0.30000000   3.10000000   590.2058262963
  0.40000000   3.10000000   585.4958441529
  0.50000000   3.10000000   580.9233602055
  0.60000000   3.10000000   576.6270729373
  0.70000000   3.10000000   572.6470373188
  0.80000000   3.10000000   568.9921170058
  0.90000000   3.10000000   565.6657160615
  1.00000000   3.10000000   562.6732377359
  1.10000000   3.10000000   560.0229492693
  1.20000000   3.10000000   557.7249608145
  1.30000000   3.10000000   555.7899519564
  1.40000000   3.10000000   554.2281082323
  1.50000000   3.10000000   553.0483367009
  1.60000000   3.10000000   552.2577211235
  1.70000000   3.10000000   551.8611625853
  1.80000000   3.10000000   551.8611625853
  1.90000000   3.10000000   552.2577211235
  2.00000000   3.10000000   553.0483367009
  2.10000000   3.10000000   554.2281082323
  2.20000000   3.10000000   555.7899519564
  2.30000000   3.10000000   557.7249608145
  2.40000000   3.10000000   560.0229492693
  2.50000000   3.10000000   562.6732377359
  2.60000000   3.10000000   565.6657160615
  2.70000000   3.10000000   568.9921170058
  2.80000000   3.10000000   572.6470373188
  2.90000000   3.10000000   576.6270729373
  3.00000000   3.10000000   580.9233602055
  3.10000000   3.10000000   585.4958441529
  3.20000000   3.10000000   590.2058262963
  3.30000000   3.10000000   594.6809251547
  3.40000000   3.10000000   533.6800478831
  3.50000000   3.10000000   400.0000000000

  0.00000000   3.20000000   400.0000000000
  0.10000000   3.20000000   537.6412699367
  0.20000000   3.20000000   599.1374745651
  0.30000000   3.20000000   594.6322273237
  0.40000000   3.20000000   590.2058236670
  0.50000000   3.20000000   586.2225421083
  0.60000000   3.20000000   582.6779517445
  0.70000000   3.20000000   579.5045986673
  0.80000000   3.20000000   576.6490356090
  0.90000000   3.20000000   574.0807424222
  1.00000000   3.20000000   571.7862397732
  1.10000000   3.20000000   569.7624865125
  1.20000000   3.20000000   568.0121494818
  1.30000000   3.20000000   566.5405847136
  1.40000000   3.20000000   565.3539775251
  1.50000000   3.20000000   564.4582040559
  1.60000000   3.20000000   563.8581344353
  1.70000000   3.20000000   563.5572116364
  1.80000000   3.20000000   563.5572116364
  1.90000000   3.20000000   563.8581344353
  2.00000000   3.20000000   564.4582040559
  2.10000000   3.20000000   565.3539775251
  2.20000000   3.20000000   566.5405847136
  2.30000000   3.20000000   568.0121494818
  2.40000000   3.20000000   569.7624865125
  2.50000000   3.20000000   571.7862397732
  2.60000000   3.20000000   574.0807424222
  2.70000000   3.20000000   576.6490356090
  2.80000000   3.20000000   579.5045986673
  2.90000000   3.20000000   582.6779517445
  3.00000000   3.20000000   586.2225421083
  3.10000000   3.20000000   590.2058236670
  3.20000000   3.20000000   594.6322273237
  3.30000000   3.20000000   599.1374745651
  3.40000000   3.20000000   537.6412699367
  3.50000000   3.20000000   400.0000000000

  0.00000000   3.30000000   400.0000000000
  0.10000000   3.30000000   546.8006987212
  0.20000000   3.30000000   605.2013238250
  0.30000000   3.30000000   599.1374735788
  0.40000000   3.30000000   594.6809220872
  0.50000000   3.30000000   591.3401262016
  0.60000000   3.30000000   588.6614434084
  0.70000000   3.30000000   586.3925041825
  0.80000000   3.30000000   584.4082745664
  0.90000000   3.30000000   582.6498657942
  1.00000000   3.30000000   581.0912148801
  1.10000000   3.30000000   579.7224279035
  1.20000000   3.30000000   578.5415035334
  1.30000000   3.30000000   577.5501228831
  1.40000000   3.30000000   576.7514318181
  1.50000000   3.30000000   576.1488292143
  1.60000000   3.30000000   575.7452847570
  1.70000000   3.30000000   575.5429509082
  1.80000000   3.30000000   575.5429509082
  1.90000000   3.30000000   575.7452847570
  2.00000000   3.30000000   576.1488292143
  2.10000000   3.30000000   576.7514318181
  2.20000000   3.30000000   577.5501228831
  2.30000000   3.30000000   578.5415035334
  2.40000000   3.30000000   579.7224279035
  2.50000000   3.30000000   581.0912148801
  2.60000000   3.30000000   582.6498657942
  2.70000000   3.30000000   584.4082745664
  2.80000000   3.30000000   586.3925041825
  2.90000000   3.30000000   588.6614434084
  3.00000000   3.30000000   591.3401262016
  3.10000000   3.30000000   594.6809220872
  3.20000000   3.30000000   599.1374735788
  3.30000000   3.30000000   605.2013238250
  3.40000000   3.30000000   546.8006987212
  3.50000000   3.30000000   400.0000000000

  0.00000000   3.40000000   400.0000000000
  0.10000000   3.40000000   573.3958721148
  0.20000000   3.40000000   611.3006985174
  0.30000000   3.40000000   602.1412691380
  0.40000000   3.40000000   598.1800459422
  0.50000000   3.40000000   595.9681702342
  0.60000000   3.40000000   594.4391498486
  0.70000000   3.40000000   593.2293839438
  0.80000000   3.40000000   592.2032037621
  0.90000000   3.40000000   591.3064493406
  1.00000000   3.40000000   590.5169268983
  1.10000000   3.40000000   589.8259819137
  1.20000000   3.40000000   589.2309914696
  1.30000000   3.40000000   588.7320376353
  1.40000000   3.40000000   588.3303192912
  1.50000000   3.40000000   588.0273441412
  1.60000000   3.40000000   587.8244969931
  1.70000000   3.40000000   587.7228033068
  1.80000000   3.40000000   587.7228033068
  1.90000000   3.40000000   587.8244969931
  2.00000000   3.40000000   588.0273441412
  2.10000000   3.40000000   588.3303192912
  2.20000000   3.40000000   588.7320376353
  2.30000000   3.40000000   589.2309914696
  2.40000000   3.40000000   589.8259819137
  2.50000000   3.40000000   590.5169268983
  2.60000000   3.40000000   591.3064493406
  2.70000000   3.40000000   592.2032037621
  2.80000000   3.40000000   593.2293839438
  2.90000000   3.40000000   594.4391498486
  3.00000000   3.40000000   595.9681702342
  3.10000000   3.40000000   598.1800459422
  3.20000000   3.40000000   602.1412691380
  3.30000000   3.40000000   611.3006985174
  3.40000000   3.40000000   573.3958721148
  3.50000000   3.40000000   400.0000000000

  0.00000000   3.50000000   400.0000000000
  0.10000000   3.50000000   400.0000000000
  0.20000000   3.50000000   400.0000000000
  0.30000000   3.50000000   400.0000000000
  0.40000000   3.50000000   400.0000000000
  0.50000000   3.50000000   400.0000000000
  0.60000000   3.50000000   400.0000000000
  0.70000000   3.50000000   400.0000000000
  0.80000000   3.50000000   400.0000000000
  0.90000000   3.50000000   400.0000000000
  1.00000000   3.50000000   400.0000000000
  1.10000000   3.50000000   400.0000000000
  1.20000000   3.50000000   400.0000000000
  1.30000000   3.50000000   400.0000000000
  1.40000000   3.50000000   400.0000000000
  1.50000000   3.50000000   400.0000000000
  1.60000000   3.50000000   400.0000000000
  1.70000000   3.50000000   400.0000000000
  1.80000000   3.50000000   400.0000000000
  1.90000000   3.50000000   400.0000000000
  2.00000000   3.50000000   400.0000000000
  2.10000000   3.50000000   400.0000000000
  2.20000000   3.50000000   400.0000000000
  2.30000000   3.50000000   400.0000000000
  2.40000000   3.50000000   400.0000000000
  2.50000000   3.50000000   400.0000000000
  2.60000000   3.50000000   400.0000000000
  2.70000000   3.50000000   400.0000000000
  2.80000000   3.50000000   400.0000000000
  2.90000000   3.50000000   400.0000000000
  3.00000000   3.50000000   400.0000000000
  3.10000000   3.50000000   400.0000000000
  3.20000000   3.50000000   400.0000000000
  3.30000000   3.50000000   400.0000000000
  3.40000000   3.50000000   400.0000000000
  3.50000000   3.50000000   400.0000000000

