  0.00000000   0.00000000   200.0000000000
  0.10000000   0.00000000   200.0000000000
  0.20000000   0.00000000   200.0000000000
  0.30000000   0.00000000   200.0000000000
  0.40000000   0.00000000   200.0000000000
  0.50000000   0.00000000   200.0000000000
  0.60000000   0.00000000   200.0000000000
  0.70000000   0.00000000   200.0000000000
  0.80000000   0.00000000   200.0000000000
  0.90000000   0.00000000   200.0000000000
  1.00000000   0.00000000   200.0000000000
  1.10000000   0.00000000   200.0000000000
  1.20000000   0.00000000   200.0000000000
  1.30000000   0.00000000   200.0000000000
  1.40000000   0.00000000   200.0000000000
  1.50000000   0.00000000   200.0000000000
  1.60000000   0.00000000   200.0000000000
  1.70000000   0.00000000   200.0000000000
  1.80000000   0.00000000   200.0000000000
  1.90000000   0.00000000   200.0000000000
  2.00000000   0.00000000   200.0000000000
  2.10000000   0.00000000   200.0000000000
  2.20000000   0.00000000   200.0000000000
  2.30000000   0.00000000   200.0000000000
  2.40000000   0.00000000   200.0000000000
  2.50000000   0.00000000   200.0000000000
  2.60000000   0.00000000   200.0000000000
  2.70000000   0.00000000   200.0000000000
  2.80000000   0.00000000   200.0000000000
  2.90000000   0.00000000   200.0000000000
  3.00000000   0.00000000   200.0000000000
  3.10000000   0.00000000   200.0000000000
  3.20000000   0.00000000   200.0000000000
  3.30000000   0.00000000   200.0000000000
  3.40000000   0.00000000   200.0000000000
  3.50000000   0.00000000   200.0000000000

  0.00000000   0.10000000   200.0000000000
  0.10000000   0.10000000   282.9282621891
  0.20000000   0.10000000   298.2040872193
  0.30000000   0.10000000   290.1273984399
  0.40000000   0.10000000   284.9035815552
  0.50000000   0.10000000   280.8655373523
  0.60000000   0.10000000   277.5178547173
  0.70000000   0.10000000   274.6963362748
  0.80000000   0.10000000   272.3316049704
  0.90000000   0.10000000   270.3784690892
  1.00000000   0.10000000   268.7947394524
  1.10000000   0.10000000   267.5360814082
  1.20000000   0.10000000   266.5562974802
  1.30000000   0.10000000   265.8092599362
  1.40000000   0.10000000   265.2509915236
  1.50000000   0.10000000   264.8412729980
  1.60000000   0.10000000   264.5445534490
  1.70000000   0.10000000   264.3301364358
  1.80000000   0.10000000   264.1717065153
  1.90000000   0.10000000   264.0462845827
  2.00000000   0.10000000   263.9326756453
  2.10000000   0.10000000   263.8094095155
  2.20000000   0.10000000   263.6520747373
  2.30000000   0.10000000   263.4297958929
  2.40000000   0.10000000   263.1003652949
  2.50000000   0.10000000   262.6031213251
  2.60000000   0.10000000   261.8478642547
  2.70000000   0.10000000   260.6964480003
  2.80000000   0.10000000   258.9300404178
  2.90000000   0.10000000   256.1864198838
  3.00000000   0.10000000   251.8296661149
  3.10000000   0.10000000   244.6536441463
  3.20000000   0.10000000   232.1368498197
  3.30000000   0.10000000   208.3632199136
  3.40000000   0.10000000   157.5838780554
  3.50000000   0.10000000     0.0000000000

  0.00000000   0.20000000   200.0000000000
  0.10000000   0.20000000   265.9545638299
  0.20000000   0.20000000   287.8930822303
  0.30000000   0.20000000   277.9543807937
  0.40000000   0.20000000   269.3209082502
  0.50000000   0.20000000   261.8601898342
  0.60000000   0.20000000   255.4201563142
  0.70000000   0.20000000   249.9093739216
  0.80000000   0.20000000   245.2622238908
  0.90000000   0.20000000   241.4134026728
  1.00000000   0.20000000   238.2883585390
  1.10000000   0.20000000   235.8030030289
  1.20000000   0.20000000   233.8675559734
  1.30000000   0.20000000   232.3915537563
  1.40000000   0.20000000   231.2884301365
  1.50000000   0.20000000   230.4788964103
  1.60000000   0.20000000   229.8928412153
  1.70000000   0.20000000   229.4697612557
  1.80000000   0.20000000   229.1578808834
  1.90000000   0.20000000   228.9121548827
  2.00000000   0.20000000   228.6913000316
  2.10000000   0.20000000   228.4538848364
  2.20000000   0.20000000   228.1533289830
  2.30000000   0.20000000   227.7314090452
  2.40000000   0.20000000   227.1094822909
  2.50000000   0.20000000   226.1760057359
  2.60000000   0.20000000   224.7677902811
  2.70000000   0.20000000   222.6402631539
  2.80000000   0.20000000   219.4177006704
  2.90000000   0.20000000   214.5055448663
  3.00000000   0.20000000   206.9284586973
  3.10000000   0.20000000   195.0197771460
  3.20000000   0.20000000   175.8166142712
  3.30000000   0.20000000   143.9264910387
  3.40000000   0.20000000    89.8205786533
  3.50000000   0.20000000     0.0000000000

  0.00000000   0.30000000   200.0000000000
  0.10000000   0.30000000   257.8792402780
  0.20000000   0.30000000   277.9566353692
  0.30000000   0.30000000   265.5555961313
  0.40000000   0.30000000   253.9318643422
  0.50000000   0.30000000   243.4342105403
  0.60000000   0.30000000   234.1703168437
  0.70000000   0.30000000   226.1574777497
  0.80000000   0.30000000   219.3642785738
  0.90000000   0.30000000   213.7225578759
  1.00000000   0.30000000   209.1349124614
  1.10000000   0.30000000   205.4832341050
  1.20000000   0.30000000   202.6381010181
  1.30000000   0.30000000   200.4677473663
  1.40000000   0.30000000   198.8455213129
  1.50000000   0.30000000   197.6552036906
  1.60000000   0.30000000   196.7939910465
  1.70000000   0.30000000   196.1732575522
  1.80000000   0.30000000   195.7173804029
  1.90000000   0.30000000   195.3609527271
  2.00000000   0.30000000   195.0446394423
  2.10000000   0.30000000   194.7097790270
  2.20000000   0.30000000   194.2916128529
  2.30000000   0.30000000   193.7107290138
  2.40000000   0.30000000   192.8619033699
  2.50000000   0.30000000   191.5989220713
  2.60000000   0.30000000   189.7130179352
  2.70000000   0.30000000   186.9009789703
  2.80000000   0.30000000   182.7163937017
  2.90000000   0.30000000   176.4934897600
  3.00000000   0.30000000   167.2280355987
  3.10000000   0.30000000   153.3985977668
  3.20000000   0.30000000   132.7360814681
  3.30000000   0.30000000   102.0810400176
  3.40000000   0.30000000    57.9618474235
  3.50000000   0.30000000     0.0000000000

  0.00000000   0.40000000   200.0000000000
  0.10000000   0.40000000   252.6579709543
  0.20000000   0.40000000   269.3277848282
  0.30000000   0.40000000   253.9376747701
  0.40000000   0.40000000   239.3880404198
  0.50000000   0.40000000   226.0813160472
  0.60000000   0.40000000   214.2293902267
  0.70000000   0.40000000   203.9183441648
  0.80000000   0.40000000   195.1462906204
  0.90000000   0.40000000   187.8459901322
  1.00000000   0.40000000   181.9021594230
  1.10000000   0.40000000   177.1672904370
  1.20000000   0.40000000   173.4764235559
  1.30000000   0.40000000   170.6601394916
  1.40000000   0.40000000   168.5549474412
  1.50000000   0.40000000   167.0105772534
  1.60000000   0.40000000   165.8940903791
  1.70000000   0.40000000   165.0910513045
  1.80000000   0.40000000   164.5041886087
  1.90000000   0.40000000   164.0500171526
  2.00000000   0.40000000   163.6538125894
  2.10000000   0.40000000   163.2431585686
  2.20000000   0.40000000   162.7400541271
  2.30000000   0.40000000   162.0512888869
  2.40000000   0.40000000   161.0564631155
  2.50000000   0.40000000   159.5926260855
  2.60000000   0.40000000   157.4340007554
  2.70000000   0.40000000   154.2646664047
  2.80000000   0.40000000   149.6415756994
  2.90000000   0.40000000   142.9456654487
  3.00000000   0.40000000   133.3225085367
  3.10000000   0.40000000   119.6275888527
  3.20000000   0.40000000   100.4308410778
  3.30000000   0.40000000    74.2314884216
  3.40000000   0.40000000    40.2147003729
  3.50000000   0.40000000     0.0000000000

  0.00000000   0.50000000   200.0000000000
  0.10000000   0.50000000   248.6237979316
  0.20000000   0.50000000   261.8743420157
  0.30000000   0.50000000   243.4498248125
  0.40000000   0.50000000   226.0924678271
  0.50000000   0.50000000   210.1860140755
  0.60000000   0.50000000   195.9757063636
  0.70000000   0.50000000   183.5809224755
  0.80000000   0.50000000   173.0161617309
  0.90000000   0.50000000   164.2123978543
  1.00000000   0.50000000   157.0380808661
  1.10000000   0.50000000   151.3195783026
  1.20000000   0.50000000   146.8602111498
  1.30000000   0.50000000   143.4567710355
  1.40000000   0.50000000   140.9125977306
  1.50000000   0.50000000   139.0467314878
  1.60000000   0.50000000   137.6991249248
  1.70000000   0.50000000   136.7322717023
  1.80000000   0.50000000   136.0298245513
  1.90000000   0.50000000   135.4928276475
  2.00000000   0.50000000   135.0341057030
  2.10000000   0.50000000   134.5711770891
  2.20000000   0.50000000   134.0178341144
  2.30000000   0.50000000   133.2742959687
  2.40000000   0.50000000   132.2156162231
  2.50000000   0.50000000   130.6778460693
  2.60000000   0.50000000   128.4413750849
  2.70000000   0.50000000   125.2110450290
  2.80000000   0.50000000   120.5934411634
  2.90000000   0.50000000   114.0740953139
  3.00000000   0.50000000   105.0030449233
  3.10000000   0.50000000    92.6096531162
  3.20000000   0.50000000    76.0911763390
  3.30000000   0.50000000    54.8535346061
  3.40000000   0.50000000    28.9963050081
  3.50000000   0.50000000     0.0000000000

  0.00000000   0.60000000   200.0000000000
  0.10000000   0.60000000   245.2812889696
  0.20000000   0.60000000   255.4442005546
  0.30000000   0.60000000   234.1996847635
  0.40000000   0.60000000   214.2569978477
  0.50000000   0.60000000   195.9935309251
  0.60000000   0.60000000   179.6681131911
  0.70000000   0.60000000   165.4154107638
  0.80000000   0.60000000   153.2564362085
  0.90000000   0.60000000   143.1169491364
  1.00000000   0.60000000   134.8496118049
  1.10000000   0.60000000   128.2572415690
  1.20000000   0.60000000   123.1150057486
  1.30000000   0.60000000   119.1898130137
  1.40000000   0.60000000   116.2556994633
  1.50000000   0.60000000   114.1046324034
  1.60000000   0.60000000   112.5527374722
  1.70000000   0.60000000   111.4423968491
  1.80000000   0.60000000   110.6409212502
  1.90000000   0.60000000   110.0365687619
  2.00000000   0.60000000   109.5326060637
  2.10000000   0.60000000   109.0399360511
  2.20000000   0.60000000   108.4686070091
  2.30000000   0.60000000   107.7183241205
  2.40000000   0.60000000   106.6679516269
  2.50000000   0.60000000   105.1639771967
  2.60000000   0.60000000   103.0080937013
  2.70000000   0.60000000    99.9445974318
  2.80000000   0.60000000    95.6495090382
  2.90000000   0.60000000    89.7257214449
  3.00000000   0.60000000    81.7128261281
  3.10000000   0.60000000    71.1271795858
  3.20000000   0.60000000    57.5561111598
  3.30000000   0.60000000    40.8325205078
  3.40000000   0.60000000    21.2898964738
  3.50000000   0.60000000     0.0000000000

  0.00000000   0.70000000   200.0000000000
  0.10000000   0.70000000   242.4660772163
  0.20000000   0.70000000   249.9455939317
  0.30000000   0.70000000   226.2040649468
  0.40000000   0.70000000   203.9670924710
  0.50000000   0.70000000   183.6225096280
  0.60000000   0.70000000   165.4404475887
  0.70000000   0.70000000   149.5639702630
  0.80000000   0.70000000   136.0154769106
  0.90000000   0.70000000   124.7135300876
  1.00000000   0.70000000   115.4956790115
  1.10000000   0.70000000   108.1436464114
  1.20000000   0.70000000   102.4079033743
  1.30000000   0.70000000    98.0293539460
  1.40000000   0.70000000    94.7566339390
  1.50000000   0.70000000    92.3583232265
  1.60000000   0.70000000    90.6300694605
  1.70000000   0.70000000    89.3971387533
  1.80000000   0.70000000    88.5132084378
  1.90000000   0.70000000    87.8563095262
  2.00000000   0.70000000    87.3227577409
  2.10000000   0.70000000    86.8197456736
  2.20000000   0.70000000    86.2570716373
  2.30000000   0.70000000    85.5383146472
  2.40000000   0.70000000    84.5516849559
  2.50000000   0.70000000    83.1608415905
  2.60000000   0.70000000    81.1962430786
  2.70000000   0.70000000    78.4481886441
  2.80000000   0.70000000    74.6637629938
  2.90000000   0.70000000    69.5515847055
  3.00000000   0.70000000    62.8006126731
  3.10000000   0.70000000    54.1217521695
  3.20000000   0.70000000    43.3215226576
  3.30000000   0.70000000    30.4103590496
  3.40000000   0.70000000    15.7251485959
  3.50000000   0.70000000     0.0000000000

  0.00000000   0.80000000   200.0000000000
  0.10000000   0.80000000   240.1085014137
  0.20000000   0.80000000   245.3123416506
  0.30000000   0.80000000   219.4307243010
  0.40000000   0.80000000   195.2197916383
  0.50000000   0.80000000   173.0861525783
  0.60000000   0.80000000   153.3122261700
  0.70000000   0.80000000   136.0473316658
  0.80000000   0.80000000   121.3132727890
  0.90000000   0.80000000   109.0209715448
  1.00000000   0.80000000    98.9941176728
  1.10000000   0.80000000    90.9959230808
  1.20000000   0.80000000    84.7555784816
  1.30000000   0.80000000    79.9917753880
  1.40000000   0.80000000    76.4315653210
  1.50000000   0.80000000    73.8237437794
  1.60000000   0.80000000    71.9467413632
  1.70000000   0.80000000    70.6115900370
  1.80000000   0.80000000    69.6608743840
  1.90000000   0.80000000    68.9646922324
  2.00000000   0.80000000    68.4145890396
  2.10000000   0.80000000    67.9162670164
  2.20000000   0.80000000    67.3816766592
  2.30000000   0.80000000    66.7209409264
  2.40000000   0.80000000    65.8344955295
  2.50000000   0.80000000    64.6058988247
  2.60000000   0.80000000    62.8960141307
  2.70000000   0.80000000    60.5397366471
  2.80000000   0.80000000    57.3471517302
  2.90000000   0.80000000    53.1119286864
  3.00000000   0.80000000    47.6306345105
  3.10000000   0.80000000    40.7368070149
  3.20000000   0.80000000    32.3515752114
  3.30000000   0.80000000    22.5459671189
  3.40000000   0.80000000    11.5967000813
  3.50000000   0.80000000     0.0000000000

  0.00000000   0.90000000   200.0000000000
  0.10000000   0.90000000   238.1630165867
  0.20000000   0.90000000   241.4784400394
  0.30000000   0.90000000   213.8104668712
  0.40000000   0.90000000   187.9465048992
  0.50000000   0.90000000   164.3137885217
  0.60000000   0.90000000   143.2072955632
  0.70000000   0.90000000   124.7819048547
  0.80000000   0.90000000   109.0583829304
  0.90000000   0.90000000    95.9405652213
  1.00000000   0.90000000    85.2400022230
  1.10000000   0.90000000    76.7040933155
  1.20000000   0.90000000    70.0440876863
  1.30000000   0.90000000    64.9600918711
  1.40000000   0.90000000    61.1611930688
  1.50000000   0.90000000    58.3798019175
  1.60000000   0.90000000    56.3801852562
  1.70000000   0.90000000    54.9617998906
  1.80000000   0.90000000    53.9584159462
  1.90000000   0.90000000    53.2341517388
  2.00000000   0.90000000    52.6774885645
  2.10000000   0.90000000    52.1941693973
  2.20000000   0.90000000    51.6996873946
  2.30000000   0.90000000    51.1119049636
  2.40000000   0.90000000    50.3442625453
  2.50000000   0.90000000    49.3000719748
  2.60000000   0.90000000    47.8685595076
  2.70000000   0.90000000    45.9236248856
  2.80000000   0.90000000    43.3266746129
  2.90000000   0.90000000    39.9352532560
  3.00000000   0.90000000    35.6192741476
  3.10000000   0.90000000    30.2859469436
  3.20000000   0.90000000    23.9122669946
  3.30000000   0.90000000    16.5794394595
  3.40000000   0.90000000     8.4971162498
  3.50000000   0.90000000     0.0000000000

  0.00000000   1.00000000   200.0000000000
  0.10000000   1.00000000   236.5870602208
  0.20000000   1.00000000   238.3685961169
  0.30000000   1.00000000   209.2447909689
  0.40000000   1.00000000   182.0305088451
  0.50000000   1.00000000   157.1721057421
  0.60000000   1.00000000   134.9762584765
  0.70000000   1.00000000   115.6029084143
  0.80000000   1.00000000    99.0719240856
  0.90000000   1.00000000    85.2810759906
  1.00000000   1.00000000    74.0317085422
  1.10000000   1.00000000    65.0580912785
  1.20000000   1.00000000    58.0567009890
  1.30000000   1.00000000    52.7124328056
  1.40000000   1.00000000    48.7197407922
  1.50000000   1.00000000    45.7977548828
  1.60000000   1.00000000    43.6993397110
  1.70000000   1.00000000    42.2147430806
  1.80000000   1.00000000    41.1708872160
  1.90000000   1.00000000    40.4275036236
  2.00000000   1.00000000    39.8712622401
  2.10000000   1.00000000    39.4088764422
  2.20000000   1.00000000    38.9599564390
  2.30000000   1.00000000    38.4502004898
  2.40000000   1.00000000    37.8054023218
  2.50000000   1.00000000    36.9467379729
  2.60000000   1.00000000    35.7878769162
  2.70000000   1.00000000    34.2346151271
  2.80000000   1.00000000    32.1878896152
  2.90000000   1.00000000    29.5510877954
  3.00000000   1.00000000    26.2423168745
  3.10000000   1.00000000    22.2114743054
  3.20000000   1.00000000    17.4602791983
  3.30000000   1.00000000    12.0608420368
  3.40000000   1.00000000     6.1655498644
  3.50000000   1.00000000     0.0000000000

  0.00000000   1.10000000   200.0000000000
  0.10000000   1.10000000   235.3359484705
  0.20000000   1.10000000   235.8980269378
  0.30000000   1.10000000   205.6145564047
  0.40000000   1.10000000   177.3229376801
  0.50000000   1.10000000   151.4858037601
  0.60000000   1.10000000   128.4199730415
  0.70000000   1.10000000   108.2898368734
  0.80000000   1.10000000    91.1146357785
  0.90000000   1.10000000    76.7872132543
  1.00000000   1.10000000    65.1006260975
  1.10000000   1.10000000    55.7785371343
  1.20000000   1.10000000    48.5055497719
  1.30000000   1.10000000    42.9543867518
  1.40000000   1.10000000    38.8078409929
  1.50000000   1.10000000    35.7745088677
  1.60000000   1.10000000    33.5982722573
  1.70000000   1.10000000    32.0622086451
  1.80000000   1.10000000    30.9880344417
  1.90000000   1.10000000    30.2323443506
  2.00000000   1.10000000    29.6808599993
  2.10000000   1.10000000    29.2417247782
  2.20000000   1.10000000    28.8386586166
  2.30000000   1.10000000    28.4045812465
  2.40000000   1.10000000    27.8761680323
  2.50000000   1.10000000    27.1897366671
  2.60000000   1.10000000    26.2788691370
  2.70000000   1.10000000    25.0742192489
  2.80000000   1.10000000    23.5059818606
  2.90000000   1.10000000    21.5094147283
  3.00000000   1.10000000    19.0334878269
  3.10000000   1.10000000    16.0520635379
  3.20000000   1.10000000    12.5759262404
  3.30000000   1.10000000     8.6626323224
  3.40000000   1.10000000     4.4200885864
  3.50000000   1.10000000     0.0000000000

  0.00000000   1.20000000   200.0000000000
  0.10000000   1.20000000   234.3631922741
  0.20000000   1.20000000   233.9763712597
  0.30000000   1.20000000   202.7894751861
  0.40000000   1.20000000   173.6576873426
  0.50000000   1.20000000   147.0567905959
  0.60000000   1.20000000   123.3119378383
  0.70000000   1.20000000   102.5912526065
  0.80000000   1.20000000    84.9135786718
  0.90000000   1.20000000    70.1678958068
  1.00000000   1.20000000    58.1407236089
  1.10000000   1.20000000    48.5473720621
  1.20000000   1.20000000    41.0631228683
  1.30000000   1.20000000    35.3511744778
  1.40000000   1.20000000    31.0852288419
  1.50000000   1.20000000    27.9657073027
  1.60000000   1.20000000    25.7295662547
  1.70000000   1.20000000    24.1544183934
  1.80000000   1.20000000    23.0581058821
  1.90000000   1.20000000    22.2950356571
  2.00000000   1.20000000    21.7505360548
  2.10000000   1.20000000    21.3343093797
  2.20000000   1.20000000    20.9738170805
  2.30000000   1.20000000    20.6082071520
  2.40000000   1.20000000    20.1832181094
  2.50000000   1.20000000    19.6473858541
  2.60000000   1.20000000    18.9498303566
  2.70000000   1.20000000    18.0398781247
  2.80000000   1.20000000    16.8687350143
  2.90000000   1.20000000    15.3932990366
  3.00000000   1.20000000    13.5819281802
  3.10000000   1.20000000    11.4215093578
  3.20000000   1.20000000     8.9245353156
  3.30000000   1.20000000     6.1342445040
  3.40000000   1.20000000     3.1255554470
  3.50000000   1.20000000     0.0000000000

  0.00000000   1.30000000   200.0000000000
  0.10000000   1.30000000   233.6224495137
  0.20000000   1.30000000   232.5127369722
  0.30000000   1.30000000   200.6371397223
  0.40000000   1.30000000   170.8644854555
  0.50000000   1.30000000   143.6807970885
  0.60000000   1.30000000   119.4177989650
  0.70000000   1.30000000    98.2466039162
  0.80000000   1.30000000    80.1858068125
  0.90000000   1.30000000    65.1214251166
  1.00000000   1.30000000    52.8349398816
  1.10000000   1.30000000    43.0352291106
  1.20000000   1.30000000    35.3904143369
  1.30000000   1.30000000    29.5564007792
  1.40000000   1.30000000    25.1999539795
  1.50000000   1.30000000    22.0152860962
  1.60000000   1.30000000    19.7341283437
  1.70000000   1.30000000    18.1300172421
  1.80000000   1.30000000    17.0179728712
  1.90000000   1.30000000    16.2509147594
  2.00000000   1.30000000    15.7141073795
  2.10000000   1.30000000    15.3187344322
  2.20000000   1.30000000    14.9954495730
  2.30000000   1.30000000    14.6885050677
  2.40000000   1.30000000    14.3508593519
  2.50000000   1.30000000    13.9405248081
  2.60000000   1.30000000    13.4183309349
  2.70000000   1.30000000    12.7472202617
  2.80000000   1.30000000    11.8931275527
  2.90000000   1.30000000    10.8273752239
  3.00000000   1.30000000     9.5303147327
  3.10000000   1.30000000     7.9956455681
  3.20000000   1.30000000     6.2344913637
  3.30000000   1.30000000     4.2780218671
  3.40000000   1.30000000     2.1773693460
  3.50000000   1.30000000     0.0000000000

  0.00000000   1.40000000   200.0000000000
  0.10000000   1.40000000   233.0696112286
  0.20000000   1.40000000   231.4202931139
  0.30000000   1.40000000   199.0304982137
  0.40000000   1.40000000   168.7793035371
  0.50000000   1.40000000   141.1604857498
  0.60000000   1.40000000   116.5107752867
  0.70000000   1.40000000    95.0035711903
  0.80000000   1.40000000    76.6572825136
  0.90000000   1.40000000    61.3556725332
  1.00000000   1.40000000    48.8763961493
  1.10000000   1.40000000    38.9234630836
  1.20000000   1.40000000    31.1595958014
  1.30000000   1.40000000    25.2352223945
  1.40000000   1.40000000    20.8119224663
  1.50000000   1.40000000    17.5792907125
  1.60000000   1.40000000    15.2652010778
  1.70000000   1.40000000    13.6402168514
  1.80000000   1.40000000    12.5173492057
  1.90000000   1.40000000    11.7485357327
  2.00000000   1.40000000    11.2191537626
  2.10000000   1.40000000    10.8416829942
  2.20000000   1.40000000    10.5493689538
  2.30000000   1.40000000    10.2904772299
  2.40000000   1.40000000    10.0235088430
  2.50000000   1.40000000     9.7135855291
  2.60000000   1.40000000     9.3301052369
  2.70000000   1.40000000     8.8456927582
  2.80000000   1.40000000     8.2363999737
  2.90000000   1.40000000     7.4830164361
  3.00000000   1.40000000     6.5732150808
  3.10000000   1.40000000     5.5040818741
  3.20000000   1.40000000     4.2843967997
  3.30000000   1.40000000     2.9359193682
  3.40000000   1.40000000     1.4929829671
  3.50000000   1.40000000     0.0000000000

  0.00000000   1.50000000   200.0000000000
  0.10000000   1.50000000   232.6644025948
  0.20000000   1.50000000   230.6196373666
  0.30000000   1.50000000   197.8531553515
  0.40000000   1.50000000   167.2516269989
  0.50000000   1.50000000   139.3145780232
  0.60000000   1.50000000   114.3824355555
  0.70000000   1.50000000    92.6302522290
  0.80000000   1.50000000    74.0762341491
  0.90000000   1.50000000    58.6023975516
  1.00000000   1.50000000    45.9834907734
  1.10000000   1.50000000    35.9198641933
  1.20000000   1.50000000    28.0702154454
  1.30000000   1.50000000    22.0809200507
  1.40000000   1.50000000    17.6097485460
  1.50000000   1.50000000    14.3429306926
  1.60000000   1.50000000    12.0055564120
  1.70000000   1.50000000    10.3660733077
  1.80000000   1.50000000     9.2361017773
  1.90000000   1.50000000     8.4669580219
  2.00000000   1.50000000     7.9442152515
  2.10000000   1.50000000     7.5814267613
  2.20000000   1.50000000     7.3138623642
  2.30000000   1.50000000     7.0928364408
  2.40000000   1.50000000     6.8809727025
  2.50000000   1.50000000     6.6485749155
  2.60000000   1.50000000     6.3711518396
  2.70000000   1.50000000     6.0280627109
  2.80000000   1.50000000     5.6021848626
  2.90000000   1.50000000     5.0804369075
  3.00000000   1.50000000     4.4549072539
  3.10000000   1.50000000     3.7242418445
  3.20000000   1.50000000     2.8948600409
  3.30000000   1.50000000     1.9815352446
  3.40000000   1.50000000     1.0069456113
  3.50000000   1.50000000     0.0000000000

  0.00000000   1.60000000   200.0000000000
  0.10000000   1.60000000   232.3712781845
  0.20000000   1.60000000   230.0406662726
  0.30000000   1.60000000   197.0023122952
  0.40000000   1.60000000   166.1485109879
  0.50000000   1.60000000   137.9830007339
  0.60000000   1.60000000   112.8488516327
  0.70000000   1.60000000    90.9222054442
  0.80000000   1.60000000    72.2209618850
  0.90000000   1.60000000    56.6256918471
  1.00000000   1.60000000    43.9088672932
  1.10000000   1.60000000    33.7680482923
  1.20000000   1.60000000    25.8589215459
  1.30000000   1.60000000    19.8248789737
  1.40000000   1.60000000    15.3209273824
  1.50000000   1.60000000    12.0308898489
  1.60000000   1.60000000     9.6778962264
  1.70000000   1.60000000     8.0289351965
  1.80000000   1.60000000     6.8947033034
  1.90000000   1.60000000     6.1261548432
  2.00000000   1.60000000     5.6090932286
  2.10000000   1.60000000     5.2579325376
  2.20000000   1.60000000     5.0094787282
  2.30000000   1.60000000     4.8172983733
  2.40000000   1.60000000     4.6470004310
  2.50000000   1.60000000     4.4725719446
  2.60000000   1.60000000     4.2737811996
  2.70000000   1.60000000     4.0345789858
  2.80000000   1.60000000     3.7423722073
  2.90000000   1.60000000     3.3879974448
  3.00000000   1.60000000     2.9661752936
  3.10000000   1.60000000     2.4761802300
  3.20000000   1.60000000     1.9224283744
  3.30000000   1.60000000     1.3146889991
  3.40000000   1.60000000     0.6676877765
  3.50000000   1.60000000     0.0000000000

  0.00000000   1.70000000   200.0000000000
  0.10000000   1.70000000   232.1595884942
  0.20000000   1.70000000   229.6229673243
  0.30000000   1.70000000   196.3894720297
  0.40000000   1.70000000   165.3556789011
  0.50000000   1.70000000   137.0284273531
  0.60000000   1.70000000   111.7525968446
  0.70000000   1.70000000    89.7048903541
  0.80000000   1.70000000    70.9026854559
  0.90000000   1.70000000    55.2251881224
  1.00000000   1.70000000    42.4429331826
  1.10000000   1.70000000    32.2512338309
  1.20000000   1.70000000    24.3034482660
  1.30000000   1.70000000    18.2407382180
  1.40000000   1.70000000    13.7161074132
  1.50000000   1.70000000    10.4116856959
  1.60000000   1.70000000     8.0492662905
  1.70000000   1.70000000     6.3948808480
  1.80000000   1.70000000     5.2586597416
  1.90000000   1.70000000     4.4913915082
  2.00000000   1.70000000     3.9791287002
  2.10000000   1.70000000     3.6369710671
  2.20000000   1.70000000     3.4028724971
  2.30000000   1.70000000     3.2320307093
  2.40000000   1.70000000     3.0921704752
  2.50000000   1.70000000     2.9598414898
  2.60000000   1.70000000     2.8177218693
  2.70000000   1.70000000     2.6528368441
  2.80000000   1.70000000     2.4555537334
  2.90000000   1.70000000     2.2191837965
  3.00000000   1.70000000     1.9399992864
  3.10000000   1.70000000     1.6174578481
  3.20000000   1.70000000     1.2544219322
  3.30000000   1.70000000     0.8571788033
  3.40000000   1.70000000     0.4351170400
  3.50000000   1.70000000     0.0000000000

  0.00000000   1.80000000   200.0000000000
  0.10000000   1.80000000   232.0030859769
  0.20000000   1.80000000   229.3148980983
  0.30000000   1.80000000   195.9392054115
  0.40000000   1.80000000   164.7761066528
  0.50000000   1.80000000   136.3348035839
  0.60000000   1.80000000   110.9613118655
  0.70000000   1.80000000    88.8323426127
  0.80000000   1.80000000    69.9643680873
  0.90000000   1.80000000    54.2350484153
  1.00000000   1.80000000    41.4130100375
  1.10000000   1.80000000    31.1915395643
  1.20000000   1.80000000    23.2220398731
  1.30000000   1.80000000    17.1439176289
  1.40000000   1.80000000    12.6086960342
  1.50000000   1.80000000     9.2973307588
  1.60000000   1.80000000     6.9307510334
  1.70000000   1.80000000     5.2744243169
  1.80000000   1.80000000     4.1382032105
  1.90000000   1.80000000     3.3728762510
  2.00000000   1.80000000     2.8647737630
  2.10000000   1.80000000     2.5295596880
  2.20000000   1.80000000     2.3060519080
  2.30000000   1.80000000     2.1506223164
  2.40000000   1.80000000     2.0324762086
  2.50000000   1.80000000     1.9299183447
  2.60000000   1.80000000     1.8275821622
  2.70000000   1.80000000     1.7145194755
  2.80000000   1.80000000     1.5830059920
  2.90000000   1.80000000     1.4278988173
  3.00000000   1.80000000     1.2463755172
  3.10000000   1.80000000     1.0378855998
  3.20000000   1.80000000     0.8041553141
  3.30000000   1.80000000     0.5491095773
  3.40000000   1.80000000     0.2786145227
  3.50000000   1.80000000     0.0000000000

  0.00000000   1.90000000   200.0000000000
  0.10000000   1.90000000   231.8788618327
  0.20000000   1.90000000   229.0715523965
  0.30000000   1.90000000   195.5863102226
  0.40000000   1.90000000   164.3265750351
  0.50000000   1.90000000   135.8034954492
  0.60000000   1.90000000   110.3636265011
  0.70000000   1.90000000    88.1830084303
  0.80000000   1.90000000    69.2765598551
  0.90000000   1.90000000    53.5198741469
  1.00000000   1.90000000    40.6793375831
  1.10000000   1.90000000    30.4460883754
  1.20000000   1.90000000    22.4696469560
  1.30000000   1.90000000    16.3878920471
  1.40000000   1.90000000    11.8511946300
  1.50000000   1.90000000     8.5397108797
  1.60000000   1.90000000     6.1738780411
  1.70000000   1.90000000     4.5189291785
  1.80000000   1.90000000     3.3846972854
  1.90000000   1.90000000     2.6221366579
  2.00000000   1.90000000     2.1179142594
  2.10000000   1.90000000     1.7881997852
  2.20000000   1.90000000     1.5724918016
  2.30000000   1.90000000     1.4280237834
  2.40000000   1.90000000     1.3250405141
  2.50000000   1.90000000     1.2430422345
  2.60000000   1.90000000     1.1679634994
  2.70000000   1.90000000     1.0901769559
  2.80000000   1.90000000     1.0031751934
  2.90000000   1.90000000     0.9027723133
  3.00000000   1.90000000     0.7866700089
  3.10000000   1.90000000     0.6542442771
  3.20000000   1.90000000     0.5064263018
  3.30000000   1.90000000     0.3455751231
  3.40000000   1.90000000     0.1752714247
  3.50000000   1.90000000     0.0000000000

  0.00000000   2.00000000   200.0000000000
  0.10000000   2.00000000   231.7657790133
  0.20000000   2.00000000   228.8517626022
  0.30000000   2.00000000   195.2716240303
  0.40000000   2.00000000   163.9325883587
  0.50000000   2.00000000   135.3476107674
  0.60000000   2.00000000   109.8631428184
  0.70000000   2.00000000    87.6535883761
  0.80000000   2.00000000    68.7312370580
  0.90000000   2.00000000    52.9686194167
  1.00000000   2.00000000    40.1290960515
  1.10000000   2.00000000    29.9011449416
  1.20000000   2.00000000    21.9321688360
  1.30000000   2.00000000    15.8585201403
  1.40000000   2.00000000    11.3295934466
  1.50000000   2.00000000     8.0250267475
  1.60000000   2.00000000     5.6650889802
  1.70000000   2.00000000     4.0150935727
  1.80000000   2.00000000     2.8851220423
  1.90000000   2.00000000     2.1264905901
  2.00000000   2.00000000     1.6263113064
  2.10000000   2.00000000     1.3012716618
  2.20000000   2.00000000     1.0914624538
  2.30000000   2.00000000     0.9547898314
  2.40000000   2.00000000     0.8622534508
  2.50000000   2.00000000     0.7941801936
  2.60000000   2.00000000     0.7373737047
  2.70000000   2.00000000     0.6830656199
  2.80000000   2.00000000     0.6255210096
  2.90000000   2.00000000     0.5611441704
  3.00000000   2.00000000     0.4879399981
  3.10000000   2.00000000     0.4052032043
  3.20000000   2.00000000     0.3133287197
  3.30000000   2.00000000     0.2136604802
  3.40000000   2.00000000     0.1083220298
  3.50000000   2.00000000     0.0000000000

  0.00000000   2.10000000   200.0000000000
  0.10000000   2.10000000   231.6424028241
  0.20000000   2.10000000   228.6141694273
  0.30000000   2.10000000   194.9365964495
  0.40000000   2.10000000   163.5218831582
  0.50000000   2.10000000   134.8848654551
  0.60000000   2.10000000   109.3710083949
  0.70000000   2.10000000    87.1515684422
  0.80000000   2.10000000    68.2344443830
  0.90000000   2.10000000    52.4874177274
  1.00000000   2.10000000    39.6694350193
  1.10000000   2.10000000    29.4653309602
  1.20000000   2.10000000    21.5198237648
  1.30000000   2.10000000    15.4675341606
  1.40000000   2.10000000    10.9569480633
  1.50000000   2.10000000     7.6674296325
  1.60000000   2.10000000     5.3194130051
  1.70000000   2.10000000     3.6786447843
  1.80000000   2.10000000     2.5557771385
  1.90000000   2.10000000     1.8027476600
  2.00000000   2.10000000     1.3072926825
  2.10000000   2.10000000     0.9867085912
  2.20000000   2.10000000     0.7816807199
  2.30000000   2.10000000     0.6507051932
  2.40000000   2.10000000     0.5653767196
  2.50000000   2.10000000     0.5066243991
  2.60000000   2.10000000     0.4618504311
  2.70000000   2.10000000     0.4228546275
  2.80000000   2.10000000     0.3843972256
  2.90000000   2.10000000     0.3432495443
  3.00000000   2.10000000     0.2975947861
  3.10000000   2.10000000     0.2466614952
  3.20000000   2.10000000     0.1904950355
  3.30000000   2.10000000     0.1297956816
  3.40000000   2.10000000     0.0657745627
  3.50000000   2.10000000     0.0000000000

  0.00000000   2.20000000   200.0000000000
  0.10000000   2.20000000   231.4843296290
  0.20000000   2.20000000   228.3122109558
  0.30000000   2.20000000   194.5165029609
  0.40000000   2.20000000   163.0165150902
  0.50000000   2.20000000   134.3291385086
  0.60000000   2.20000000   108.7973956245
  0.70000000   2.20000000    86.5869147398
  0.80000000   2.20000000    67.6983483284
  0.90000000   2.20000000    51.9920288063
  1.00000000   2.20000000    39.2202819482
  1.10000000   2.20000000    29.0627323236
  1.20000000   2.20000000    21.1604841708
  1.30000000   2.20000000    15.1460388207
  1.40000000   2.20000000    10.6669894602
  1.50000000   2.20000000     7.4027032360
  1.60000000   2.20000000     5.0741925169
  1.70000000   2.20000000     3.4480901412
  1.80000000   2.20000000     2.3360457704
  1.90000000   2.20000000     1.5909789327
  2.00000000   2.20000000     1.1015245194
  2.10000000   2.20000000     0.7857699129
  2.20000000   2.20000000     0.5850876146
  2.30000000   2.20000000     0.4585749016
  2.40000000   2.20000000     0.3783625648
  2.50000000   2.20000000     0.3258668747
  2.60000000   2.20000000     0.2889346245
  2.70000000   2.20000000     0.2597617775
  2.80000000   2.20000000     0.2334383763
  2.90000000   2.20000000     0.2069718834
  3.00000000   2.20000000     0.1786561527
  3.10000000   2.20000000     0.1476752028
  3.20000000   2.20000000     0.1138546024
  3.30000000   2.20000000     0.0774958507
  3.40000000   2.20000000     0.0392494613
  3.50000000   2.20000000     0.0000000000

  0.00000000   2.30000000   200.0000000000
  0.10000000   2.30000000   231.2606635243
  0.20000000   2.30000000   227.8876269687
  0.30000000   2.30000000   193.9318863796
  0.40000000   2.30000000   162.3232304951
  0.50000000   2.30000000   133.5806197113
  0.60000000   2.30000000   108.0420060693
  0.70000000   2.30000000    85.8632391422
  0.80000000   2.30000000    67.0331496771
  0.90000000   2.30000000    51.4004435181
  1.00000000   2.30000000    38.7075168133
  1.10000000   2.30000000    28.6265034711
  1.20000000   2.30000000    20.7935830145
  1.30000000   2.30000000    14.8386170090
  1.40000000   2.30000000    10.4083536937
  1.50000000   2.30000000     7.1825658476
  1.60000000   2.30000000     4.8834249510
  1.70000000   2.30000000     3.2790789691
  1.80000000   2.30000000     2.1827664578
  1.90000000   2.30000000     1.4488943534
  2.00000000   2.30000000     0.9673945998
  2.10000000   2.30000000     0.6574342315
  2.20000000   2.30000000     0.4612596117
  2.30000000   2.30000000     0.3386672982
  2.40000000   2.30000000     0.2623495184
  2.50000000   2.30000000     0.2141790585
  2.60000000   2.30000000     0.1823780679
  2.70000000   2.30000000     0.1594491300
  2.80000000   2.30000000     0.1407215500
  2.90000000   2.30000000     0.1233672676
  3.00000000   2.30000000     0.1057572955
  3.10000000   2.30000000     0.0870525103
  3.20000000   2.30000000     0.0669465092
  3.30000000   2.30000000     0.0455002130
  3.40000000   2.30000000     0.0230266972
  3.50000000   2.30000000     0.0000000000

  0.00000000   2.40000000   200.0000000000
  0.10000000   2.40000000   230.9291514692
  0.20000000   2.40000000   227.2616893419
  0.30000000   2.40000000   193.0774071148
  0.40000000   2.40000000   161.3214975793
  0.50000000   2.40000000   132.5142293292
  0.60000000   2.40000000   106.9835850392
  0.70000000   2.40000000    84.8686616615
  0.80000000   2.40000000    66.1392343752
  0.90000000   2.40000000    50.6261014657
  1.00000000   2.40000000    38.0569862367
  1.10000000   2.40000000    28.0934276768
  1.20000000   2.40000000    20.3650199649
  1.30000000   2.40000000    14.4984374251
  1.40000000   2.40000000    10.1397954310
  1.50000000   2.40000000     6.9699316265
  1.60000000   2.40000000     4.7130397031
  1.70000000   2.40000000     3.1396798861
  1.80000000   2.40000000     2.0655056827
  1.90000000   2.40000000     1.3471117964
  2.00000000   2.40000000     0.8762827580
  2.10000000   2.40000000     0.5736792163
  2.20000000   2.40000000     0.3827092899
  2.30000000   2.40000000     0.2640514395
  2.40000000   2.40000000     0.1910585747
  2.50000000   2.40000000     0.1460968062
  2.60000000   2.40000000     0.1177573484
  2.70000000   2.40000000     0.0988178455
  2.80000000   2.40000000     0.0848066487
  2.90000000   2.40000000     0.0730267260
  3.00000000   2.40000000     0.0619133960
  3.10000000   2.40000000     0.0506234371
  3.20000000   2.40000000     0.0387769506
  3.30000000   2.40000000     0.0262947264
  3.40000000   2.40000000     0.0132915851
  3.50000000   2.40000000     0.0000000000

  0.00000000   2.50000000   200.0000000000
  0.10000000   2.50000000   230.4290684845
  0.20000000   2.50000000   226.3227343836
  0.30000000   2.50000000   191.8066845732
  0.40000000   2.50000000   159.8481681217
  0.50000000   2.50000000   130.9658078588
  0.60000000   2.50000000   105.4684142657
  0.70000000   2.50000000    83.4666567940
  0.80000000   2.50000000    64.9000116024
  0.90000000   2.50000000    49.5722110040
  1.00000000   2.50000000    37.1898148227
  1.10000000   2.50000000    27.3998257102
  1.20000000   2.50000000    19.8233875728
  1.30000000   2.50000000    14.0836190678
  1.40000000   2.50000000     9.8265875500
  1.50000000   2.50000000     6.7352935380
  1.60000000   2.50000000     4.5372442662
  1.70000000   2.50000000     3.0066876629
  1.80000000   2.50000000     1.9628317982
  1.90000000   2.50000000     1.2654081788
  2.00000000   2.50000000     0.8088008953
  2.10000000   2.50000000     0.5157232000
  2.20000000   2.50000000     0.3311427012
  2.30000000   2.50000000     0.2168870735
  2.40000000   2.50000000     0.1471367535
  2.50000000   2.50000000     0.1048442534
  2.60000000   2.50000000     0.0790119297
  2.70000000   2.50000000     0.0627026439
  2.80000000   2.50000000     0.0516379949
  2.90000000   2.50000000     0.0432435846
  3.00000000   2.50000000     0.0360189911
  3.10000000   2.50000000     0.0291335821
  3.20000000   2.50000000     0.0221728025
  3.30000000   2.50000000     0.0149803035
  3.40000000   2.50000000     0.0075581281
  3.50000000   2.50000000     0.0000000000

  0.00000000   2.60000000   200.0000000000
  0.10000000   2.60000000   229.6701430270
  0.20000000   2.60000000   224.9074355005
  0.30000000   2.60000000   189.9107599453
  0.40000000   2.60000000   157.6772349564
  0.50000000   2.60000000   128.7154942499
  0.60000000   2.60000000   103.2979339829
  0.70000000   2.60000000    81.4874456667
  0.80000000   2.60000000    63.1761371090
  0.90000000   2.60000000    48.1278316639
  1.00000000   2.60000000    36.0195531871
  1.10000000   2.60000000    26.4792116841
  1.20000000   2.60000000    19.1177885990
  1.30000000   2.60000000    13.5550218516
  1.40000000   2.60000000     9.4382011115
  1.50000000   2.60000000     6.4542701351
  1.60000000   2.60000000     4.3359469946
  1.70000000   2.60000000     2.8629444932
  1.80000000   2.60000000     1.8595605488
  1.90000000   2.60000000     1.1899134771
  2.00000000   2.60000000     0.7519567821
  2.10000000   2.60000000     0.4711774401
  2.20000000   2.60000000     0.2946173750
  2.30000000   2.60000000     0.1856058763
  2.40000000   2.60000000     0.1193809140
  2.50000000   2.60000000     0.0796229389
  2.60000000   2.60000000     0.0558259502
  2.70000000   2.60000000     0.0413790642
  2.80000000   2.60000000     0.0322154250
  2.90000000   2.60000000     0.0258916756
  3.00000000   2.60000000     0.0209798758
  3.10000000   2.60000000     0.0166770008
  3.20000000   2.60000000     0.0125600686
  3.30000000   2.60000000     0.0084349206
  3.40000000   2.60000000     0.0042426901
  3.50000000   2.60000000     0.0000000000

  0.00000000   2.70000000   200.0000000000
  0.10000000   2.70000000   228.5141601498
  0.20000000   2.70000000   222.7710877600
  0.30000000   2.70000000   187.0862362690
  0.40000000   2.70000000   154.4925537905
  0.50000000   2.70000000   125.4678844692
  0.60000000   2.70000000   100.2161893399
  0.70000000   2.70000000    78.7210868018
  0.80000000   2.70000000    60.8022892667
  0.90000000   2.70000000    46.1666804652
  1.00000000   2.70000000    34.4518553428
  1.10000000   2.70000000    25.2621413412
  1.20000000   2.70000000    18.1974954213
  1.30000000   2.70000000    12.8755756817
  1.40000000   2.70000000     8.9472856336
  1.50000000   2.70000000     6.1062775713
  1.60000000   2.70000000     4.0931822490
  1.70000000   2.70000000     2.6955803973
  1.80000000   2.70000000     1.7448647443
  1.90000000   2.70000000     1.1111331181
  2.00000000   2.70000000     0.6971228314
  2.10000000   2.70000000     0.4319873290
  2.20000000   2.70000000     0.2654769530
  2.30000000   2.70000000     0.1628578660
  2.40000000   2.70000000     0.1007137900
  2.50000000   2.70000000     0.0636364947
  2.60000000   2.70000000     0.0417230512
  2.70000000   2.70000000     0.0287531248
  2.80000000   2.70000000     0.0209068663
  2.90000000   2.70000000     0.0158918564
  3.00000000   2.70000000     0.0123664014
  3.10000000   2.70000000     0.0095691672
  3.20000000   2.70000000     0.0070871794
  3.30000000   2.70000000     0.0047132283
  3.40000000   2.70000000     0.0023588174
  3.50000000   2.70000000     0.0000000000

  0.00000000   2.80000000   200.0000000000
  0.10000000   2.80000000   226.7422340567
  0.20000000   2.80000000   219.5378644277
  0.30000000   2.80000000   182.8865576336
  0.40000000   2.80000000   149.8509023313
  0.50000000   2.80000000   120.8293708254
  0.60000000   2.80000000    95.8990029557
  0.70000000   2.80000000    74.9144738987
  0.80000000   2.80000000    57.5883797649
  0.90000000   2.80000000    43.5500154702
  1.00000000   2.80000000    32.3875402449
  1.10000000   2.80000000    23.6787243579
  1.20000000   2.80000000    17.0136617061
  1.30000000   2.80000000    12.0111943623
  1.40000000   2.80000000     8.3299001808
  1.50000000   2.80000000     5.6742246499
  1.60000000   2.80000000     3.7964085369
  1.70000000   2.80000000     2.4950303491
  1.80000000   2.80000000     1.6111000336
  1.90000000   2.80000000     1.0226486026
  2.00000000   2.80000000     0.6386591643
  2.10000000   2.80000000     0.3930119154
  2.20000000   2.80000000     0.2389120535
  2.30000000   2.80000000     0.1440729790
  2.40000000   2.80000000     0.0867629024
  2.50000000   2.80000000     0.0527028239
  2.60000000   2.80000000     0.0327284612
  2.70000000   2.80000000     0.0210914984
  2.80000000   2.80000000     0.0142666295
  2.90000000   2.80000000     0.0101400725
  3.00000000   2.80000000     0.0074738706
  3.10000000   2.80000000     0.0055620299
  3.20000000   2.80000000     0.0040153444
  3.30000000   2.80000000     0.0026295456
  3.40000000   2.80000000     0.0013054363
  3.50000000   2.80000000     0.0000000000

  0.00000000   2.90000000   200.0000000000
  0.10000000   2.90000000   223.9921166383
  0.20000000   2.90000000   214.6131567716
  0.30000000   2.90000000   176.6458807696
  0.40000000   2.90000000   143.1331319771
  0.50000000   2.90000000   114.2853916973
  0.60000000   2.90000000    89.9491729313
  0.70000000   2.90000000    69.7761355578
  0.80000000   2.90000000    53.3279980572
  0.90000000   2.90000000    40.1353155176
  1.00000000   2.90000000    29.7299462813
  1.10000000   2.90000000    21.6641873410
  1.20000000   2.90000000    15.5231721387
  1.30000000   2.90000000    10.9332037758
  1.40000000   2.90000000     7.5668528531
  1.50000000   2.90000000     5.1450615063
  1.60000000   2.90000000     3.4365046866
  1.70000000   2.90000000     2.2546563756
  1.80000000   2.90000000     1.4531807767
  1.90000000   2.90000000     0.9203359763
  2.00000000   2.90000000     0.5730351666
  2.10000000   2.90000000     0.3510894408
  2.20000000   2.90000000     0.2119977713
  2.30000000   2.90000000     0.1264905106
  2.40000000   2.90000000     0.0748973989
  2.50000000   2.90000000     0.0443116731
  2.60000000   2.90000000     0.0264600825
  2.70000000   2.90000000     0.0161592806
  2.80000000   2.90000000     0.0102338322
  2.90000000   2.90000000     0.0067811852
  3.00000000   2.90000000     0.0046869003
  3.10000000   2.90000000     0.0033137152
  3.20000000   2.90000000     0.0023071658
  3.30000000   2.90000000     0.0014767249
  3.40000000   2.90000000     0.0007241425
  3.50000000   2.90000000     0.0000000000

  0.00000000   3.00000000   200.0000000000
  0.10000000   3.00000000   219.6278986552
  0.20000000   3.00000000   207.0216493475
  0.30000000   3.00000000   167.3600053611
  0.40000000   3.00000000   133.4848551986
  0.50000000   3.00000000   105.1860309686
  0.60000000   3.00000000    81.9063424399
  0.70000000   3.00000000    62.9950860567
  0.80000000   3.00000000    47.8177687762
  0.90000000   3.00000000    35.7925526123
  1.00000000   3.00000000    26.3972394019
  1.10000000   3.00000000    19.1675583831
  1.20000000   3.00000000    13.6944417535
  1.30000000   3.00000000     9.6220111203
  1.40000000   3.00000000     6.6458709524
  1.50000000   3.00000000     4.5109295862
  1.60000000   3.00000000     3.0082431122
  1.70000000   3.00000000     1.9707814645
  1.80000000   3.00000000     1.2683343135
  1.90000000   3.00000000     0.8019458349
  2.00000000   3.00000000     0.4983038014
  2.10000000   3.00000000     0.3044503110
  2.20000000   3.00000000     0.1830741992
  2.30000000   3.00000000     0.1085265724
  2.40000000   3.00000000     0.0635963036
  2.50000000   3.00000000     0.0370046051
  2.60000000   3.00000000     0.0215298429
  2.70000000   3.00000000     0.0126520742
  2.80000000   3.00000000     0.0076047446
  2.90000000   3.00000000     0.0047313902
  3.00000000   3.00000000     0.0030618165
  3.10000000   3.00000000     0.0020404877
  3.20000000   3.00000000     0.0013568877
  3.30000000   3.00000000     0.0008419378
  3.40000000   3.00000000     0.0004057317
  3.50000000   3.00000000     0.0000000000

  0.00000000   3.10000000   200.0000000000
  0.10000000   3.10000000   212.4435011994
  0.20000000   3.10000000   195.0967856111
  0.30000000   3.10000000   153.5076519727
  0.40000000   3.10000000   119.7617460876
  0.50000000   3.10000000    92.7608672944
  0.60000000   3.10000000    71.2870975399
  0.70000000   3.10000000    54.2824635248
  0.80000000   3.10000000    40.8914565386
  0.90000000   3.10000000    30.4291497602
  1.00000000   3.10000000    22.3395117674
  1.10000000   3.10000000    16.1628729521
  1.20000000   3.10000000    11.5145079289
  1.30000000   3.10000000     8.0714443358
  1.40000000   3.10000000     5.5641486469
  1.50000000   3.10000000     3.7705652641
  1.60000000   3.10000000     2.5109737484
  1.70000000   3.10000000     1.6429265467
  1.80000000   3.10000000     1.0560638509
  1.90000000   3.10000000     0.6669005219
  2.00000000   3.10000000     0.4138006000
  2.10000000   3.10000000     0.2523597743
  2.20000000   3.10000000     0.1513589713
  2.30000000   3.10000000     0.0893732600
  2.40000000   3.10000000     0.0520456307
  2.50000000   3.10000000     0.0299784299
  2.60000000   3.10000000     0.0171603834
  2.70000000   3.10000000     0.0098323228
  2.80000000   3.10000000     0.0056950594
  2.90000000   3.10000000     0.0033727618
  3.00000000   3.10000000     0.0020597839
  3.10000000   3.10000000     0.0012945205
  3.20000000   3.10000000     0.0008182804
  3.30000000   3.10000000     0.0004892046
  3.40000000   3.10000000     0.0002306180
  3.50000000   3.10000000     0.0000000000

  0.00000000   3.20000000   200.0000000000
  0.10000000   3.20000000   199.9175246658
  0.20000000   3.20000000   175.8758817312
  0.30000000   3.20000000   132.8200122710
  0.40000000   3.20000000   100.5340921803
  0.50000000   3.20000000    76.2075555436
  0.60000000   3.20000000    57.6791899284
  0.70000000   3.20000000    43.4452132040
  0.80000000   3.20000000    32.4706017566
  0.90000000   3.20000000    24.0224853136
  1.00000000   3.20000000    17.5588273625
  1.10000000   3.20000000    12.6612167149
  1.20000000   3.20000000     8.9961194734
  1.30000000   3.20000000     6.2928393393
  1.40000000   3.20000000     4.3306380912
  1.50000000   3.20000000     2.9305249807
  1.60000000   3.20000000     1.9492203147
  1.70000000   3.20000000     1.2740377917
  1.80000000   3.20000000     0.8181606424
  1.90000000   3.20000000     0.5161819953
  2.00000000   3.20000000     0.3199607324
  2.10000000   3.20000000     0.1948958053
  2.20000000   3.20000000     0.1167048259
  2.30000000   3.20000000     0.0687474690
  2.40000000   3.20000000     0.0398859798
  2.50000000   3.20000000     0.0228369723
  2.60000000   3.20000000     0.0129453729
  2.70000000   3.20000000     0.0073021531
  2.80000000   3.20000000     0.0041291560
  2.90000000   3.20000000     0.0023628447
  3.00000000   3.20000000     0.0013806020
  3.10000000   3.20000000     0.0008256048
  3.20000000   3.20000000     0.0004976078
  3.30000000   3.20000000     0.0002863796
  3.40000000   3.20000000     0.0001318113
  3.50000000   3.20000000     0.0000000000

  0.00000000   3.30000000   200.0000000000
  0.10000000   3.30000000   176.1340576145
  0.20000000   3.30000000   143.9667519956
  0.30000000   3.30000000   102.1380551048
  0.40000000   3.30000000    74.3016281464
  0.50000000   3.30000000    54.9325926475
  0.60000000   3.30000000    40.9161299954
  0.70000000   3.30000000    30.4943845761
  0.80000000   3.30000000    22.6268248609
  0.90000000   3.30000000    16.6543142430
  1.00000000   3.30000000    12.1277897367
  1.10000000   3.30000000     8.7205744954
  1.20000000   3.30000000     6.1828763565
  1.30000000   3.30000000     4.3176627131
  1.40000000   3.30000000     2.9673364238
  1.50000000   3.30000000     2.0057680126
  1.60000000   3.30000000     1.3328945163
  1.70000000   3.30000000     0.8705097396
  1.80000000   3.30000000     0.5586293673
  1.90000000   3.30000000     0.3522081837
  2.00000000   3.30000000     0.2181716339
  2.10000000   3.30000000     0.1327911238
  2.20000000   3.30000000     0.0794379398
  2.30000000   3.30000000     0.0467294282
  2.40000000   3.30000000     0.0270537574
  2.50000000   3.30000000     0.0154369336
  2.60000000   3.30000000     0.0087018514
  2.70000000   3.30000000     0.0048641240
  2.80000000   3.30000000     0.0027113248
  2.90000000   3.30000000     0.0015185475
  3.00000000   3.30000000     0.0008615106
  3.10000000   3.30000000     0.0004970422
  3.20000000   3.30000000     0.0002885823
  3.30000000   3.30000000     0.0001608040
  3.40000000   3.30000000     0.0000724380
  3.50000000   3.30000000     0.0000000000

  0.00000000   3.40000000   200.0000000000
  0.10000000   3.40000000   125.3444164594
  0.20000000   3.40000000    89.8409401326
  0.30000000   3.40000000    57.9906821180
  0.40000000   3.40000000    40.2501727346
  0.50000000   3.40000000    29.0362877681
  0.60000000   3.40000000    21.3321811667
  0.70000000   3.40000000    15.7676438130
  0.80000000   3.40000000    11.6375933650
  0.90000000   3.40000000     8.5349838706
  1.00000000   3.40000000     6.1994086079
  1.10000000   3.40000000     4.4493930392
  1.20000000   3.40000000     3.1501514540
  1.30000000   3.40000000     2.1974183826
  1.40000000   3.40000000     1.5088730270
  1.50000000   3.40000000     1.0192023926
  1.60000000   3.40000000     0.6768964190
  1.70000000   3.40000000     0.4418604756
  1.80000000   3.40000000     0.2834305552
  1.90000000   3.40000000     0.1786275527
  2.00000000   3.40000000     0.1106050400
  2.10000000   3.40000000     0.0672910189
  2.20000000   3.40000000     0.0402331836
  2.30000000   3.40000000     0.0236498667
  2.40000000   3.40000000     0.0136769260
  2.50000000   3.40000000     0.0077904806
  2.60000000   3.40000000     0.0043790361
  2.70000000   3.40000000     0.0024363949
  2.80000000   3.40000000     0.0013479560
  2.90000000   3.40000000     0.0007463333
  3.00000000   3.40000000     0.0004165307
  3.10000000   3.40000000     0.0002353257
  3.20000000   3.40000000     0.0001334978
  3.30000000   3.40000000     0.0000728269
  3.40000000   3.40000000     0.0000323258
  3.50000000   3.40000000     0.0000000000

  0.00000000   3.50000000     0.0000000000
  0.10000000   3.50000000     0.0000000000
  0.20000000   3.50000000     0.0000000000
  0.30000000   3.50000000     0.0000000000
  0.40000000   3.50000000     0.0000000000
  0.50000000   3.50000000     0.0000000000
  0.60000000   3.50000000     0.0000000000
  0.70000000   3.50000000     0.0000000000
  0.80000000   3.50000000     0.0000000000
  0.90000000   3.50000000     0.0000000000
  1.00000000   3.50000000     0.0000000000
  1.10000000   3.50000000     0.0000000000
  1.20000000   3.50000000     0.0000000000
  1.30000000   3.50000000     0.0000000000
  1.40000000   3.50000000     0.0000000000
  1.50000000   3.50000000     0.0000000000
  1.60000000   3.50000000     0.0000000000
  1.70000000   3.50000000     0.0000000000
  1.80000000   3.50000000     0.0000000000
  1.90000000   3.50000000     0.0000000000
  2.00000000   3.50000000     0.0000000000
  2.10000000   3.50000000     0.0000000000
  2.20000000   3.50000000     0.0000000000
  2.30000000   3.50000000     0.0000000000
  2.40000000   3.50000000     0.0000000000
  2.50000000   3.50000000     0.0000000000
  2.60000000   3.50000000     0.0000000000
  2.70000000   3.50000000     0.0000000000
  2.80000000   3.50000000     0.0000000000
  2.90000000   3.50000000     0.0000000000
  3.00000000   3.50000000     0.0000000000
  3.10000000   3.50000000     0.0000000000
  3.20000000   3.50000000     0.0000000000
  3.30000000   3.50000000     0.0000000000
  3.40000000   3.50000000     0.0000000000
  3.50000000   3.50000000     0.0000000000

