  0.00000000   0.00000000   400.0000000000
  0.10000000   0.00000000   400.0000000000
  0.20000000   0.00000000   400.0000000000
  0.30000000   0.00000000   400.0000000000
  0.40000000   0.00000000   400.0000000000
  0.50000000   0.00000000   400.0000000000
  0.60000000   0.00000000   400.0000000000
  0.70000000   0.00000000   400.0000000000
  0.80000000   0.00000000   400.0000000000
  0.90000000   0.00000000   400.0000000000
  1.00000000   0.00000000   400.0000000000
  1.10000000   0.00000000   400.0000000000
  1.20000000   0.00000000   400.0000000000
  1.30000000   0.00000000   400.0000000000
  1.40000000   0.00000000   400.0000000000
  1.50000000   0.00000000   400.0000000000
  1.60000000   0.00000000   400.0000000000
  1.70000000   0.00000000   400.0000000000
  1.80000000   0.00000000   400.0000000000
  1.90000000   0.00000000   400.0000000000
  2.00000000   0.00000000   400.0000000000
  2.10000000   0.00000000   400.0000000000
  2.20000000   0.00000000   400.0000000000
  2.30000000   0.00000000   400.0000000000
  2.40000000   0.00000000   400.0000000000
  2.50000000   0.00000000   400.0000000000
  2.60000000   0.00000000   400.0000000000
  2.70000000   0.00000000   400.0000000000
  2.80000000   0.00000000   400.0000000000
  2.90000000   0.00000000   400.0000000000
  3.00000000   0.00000000   400.0000000000
  3.10000000   0.00000000   400.0000000000
  3.20000000   0.00000000   400.0000000000
  3.30000000   0.00000000   400.0000000000
  3.40000000   0.00000000   400.0000000000
  3.50000000   0.00000000   400.0000000000

  0.00000000   0.10000000   400.0000000000
  0.10000000   0.10000000   571.9040772815
  0.20000000   0.10000000   608.3309512558
  0.30000000   0.10000000   597.7210107132
  0.40000000   0.10000000   592.3498408915
  0.50000000   0.10000000   588.7810209534
  0.60000000   0.10000000   585.9596327791
  0.70000000   0.10000000   583.5326458594
  0.80000000   0.10000000   581.3738611430
  0.90000000   0.10000000   579.4374354333
  1.00000000   0.10000000   577.7083297405
  1.10000000   0.10000000   576.1839124777
  1.20000000   0.10000000   574.8665144991
  1.30000000   0.10000000   573.7601892209
  1.40000000   0.10000000   572.8692254078
  1.50000000   0.10000000   572.1974439825
  1.60000000   0.10000000   571.7478647666
  1.70000000   0.10000000   571.5225529391
  1.80000000   0.10000000   571.5225529391
  1.90000000   0.10000000   571.7478647666
  2.00000000   0.10000000   572.1974439825
  2.10000000   0.10000000   572.8692254078
  2.20000000   0.10000000   573.7601892209
  2.30000000   0.10000000   574.8665144991
  2.40000000   0.10000000   576.1839124777
  2.50000000   0.10000000   577.7083297405
  2.60000000   0.10000000   579.4374354333
  2.70000000   0.10000000   581.3738611430
  2.80000000   0.10000000   583.5326458594
  2.90000000   0.10000000   585.9596327791
  3.00000000   0.10000000   588.7810209534
  3.10000000   0.10000000   592.3498408915
  3.20000000   0.10000000   597.7210107132
  3.30000000   0.10000000   608.3309512558
  3.40000000   0.10000000   571.9040772815
  3.50000000   0.10000000   400.0000000000

  0.00000000   0.20000000   400.0000000000
  0.10000000   0.20000000   543.8309640077
  0.20000000   0.20000000   599.2894115640
  0.30000000   0.20000000   590.3380132008
  0.40000000   0.20000000   583.0746683866
  0.50000000   0.20000000   577.0325946763
  0.60000000   0.20000000   571.7811904133
  0.70000000   0.20000000   567.0891285579
  0.80000000   0.20000000   562.8502263331
  0.90000000   0.20000000   559.0221507223
  1.00000000   0.20000000   555.5930811039
  1.10000000   0.20000000   552.5651125446
  1.20000000   0.20000000   549.9461041904
  1.30000000   0.20000000   547.7456418667
  1.40000000   0.20000000   545.9730214461
  1.50000000   0.20000000   544.6362458018
  1.60000000   0.20000000   543.7415386789
  1.70000000   0.20000000   543.2931217678
  1.80000000   0.20000000   543.2931217678
  1.90000000   0.20000000   543.7415386789
  2.00000000   0.20000000   544.6362458018
  2.10000000   0.20000000   545.9730214461
  2.20000000   0.20000000   547.7456418667
  2.30000000   0.20000000   549.9461041904
  2.40000000   0.20000000   552.5651125446
  2.50000000   0.20000000   555.5930811039
  2.60000000   0.20000000   559.0221507223
  2.70000000   0.20000000   562.8502263331
  2.80000000   0.20000000   567.0891285579
  2.90000000   0.20000000   571.7811904133
  3.00000000   0.20000000   577.0325946763
  3.10000000   0.20000000   583.0746683866
  3.20000000   0.20000000   590.3380132008
  3.30000000   0.20000000   599.2894115640
  3.40000000   0.20000000   543.8309640077
  3.50000000   0.20000000   400.0000000000

  0.00000000   0.30000000   400.0000000000
  0.10000000   0.30000000   533.2210606969
  0.20000000   0.30000000   590.3380749199
  0.30000000   0.30000000   581.5349530271
  0.40000000   0.30000000   572.9308776630
  0.50000000   0.30000000   564.9269828605
  0.60000000   0.30000000   557.5531327939
  0.70000000   0.30000000   550.7731935664
  0.80000000   0.30000000   544.5617756766
  0.90000000   0.30000000   538.9129995494
  1.00000000   0.30000000   533.8345825867
  1.10000000   0.30000000   529.3413259772
  1.20000000   0.30000000   525.4505705120
  1.30000000   0.30000000   522.1794350755
  1.40000000   0.30000000   519.5432561838
  1.50000000   0.30000000   517.5547603278
  1.60000000   0.30000000   516.2236591384
  1.70000000   0.30000000   515.5564741202
  1.80000000   0.30000000   515.5564741202
  1.90000000   0.30000000   516.2236591384
  2.00000000   0.30000000   517.5547603278
  2.10000000   0.30000000   519.5432561838
  2.20000000   0.30000000   522.1794350755
  2.30000000   0.30000000   525.4505705120
  2.40000000   0.30000000   529.3413259772
  2.50000000   0.30000000   533.8345825867
  2.60000000   0.30000000   538.9129995494
  2.70000000   0.30000000   544.5617756766
  2.80000000   0.30000000   550.7731935664
  2.90000000   0.30000000   557.5531327939
  3.00000000   0.30000000   564.9269828605
  3.10000000   0.30000000   572.9308776630
  3.20000000   0.30000000   581.5349530271
  3.30000000   0.30000000   590.3380749199
  3.40000000   0.30000000   533.2210606969
  3.50000000   0.30000000   400.0000000000

  0.00000000   0.40000000   400.0000000000
  0.10000000   0.40000000   527.8499623421
  0.20000000   0.40000000   583.0748603243
  0.30000000   0.40000000   572.9310421819
  0.40000000   0.40000000   562.7108945178
  0.50000000   0.40000000   552.8354120083
  0.60000000   0.40000000   543.4885281508
  0.70000000   0.40000000   534.7516077659
  0.80000000   0.40000000   526.6705203910
  0.90000000   0.40000000   519.2811676932
  1.00000000   0.40000000   512.6169072535
  1.10000000   0.40000000   506.7095355554
  1.20000000   0.40000000   501.5885125200
  1.30000000   0.40000000   497.2800276965
  1.40000000   0.40000000   493.8063320662
  1.50000000   0.40000000   491.1853638723
  1.60000000   0.40000000   489.4305892225
  1.70000000   0.40000000   488.5509672542
  1.80000000   0.40000000   488.5509672542
  1.90000000   0.40000000   489.4305892225
  2.00000000   0.40000000   491.1853638723
  2.10000000   0.40000000   493.8063320662
  2.20000000   0.40000000   497.2800276965
  2.30000000   0.40000000   501.5885125200
  2.40000000   0.40000000   506.7095355554
  2.50000000   0.40000000   512.6169072535
  2.60000000   0.40000000   519.2811676932
  2.70000000   0.40000000   526.6705203910
  2.80000000   0.40000000   534.7516077659
  2.90000000   0.40000000   543.4885281508
  3.00000000   0.40000000   552.8354120083
  3.10000000   0.40000000   562.7108945178
  3.20000000   0.40000000   572.9310421819
  3.30000000   0.40000000   583.0748603243
  3.40000000   0.40000000   527.8499623421
  3.50000000   0.40000000   400.0000000000

  0.00000000   0.50000000   400.0000000000
  0.10000000   0.50000000   524.2812550849
  0.20000000   0.50000000   577.0329993310
  0.30000000   0.50000000   564.9274357927
  0.40000000   0.50000000   552.8357419134
  0.50000000   0.50000000   541.0627610399
  0.60000000   0.50000000   529.8105231105
  0.70000000   0.50000000   519.2095656140
  0.80000000   0.50000000   509.3504785972
  0.90000000   0.50000000   500.3027519878
  1.00000000   0.50000000   492.1238608021
  1.10000000   0.50000000   484.8630380926
  1.20000000   0.50000000   478.5626350594
  1.30000000   0.50000000   473.2585516341
  1.40000000   0.50000000   468.9803897320
  1.50000000   0.50000000   465.7515697487
  1.60000000   0.50000000   463.5894684152
  1.70000000   0.50000000   462.5055652571
  1.80000000   0.50000000   462.5055652571
  1.90000000   0.50000000   463.5894684152
  2.00000000   0.50000000   465.7515697487
  2.10000000   0.50000000   468.9803897320
  2.20000000   0.50000000   473.2585516341
  2.30000000   0.50000000   478.5626350594
  2.40000000   0.50000000   484.8630380926
  2.50000000   0.50000000   492.1238608021
  2.60000000   0.50000000   500.3027519878
  2.70000000   0.50000000   509.3504785972
  2.80000000   0.50000000   519.2095656140
  2.90000000   0.50000000   529.8105231105
  3.00000000   0.50000000   541.0627610399
  3.10000000   0.50000000   552.8357419134
  3.20000000   0.50000000   564.9274357927
  3.30000000   0.50000000   577.0329993310
  3.40000000   0.50000000   524.2812550849
  3.50000000   0.50000000   400.0000000000

  0.00000000   0.60000000   400.0000000000
  0.10000000   0.60000000   521.4600244064
  0.20000000   0.60000000   571.7818975511
  0.30000000   0.60000000   557.5540090919
  0.40000000   0.60000000   543.4893683632
  0.50000000   0.60000000   529.8110790594
  0.60000000   0.60000000   516.7061263789
  0.70000000   0.60000000   504.3211357573
  0.80000000   0.60000000   492.7713282162
  0.90000000   0.60000000   482.1497524629
  1.00000000   0.60000000   472.5335662536
  1.10000000   0.60000000   463.9876704159
  1.20000000   0.60000000   456.5666804815
  1.30000000   0.60000000   450.3160209464
  1.40000000   0.60000000   445.2726070964
  1.50000000   0.60000000   441.4653421893
  1.60000000   0.60000000   438.9155179662
  1.70000000   0.60000000   437.6371356718
  1.80000000   0.60000000   437.6371356718
  1.90000000   0.60000000   438.9155179662
  2.00000000   0.60000000   441.4653421893
  2.10000000   0.60000000   445.2726070964
  2.20000000   0.60000000   450.3160209464
  2.30000000   0.60000000   456.5666804815
  2.40000000   0.60000000   463.9876704159
  2.50000000   0.60000000   472.5335662536
  2.60000000   0.60000000   482.1497524629
  2.70000000   0.60000000   492.7713282162
  2.80000000   0.60000000   504.3211357573
  2.90000000   0.60000000   516.7061263789
  3.00000000   0.60000000   529.8110790594
  3.10000000   0.60000000   543.4893683632
  3.20000000   0.60000000   557.5540090919
  3.30000000   0.60000000   571.7818975511
  3.40000000   0.60000000   521.4600244064
  3.50000000   0.60000000   400.0000000000

  0.00000000   0.70000000   400.0000000000
  0.10000000   0.70000000   519.0332396682
  0.20000000   0.70000000   567.0902277776
  0.30000000   0.70000000   550.7746281535
  0.40000000   0.70000000   534.7531390427
  0.50000000   0.70000000   519.2109045911
  0.60000000   0.70000000   504.3219654309
  0.70000000   0.70000000   490.2382691537
  0.80000000   0.70000000   477.0889758662
  0.90000000   0.70000000   464.9833030199
  1.00000000   0.70000000   454.0136813144
  1.10000000   0.70000000   444.2582300445
  1.20000000   0.70000000   435.7825071376
  1.30000000   0.70000000   428.6407448753
  1.40000000   0.70000000   422.8767707827
  1.50000000   0.70000000   418.5247363059
  1.60000000   0.70000000   415.6097069261
  1.70000000   0.70000000   414.1481234698
  1.80000000   0.70000000   414.1481234698
  1.90000000   0.70000000   415.6097069261
  2.00000000   0.70000000   418.5247363059
  2.10000000   0.70000000   422.8767707827
  2.20000000   0.70000000   428.6407448753
  2.30000000   0.70000000   435.7825071376
  2.40000000   0.70000000   444.2582300445
  2.50000000   0.70000000   454.0136813144
  2.60000000   0.70000000   464.9833030199
  2.70000000   0.70000000   477.0889758662
  2.80000000   0.70000000   490.2382691537
  2.90000000   0.70000000   504.3219654309
  3.00000000   0.70000000   519.2109045911
  3.10000000   0.70000000   534.7531390427
  3.20000000   0.70000000   550.7746281535
  3.30000000   0.70000000   567.0902277776
  3.40000000   0.70000000   519.0332396682
  3.50000000   0.70000000   400.0000000000

  0.00000000   0.80000000   400.0000000000
  0.10000000   0.80000000   516.8746978796
  0.20000000   0.80000000   562.8517994727
  0.30000000   0.80000000   544.5638921215
  0.40000000   0.80000000   526.6729088654
  0.50000000   0.80000000   509.3528101900
  0.60000000   0.80000000   492.7732413835
  0.70000000   0.80000000   477.0901040743
  0.80000000   0.80000000   462.4419906069
  0.90000000   0.80000000   448.9498702852
  1.00000000   0.80000000   436.7180905468
  1.10000000   0.80000000   425.8356985615
  1.20000000   0.80000000   416.3777036266
  1.30000000   0.80000000   408.4061893391
  1.40000000   0.80000000   401.9712803201
  1.50000000   0.80000000   397.1119787160
  1.60000000   0.80000000   393.8568702418
  1.70000000   0.80000000   392.2246841019
  1.80000000   0.80000000   392.2246841019
  1.90000000   0.80000000   393.8568702418
  2.00000000   0.80000000   397.1119787160
  2.10000000   0.80000000   401.9712803201
  2.20000000   0.80000000   408.4061893391
  2.30000000   0.80000000   416.3777036266
  2.40000000   0.80000000   425.8356985615
  2.50000000   0.80000000   436.7180905468
  2.60000000   0.80000000   448.9498702852
  2.70000000   0.80000000   462.4419906069
  2.80000000   0.80000000   477.0901040743
  2.90000000   0.80000000   492.7732413835
  3.00000000   0.80000000   509.3528101900
  3.10000000   0.80000000   526.6729088654
  3.20000000   0.80000000   544.5638921215
  3.30000000   0.80000000   562.8517994727
  3.40000000   0.80000000   516.8746978796
  3.50000000   0.80000000   400.0000000000

  0.00000000   0.90000000   400.0000000000
  0.10000000   0.90000000   514.9385482955
  0.20000000   0.90000000   559.0242646639
  0.30000000   0.90000000   538.9158993324
  0.40000000   0.90000000   519.2845506739
  0.50000000   0.90000000   500.3062507215
  0.60000000   0.90000000   482.1529622199
  0.70000000   0.90000000   464.9858122150
  0.80000000   0.90000000   448.9512916098
  0.90000000   0.90000000   434.1797202293
  1.00000000   0.90000000   420.7850643766
  1.10000000   0.90000000   408.8654397697
  1.20000000   0.90000000   398.5039157887
  1.30000000   0.90000000   389.7694261064
  1.40000000   0.90000000   382.7176871285
  1.50000000   0.90000000   377.3920643302
  1.60000000   0.90000000   373.8243384915
  1.70000000   0.90000000   372.0353279068
  1.80000000   0.90000000   372.0353279068
  1.90000000   0.90000000   373.8243384915
  2.00000000   0.90000000   377.3920643302
  2.10000000   0.90000000   382.7176871285
  2.20000000   0.90000000   389.7694261064
  2.30000000   0.90000000   398.5039157887
  2.40000000   0.90000000   408.8654397697
  2.50000000   0.90000000   420.7850643766
  2.60000000   0.90000000   434.1797202293
  2.70000000   0.90000000   448.9512916098
  2.80000000   0.90000000   464.9858122150
  2.90000000   0.90000000   482.1529622199
  3.00000000   0.90000000   500.3062507215
  3.10000000   0.90000000   519.2845506739
  3.20000000   0.90000000   538.9158993324
  3.30000000   0.90000000   559.0242646639
  3.40000000   0.90000000   514.9385482955
  3.50000000   0.90000000   400.0000000000

  0.00000000   1.00000000   400.0000000000
  0.10000000   1.00000000   513.2097412341
  0.20000000   1.00000000   555.5957815056
  0.30000000   1.00000000   533.8383357468
  0.40000000   1.00000000   512.6213808454
  0.50000000   1.00000000   492.1286508128
  0.60000000   1.00000000   472.5382268002
  0.70000000   1.00000000   454.0177576239
  0.80000000   1.00000000   436.7211527088
  0.90000000   1.00000000   420.7867394245
  1.00000000   1.00000000   406.3365384248
  1.10000000   1.00000000   393.4762831178
  1.20000000   1.00000000   382.2958932071
  1.30000000   1.00000000   372.8702020567
  1.40000000   1.00000000   365.2598002663
  1.50000000   1.00000000   359.5118940687
  1.60000000   1.00000000   355.6610974072
  1.70000000   1.00000000   353.7300904072
  1.80000000   1.00000000   353.7300904072
  1.90000000   1.00000000   355.6610974072
  2.00000000   1.00000000   359.5118940687
  2.10000000   1.00000000   365.2598002663
  2.20000000   1.00000000   372.8702020567
  2.30000000   1.00000000   382.2958932071
  2.40000000   1.00000000   393.4762831178
  2.50000000   1.00000000   406.3365384248
  2.60000000   1.00000000   420.7867394245
  2.70000000   1.00000000   436.7211527088
  2.80000000   1.00000000   454.0177576239
  2.90000000   1.00000000   472.5382268002
  3.00000000   1.00000000   492.1286508128
  3.10000000   1.00000000   512.6213808454
  3.20000000   1.00000000   533.8383357468
  3.30000000   1.00000000   555.5957815056
  3.40000000   1.00000000   513.2097412341
  3.50000000   1.00000000   400.0000000000

  0.00000000   1.10000000   400.0000000000
  0.10000000   1.10000000   511.6856319711
  0.20000000   1.10000000   552.5684189634
  0.30000000   1.10000000   529.3459638287
  0.40000000   1.10000000   506.7151450104
  0.50000000   1.10000000   484.8691811685
  0.60000000   1.10000000   463.9938628587
  0.70000000   1.10000000   444.2639766002
  0.80000000   1.10000000   425.8405290844
  0.90000000   1.10000000   408.8689435582
  1.00000000   1.10000000   393.4781390002
  1.10000000   1.10000000   379.7803033719
  1.20000000   1.10000000   367.8711638158
  1.30000000   1.10000000   357.8305816718
  1.40000000   1.10000000   349.7233291878
  1.50000000   1.10000000   343.5999285320
  1.60000000   1.10000000   339.4974525004
  1.70000000   1.10000000   337.4402032576
  1.80000000   1.10000000   337.4402032576
  1.90000000   1.10000000   339.4974525004
  2.00000000   1.10000000   343.5999285320
  2.10000000   1.10000000   349.7233291878
  2.20000000   1.10000000   357.8305816718
  2.30000000   1.10000000   367.8711638158
  2.40000000   1.10000000   379.7803033719
  2.50000000   1.10000000   393.4781390002
  2.60000000   1.10000000   408.8689435582
  2.70000000   1.10000000   425.8405290844
  2.80000000   1.10000000   444.2639766002
  2.90000000   1.10000000   463.9938628587
  3.00000000   1.10000000   484.8691811685
  3.10000000   1.10000000   506.7151450104
  3.20000000   1.10000000   529.3459638287
  3.30000000   1.10000000   552.5684189634
  3.40000000   1.10000000   511.6856319711
  3.50000000   1.10000000   400.0000000000

  0.00000000   1.20000000   400.0000000000
  0.10000000   1.20000000   510.3685366583
  0.20000000   1.20000000   549.9500069570
  0.30000000   1.20000000   525.4560809712
  0.40000000   1.20000000   501.5952460337
  0.50000000   1.20000000   478.5701229331
  0.60000000   1.20000000   456.5744036577
  0.70000000   1.20000000   435.7899334766
  0.80000000   1.20000000   416.3843260835
  0.90000000   1.20000000   398.5092887312
  1.00000000   1.20000000   382.2996642585
  1.10000000   1.20000000   367.8730989350
  1.20000000   1.20000000   355.3302037617
  1.30000000   1.20000000   344.7550678716
  1.40000000   1.20000000   336.2159882665
  1.50000000   1.20000000   329.7662914045
  1.60000000   1.20000000   325.4451361778
  1.70000000   1.20000000   323.2782043885
  1.80000000   1.20000000   323.2782043885
  1.90000000   1.20000000   325.4451361778
  2.00000000   1.20000000   329.7662914045
  2.10000000   1.20000000   336.2159882665
  2.20000000   1.20000000   344.7550678716
  2.30000000   1.20000000   355.3302037617
  2.40000000   1.20000000   367.8730989350
  2.50000000   1.20000000   382.2996642585
  2.60000000   1.20000000   398.5092887312
  2.70000000   1.20000000   416.3843260835
  2.80000000   1.20000000   435.7899334766
  2.90000000   1.20000000   456.5744036577
  3.00000000   1.20000000   478.5701229331
  3.10000000   1.20000000   501.5952460337
  3.20000000   1.20000000   525.4560809712
  3.30000000   1.20000000   549.9500069570
  3.40000000   1.20000000   510.3685366583
  3.50000000   1.20000000   400.0000000000

  0.00000000   1.30000000   400.0000000000
  0.10000000   1.30000000   509.2624934436
  0.20000000   1.30000000   547.7501009512
  0.30000000   1.30000000   522.1857609515
  0.40000000   1.30000000   497.2878141170
  0.50000000   1.30000000   473.2673031032
  0.60000000   1.30000000   450.3251879502
  0.70000000   1.30000000   428.6497628723
  0.80000000   1.30000000   408.4145186957
  0.90000000   1.30000000   389.7765901027
  1.00000000   1.30000000   372.8758202290
  1.10000000   1.30000000   357.8343961019
  1.20000000   1.30000000   344.7569605449
  1.30000000   1.30000000   333.7310823960
  1.40000000   1.30000000   324.8279589443
  1.50000000   1.30000000   318.1032266524
  1.60000000   1.30000000   313.5977654835
  1.70000000   1.30000000   311.3383971009
  1.80000000   1.30000000   311.3383971009
  1.90000000   1.30000000   313.5977654835
  2.00000000   1.30000000   318.1032266524
  2.10000000   1.30000000   324.8279589443
  2.20000000   1.30000000   333.7310823960
  2.30000000   1.30000000   344.7569605449
  2.40000000   1.30000000   357.8343961019
  2.50000000   1.30000000   372.8758202290
  2.60000000   1.30000000   389.7765901027
  2.70000000   1.30000000   408.4145186957
  2.80000000   1.30000000   428.6497628723
  2.90000000   1.30000000   450.3251879502
  3.00000000   1.30000000   473.2673031032
  3.10000000   1.30000000   497.2878141170
  3.20000000   1.30000000   522.1857609515
  3.30000000   1.30000000   547.7501009512
  3.40000000   1.30000000   509.2624934436
  3.50000000   1.30000000   400.0000000000

  0.00000000   1.40000000   400.0000000000
  0.10000000   1.40000000   508.3717763049
  0.20000000   1.40000000   545.9779674082
  0.30000000   1.40000000   519.5502965744
  0.40000000   1.40000000   493.8150427030
  0.50000000   1.40000000   468.9902528380
  0.60000000   1.40000000   445.2830477822
  0.70000000   1.40000000   422.8871974258
  0.80000000   1.40000000   401.9811259321
  0.90000000   1.40000000   382.7264487353
  1.00000000   1.40000000   365.2670734735
  1.10000000   1.40000000   349.7288354592
  1.20000000   1.40000000   336.2195929720
  1.30000000   1.40000000   324.8296789027
  1.40000000   1.40000000   315.6325905389
  1.50000000   1.40000000   308.6857957814
  1.60000000   1.40000000   304.0315397076
  1.70000000   1.40000000   301.6975486583
  1.80000000   1.40000000   301.6975486583
  1.90000000   1.40000000   304.0315397076
  2.00000000   1.40000000   308.6857957814
  2.10000000   1.40000000   315.6325905389
  2.20000000   1.40000000   324.8296789027
  2.30000000   1.40000000   336.2195929720
  2.40000000   1.40000000   349.7288354592
  2.50000000   1.40000000   365.2670734735
  2.60000000   1.40000000   382.7264487353
  2.70000000   1.40000000   401.9811259321
  2.80000000   1.40000000   422.8871974258
  2.90000000   1.40000000   445.2830477822
  3.00000000   1.40000000   468.9902528380
  3.10000000   1.40000000   493.8150427030
  3.20000000   1.40000000   519.5502965744
  3.30000000   1.40000000   545.9779674082
  3.40000000   1.40000000   508.3717763049
  3.50000000   1.40000000   400.0000000000

  0.00000000   1.50000000   400.0000000000
  0.10000000   1.50000000   507.7001928781
  0.20000000   1.50000000   544.6415827709
  0.30000000   1.50000000   517.5623750398
  0.40000000   1.50000000   491.1948182967
  0.50000000   1.50000000   465.7623288847
  0.60000000   1.50000000   441.4768114970
  0.70000000   1.50000000   418.5363031414
  0.80000000   1.50000000   397.1230547868
  0.90000000   1.50000000   377.4021261204
  1.00000000   1.50000000   359.5205183358
  1.10000000   1.50000000   343.6068203404
  1.20000000   1.50000000   329.7713027021
  1.30000000   1.50000000   318.1063640833
  1.40000000   1.50000000   308.6872172053
  1.50000000   1.50000000   301.5726947498
  1.60000000   1.50000000   296.8060588914
  1.70000000   1.50000000   294.4157100997
  1.80000000   1.50000000   294.4157100997
  1.90000000   1.50000000   296.8060588914
  2.00000000   1.50000000   301.5726947498
  2.10000000   1.50000000   308.6872172053
  2.20000000   1.50000000   318.1063640833
  2.30000000   1.50000000   329.7713027021
  2.40000000   1.50000000   343.6068203404
  2.50000000   1.50000000   359.5205183358
  2.60000000   1.50000000   377.4021261204
  2.70000000   1.50000000   397.1230547868
  2.80000000   1.50000000   418.5363031414
  2.90000000   1.50000000   441.4768114970
  3.00000000   1.50000000   465.7623288847
  3.10000000   1.50000000   491.1948182967
  3.20000000   1.50000000   517.5623750398
  3.30000000   1.50000000   544.6415827709
  3.40000000   1.50000000   507.7001928781
  3.50000000   1.50000000   400.0000000000

  0.00000000   1.60000000   400.0000000000
  0.10000000   1.60000000   507.2507521182
  0.20000000   1.60000000   543.7471491663
  0.30000000   1.60000000   516.2316758350
  0.40000000   1.60000000   489.4405646705
  0.50000000   1.60000000   463.6008558779
  0.60000000   1.60000000   438.9277094980
  0.70000000   1.60000000   415.6220755179
  0.80000000   1.60000000   393.8688130085
  0.90000000   1.60000000   373.8353178011
  1.00000000   1.60000000   355.6706770058
  1.10000000   1.60000000   339.5053260547
  1.20000000   1.60000000   325.4511462099
  1.30000000   1.60000000   313.6019113687
  1.40000000   1.60000000   304.0339741952
  1.50000000   1.60000000   296.8070734370
  1.60000000   1.60000000   291.9651462411
  1.70000000   1.60000000   289.5370404011
  1.80000000   1.60000000   289.5370404011
  1.90000000   1.60000000   291.9651462411
  2.00000000   1.60000000   296.8070734370
  2.10000000   1.60000000   304.0339741952
  2.20000000   1.60000000   313.6019113687
  2.30000000   1.60000000   325.4511462099
  2.40000000   1.60000000   339.5053260547
  2.50000000   1.60000000   355.6706770058
  2.60000000   1.60000000   373.8353178011
  2.70000000   1.60000000   393.8688130085
  2.80000000   1.60000000   415.6220755179
  2.90000000   1.60000000   438.9277094980
  3.00000000   1.60000000   463.6008558779
  3.10000000   1.60000000   489.4405646705
  3.20000000   1.60000000   516.2316758350
  3.30000000   1.60000000   543.7471491663
  3.40000000   1.60000000   507.2507521182
  3.50000000   1.60000000   400.0000000000

  0.00000000   1.70000000   400.0000000000
  0.10000000   1.70000000   507.0255115112
  0.20000000   1.70000000   543.2988729786
  0.30000000   1.70000000   515.5646977045
  0.40000000   1.70000000   488.5612109805
  0.50000000   1.70000000   462.5172764431
  0.60000000   1.70000000   437.6496995751
  0.70000000   1.70000000   414.1609057907
  0.80000000   1.70000000   392.2370745392
  0.90000000   1.70000000   372.0467816408
  1.00000000   1.70000000   353.7401645407
  1.10000000   1.70000000   337.4485856152
  1.20000000   1.70000000   323.2847326319
  1.30000000   1.70000000   311.3430668207
  1.40000000   1.70000000   301.7005098969
  1.50000000   1.70000000   294.4172525965
  1.60000000   1.70000000   289.5375686585
  1.70000000   1.70000000   287.0905289151
  1.80000000   1.70000000   287.0905289151
  1.90000000   1.70000000   289.5375686585
  2.00000000   1.70000000   294.4172525965
  2.10000000   1.70000000   301.7005098969
  2.20000000   1.70000000   311.3430668207
  2.30000000   1.70000000   323.2847326319
  2.40000000   1.70000000   337.4485856152
  2.50000000   1.70000000   353.7401645407
  2.60000000   1.70000000   372.0467816408
  2.70000000   1.70000000   392.2370745392
  2.80000000   1.70000000   414.1609057907
  2.90000000   1.70000000   437.6496995751
  3.00000000   1.70000000   462.5172764431
  3.10000000   1.70000000   488.5612109806
  3.20000000   1.70000000   515.5646977045
  3.30000000   1.70000000   543.2988729786
  3.40000000   1.70000000   507.0255115112
  3.50000000   1.70000000   400.0000000000

  0.00000000   1.80000000   400.0000000000
  0.10000000   1.80000000   507.0255115112
  0.20000000   1.80000000   543.2988729786
  0.30000000   1.80000000   515.5646977045
  0.40000000   1.80000000   488.5612109805
  0.50000000   1.80000000   462.5172764431
  0.60000000   1.80000000   437.6496995751
  0.70000000   1.80000000   414.1609057907
  0.80000000   1.80000000   392.2370745392
  0.90000000   1.80000000   372.0467816408
  1.00000000   1.80000000   353.7401645407
  1.10000000   1.80000000   337.4485856152
  1.20000000   1.80000000   323.2847326319
  1.30000000   1.80000000   311.3430668207
  1.40000000   1.80000000   301.7005098969
  1.50000000   1.80000000   294.4172525965
  1.60000000   1.80000000   289.5375686585
  1.70000000   1.80000000   287.0905289151
  1.80000000   1.80000000   287.0905289151
  1.90000000   1.80000000   289.5375686585
  2.00000000   1.80000000   294.4172525965
  2.10000000   1.80000000   301.7005098969
  2.20000000   1.80000000   311.3430668207
  2.30000000   1.80000000   323.2847326319
  2.40000000   1.80000000   337.4485856152
  2.50000000   1.80000000   353.7401645407
  2.60000000   1.80000000   372.0467816408
  2.70000000   1.80000000   392.2370745392
  2.80000000   1.80000000   414.1609057907
  2.90000000   1.80000000   437.6496995751
  3.00000000   1.80000000   462.5172764431
  3.10000000   1.80000000   488.5612109806
  3.20000000   1.80000000   515.5646977045
  3.30000000   1.80000000   543.2988729786
  3.40000000   1.80000000   507.0255115112
  3.50000000   1.80000000   400.0000000000

  0.00000000   1.90000000   400.0000000000
  0.10000000   1.90000000   507.2507521182
  0.20000000   1.90000000   543.7471491663
  0.30000000   1.90000000   516.2316758350
  0.40000000   1.90000000   489.4405646705
  0.50000000   1.90000000   463.6008558779
  0.60000000   1.90000000   438.9277094980
  0.70000000   1.90000000   415.6220755179
  0.80000000   1.90000000   393.8688130085
  0.90000000   1.90000000   373.8353178011
  1.00000000   1.90000000   355.6706770058
  1.10000000   1.90000000   339.5053260547
  1.20000000   1.90000000   325.4511462099
  1.30000000   1.90000000   313.6019113687
  1.40000000   1.90000000   304.0339741952
  1.50000000   1.90000000   296.8070734370
  1.60000000   1.90000000   291.9651462411
  1.70000000   1.90000000   289.5370404011
  1.80000000   1.90000000   289.5370404011
  1.90000000   1.90000000   291.9651462411
  2.00000000   1.90000000   296.8070734370
  2.10000000   1.90000000   304.0339741952
  2.20000000   1.90000000   313.6019113687
  2.30000000   1.90000000   325.4511462099
  2.40000000   1.90000000   339.5053260547
  2.50000000   1.90000000   355.6706770058
  2.60000000   1.90000000   373.8353178011
  2.70000000   1.90000000   393.8688130085
  2.80000000   1.90000000   415.6220755179
  2.90000000   1.90000000   438.9277094980
  3.00000000   1.90000000   463.6008558779
  3.10000000   1.90000000   489.4405646705
  3.20000000   1.90000000   516.2316758350
  3.30000000   1.90000000   543.7471491663
  3.40000000   1.90000000   507.2507521182
  3.50000000   1.90000000   400.0000000000

  0.00000000   2.00000000   400.0000000000
  0.10000000   2.00000000   507.7001928781
  0.20000000   2.00000000   544.6415827709
  0.30000000   2.00000000   517.5623750398
  0.40000000   2.00000000   491.1948182967
  0.50000000   2.00000000   465.7623288847
  0.60000000   2.00000000   441.4768114970
  0.70000000   2.00000000   418.5363031414
  0.80000000   2.00000000   397.1230547868
  0.90000000   2.00000000   377.4021261204
  1.00000000   2.00000000   359.5205183358
  1.10000000   2.00000000   343.6068203404
  1.20000000   2.00000000   329.7713027021
  1.30000000   2.00000000   318.1063640833
  1.40000000   2.00000000   308.6872172053
  1.50000000   2.00000000   301.5726947498
  1.60000000   2.00000000   296.8060588914
  1.70000000   2.00000000   294.4157100997
  1.80000000   2.00000000   294.4157100997
  1.90000000   2.00000000   296.8060588914
  2.00000000   2.00000000   301.5726947498
  2.10000000   2.00000000   308.6872172053
  2.20000000   2.00000000   318.1063640833
  2.30000000   2.00000000   329.7713027021
  2.40000000   2.00000000   343.6068203404
  2.50000000   2.00000000   359.5205183358
  2.60000000   2.00000000   377.4021261204
  2.70000000   2.00000000   397.1230547868
  2.80000000   2.00000000   418.5363031414
  2.90000000   2.00000000   441.4768114970
  3.00000000   2.00000000   465.7623288847
  3.10000000   2.00000000   491.1948182967
  3.20000000   2.00000000   517.5623750398
  3.30000000   2.00000000   544.6415827709
  3.40000000   2.00000000   507.7001928781
  3.50000000   2.00000000   400.0000000000

  0.00000000   2.10000000   400.0000000000
  0.10000000   2.10000000   508.3717763049
  0.20000000   2.10000000   545.9779674082
  0.30000000   2.10000000   519.5502965744
  0.40000000   2.10000000   493.8150427030
  0.50000000   2.10000000   468.9902528380
  0.60000000   2.10000000   445.2830477822
  0.70000000   2.10000000   422.8871974258
  0.80000000   2.10000000   401.9811259321
  0.90000000   2.10000000   382.7264487353
  1.00000000   2.10000000   365.2670734735
  1.10000000   2.10000000   349.7288354592
  1.20000000   2.10000000   336.2195929720
  1.30000000   2.10000000   324.8296789027
  1.40000000   2.10000000   315.6325905389
  1.50000000   2.10000000   308.6857957814
  1.60000000   2.10000000   304.0315397076
  1.70000000   2.10000000   301.6975486583
  1.80000000   2.10000000   301.6975486583
  1.90000000   2.10000000   304.0315397076
  2.00000000   2.10000000   308.6857957814
  2.10000000   2.10000000   315.6325905389
  2.20000000   2.10000000   324.8296789027
  2.30000000   2.10000000   336.2195929720
  2.40000000   2.10000000   349.7288354592
  2.50000000   2.10000000   365.2670734735
  2.60000000   2.10000000   382.7264487353
  2.70000000   2.10000000   401.9811259321
  2.80000000   2.10000000   422.8871974258
  2.90000000   2.10000000   445.2830477822
  3.00000000   2.10000000   468.9902528380
  3.10000000   2.10000000   493.8150427030
  3.20000000   2.10000000   519.5502965744
  3.30000000   2.10000000   545.9779674082
  3.40000000   2.10000000   508.3717763049
  3.50000000   2.10000000   400.0000000000

  0.00000000   2.20000000   400.0000000000
  0.10000000   2.20000000   509.2624934436
  0.20000000   2.20000000   547.7501009512
  0.30000000   2.20000000   522.1857609515
  0.40000000   2.20000000   497.2878141170
  0.50000000   2.20000000   473.2673031032
  0.60000000   2.20000000   450.3251879502
  0.70000000   2.20000000   428.6497628723
  0.80000000   2.20000000   408.4145186957
  0.90000000   2.20000000   389.7765901027
  1.00000000   2.20000000   372.8758202290
  1.10000000   2.20000000   357.8343961019
  1.20000000   2.20000000   344.7569605449
  1.30000000   2.20000000   333.7310823960
  1.40000000   2.20000000   324.8279589443
  1.50000000   2.20000000   318.1032266524
  1.60000000   2.20000000   313.5977654835
  1.70000000   2.20000000   311.3383971009
  1.80000000   2.20000000   311.3383971009
  1.90000000   2.20000000   313.5977654835
  2.00000000   2.20000000   318.1032266524
  2.10000000   2.20000000   324.8279589443
  2.20000000   2.20000000   333.7310823960
  2.30000000   2.20000000   344.7569605449
  2.40000000   2.20000000   357.8343961019
  2.50000000   2.20000000   372.8758202290
  2.60000000   2.20000000   389.7765901027
  2.70000000   2.20000000   408.4145186957
  2.80000000   2.20000000   428.6497628723
  2.90000000   2.20000000   450.3251879502
  3.00000000   2.20000000   473.2673031032
  3.10000000   2.20000000   497.2878141170
  3.20000000   2.20000000   522.1857609515
  3.30000000   2.20000000   547.7501009512
  3.40000000   2.20000000   509.2624934436
  3.50000000   2.20000000   400.0000000000

  0.00000000   2.30000000   400.0000000000
  0.10000000   2.30000000   510.3685366583
  0.20000000   2.30000000   549.9500069570
  0.30000000   2.30000000   525.4560809712
  0.40000000   2.30000000   501.5952460337
  0.50000000   2.30000000   478.5701229331
  0.60000000   2.30000000   456.5744036577
  0.70000000   2.30000000   435.7899334766
  0.80000000   2.30000000   416.3843260835
  0.90000000   2.30000000   398.5092887312
  1.00000000   2.30000000   382.2996642585
  1.10000000   2.30000000   367.8730989350
  1.20000000   2.30000000   355.3302037617
  1.30000000   2.30000000   344.7550678716
  1.40000000   2.30000000   336.2159882665
  1.50000000   2.30000000   329.7662914045
  1.60000000   2.30000000   325.4451361778
  1.70000000   2.30000000   323.2782043885
  1.80000000   2.30000000   323.2782043885
  1.90000000   2.30000000   325.4451361778
  2.00000000   2.30000000   329.7662914045
  2.10000000   2.30000000   336.2159882665
  2.20000000   2.30000000   344.7550678716
  2.30000000   2.30000000   355.3302037617
  2.40000000   2.30000000   367.8730989350
  2.50000000   2.30000000   382.2996642585
  2.60000000   2.30000000   398.5092887312
  2.70000000   2.30000000   416.3843260835
  2.80000000   2.30000000   435.7899334766
  2.90000000   2.30000000   456.5744036577
  3.00000000   2.30000000   478.5701229331
  3.10000000   2.30000000   501.5952460337
  3.20000000   2.30000000   525.4560809712
  3.30000000   2.30000000   549.9500069570
  3.40000000   2.30000000   510.3685366583
  3.50000000   2.30000000   400.0000000000

  0.00000000   2.40000000   400.0000000000
  0.10000000   2.40000000   511.6856319711
  0.20000000   2.40000000   552.5684189634
  0.30000000   2.40000000   529.3459638287
  0.40000000   2.40000000   506.7151450104
  0.50000000   2.40000000   484.8691811685
  0.60000000   2.40000000   463.9938628587
  0.70000000   2.40000000   444.2639766002
  0.80000000   2.40000000   425.8405290844
  0.90000000   2.40000000   408.8689435582
  1.00000000   2.40000000   393.4781390002
  1.10000000   2.40000000   379.7803033719
  1.20000000   2.40000000   367.8711638158
  1.30000000   2.40000000   357.8305816718
  1.40000000   2.40000000   349.7233291878
  1.50000000   2.40000000   343.5999285320
  1.60000000   2.40000000   339.4974525004
  1.70000000   2.40000000   337.4402032576
  1.80000000   2.40000000   337.4402032576
  1.90000000   2.40000000   339.4974525004
  2.00000000   2.40000000   343.5999285320
  2.10000000   2.40000000   349.7233291878
  2.20000000   2.40000000   357.8305816718
  2.30000000   2.40000000   367.8711638158
  2.40000000   2.40000000   379.7803033719
  2.50000000   2.40000000   393.4781390002
  2.60000000   2.40000000   408.8689435582
  2.70000000   2.40000000   425.8405290844
  2.80000000   2.40000000   444.2639766002
  2.90000000   2.40000000   463.9938628587
  3.00000000   2.40000000   484.8691811685
  3.10000000   2.40000000   506.7151450104
  3.20000000   2.40000000   529.3459638287
  3.30000000   2.40000000   552.5684189634
  3.40000000   2.40000000   511.6856319711
  3.50000000   2.40000000   400.0000000000

  0.00000000   2.50000000   400.0000000000
  0.10000000   2.50000000   513.2097412341
  0.20000000   2.50000000   555.5957815056
  0.30000000   2.50000000   533.8383357468
  0.40000000   2.50000000   512.6213808454
  0.50000000   2.50000000   492.1286508128
  0.60000000   2.50000000   472.5382268002
  0.70000000   2.50000000   454.0177576239
  0.80000000   2.50000000   436.7211527088
  0.90000000   2.50000000   420.7867394245
  1.00000000   2.50000000   406.3365384248
  1.10000000   2.50000000   393.4762831178
  1.20000000   2.50000000   382.2958932071
  1.30000000   2.50000000   372.8702020567
  1.40000000   2.50000000   365.2598002663
  1.50000000   2.50000000   359.5118940687
  1.60000000   2.50000000   355.6610974072
  1.70000000   2.50000000   353.7300904072
  1.80000000   2.50000000   353.7300904072
  1.90000000   2.50000000   355.6610974072
  2.00000000   2.50000000   359.5118940687
  2.10000000   2.50000000   365.2598002663
  2.20000000   2.50000000   372.8702020567
  2.30000000   2.50000000   382.2958932071
  2.40000000   2.50000000   393.4762831178
  2.50000000   2.50000000   406.3365384248
  2.60000000   2.50000000   420.7867394245
  2.70000000   2.50000000   436.7211527088
  2.80000000   2.50000000   454.0177576239
  2.90000000   2.50000000   472.5382268002
  3.00000000   2.50000000   492.1286508128
  3.10000000   2.50000000   512.6213808454
  3.20000000   2.50000000   533.8383357468
  3.30000000   2.50000000   555.5957815056
  3.40000000   2.50000000   513.2097412341
  3.50000000   2.50000000   400.0000000000

  0.00000000   2.60000000   400.0000000000
  0.10000000   2.60000000   514.9385482955
  0.20000000   2.60000000   559.0242646639
  0.30000000   2.60000000   538.9158993324
  0.40000000   2.60000000   519.2845506739
  0.50000000   2.60000000   500.3062507215
  0.60000000   2.60000000   482.1529622199
  0.70000000   2.60000000   464.9858122150
  0.80000000   2.60000000   448.9512916098
  0.90000000   2.60000000   434.1797202293
  1.00000000   2.60000000   420.7850643766
  1.10000000   2.60000000   408.8654397697
  1.20000000   2.60000000   398.5039157887
  1.30000000   2.60000000   389.7694261064
  1.40000000   2.60000000   382.7176871285
  1.50000000   2.60000000   377.3920643302
  1.60000000   2.60000000   373.8243384915
  1.70000000   2.60000000   372.0353279068
  1.80000000   2.60000000   372.0353279068
  1.90000000   2.60000000   373.8243384915
  2.00000000   2.60000000   377.3920643302
  2.10000000   2.60000000   382.7176871285
  2.20000000   2.60000000   389.7694261064
  2.30000000   2.60000000   398.5039157887
  2.40000000   2.60000000   408.8654397697
  2.50000000   2.60000000   420.7850643766
  2.60000000   2.60000000   434.1797202293
  2.70000000   2.60000000   448.9512916098
  2.80000000   2.60000000   464.9858122150
  2.90000000   2.60000000   482.1529622199
  3.00000000   2.60000000   500.3062507215
  3.10000000   2.60000000   519.2845506739
  3.20000000   2.60000000   538.9158993324
  3.30000000   2.60000000   559.0242646639
  3.40000000   2.60000000   514.9385482955
  3.50000000   2.60000000   400.0000000000

  0.00000000   2.70000000   400.0000000000
  0.10000000   2.70000000   516.8746978796
  0.20000000   2.70000000   562.8517994727
  0.30000000   2.70000000   544.5638921215
  0.40000000   2.70000000   526.6729088654
  0.50000000   2.70000000   509.3528101900
  0.60000000   2.70000000   492.7732413835
  0.70000000   2.70000000   477.0901040743
  0.80000000   2.70000000   462.4419906069
  0.90000000   2.70000000   448.9498702852
  1.00000000   2.70000000   436.7180905468
  1.10000000   2.70000000   425.8356985615
  1.20000000   2.70000000   416.3777036266
  1.30000000   2.70000000   408.4061893391
  1.40000000   2.70000000   401.9712803201
  1.50000000   2.70000000   397.1119787160
  1.60000000   2.70000000   393.8568702419
  1.70000000   2.70000000   392.2246841019
  1.80000000   2.70000000   392.2246841019
  1.90000000   2.70000000   393.8568702419
  2.00000000   2.70000000   397.1119787160
  2.10000000   2.70000000   401.9712803201
  2.20000000   2.70000000   408.4061893391
  2.30000000   2.70000000   416.3777036266
  2.40000000   2.70000000   425.8356985615
  2.50000000   2.70000000   436.7180905468
  2.60000000   2.70000000   448.9498702852
  2.70000000   2.70000000   462.4419906069
  2.80000000   2.70000000   477.0901040743
  2.90000000   2.70000000   492.7732413835
  3.00000000   2.70000000   509.3528101900
  3.10000000   2.70000000   526.6729088654
  3.20000000   2.70000000   544.5638921215
  3.30000000   2.70000000   562.8517994727
  3.40000000   2.70000000   516.8746978796
  3.50000000   2.70000000   400.0000000000

  0.00000000   2.80000000   400.0000000000
  0.10000000   2.80000000   519.0332396682
  0.20000000   2.80000000   567.0902277776
  0.30000000   2.80000000   550.7746281535
  0.40000000   2.80000000   534.7531390427
  0.50000000   2.80000000   519.2109045911
  0.60000000   2.80000000   504.3219654309
  0.70000000   2.80000000   490.2382691537
  0.80000000   2.80000000   477.0889758662
  0.90000000   2.80000000   464.9833030199
  1.00000000   2.80000000   454.0136813144
  1.10000000   2.80000000   444.2582300445
  1.20000000   2.80000000   435.7825071376
  1.30000000   2.80000000   428.6407448753
  1.40000000   2.80000000   422.8767707827
  1.50000000   2.80000000   418.5247363059
  1.60000000   2.80000000   415.6097069261
  1.70000000   2.80000000   414.1481234698
  1.80000000   2.80000000   414.1481234698
  1.90000000   2.80000000   415.6097069261
  2.00000000   2.80000000   418.5247363059
  2.10000000   2.80000000   422.8767707827
  2.20000000   2.80000000   428.6407448753
  2.30000000   2.80000000   435.7825071376
  2.40000000   2.80000000   444.2582300445
  2.50000000   2.80000000   454.0136813144
  2.60000000   2.80000000   464.9833030199
  2.70000000   2.80000000   477.0889758662
  2.80000000   2.80000000   490.2382691537
  2.90000000   2.80000000   504.3219654309
  3.00000000   2.80000000   519.2109045911
  3.10000000   2.80000000   534.7531390427
  3.20000000   2.80000000   550.7746281535
  3.30000000   2.80000000   567.0902277776
  3.40000000   2.80000000   519.0332396682
  3.50000000   2.80000000   400.0000000000

  0.00000000   2.90000000   400.0000000000
  0.10000000   2.90000000   521.4600244064
  0.20000000   2.90000000   571.7818975511
  0.30000000   2.90000000   557.5540090919
  0.40000000   2.90000000   543.4893683632
  0.50000000   2.90000000   529.8110790594
  0.60000000   2.90000000   516.7061263789
  0.70000000   2.90000000   504.3211357573
  0.80000000   2.90000000   492.7713282162
  0.90000000   2.90000000   482.1497524629
  1.00000000   2.90000000   472.5335662536
  1.10000000   2.90000000   463.9876704159
  1.20000000   2.90000000   456.5666804815
  1.30000000   2.90000000   450.3160209464
  1.40000000   2.90000000   445.2726070964
  1.50000000   2.90000000   441.4653421893
  1.60000000   2.90000000   438.9155179662
  1.70000000   2.90000000   437.6371356718
  1.80000000   2.90000000   437.6371356718
  1.90000000   2.90000000   438.9155179662
  2.00000000   2.90000000   441.4653421893
  2.10000000   2.90000000   445.2726070964
  2.20000000   2.90000000   450.3160209464
  2.30000000   2.90000000   456.5666804815
  2.40000000   2.90000000   463.9876704159
  2.50000000   2.90000000   472.5335662536
  2.60000000   2.90000000   482.1497524629
  2.70000000   2.90000000   492.7713282162
  2.80000000   2.90000000   504.3211357573
  2.90000000   2.90000000   516.7061263789
  3.00000000   2.90000000   529.8110790594
  3.10000000   2.90000000   543.4893683632
  3.20000000   2.90000000   557.5540090919
  3.30000000   2.90000000   571.7818975511
  3.40000000   2.90000000   521.4600244064
  3.50000000   2.90000000   400.0000000000

  0.00000000   3.00000000   400.0000000000
  0.10000000   3.00000000   524.2812550849
  0.20000000   3.00000000   577.0329993310
  0.30000000   3.00000000   564.9274357927
  0.40000000   3.00000000   552.8357419134
  0.50000000   3.00000000   541.0627610399
  0.60000000   3.00000000   529.8105231105
  0.70000000   3.00000000   519.2095656140
  0.80000000   3.00000000   509.3504785972
  0.90000000   3.00000000   500.3027519878
  1.00000000   3.00000000   492.1238608021
  1.10000000   3.00000000   484.8630380926
  1.20000000   3.00000000   478.5626350594
  1.30000000   3.00000000   473.2585516341
  1.40000000   3.00000000   468.9803897320
  1.50000000   3.00000000   465.7515697487
  1.60000000   3.00000000   463.5894684152
  1.70000000   3.00000000   462.5055652571
  1.80000000   3.00000000   462.5055652571
  1.90000000   3.00000000   463.5894684152
  2.00000000   3.00000000   465.7515697487
  2.10000000   3.00000000   468.9803897320
  2.20000000   3.00000000   473.2585516341
  2.30000000   3.00000000   478.5626350594
  2.40000000   3.00000000   484.8630380926
  2.50000000   3.00000000   492.1238608021
  2.60000000   3.00000000   500.3027519878
  2.70000000   3.00000000   509.3504785972
  2.80000000   3.00000000   519.2095656140
  2.90000000   3.00000000   529.8105231105
  3.00000000   3.00000000   541.0627610399
  3.10000000   3.00000000   552.8357419134
  3.20000000   3.00000000   564.9274357927
  3.30000000   3.00000000   577.0329993310
  3.40000000   3.00000000   524.2812550849
  3.50000000   3.00000000   400.0000000000

  0.00000000   3.10000000   400.0000000000
  0.10000000   3.10000000   527.8499623421
  0.20000000   3.10000000   583.0748603243
  0.30000000   3.10000000   572.9310421819
  0.40000000   3.10000000   562.7108945178
  0.50000000   3.10000000   552.8354120083
  0.60000000   3.10000000   543.4885281508
  0.70000000   3.10000000   534.7516077659
  0.80000000   3.10000000   526.6705203910
  0.90000000   3.10000000   519.2811676932
  1.00000000   3.10000000   512.6169072535
  1.10000000   3.10000000   506.7095355554
  1.20000000   3.10000000   501.5885125200
  1.30000000   3.10000000   497.2800276965
  1.40000000   3.10000000   493.8063320662
  1.50000000   3.10000000   491.1853638723
  1.60000000   3.10000000   489.4305892225
  1.70000000   3.10000000   488.5509672542
  1.80000000   3.10000000   488.5509672542
  1.90000000   3.10000000   489.4305892225
  2.00000000   3.10000000   491.1853638723
  2.10000000   3.10000000   493.8063320662
  2.20000000   3.10000000   497.2800276965
  2.30000000   3.10000000   501.5885125200
  2.40000000   3.10000000   506.7095355554
  2.50000000   3.10000000   512.6169072535
  2.60000000   3.10000000   519.2811676932
  2.70000000   3.10000000   526.6705203910
  2.80000000   3.10000000   534.7516077659
  2.90000000   3.10000000   543.4885281508
  3.00000000   3.10000000   552.8354120083
  3.10000000   3.10000000   562.7108945178
  3.20000000   3.10000000   572.9310421819
  3.30000000   3.10000000   583.0748603243
  3.40000000   3.10000000   527.8499623421
  3.50000000   3.10000000   400.0000000000

  0.00000000   3.20000000   400.0000000000
  0.10000000   3.20000000   533.2210606969
  0.20000000   3.20000000   590.3380749199
  0.30000000   3.20000000   581.5349530271
  0.40000000   3.20000000   572.9308776630
  0.50000000   3.20000000   564.9269828605
  0.60000000   3.20000000   557.5531327939
  0.70000000   3.20000000   550.7731935664
  0.80000000   3.20000000   544.5617756766
  0.90000000   3.20000000   538.9129995494
  1.00000000   3.20000000   533.8345825867
  1.10000000   3.20000000   529.3413259772
  1.20000000   3.20000000   525.4505705120
  1.30000000   3.20000000   522.1794350755
  1.40000000   3.20000000   519.5432561838
  1.50000000   3.20000000   517.5547603278
  1.60000000   3.20000000   516.2236591384
  1.70000000   3.20000000   515.5564741202
  1.80000000   3.20000000   515.5564741202
  1.90000000   3.20000000   516.2236591384
  2.00000000   3.20000000   517.5547603278
  2.10000000   3.20000000   519.5432561838
  2.20000000   3.20000000   522.1794350755
  2.30000000   3.20000000   525.4505705120
  2.40000000   3.20000000   529.3413259772
  2.50000000   3.20000000   533.8345825867
  2.60000000   3.20000000   538.9129995494
  2.70000000   3.20000000   544.5617756766
  2.80000000   3.20000000   550.7731935664
  2.90000000   3.20000000   557.5531327939
  3.00000000   3.20000000   564.9269828605
  3.10000000   3.20000000   572.9308776630
  3.20000000   3.20000000   581.5349530271
  3.30000000   3.20000000   590.3380749199
  3.40000000   3.20000000   533.2210606969
  3.50000000   3.20000000   400.0000000000

  0.00000000   3.30000000   400.0000000000
  0.10000000   3.30000000   543.8309640077
  0.20000000   3.30000000   599.2894115640
  0.30000000   3.30000000   590.3380132008
  0.40000000   3.30000000   583.0746683866
  0.50000000   3.30000000   577.0325946763
  0.60000000   3.30000000   571.7811904133
  0.70000000   3.30000000   567.0891285579
  0.80000000   3.30000000   562.8502263331
  0.90000000   3.30000000   559.0221507223
  1.00000000   3.30000000   555.5930811039
  1.10000000   3.30000000   552.5651125446
  1.20000000   3.30000000   549.9461041904
  1.30000000   3.30000000   547.7456418667
  1.40000000   3.30000000   545.9730214461
  1.50000000   3.30000000   544.6362458018
  1.60000000   3.30000000   543.7415386789
  1.70000000   3.30000000   543.2931217678
  1.80000000   3.30000000   543.2931217678
  1.90000000   3.30000000   543.7415386789
  2.00000000   3.30000000   544.6362458018
  2.10000000   3.30000000   545.9730214461
  2.20000000   3.30000000   547.7456418667
  2.30000000   3.30000000   549.9461041904
  2.40000000   3.30000000   552.5651125446
  2.50000000   3.30000000   555.5930811039
  2.60000000   3.30000000   559.0221507223
  2.70000000   3.30000000   562.8502263331
  2.80000000   3.30000000   567.0891285579
  2.90000000   3.30000000   571.7811904133
  3.00000000   3.30000000   577.0325946763
  3.10000000   3.30000000   583.0746683866
  3.20000000   3.30000000   590.3380132008
  3.30000000   3.30000000   599.2894115640
  3.40000000   3.30000000   543.8309640077
  3.50000000   3.30000000   400.0000000000

  0.00000000   3.40000000   400.0000000000
  0.10000000   3.40000000   571.9040772815
  0.20000000   3.40000000   608.3309512558
  0.30000000   3.40000000   597.7210107132
  0.40000000   3.40000000   592.3498408915
  0.50000000   3.40000000   588.7810209534
  0.60000000   3.40000000   585.9596327791
  0.70000000   3.40000000   583.5326458594
  0.80000000   3.40000000   581.3738611430
  0.90000000   3.40000000   579.4374354333
  1.00000000   3.40000000   577.7083297405
  1.10000000   3.40000000   576.1839124777
  1.20000000   3.40000000   574.8665144991
  1.30000000   3.40000000   573.7601892209
  1.40000000   3.40000000   572.8692254078
  1.50000000   3.40000000   572.1974439825
  1.60000000   3.40000000   571.7478647666
  1.70000000   3.40000000   571.5225529391
  1.80000000   3.40000000   571.5225529391
  1.90000000   3.40000000   571.7478647666
  2.00000000   3.40000000   572.1974439825
  2.10000000   3.40000000   572.8692254078
  2.20000000   3.40000000   573.7601892209
  2.30000000   3.40000000   574.8665144991
  2.40000000   3.40000000   576.1839124777
  2.50000000   3.40000000   577.7083297405
  2.60000000   3.40000000   579.4374354333
  2.70000000   3.40000000   581.3738611430
  2.80000000   3.40000000   583.5326458594
  2.90000000   3.40000000   585.9596327791
  3.00000000   3.40000000   588.7810209534
  3.10000000   3.40000000   592.3498408915
  3.20000000   3.40000000   597.7210107132
  3.30000000   3.40000000   608.3309512558
  3.40000000   3.40000000   571.9040772815
  3.50000000   3.40000000   400.0000000000

  0.00000000   3.50000000   400.0000000000
  0.10000000   3.50000000   400.0000000000
  0.20000000   3.50000000   400.0000000000
  0.30000000   3.50000000   400.0000000000
  0.40000000   3.50000000   400.0000000000
  0.50000000   3.50000000   400.0000000000
  0.60000000   3.50000000   400.0000000000
  0.70000000   3.50000000   400.0000000000
  0.80000000   3.50000000   400.0000000000
  0.90000000   3.50000000   400.0000000000
  1.00000000   3.50000000   400.0000000000
  1.10000000   3.50000000   400.0000000000
  1.20000000   3.50000000   400.0000000000
  1.30000000   3.50000000   400.0000000000
  1.40000000   3.50000000   400.0000000000
  1.50000000   3.50000000   400.0000000000
  1.60000000   3.50000000   400.0000000000
  1.70000000   3.50000000   400.0000000000
  1.80000000   3.50000000   400.0000000000
  1.90000000   3.50000000   400.0000000000
  2.00000000   3.50000000   400.0000000000
  2.10000000   3.50000000   400.0000000000
  2.20000000   3.50000000   400.0000000000
  2.30000000   3.50000000   400.0000000000
  2.40000000   3.50000000   400.0000000000
  2.50000000   3.50000000   400.0000000000
  2.60000000   3.50000000   400.0000000000
  2.70000000   3.50000000   400.0000000000
  2.80000000   3.50000000   400.0000000000
  2.90000000   3.50000000   400.0000000000
  3.00000000   3.50000000   400.0000000000
  3.10000000   3.50000000   400.0000000000
  3.20000000   3.50000000   400.0000000000
  3.30000000   3.50000000   400.0000000000
  3.40000000   3.50000000   400.0000000000
  3.50000000   3.50000000   400.0000000000

