  0.00000000   0.00000000   400.0000000000
  0.10000000   0.00000000   400.0000000000
  0.20000000   0.00000000   400.0000000000
  0.30000000   0.00000000   400.0000000000
  0.40000000   0.00000000   400.0000000000
  0.50000000   0.00000000   400.0000000000
  0.60000000   0.00000000   400.0000000000
  0.70000000   0.00000000   400.0000000000
  0.80000000   0.00000000   400.0000000000
  0.90000000   0.00000000   400.0000000000
  1.00000000   0.00000000   400.0000000000
  1.10000000   0.00000000   400.0000000000
  1.20000000   0.00000000   400.0000000000
  1.30000000   0.00000000   400.0000000000
  1.40000000   0.00000000   400.0000000000
  1.50000000   0.00000000   400.0000000000
  1.60000000   0.00000000   400.0000000000
  1.70000000   0.00000000   400.0000000000
  1.80000000   0.00000000   400.0000000000
  1.90000000   0.00000000   400.0000000000
  2.00000000   0.00000000   400.0000000000
  2.10000000   0.00000000   400.0000000000
  2.20000000   0.00000000   400.0000000000
  2.30000000   0.00000000   400.0000000000
  2.40000000   0.00000000   400.0000000000
  2.50000000   0.00000000   400.0000000000
  2.60000000   0.00000000   400.0000000000
  2.70000000   0.00000000   400.0000000000
  2.80000000   0.00000000   400.0000000000
  2.90000000   0.00000000   400.0000000000
  3.00000000   0.00000000   400.0000000000
  3.10000000   0.00000000   400.0000000000
  3.20000000   0.00000000   400.0000000000
  3.30000000   0.00000000   400.0000000000
  3.40000000   0.00000000   400.0000000000
  3.50000000   0.00000000   400.0000000000

  0.00000000   0.10000000   400.0000000000
  0.10000000   0.10000000   566.3335930854
  0.20000000   0.10000000   597.3414391028
  0.30000000   0.10000000   581.6045813562
  0.40000000   0.10000000   571.5188302242
  0.50000000   0.10000000   563.7401069205
  0.60000000   0.10000000   557.2733573696
  0.70000000   0.10000000   551.7914892739
  0.80000000   0.10000000   547.1618967020
  0.90000000   0.10000000   543.3041262467
  1.00000000   0.10000000   540.1463203749
  1.10000000   0.10000000   537.6138549062
  1.20000000   0.10000000   535.6291790034
  1.30000000   0.10000000   534.1154528846
  1.40000000   0.10000000   533.0010672032
  1.50000000   0.10000000   532.2238237758
  1.60000000   0.10000000   531.7342999157
  1.70000000   0.10000000   531.4982768560
  1.80000000   0.10000000   531.4982768560
  1.90000000   0.10000000   531.7342999157
  2.00000000   0.10000000   532.2238237758
  2.10000000   0.10000000   533.0010672032
  2.20000000   0.10000000   534.1154528846
  2.30000000   0.10000000   535.6291790034
  2.40000000   0.10000000   537.6138549062
  2.50000000   0.10000000   540.1463203749
  2.60000000   0.10000000   543.3041262467
  2.70000000   0.10000000   547.1618967020
  2.80000000   0.10000000   551.7914892739
  2.90000000   0.10000000   557.2733573696
  3.00000000   0.10000000   563.7401069205
  3.10000000   0.10000000   571.5188302242
  3.20000000   0.10000000   581.6045813562
  3.30000000   0.10000000   597.3414391028
  3.40000000   0.10000000   566.3335930854
  3.50000000   0.10000000   400.0000000000

  0.00000000   0.20000000   400.0000000000
  0.10000000   0.20000000   532.8422420020
  0.20000000   0.20000000   577.6113402076
  0.30000000   0.20000000   558.5479705155
  0.40000000   0.20000000   541.9876259372
  0.50000000   0.20000000   527.6459620190
  0.60000000   0.20000000   515.2105715171
  0.70000000   0.20000000   504.5012161955
  0.80000000   0.20000000   495.3988258860
  0.90000000   0.20000000   487.7923997961
  1.00000000   0.20000000   481.5575310263
  1.10000000   0.20000000   476.5537274747
  1.20000000   0.20000000   472.6306733739
  1.30000000   0.20000000   469.6377987609
  1.40000000   0.20000000   467.4341462384
  1.50000000   0.20000000   465.8970300111
  1.60000000   0.20000000   464.9288647048
  1.70000000   0.20000000   464.4620502091
  1.80000000   0.20000000   464.4620502091
  1.90000000   0.20000000   464.9288647048
  2.00000000   0.20000000   465.8970300111
  2.10000000   0.20000000   467.4341462384
  2.20000000   0.20000000   469.6377987609
  2.30000000   0.20000000   472.6306733739
  2.40000000   0.20000000   476.5537274747
  2.50000000   0.20000000   481.5575310263
  2.60000000   0.20000000   487.7923997961
  2.70000000   0.20000000   495.3988258860
  2.80000000   0.20000000   504.5012161955
  2.90000000   0.20000000   515.2105715171
  3.00000000   0.20000000   527.6459620190
  3.10000000   0.20000000   541.9876259372
  3.20000000   0.20000000   558.5479705155
  3.30000000   0.20000000   577.6113402076
  3.40000000   0.20000000   532.8422420020
  3.50000000   0.20000000   400.0000000000

  0.00000000   0.30000000   400.0000000000
  0.10000000   0.30000000   517.1076895879
  0.20000000   0.30000000   558.5517793926
  0.30000000   0.30000000   534.9251506244
  0.40000000   0.30000000   512.6964273562
  0.50000000   0.30000000   492.5349386604
  0.60000000   0.30000000   474.6441131937
  0.70000000   0.30000000   459.0625397451
  0.80000000   0.30000000   445.7453256547
  0.90000000   0.30000000   434.5849423723
  1.00000000   0.30000000   425.4227932609
  1.10000000   0.30000000   418.0632091289
  1.20000000   0.30000000   412.2901419511
  1.30000000   0.30000000   407.8844524245
  1.40000000   0.30000000   404.6398584750
  1.50000000   0.30000000   402.3763431625
  1.60000000   0.30000000   400.9505268438
  1.70000000   0.30000000   400.2630167972
  1.80000000   0.30000000   400.2630167972
  1.90000000   0.30000000   400.9505268438
  2.00000000   0.30000000   402.3763431625
  2.10000000   0.30000000   404.6398584750
  2.20000000   0.30000000   407.8844524245
  2.30000000   0.30000000   412.2901419511
  2.40000000   0.30000000   418.0632091289
  2.50000000   0.30000000   425.4227932609
  2.60000000   0.30000000   434.5849423723
  2.70000000   0.30000000   445.7453256547
  2.80000000   0.30000000   459.0625397451
  2.90000000   0.30000000   474.6441131937
  3.00000000   0.30000000   492.5349386604
  3.10000000   0.30000000   512.6964273562
  3.20000000   0.30000000   534.9251506244
  3.30000000   0.30000000   558.5517793926
  3.40000000   0.30000000   517.1076895879
  3.50000000   0.30000000   400.0000000000

  0.00000000   0.40000000   400.0000000000
  0.10000000   0.40000000   507.0262554057
  0.20000000   0.40000000   541.9992711391
  0.30000000   0.40000000   512.7062846102
  0.40000000   0.40000000   484.8931524889
  0.50000000   0.40000000   459.3286799093
  0.60000000   0.40000000   436.4215504619
  0.70000000   0.40000000   416.3493503742
  0.80000000   0.40000000   399.1316559692
  0.90000000   0.40000000   384.6712839644
  1.00000000   0.40000000   372.7844624961
  1.10000000   0.40000000   363.2284988116
  1.20000000   0.40000000   355.7286354297
  1.30000000   0.40000000   350.0031998079
  1.40000000   0.40000000   345.7857138575
  1.50000000   0.40000000   342.8430380957
  1.60000000   0.40000000   340.9892307352
  1.70000000   0.40000000   340.0953005105
  1.80000000   0.40000000   340.0953005105
  1.90000000   0.40000000   340.9892307352
  2.00000000   0.40000000   342.8430380957
  2.10000000   0.40000000   345.7857138575
  2.20000000   0.40000000   350.0031998079
  2.30000000   0.40000000   355.7286354297
  2.40000000   0.40000000   363.2284988116
  2.50000000   0.40000000   372.7844624961
  2.60000000   0.40000000   384.6712839644
  2.70000000   0.40000000   399.1316559692
  2.80000000   0.40000000   416.3493503742
  2.90000000   0.40000000   436.4215504619
  3.00000000   0.40000000   459.3286799093
  3.10000000   0.40000000   484.8931524889
  3.20000000   0.40000000   512.7062846102
  3.30000000   0.40000000   541.9992711391
  3.40000000   0.40000000   507.0262554057
  3.50000000   0.40000000   400.0000000000

  0.00000000   0.50000000   400.0000000000
  0.10000000   0.50000000   499.2541220062
  0.20000000   0.50000000   527.6699992246
  0.30000000   0.50000000   492.5615067090
  0.40000000   0.50000000   459.3477011186
  0.50000000   0.50000000   428.7533033130
  0.60000000   0.50000000   401.2511466491
  0.70000000   0.50000000   377.0868859913
  0.80000000   0.50000000   356.3178453561
  0.90000000   0.50000000   338.8509325609
  1.00000000   0.50000000   324.4793026449
  1.10000000   0.50000000   312.9184785297
  1.20000000   0.50000000   303.8412039051
  1.30000000   0.50000000   296.9094879092
  1.40000000   0.50000000   291.8023640189
  1.50000000   0.50000000   288.2384485243
  1.60000000   0.50000000   285.9930659282
  1.70000000   0.50000000   284.9102552097
  1.80000000   0.50000000   284.9102552097
  1.90000000   0.50000000   285.9930659282
  2.00000000   0.50000000   288.2384485243
  2.10000000   0.50000000   291.8023640189
  2.20000000   0.50000000   296.9094879092
  2.30000000   0.50000000   303.8412039051
  2.40000000   0.50000000   312.9184785297
  2.50000000   0.50000000   324.4793026449
  2.60000000   0.50000000   338.8509325609
  2.70000000   0.50000000   356.3178453561
  2.80000000   0.50000000   377.0868859913
  2.90000000   0.50000000   401.2511466491
  3.00000000   0.50000000   428.7533033130
  3.10000000   0.50000000   459.3477011186
  3.20000000   0.50000000   492.5615067090
  3.30000000   0.50000000   527.6699992246
  3.40000000   0.50000000   499.2541220062
  3.50000000   0.50000000   400.0000000000

  0.00000000   0.60000000   400.0000000000
  0.10000000   0.60000000   492.7962281324
  0.20000000   0.60000000   515.2515500220
  0.30000000   0.60000000   474.6942549323
  0.40000000   0.60000000   436.4688019575
  0.50000000   0.60000000   401.2817457917
  0.60000000   0.60000000   369.6311701486
  0.70000000   0.60000000   341.7948189349
  0.80000000   0.60000000   317.8475181875
  0.90000000   0.60000000   297.6924813555
  1.00000000   0.60000000   281.0995059935
  1.10000000   0.60000000   267.7460369584
  1.20000000   0.60000000   257.2578882957
  1.30000000   0.60000000   249.2469112319
  1.40000000   0.60000000   243.3436100207
  1.50000000   0.60000000   239.2235978476
  1.60000000   0.60000000   236.6276452854
  1.70000000   0.60000000   235.3757173085
  1.80000000   0.60000000   235.3757173085
  1.90000000   0.60000000   236.6276452854
  2.00000000   0.60000000   239.2235978476
  2.10000000   0.60000000   243.3436100207
  2.20000000   0.60000000   249.2469112319
  2.30000000   0.60000000   257.2578882957
  2.40000000   0.60000000   267.7460369584
  2.50000000   0.60000000   281.0995059935
  2.60000000   0.60000000   297.6924813555
  2.70000000   0.60000000   317.8475181875
  2.80000000   0.60000000   341.7948189349
  2.90000000   0.60000000   369.6311701486
  3.00000000   0.60000000   401.2817457917
  3.10000000   0.60000000   436.4688019575
  3.20000000   0.60000000   474.6942549323
  3.30000000   0.60000000   515.2515500220
  3.40000000   0.60000000   492.7962281324
  3.50000000   0.60000000   400.0000000000

  0.00000000   0.70000000   400.0000000000
  0.10000000   0.70000000   487.3252223723
  0.20000000   0.70000000   504.5631769502
  0.30000000   0.70000000   459.1423793484
  0.40000000   0.70000000   416.4330982599
  0.50000000   0.70000000   377.1585461197
  0.60000000   0.70000000   341.8381092812
  0.70000000   0.70000000   310.7678508160
  0.80000000   0.70000000   284.0293132410
  0.90000000   0.70000000   261.5170813476
  1.00000000   0.70000000   242.9776643291
  1.10000000   0.70000000   228.0538623161
  1.20000000   0.70000000   216.3298812671
  1.30000000   0.70000000   207.3734940955
  1.40000000   0.70000000   200.7726921408
  1.50000000   0.70000000   196.1654561806
  1.60000000   0.70000000   193.2623263936
  1.70000000   0.70000000   191.8622060574
  1.80000000   0.70000000   191.8622060574
  1.90000000   0.70000000   193.2623263936
  2.00000000   0.70000000   196.1654561806
  2.10000000   0.70000000   200.7726921408
  2.20000000   0.70000000   207.3734940955
  2.30000000   0.70000000   216.3298812671
  2.40000000   0.70000000   228.0538623161
  2.50000000   0.70000000   242.9776643291
  2.60000000   0.70000000   261.5170813476
  2.70000000   0.70000000   284.0293132410
  2.80000000   0.70000000   310.7678508160
  2.90000000   0.70000000   341.8381092812
  3.00000000   0.70000000   377.1585461197
  3.10000000   0.70000000   416.4330982599
  3.20000000   0.70000000   459.1423793484
  3.30000000   0.70000000   504.5631769502
  3.40000000   0.70000000   487.3252223723
  3.50000000   0.70000000   400.0000000000

  0.00000000   0.80000000   400.0000000000
  0.10000000   0.80000000   482.7080355002
  0.20000000   0.80000000   495.4848941636
  0.30000000   0.80000000   445.8596402959
  0.40000000   0.80000000   399.2584177919
  0.50000000   0.80000000   356.4389147274
  0.60000000   0.80000000   317.9443525018
  0.70000000   0.80000000   284.0848057889
  0.80000000   0.80000000   254.9440286303
  0.90000000   0.80000000   230.4061369740
  1.00000000   0.80000000   210.1956132786
  1.10000000   0.80000000   193.9243533554
  1.20000000   0.80000000   181.1402566981
  1.30000000   0.80000000   171.3729997355
  1.40000000   0.80000000   164.1739909594
  1.50000000   0.80000000   159.1488947001
  1.60000000   0.80000000   155.9823162978
  1.70000000   0.80000000   154.4550981719
  1.80000000   0.80000000   154.4550981719
  1.90000000   0.80000000   155.9823162978
  2.00000000   0.80000000   159.1488947001
  2.10000000   0.80000000   164.1739909594
  2.20000000   0.80000000   171.3729997355
  2.30000000   0.80000000   181.1402566981
  2.40000000   0.80000000   193.9243533554
  2.50000000   0.80000000   210.1956132786
  2.60000000   0.80000000   230.4061369740
  2.70000000   0.80000000   254.9440286303
  2.80000000   0.80000000   284.0848057889
  2.90000000   0.80000000   317.9443525018
  3.00000000   0.80000000   356.4389147274
  3.10000000   0.80000000   399.2584177919
  3.20000000   0.80000000   445.8596402959
  3.30000000   0.80000000   495.4848941636
  3.40000000   0.80000000   482.7080355002
  3.50000000   0.80000000   400.0000000000

  0.00000000   0.90000000   400.0000000000
  0.10000000   0.90000000   478.8636147066
  0.20000000   0.90000000   487.9045129484
  0.30000000   0.90000000   434.7367539784
  0.40000000   0.90000000   384.8452851120
  0.50000000   0.90000000   339.0269684630
  0.60000000   0.90000000   297.8498674428
  0.70000000   0.90000000   261.6366158098
  0.80000000   0.90000000   230.4717701449
  0.90000000   0.90000000   204.2291924302
  1.00000000   0.90000000   182.6136289816
  1.10000000   0.90000000   165.2101620676
  1.20000000   0.90000000   151.5356718820
  1.30000000   0.90000000   141.0875453470
  1.40000000   0.90000000   133.3863174216
  1.50000000   0.90000000   128.0104436192
  1.60000000   0.90000000   124.6227217087
  1.70000000   0.90000000   122.9888180421
  1.80000000   0.90000000   122.9888180421
  1.90000000   0.90000000   124.6227217087
  2.00000000   0.90000000   128.0104436192
  2.10000000   0.90000000   133.3863174216
  2.20000000   0.90000000   141.0875453470
  2.30000000   0.90000000   151.5356718820
  2.40000000   0.90000000   165.2101620676
  2.50000000   0.90000000   182.6136289816
  2.60000000   0.90000000   204.2291924302
  2.70000000   0.90000000   230.4717701449
  2.80000000   0.90000000   261.6366158098
  2.90000000   0.90000000   297.8498674428
  3.00000000   0.90000000   339.0269684630
  3.10000000   0.90000000   384.8452851120
  3.20000000   0.90000000   434.7367539784
  3.30000000   0.90000000   487.9045129484
  3.40000000   0.90000000   478.8636147066
  3.50000000   0.90000000   400.0000000000

  0.00000000   1.00000000   400.0000000000
  0.10000000   1.00000000   475.7194422932
  0.20000000   1.00000000   481.6963159054
  0.30000000   1.00000000   425.6131822352
  0.40000000   1.00000000   373.0073839034
  0.50000000   1.00000000   324.7127508487
  0.60000000   1.00000000   281.3208154145
  0.70000000   1.00000000   243.1656763925
  0.80000000   1.00000000   210.3324797187
  0.90000000   1.00000000   182.6860788614
  1.00000000   1.00000000   159.9143421486
  1.10000000   1.00000000   141.5797717323
  1.20000000   1.00000000   127.1733710574
  1.30000000   1.00000000   116.1657466616
  1.40000000   1.00000000   108.0519189123
  1.50000000   1.00000000   102.3879066320
  1.60000000   1.00000000    98.8185487542
  1.70000000   1.00000000    97.0970236632
  1.80000000   1.00000000    97.0970236632
  1.90000000   1.00000000    98.8185487542
  2.00000000   1.00000000   102.3879066320
  2.10000000   1.00000000   108.0519189123
  2.20000000   1.00000000   116.1657466616
  2.30000000   1.00000000   127.1733710574
  2.40000000   1.00000000   141.5797717323
  2.50000000   1.00000000   159.9143421486
  2.60000000   1.00000000   182.6860788614
  2.70000000   1.00000000   210.3324797187
  2.80000000   1.00000000   243.1656763925
  2.90000000   1.00000000   281.3208154145
  3.00000000   1.00000000   324.7127508487
  3.10000000   1.00000000   373.0073839034
  3.20000000   1.00000000   425.6131822352
  3.30000000   1.00000000   481.6963159054
  3.40000000   1.00000000   475.7194422932
  3.50000000   1.00000000   400.0000000000

  0.00000000   1.10000000   400.0000000000
  0.10000000   1.10000000   473.2002432743
  0.20000000   1.10000000   476.7185172952
  0.30000000   1.10000000   418.2913352261
  0.40000000   1.10000000   363.4994971449
  0.50000000   1.10000000   313.2086874084
  0.60000000   1.10000000   268.0310076346
  0.70000000   1.10000000   228.3106601124
  0.80000000   1.10000000   194.1334782617
  0.90000000   1.10000000   165.3569057270
  1.00000000   1.10000000   141.6549350665
  1.10000000   1.10000000   122.5716112058
  1.20000000   1.10000000   107.5768929839
  1.30000000   1.10000000    96.1196900849
  1.40000000   1.10000000    87.6744067526
  1.50000000   1.10000000    81.7789656038
  1.60000000   1.10000000    78.0637382771
  1.70000000   1.10000000    76.2718505855
  1.80000000   1.10000000    76.2718505855
  1.90000000   1.10000000    78.0637382771
  2.00000000   1.10000000    81.7789656038
  2.10000000   1.10000000    87.6744067526
  2.20000000   1.10000000    96.1196900849
  2.30000000   1.10000000   107.5768929839
  2.40000000   1.10000000   122.5716112058
  2.50000000   1.10000000   141.6549350665
  2.60000000   1.10000000   165.3569057270
  2.70000000   1.10000000   194.1334782617
  2.80000000   1.10000000   228.3106601124
  2.90000000   1.10000000   268.0310076346
  3.00000000   1.10000000   313.2086874084
  3.10000000   1.10000000   363.4994971449
  3.20000000   1.10000000   418.2913352261
  3.30000000   1.10000000   476.7185172952
  3.40000000   1.10000000   473.2002432743
  3.50000000   1.10000000   400.0000000000

  0.00000000   1.20000000   400.0000000000
  0.10000000   1.20000000   471.2278806116
  0.20000000   1.20000000   472.8196346033
  0.30000000   1.20000000   412.5534290248
  0.40000000   1.20000000   356.0445795434
  0.50000000   1.20000000   304.1847052509
  0.60000000   1.20000000   257.6029417146
  0.70000000   1.20000000   216.6519909488
  0.80000000   1.20000000   181.4184567544
  0.90000000   1.20000000   151.7539609097
  1.00000000   1.20000000   127.3214803345
  1.10000000   1.20000000   107.6504164487
  1.20000000   1.20000000    92.1940697531
  1.30000000   1.20000000    80.3842139421
  1.40000000   1.20000000    71.6790007893
  1.50000000   1.20000000    65.6021067593
  1.60000000   1.20000000    61.7725253778
  1.70000000   1.20000000    59.9254815128
  1.80000000   1.20000000    59.9254815128
  1.90000000   1.20000000    61.7725253778
  2.00000000   1.20000000    65.6021067593
  2.10000000   1.20000000    71.6790007893
  2.20000000   1.20000000    80.3842139421
  2.30000000   1.20000000    92.1940697531
  2.40000000   1.20000000   107.6504164487
  2.50000000   1.20000000   127.3214803345
  2.60000000   1.20000000   151.7539609097
  2.70000000   1.20000000   181.4184567544
  2.80000000   1.20000000   216.6519909488
  2.90000000   1.20000000   257.6029417146
  3.00000000   1.20000000   304.1847052509
  3.10000000   1.20000000   356.0445795434
  3.20000000   1.20000000   412.5534290248
  3.30000000   1.20000000   472.8196346033
  3.40000000   1.20000000   471.2278806116
  3.50000000   1.20000000   400.0000000000

  0.00000000   1.30000000   400.0000000000
  0.10000000   1.30000000   469.7250278704
  0.20000000   1.30000000   469.8481278318
  0.30000000   1.30000000   408.1788777062
  0.40000000   1.30000000   350.3590460961
  0.50000000   1.30000000   297.3004503975
  0.60000000   1.30000000   249.6456750967
  0.70000000   1.30000000   207.7542422879
  0.80000000   1.30000000   171.7135160059
  0.90000000   1.30000000   141.3707134237
  1.00000000   1.30000000   116.3803613690
  1.10000000   1.30000000    96.2606080654
  1.20000000   1.30000000    80.4519603158
  1.30000000   1.30000000    68.3730467576
  1.40000000   1.30000000    59.4695665035
  1.50000000   1.30000000    53.2542913932
  1.60000000   1.30000000    49.3375122264
  1.70000000   1.30000000    47.4484138707
  1.80000000   1.30000000    47.4484138707
  1.90000000   1.30000000    49.3375122264
  2.00000000   1.30000000    53.2542913932
  2.10000000   1.30000000    59.4695665035
  2.20000000   1.30000000    68.3730467576
  2.30000000   1.30000000    80.4519603158
  2.40000000   1.30000000    96.2606080654
  2.50000000   1.30000000   116.3803613690
  2.60000000   1.30000000   141.3707134237
  2.70000000   1.30000000   171.7135160059
  2.80000000   1.30000000   207.7542422879
  2.90000000   1.30000000   249.6456750967
  3.00000000   1.30000000   297.3004503975
  3.10000000   1.30000000   350.3590460961
  3.20000000   1.30000000   408.1788777062
  3.30000000   1.30000000   469.8481278318
  3.40000000   1.30000000   469.7250278704
  3.50000000   1.30000000   400.0000000000

  0.00000000   1.40000000   400.0000000000
  0.10000000   1.40000000   468.6197024270
  0.20000000   1.40000000   467.6622942177
  0.30000000   1.40000000   404.9602844833
  0.40000000   1.40000000   346.1749395907
  0.50000000   1.40000000   292.2331206989
  0.60000000   1.40000000   243.7875315124
  0.70000000   1.40000000   201.2028958692
  0.80000000   1.40000000   164.5672460351
  0.90000000   1.40000000   133.7245952597
  1.00000000   1.40000000   108.3232390433
  1.10000000   1.40000000    87.8730049939
  1.20000000   1.40000000    71.8049378029
  1.30000000   1.40000000    59.5279489391
  1.40000000   1.40000000    50.4785385315
  1.50000000   1.40000000    44.1614283361
  1.60000000   1.40000000    40.1804880800
  1.70000000   1.40000000    38.2604479499
  1.80000000   1.40000000    38.2604479499
  1.90000000   1.40000000    40.1804880800
  2.00000000   1.40000000    44.1614283361
  2.10000000   1.40000000    50.4785385315
  2.20000000   1.40000000    59.5279489391
  2.30000000   1.40000000    71.8049378029
  2.40000000   1.40000000    87.8730049939
  2.50000000   1.40000000   108.3232390433
  2.60000000   1.40000000   133.7245952597
  2.70000000   1.40000000   164.5672460351
  2.80000000   1.40000000   201.2028958692
  2.90000000   1.40000000   243.7875315124
  3.00000000   1.40000000   292.2331206989
  3.10000000   1.40000000   346.1749395907
  3.20000000   1.40000000   404.9602844833
  3.30000000   1.40000000   467.6622942177
  3.40000000   1.40000000   468.6197024270
  3.50000000   1.40000000   400.0000000000

  0.00000000   1.50000000   400.0000000000
  0.10000000   1.50000000   467.8494421149
  0.20000000   1.50000000   466.1389196804
  0.30000000   1.50000000   402.7168395952
  0.40000000   1.50000000   343.2580637731
  0.50000000   1.50000000   288.7000140304
  0.60000000   1.50000000   239.7025490223
  0.70000000   1.50000000   196.6341089222
  0.80000000   1.50000000   159.5832512595
  0.90000000   1.50000000   128.3917815292
  1.00000000   1.50000000   102.7036506595
  1.10000000   1.50000000    82.0228694629
  1.20000000   1.50000000    65.7738637668
  1.30000000   1.50000000    53.3587485029
  1.40000000   1.50000000    44.2075920473
  1.50000000   1.50000000    37.8194900324
  1.60000000   1.50000000    33.7938262327
  1.70000000   1.50000000    31.8522195444
  1.80000000   1.50000000    31.8522195444
  1.90000000   1.50000000    33.7938262327
  2.00000000   1.50000000    37.8194900324
  2.10000000   1.50000000    44.2075920473
  2.20000000   1.50000000    53.3587485029
  2.30000000   1.50000000    65.7738637668
  2.40000000   1.50000000    82.0228694629
  2.50000000   1.50000000   102.7036506595
  2.60000000   1.50000000   128.3917815292
  2.70000000   1.50000000   159.5832512595
  2.80000000   1.50000000   196.6341089222
  2.90000000   1.50000000   239.7025490223
  3.00000000   1.50000000   288.7000140304
  3.10000000   1.50000000   343.2580637731
  3.20000000   1.50000000   402.7168395952
  3.30000000   1.50000000   466.1389196804
  3.40000000   1.50000000   467.8494421149
  3.50000000   1.50000000   400.0000000000

  0.00000000   1.60000000   400.0000000000
  0.10000000   1.60000000   467.3646535718
  0.20000000   1.60000000   465.1800763768
  0.30000000   1.60000000   401.3046472830
  0.40000000   1.60000000   341.4217851897
  0.50000000   1.60000000   286.4755865929
  0.60000000   1.60000000   237.1304538831
  0.70000000   1.60000000   193.7572043772
  0.80000000   1.60000000   156.4447528853
  0.90000000   1.60000000   125.0335281748
  1.00000000   1.60000000    99.1647478348
  1.10000000   1.60000000    78.3387551074
  1.20000000   1.60000000    61.9757998621
  1.30000000   1.60000000    49.4737087028
  1.40000000   1.60000000    40.2584925211
  1.50000000   1.60000000    33.8256985526
  1.60000000   1.60000000    29.7718819421
  1.70000000   1.60000000    27.8167001197
  1.80000000   1.60000000    27.8167001197
  1.90000000   1.60000000    29.7718819421
  2.00000000   1.60000000    33.8256985526
  2.10000000   1.60000000    40.2584925211
  2.20000000   1.60000000    49.4737087028
  2.30000000   1.60000000    61.9757998621
  2.40000000   1.60000000    78.3387551074
  2.50000000   1.60000000    99.1647478348
  2.60000000   1.60000000   125.0335281748
  2.70000000   1.60000000   156.4447528853
  2.80000000   1.60000000   193.7572043772
  2.90000000   1.60000000   237.1304538831
  3.00000000   1.60000000   286.4755865929
  3.10000000   1.60000000   341.4217851897
  3.20000000   1.60000000   401.3046472830
  3.30000000   1.60000000   465.1800763768
  3.40000000   1.60000000   467.3646535718
  3.50000000   1.60000000   400.0000000000

  0.00000000   1.70000000   400.0000000000
  0.10000000   1.70000000   467.1310200159
  0.20000000   1.70000000   464.7179669528
  0.30000000   1.70000000   400.6240162150
  0.40000000   1.70000000   340.5367100704
  0.50000000   1.70000000   285.4033687208
  0.60000000   1.70000000   235.8905950231
  0.70000000   1.70000000   192.3703624025
  0.80000000   1.70000000   154.9317655299
  0.90000000   1.70000000   123.4145736602
  1.00000000   1.70000000    97.4586877839
  1.10000000   1.70000000    76.5626820513
  1.20000000   1.70000000    60.1447910882
  1.30000000   1.70000000    47.6007718331
  1.40000000   1.70000000    38.3546770470
  1.50000000   1.70000000    31.9003417260
  1.60000000   1.70000000    27.8329562641
  1.70000000   1.70000000    25.8712318267
  1.80000000   1.70000000    25.8712318267
  1.90000000   1.70000000    27.8329562641
  2.00000000   1.70000000    31.9003417260
  2.10000000   1.70000000    38.3546770470
  2.20000000   1.70000000    47.6007718331
  2.30000000   1.70000000    60.1447910882
  2.40000000   1.70000000    76.5626820513
  2.50000000   1.70000000    97.4586877839
  2.60000000   1.70000000   123.4145736602
  2.70000000   1.70000000   154.9317655299
  2.80000000   1.70000000   192.3703624025
  2.90000000   1.70000000   235.8905950231
  3.00000000   1.70000000   285.4033687208
  3.10000000   1.70000000   340.5367100704
  3.20000000   1.70000000   400.6240162150
  3.30000000   1.70000000   464.7179669528
  3.40000000   1.70000000   467.1310200159
  3.50000000   1.70000000   400.0000000000

  0.00000000   1.80000000   400.0000000000
  0.10000000   1.80000000   467.1310200159
  0.20000000   1.80000000   464.7179669528
  0.30000000   1.80000000   400.6240162150
  0.40000000   1.80000000   340.5367100704
  0.50000000   1.80000000   285.4033687208
  0.60000000   1.80000000   235.8905950231
  0.70000000   1.80000000   192.3703624025
  0.80000000   1.80000000   154.9317655299
  0.90000000   1.80000000   123.4145736602
  1.00000000   1.80000000    97.4586877839
  1.10000000   1.80000000    76.5626820513
  1.20000000   1.80000000    60.1447910882
  1.30000000   1.80000000    47.6007718331
  1.40000000   1.80000000    38.3546770470
  1.50000000   1.80000000    31.9003417260
  1.60000000   1.80000000    27.8329562641
  1.70000000   1.80000000    25.8712318267
  1.80000000   1.80000000    25.8712318267
  1.90000000   1.80000000    27.8329562641
  2.00000000   1.80000000    31.9003417260
  2.10000000   1.80000000    38.3546770470
  2.20000000   1.80000000    47.6007718331
  2.30000000   1.80000000    60.1447910882
  2.40000000   1.80000000    76.5626820513
  2.50000000   1.80000000    97.4586877839
  2.60000000   1.80000000   123.4145736602
  2.70000000   1.80000000   154.9317655299
  2.80000000   1.80000000   192.3703624025
  2.90000000   1.80000000   235.8905950231
  3.00000000   1.80000000   285.4033687208
  3.10000000   1.80000000   340.5367100704
  3.20000000   1.80000000   400.6240162150
  3.30000000   1.80000000   464.7179669528
  3.40000000   1.80000000   467.1310200159
  3.50000000   1.80000000   400.0000000000

  0.00000000   1.90000000   400.0000000000
  0.10000000   1.90000000   467.3646535718
  0.20000000   1.90000000   465.1800763768
  0.30000000   1.90000000   401.3046472830
  0.40000000   1.90000000   341.4217851897
  0.50000000   1.90000000   286.4755865929
  0.60000000   1.90000000   237.1304538831
  0.70000000   1.90000000   193.7572043772
  0.80000000   1.90000000   156.4447528853
  0.90000000   1.90000000   125.0335281748
  1.00000000   1.90000000    99.1647478348
  1.10000000   1.90000000    78.3387551074
  1.20000000   1.90000000    61.9757998621
  1.30000000   1.90000000    49.4737087028
  1.40000000   1.90000000    40.2584925211
  1.50000000   1.90000000    33.8256985526
  1.60000000   1.90000000    29.7718819421
  1.70000000   1.90000000    27.8167001197
  1.80000000   1.90000000    27.8167001197
  1.90000000   1.90000000    29.7718819421
  2.00000000   1.90000000    33.8256985526
  2.10000000   1.90000000    40.2584925211
  2.20000000   1.90000000    49.4737087028
  2.30000000   1.90000000    61.9757998621
  2.40000000   1.90000000    78.3387551074
  2.50000000   1.90000000    99.1647478348
  2.60000000   1.90000000   125.0335281748
  2.70000000   1.90000000   156.4447528853
  2.80000000   1.90000000   193.7572043772
  2.90000000   1.90000000   237.1304538831
  3.00000000   1.90000000   286.4755865929
  3.10000000   1.90000000   341.4217851897
  3.20000000   1.90000000   401.3046472830
  3.30000000   1.90000000   465.1800763768
  3.40000000   1.90000000   467.3646535718
  3.50000000   1.90000000   400.0000000000

  0.00000000   2.00000000   400.0000000000
  0.10000000   2.00000000   467.8494421149
  0.20000000   2.00000000   466.1389196804
  0.30000000   2.00000000   402.7168395952
  0.40000000   2.00000000   343.2580637731
  0.50000000   2.00000000   288.7000140304
  0.60000000   2.00000000   239.7025490223
  0.70000000   2.00000000   196.6341089222
  0.80000000   2.00000000   159.5832512595
  0.90000000   2.00000000   128.3917815292
  1.00000000   2.00000000   102.7036506595
  1.10000000   2.00000000    82.0228694629
  1.20000000   2.00000000    65.7738637668
  1.30000000   2.00000000    53.3587485029
  1.40000000   2.00000000    44.2075920473
  1.50000000   2.00000000    37.8194900324
  1.60000000   2.00000000    33.7938262327
  1.70000000   2.00000000    31.8522195444
  1.80000000   2.00000000    31.8522195444
  1.90000000   2.00000000    33.7938262327
  2.00000000   2.00000000    37.8194900324
  2.10000000   2.00000000    44.2075920473
  2.20000000   2.00000000    53.3587485029
  2.30000000   2.00000000    65.7738637668
  2.40000000   2.00000000    82.0228694629
  2.50000000   2.00000000   102.7036506595
  2.60000000   2.00000000   128.3917815292
  2.70000000   2.00000000   159.5832512595
  2.80000000   2.00000000   196.6341089222
  2.90000000   2.00000000   239.7025490223
  3.00000000   2.00000000   288.7000140304
  3.10000000   2.00000000   343.2580637731
  3.20000000   2.00000000   402.7168395952
  3.30000000   2.00000000   466.1389196804
  3.40000000   2.00000000   467.8494421149
  3.50000000   2.00000000   400.0000000000

  0.00000000   2.10000000   400.0000000000
  0.10000000   2.10000000   468.6197024270
  0.20000000   2.10000000   467.6622942177
  0.30000000   2.10000000   404.9602844833
  0.40000000   2.10000000   346.1749395907
  0.50000000   2.10000000   292.2331206989
  0.60000000   2.10000000   243.7875315124
  0.70000000   2.10000000   201.2028958692
  0.80000000   2.10000000   164.5672460351
  0.90000000   2.10000000   133.7245952597
  1.00000000   2.10000000   108.3232390433
  1.10000000   2.10000000    87.8730049939
  1.20000000   2.10000000    71.8049378029
  1.30000000   2.10000000    59.5279489391
  1.40000000   2.10000000    50.4785385315
  1.50000000   2.10000000    44.1614283361
  1.60000000   2.10000000    40.1804880800
  1.70000000   2.10000000    38.2604479499
  1.80000000   2.10000000    38.2604479499
  1.90000000   2.10000000    40.1804880800
  2.00000000   2.10000000    44.1614283361
  2.10000000   2.10000000    50.4785385315
  2.20000000   2.10000000    59.5279489391
  2.30000000   2.10000000    71.8049378029
  2.40000000   2.10000000    87.8730049939
  2.50000000   2.10000000   108.3232390433
  2.60000000   2.10000000   133.7245952597
  2.70000000   2.10000000   164.5672460351
  2.80000000   2.10000000   201.2028958692
  2.90000000   2.10000000   243.7875315124
  3.00000000   2.10000000   292.2331206989
  3.10000000   2.10000000   346.1749395907
  3.20000000   2.10000000   404.9602844833
  3.30000000   2.10000000   467.6622942177
  3.40000000   2.10000000   468.6197024270
  3.50000000   2.10000000   400.0000000000

  0.00000000   2.20000000   400.0000000000
  0.10000000   2.20000000   469.7250278704
  0.20000000   2.20000000   469.8481278318
  0.30000000   2.20000000   408.1788777062
  0.40000000   2.20000000   350.3590460961
  0.50000000   2.20000000   297.3004503975
  0.60000000   2.20000000   249.6456750967
  0.70000000   2.20000000   207.7542422879
  0.80000000   2.20000000   171.7135160059
  0.90000000   2.20000000   141.3707134237
  1.00000000   2.20000000   116.3803613690
  1.10000000   2.20000000    96.2606080654
  1.20000000   2.20000000    80.4519603158
  1.30000000   2.20000000    68.3730467576
  1.40000000   2.20000000    59.4695665035
  1.50000000   2.20000000    53.2542913932
  1.60000000   2.20000000    49.3375122264
  1.70000000   2.20000000    47.4484138707
  1.80000000   2.20000000    47.4484138707
  1.90000000   2.20000000    49.3375122264
  2.00000000   2.20000000    53.2542913932
  2.10000000   2.20000000    59.4695665035
  2.20000000   2.20000000    68.3730467576
  2.30000000   2.20000000    80.4519603158
  2.40000000   2.20000000    96.2606080654
  2.50000000   2.20000000   116.3803613690
  2.60000000   2.20000000   141.3707134237
  2.70000000   2.20000000   171.7135160059
  2.80000000   2.20000000   207.7542422879
  2.90000000   2.20000000   249.6456750967
  3.00000000   2.20000000   297.3004503975
  3.10000000   2.20000000   350.3590460961
  3.20000000   2.20000000   408.1788777062
  3.30000000   2.20000000   469.8481278318
  3.40000000   2.20000000   469.7250278704
  3.50000000   2.20000000   400.0000000000

  0.00000000   2.30000000   400.0000000000
  0.10000000   2.30000000   471.2278806116
  0.20000000   2.30000000   472.8196346033
  0.30000000   2.30000000   412.5534290248
  0.40000000   2.30000000   356.0445795434
  0.50000000   2.30000000   304.1847052509
  0.60000000   2.30000000   257.6029417146
  0.70000000   2.30000000   216.6519909488
  0.80000000   2.30000000   181.4184567544
  0.90000000   2.30000000   151.7539609097
  1.00000000   2.30000000   127.3214803345
  1.10000000   2.30000000   107.6504164487
  1.20000000   2.30000000    92.1940697531
  1.30000000   2.30000000    80.3842139421
  1.40000000   2.30000000    71.6790007893
  1.50000000   2.30000000    65.6021067593
  1.60000000   2.30000000    61.7725253778
  1.70000000   2.30000000    59.9254815128
  1.80000000   2.30000000    59.9254815128
  1.90000000   2.30000000    61.7725253778
  2.00000000   2.30000000    65.6021067593
  2.10000000   2.30000000    71.6790007893
  2.20000000   2.30000000    80.3842139421
  2.30000000   2.30000000    92.1940697531
  2.40000000   2.30000000   107.6504164487
  2.50000000   2.30000000   127.3214803345
  2.60000000   2.30000000   151.7539609097
  2.70000000   2.30000000   181.4184567544
  2.80000000   2.30000000   216.6519909488
  2.90000000   2.30000000   257.6029417146
  3.00000000   2.30000000   304.1847052509
  3.10000000   2.30000000   356.0445795434
  3.20000000   2.30000000   412.5534290248
  3.30000000   2.30000000   472.8196346033
  3.40000000   2.30000000   471.2278806116
  3.50000000   2.30000000   400.0000000000

  0.00000000   2.40000000   400.0000000000
  0.10000000   2.40000000   473.2002432743
  0.20000000   2.40000000   476.7185172952
  0.30000000   2.40000000   418.2913352261
  0.40000000   2.40000000   363.4994971449
  0.50000000   2.40000000   313.2086874084
  0.60000000   2.40000000   268.0310076346
  0.70000000   2.40000000   228.3106601124
  0.80000000   2.40000000   194.1334782617
  0.90000000   2.40000000   165.3569057270
  1.00000000   2.40000000   141.6549350665
  1.10000000   2.40000000   122.5716112058
  1.20000000   2.40000000   107.5768929839
  1.30000000   2.40000000    96.1196900849
  1.40000000   2.40000000    87.6744067526
  1.50000000   2.40000000    81.7789656038
  1.60000000   2.40000000    78.0637382771
  1.70000000   2.40000000    76.2718505855
  1.80000000   2.40000000    76.2718505855
  1.90000000   2.40000000    78.0637382771
  2.00000000   2.40000000    81.7789656038
  2.10000000   2.40000000    87.6744067526
  2.20000000   2.40000000    96.1196900849
  2.30000000   2.40000000   107.5768929839
  2.40000000   2.40000000   122.5716112058
  2.50000000   2.40000000   141.6549350665
  2.60000000   2.40000000   165.3569057270
  2.70000000   2.40000000   194.1334782617
  2.80000000   2.40000000   228.3106601124
  2.90000000   2.40000000   268.0310076346
  3.00000000   2.40000000   313.2086874084
  3.10000000   2.40000000   363.4994971449
  3.20000000   2.40000000   418.2913352261
  3.30000000   2.40000000   476.7185172952
  3.40000000   2.40000000   473.2002432743
  3.50000000   2.40000000   400.0000000000

  0.00000000   2.50000000   400.0000000000
  0.10000000   2.50000000   475.7194422932
  0.20000000   2.50000000   481.6963159054
  0.30000000   2.50000000   425.6131822352
  0.40000000   2.50000000   373.0073839034
  0.50000000   2.50000000   324.7127508487
  0.60000000   2.50000000   281.3208154145
  0.70000000   2.50000000   243.1656763925
  0.80000000   2.50000000   210.3324797187
  0.90000000   2.50000000   182.6860788614
  1.00000000   2.50000000   159.9143421486
  1.10000000   2.50000000   141.5797717323
  1.20000000   2.50000000   127.1733710574
  1.30000000   2.50000000   116.1657466616
  1.40000000   2.50000000   108.0519189123
  1.50000000   2.50000000   102.3879066320
  1.60000000   2.50000000    98.8185487542
  1.70000000   2.50000000    97.0970236632
  1.80000000   2.50000000    97.0970236632
  1.90000000   2.50000000    98.8185487542
  2.00000000   2.50000000   102.3879066320
  2.10000000   2.50000000   108.0519189123
  2.20000000   2.50000000   116.1657466616
  2.30000000   2.50000000   127.1733710574
  2.40000000   2.50000000   141.5797717323
  2.50000000   2.50000000   159.9143421486
  2.60000000   2.50000000   182.6860788614
  2.70000000   2.50000000   210.3324797187
  2.80000000   2.50000000   243.1656763925
  2.90000000   2.50000000   281.3208154145
  3.00000000   2.50000000   324.7127508487
  3.10000000   2.50000000   373.0073839034
  3.20000000   2.50000000   425.6131822352
  3.30000000   2.50000000   481.6963159054
  3.40000000   2.50000000   475.7194422932
  3.50000000   2.50000000   400.0000000000

  0.00000000   2.60000000   400.0000000000
  0.10000000   2.60000000   478.8636147066
  0.20000000   2.60000000   487.9045129484
  0.30000000   2.60000000   434.7367539784
  0.40000000   2.60000000   384.8452851120
  0.50000000   2.60000000   339.0269684630
  0.60000000   2.60000000   297.8498674428
  0.70000000   2.60000000   261.6366158098
  0.80000000   2.60000000   230.4717701449
  0.90000000   2.60000000   204.2291924302
  1.00000000   2.60000000   182.6136289816
  1.10000000   2.60000000   165.2101620676
  1.20000000   2.60000000   151.5356718820
  1.30000000   2.60000000   141.0875453470
  1.40000000   2.60000000   133.3863174216
  1.50000000   2.60000000   128.0104436192
  1.60000000   2.60000000   124.6227217087
  1.70000000   2.60000000   122.9888180421
  1.80000000   2.60000000   122.9888180421
  1.90000000   2.60000000   124.6227217087
  2.00000000   2.60000000   128.0104436192
  2.10000000   2.60000000   133.3863174216
  2.20000000   2.60000000   141.0875453470
  2.30000000   2.60000000   151.5356718820
  2.40000000   2.60000000   165.2101620676
  2.50000000   2.60000000   182.6136289816
  2.60000000   2.60000000   204.2291924302
  2.70000000   2.60000000   230.4717701449
  2.80000000   2.60000000   261.6366158098
  2.90000000   2.60000000   297.8498674428
  3.00000000   2.60000000   339.0269684630
  3.10000000   2.60000000   384.8452851120
  3.20000000   2.60000000   434.7367539784
  3.30000000   2.60000000   487.9045129484
  3.40000000   2.60000000   478.8636147066
  3.50000000   2.60000000   400.0000000000

  0.00000000   2.70000000   400.0000000000
  0.10000000   2.70000000   482.7080355002
  0.20000000   2.70000000   495.4848941636
  0.30000000   2.70000000   445.8596402959
  0.40000000   2.70000000   399.2584177919
  0.50000000   2.70000000   356.4389147274
  0.60000000   2.70000000   317.9443525018
  0.70000000   2.70000000   284.0848057889
  0.80000000   2.70000000   254.9440286303
  0.90000000   2.70000000   230.4061369740
  1.00000000   2.70000000   210.1956132786
  1.10000000   2.70000000   193.9243533554
  1.20000000   2.70000000   181.1402566981
  1.30000000   2.70000000   171.3729997355
  1.40000000   2.70000000   164.1739909594
  1.50000000   2.70000000   159.1488947001
  1.60000000   2.70000000   155.9823162978
  1.70000000   2.70000000   154.4550981719
  1.80000000   2.70000000   154.4550981719
  1.90000000   2.70000000   155.9823162978
  2.00000000   2.70000000   159.1488947001
  2.10000000   2.70000000   164.1739909594
  2.20000000   2.70000000   171.3729997355
  2.30000000   2.70000000   181.1402566981
  2.40000000   2.70000000   193.9243533554
  2.50000000   2.70000000   210.1956132786
  2.60000000   2.70000000   230.4061369740
  2.70000000   2.70000000   254.9440286303
  2.80000000   2.70000000   284.0848057889
  2.90000000   2.70000000   317.9443525018
  3.00000000   2.70000000   356.4389147274
  3.10000000   2.70000000   399.2584177919
  3.20000000   2.70000000   445.8596402959
  3.30000000   2.70000000   495.4848941636
  3.40000000   2.70000000   482.7080355002
  3.50000000   2.70000000   400.0000000000

  0.00000000   2.80000000   400.0000000000
  0.10000000   2.80000000   487.3252223723
  0.20000000   2.80000000   504.5631769502
  0.30000000   2.80000000   459.1423793484
  0.40000000   2.80000000   416.4330982599
  0.50000000   2.80000000   377.1585461197
  0.60000000   2.80000000   341.8381092812
  0.70000000   2.80000000   310.7678508160
  0.80000000   2.80000000   284.0293132410
  0.90000000   2.80000000   261.5170813476
  1.00000000   2.80000000   242.9776643291
  1.10000000   2.80000000   228.0538623161
  1.20000000   2.80000000   216.3298812671
  1.30000000   2.80000000   207.3734940955
  1.40000000   2.80000000   200.7726921408
  1.50000000   2.80000000   196.1654561806
  1.60000000   2.80000000   193.2623263936
  1.70000000   2.80000000   191.8622060574
  1.80000000   2.80000000   191.8622060574
  1.90000000   2.80000000   193.2623263936
  2.00000000   2.80000000   196.1654561806
  2.10000000   2.80000000   200.7726921408
  2.20000000   2.80000000   207.3734940955
  2.30000000   2.80000000   216.3298812671
  2.40000000   2.80000000   228.0538623161
  2.50000000   2.80000000   242.9776643291
  2.60000000   2.80000000   261.5170813476
  2.70000000   2.80000000   284.0293132410
  2.80000000   2.80000000   310.7678508160
  2.90000000   2.80000000   341.8381092812
  3.00000000   2.80000000   377.1585461197
  3.10000000   2.80000000   416.4330982599
  3.20000000   2.80000000   459.1423793484
  3.30000000   2.80000000   504.5631769502
  3.40000000   2.80000000   487.3252223723
  3.50000000   2.80000000   400.0000000000

  0.00000000   2.90000000   400.0000000000
  0.10000000   2.90000000   492.7962281324
  0.20000000   2.90000000   515.2515500220
  0.30000000   2.90000000   474.6942549323
  0.40000000   2.90000000   436.4688019575
  0.50000000   2.90000000   401.2817457917
  0.60000000   2.90000000   369.6311701486
  0.70000000   2.90000000   341.7948189349
  0.80000000   2.90000000   317.8475181875
  0.90000000   2.90000000   297.6924813555
  1.00000000   2.90000000   281.0995059935
  1.10000000   2.90000000   267.7460369584
  1.20000000   2.90000000   257.2578882957
  1.30000000   2.90000000   249.2469112319
  1.40000000   2.90000000   243.3436100207
  1.50000000   2.90000000   239.2235978476
  1.60000000   2.90000000   236.6276452854
  1.70000000   2.90000000   235.3757173085
  1.80000000   2.90000000   235.3757173085
  1.90000000   2.90000000   236.6276452854
  2.00000000   2.90000000   239.2235978476
  2.10000000   2.90000000   243.3436100207
  2.20000000   2.90000000   249.2469112319
  2.30000000   2.90000000   257.2578882957
  2.40000000   2.90000000   267.7460369584
  2.50000000   2.90000000   281.0995059935
  2.60000000   2.90000000   297.6924813555
  2.70000000   2.90000000   317.8475181875
  2.80000000   2.90000000   341.7948189349
  2.90000000   2.90000000   369.6311701486
  3.00000000   2.90000000   401.2817457917
  3.10000000   2.90000000   436.4688019575
  3.20000000   2.90000000   474.6942549323
  3.30000000   2.90000000   515.2515500220
  3.40000000   2.90000000   492.7962281324
  3.50000000   2.90000000   400.0000000000

  0.00000000   3.00000000   400.0000000000
  0.10000000   3.00000000   499.2541220062
  0.20000000   3.00000000   527.6699992246
  0.30000000   3.00000000   492.5615067090
  0.40000000   3.00000000   459.3477011186
  0.50000000   3.00000000   428.7533033130
  0.60000000   3.00000000   401.2511466491
  0.70000000   3.00000000   377.0868859913
  0.80000000   3.00000000   356.3178453561
  0.90000000   3.00000000   338.8509325609
  1.00000000   3.00000000   324.4793026449
  1.10000000   3.00000000   312.9184785297
  1.20000000   3.00000000   303.8412039051
  1.30000000   3.00000000   296.9094879092
  1.40000000   3.00000000   291.8023640189
  1.50000000   3.00000000   288.2384485243
  1.60000000   3.00000000   285.9930659282
  1.70000000   3.00000000   284.9102552097
  1.80000000   3.00000000   284.9102552097
  1.90000000   3.00000000   285.9930659282
  2.00000000   3.00000000   288.2384485243
  2.10000000   3.00000000   291.8023640189
  2.20000000   3.00000000   296.9094879092
  2.30000000   3.00000000   303.8412039051
  2.40000000   3.00000000   312.9184785297
  2.50000000   3.00000000   324.4793026449
  2.60000000   3.00000000   338.8509325609
  2.70000000   3.00000000   356.3178453561
  2.80000000   3.00000000   377.0868859913
  2.90000000   3.00000000   401.2511466491
  3.00000000   3.00000000   428.7533033130
  3.10000000   3.00000000   459.3477011186
  3.20000000   3.00000000   492.5615067090
  3.30000000   3.00000000   527.6699992246
  3.40000000   3.00000000   499.2541220062
  3.50000000   3.00000000   400.0000000000

  0.00000000   3.10000000   400.0000000000
  0.10000000   3.10000000   507.0262554057
  0.20000000   3.10000000   541.9992711391
  0.30000000   3.10000000   512.7062846102
  0.40000000   3.10000000   484.8931524889
  0.50000000   3.10000000   459.3286799093
  0.60000000   3.10000000   436.4215504619
  0.70000000   3.10000000   416.3493503742
  0.80000000   3.10000000   399.1316559692
  0.90000000   3.10000000   384.6712839644
  1.00000000   3.10000000   372.7844624961
  1.10000000   3.10000000   363.2284988116
  1.20000000   3.10000000   355.7286354297
  1.30000000   3.10000000   350.0031998079
  1.40000000   3.10000000   345.7857138575
  1.50000000   3.10000000   342.8430380957
  1.60000000   3.10000000   340.9892307352
  1.70000000   3.10000000   340.0953005105
  1.80000000   3.10000000   340.0953005105
  1.90000000   3.10000000   340.9892307352
  2.00000000   3.10000000   342.8430380957
  2.10000000   3.10000000   345.7857138575
  2.20000000   3.10000000   350.0031998079
  2.30000000   3.10000000   355.7286354297
  2.40000000   3.10000000   363.2284988116
  2.50000000   3.10000000   372.7844624961
  2.60000000   3.10000000   384.6712839644
  2.70000000   3.10000000   399.1316559692
  2.80000000   3.10000000   416.3493503742
  2.90000000   3.10000000   436.4215504619
  3.00000000   3.10000000   459.3286799093
  3.10000000   3.10000000   484.8931524889
  3.20000000   3.10000000   512.7062846102
  3.30000000   3.10000000   541.9992711391
  3.40000000   3.10000000   507.0262554057
  3.50000000   3.10000000   400.0000000000

  0.00000000   3.20000000   400.0000000000
  0.10000000   3.20000000   517.1076895880
  0.20000000   3.20000000   558.5517793926
  0.30000000   3.20000000   534.9251506244
  0.40000000   3.20000000   512.6964273562
  0.50000000   3.20000000   492.5349386604
  0.60000000   3.20000000   474.6441131937
  0.70000000   3.20000000   459.0625397451
  0.80000000   3.20000000   445.7453256547
  0.90000000   3.20000000   434.5849423723
  1.00000000   3.20000000   425.4227932609
  1.10000000   3.20000000   418.0632091289
  1.20000000   3.20000000   412.2901419511
  1.30000000   3.20000000   407.8844524245
  1.40000000   3.20000000   404.6398584750
  1.50000000   3.20000000   402.3763431625
  1.60000000   3.20000000   400.9505268438
  1.70000000   3.20000000   400.2630167972
  1.80000000   3.20000000   400.2630167972
  1.90000000   3.20000000   400.9505268438
  2.00000000   3.20000000   402.3763431625
  2.10000000   3.20000000   404.6398584750
  2.20000000   3.20000000   407.8844524245
  2.30000000   3.20000000   412.2901419511
  2.40000000   3.20000000   418.0632091289
  2.50000000   3.20000000   425.4227932609
  2.60000000   3.20000000   434.5849423723
  2.70000000   3.20000000   445.7453256547
  2.80000000   3.20000000   459.0625397451
  2.90000000   3.20000000   474.6441131937
  3.00000000   3.20000000   492.5349386604
  3.10000000   3.20000000   512.6964273562
  3.20000000   3.20000000   534.9251506244
  3.30000000   3.20000000   558.5517793926
  3.40000000   3.20000000   517.1076895880
  3.50000000   3.20000000   400.0000000000

  0.00000000   3.30000000   400.0000000000
  0.10000000   3.30000000   532.8422420020
  0.20000000   3.30000000   577.6113402076
  0.30000000   3.30000000   558.5479705155
  0.40000000   3.30000000   541.9876259372
  0.50000000   3.30000000   527.6459620190
  0.60000000   3.30000000   515.2105715171
  0.70000000   3.30000000   504.5012161955
  0.80000000   3.30000000   495.3988258860
  0.90000000   3.30000000   487.7923997961
  1.00000000   3.30000000   481.5575310263
  1.10000000   3.30000000   476.5537274747
  1.20000000   3.30000000   472.6306733739
  1.30000000   3.30000000   469.6377987609
  1.40000000   3.30000000   467.4341462384
  1.50000000   3.30000000   465.8970300111
  1.60000000   3.30000000   464.9288647048
  1.70000000   3.30000000   464.4620502091
  1.80000000   3.30000000   464.4620502091
  1.90000000   3.30000000   464.9288647048
  2.00000000   3.30000000   465.8970300111
  2.10000000   3.30000000   467.4341462384
  2.20000000   3.30000000   469.6377987609
  2.30000000   3.30000000   472.6306733739
  2.40000000   3.30000000   476.5537274747
  2.50000000   3.30000000   481.5575310263
  2.60000000   3.30000000   487.7923997961
  2.70000000   3.30000000   495.3988258860
  2.80000000   3.30000000   504.5012161955
  2.90000000   3.30000000   515.2105715171
  3.00000000   3.30000000   527.6459620190
  3.10000000   3.30000000   541.9876259372
  3.20000000   3.30000000   558.5479705155
  3.30000000   3.30000000   577.6113402076
  3.40000000   3.30000000   532.8422420020
  3.50000000   3.30000000   400.0000000000

  0.00000000   3.40000000   400.0000000000
  0.10000000   3.40000000   566.3335930854
  0.20000000   3.40000000   597.3414391028
  0.30000000   3.40000000   581.6045813562
  0.40000000   3.40000000   571.5188302242
  0.50000000   3.40000000   563.7401069205
  0.60000000   3.40000000   557.2733573696
  0.70000000   3.40000000   551.7914892739
  0.80000000   3.40000000   547.1618967020
  0.90000000   3.40000000   543.3041262467
  1.00000000   3.40000000   540.1463203749
  1.10000000   3.40000000   537.6138549062
  1.20000000   3.40000000   535.6291790034
  1.30000000   3.40000000   534.1154528846
  1.40000000   3.40000000   533.0010672032
  1.50000000   3.40000000   532.2238237758
  1.60000000   3.40000000   531.7342999157
  1.70000000   3.40000000   531.4982768560
  1.80000000   3.40000000   531.4982768560
  1.90000000   3.40000000   531.7342999157
  2.00000000   3.40000000   532.2238237758
  2.10000000   3.40000000   533.0010672032
  2.20000000   3.40000000   534.1154528846
  2.30000000   3.40000000   535.6291790034
  2.40000000   3.40000000   537.6138549062
  2.50000000   3.40000000   540.1463203749
  2.60000000   3.40000000   543.3041262467
  2.70000000   3.40000000   547.1618967020
  2.80000000   3.40000000   551.7914892739
  2.90000000   3.40000000   557.2733573696
  3.00000000   3.40000000   563.7401069205
  3.10000000   3.40000000   571.5188302242
  3.20000000   3.40000000   581.6045813562
  3.30000000   3.40000000   597.3414391028
  3.40000000   3.40000000   566.3335930854
  3.50000000   3.40000000   400.0000000000

  0.00000000   3.50000000   400.0000000000
  0.10000000   3.50000000   400.0000000000
  0.20000000   3.50000000   400.0000000000
  0.30000000   3.50000000   400.0000000000
  0.40000000   3.50000000   400.0000000000
  0.50000000   3.50000000   400.0000000000
  0.60000000   3.50000000   400.0000000000
  0.70000000   3.50000000   400.0000000000
  0.80000000   3.50000000   400.0000000000
  0.90000000   3.50000000   400.0000000000
  1.00000000   3.50000000   400.0000000000
  1.10000000   3.50000000   400.0000000000
  1.20000000   3.50000000   400.0000000000
  1.30000000   3.50000000   400.0000000000
  1.40000000   3.50000000   400.0000000000
  1.50000000   3.50000000   400.0000000000
  1.60000000   3.50000000   400.0000000000
  1.70000000   3.50000000   400.0000000000
  1.80000000   3.50000000   400.0000000000
  1.90000000   3.50000000   400.0000000000
  2.00000000   3.50000000   400.0000000000
  2.10000000   3.50000000   400.0000000000
  2.20000000   3.50000000   400.0000000000
  2.30000000   3.50000000   400.0000000000
  2.40000000   3.50000000   400.0000000000
  2.50000000   3.50000000   400.0000000000
  2.60000000   3.50000000   400.0000000000
  2.70000000   3.50000000   400.0000000000
  2.80000000   3.50000000   400.0000000000
  2.90000000   3.50000000   400.0000000000
  3.00000000   3.50000000   400.0000000000
  3.10000000   3.50000000   400.0000000000
  3.20000000   3.50000000   400.0000000000
  3.30000000   3.50000000   400.0000000000
  3.40000000   3.50000000   400.0000000000
  3.50000000   3.50000000   400.0000000000

