  0.00000000   0.00000000   400.0000000000
  0.10000000   0.00000000   400.0000000000
  0.20000000   0.00000000   400.0000000000
  0.30000000   0.00000000   400.0000000000
  0.40000000   0.00000000   400.0000000000
  0.50000000   0.00000000   400.0000000000
  0.60000000   0.00000000   400.0000000000
  0.70000000   0.00000000   400.0000000000
  0.80000000   0.00000000   400.0000000000
  0.90000000   0.00000000   400.0000000000
  1.00000000   0.00000000   400.0000000000
  1.10000000   0.00000000   400.0000000000
  1.20000000   0.00000000   400.0000000000
  1.30000000   0.00000000   400.0000000000
  1.40000000   0.00000000   400.0000000000
  1.50000000   0.00000000   400.0000000000
  1.60000000   0.00000000   400.0000000000
  1.70000000   0.00000000   400.0000000000
  1.80000000   0.00000000   400.0000000000
  1.90000000   0.00000000   400.0000000000
  2.00000000   0.00000000   400.0000000000
  2.10000000   0.00000000   400.0000000000
  2.20000000   0.00000000   400.0000000000
  2.30000000   0.00000000   400.0000000000
  2.40000000   0.00000000   400.0000000000
  2.50000000   0.00000000   400.0000000000
  2.60000000   0.00000000   400.0000000000
  2.70000000   0.00000000   400.0000000000
  2.80000000   0.00000000   400.0000000000
  2.90000000   0.00000000   400.0000000000
  3.00000000   0.00000000   400.0000000000
  3.10000000   0.00000000   400.0000000000
  3.20000000   0.00000000   400.0000000000
  3.30000000   0.00000000   400.0000000000
  3.40000000   0.00000000   400.0000000000
  3.50000000   0.00000000   400.0000000000

  0.00000000   0.10000000   400.0000000000
  0.10000000   0.10000000   573.3243195716
  0.20000000   0.10000000   611.1581802380
  0.30000000   0.10000000   601.9289532399
  0.40000000   0.10000000   597.8996709607
  0.50000000   0.10000000   595.6220290276
  0.60000000   0.10000000   594.0300685832
  0.70000000   0.10000000   592.7606965106
  0.80000000   0.10000000   591.6787220368
  0.90000000   0.10000000   590.7304297329
  1.00000000   0.10000000   589.8940336614
  1.10000000   0.10000000   589.1612476813
  1.20000000   0.10000000   588.5297754779
  1.30000000   0.10000000   587.9999820550
  1.40000000   0.10000000   587.5733040606
  1.50000000   0.10000000   587.2514406435
  1.60000000   0.10000000   587.0359208786
  1.70000000   0.10000000   586.9278667158
  1.80000000   0.10000000   586.9278667158
  1.90000000   0.10000000   587.0359208786
  2.00000000   0.10000000   587.2514406435
  2.10000000   0.10000000   587.5733040606
  2.20000000   0.10000000   587.9999820550
  2.30000000   0.10000000   588.5297754779
  2.40000000   0.10000000   589.1612476813
  2.50000000   0.10000000   589.8940336614
  2.60000000   0.10000000   590.7304297329
  2.70000000   0.10000000   591.6787220368
  2.80000000   0.10000000   592.7606965106
  2.90000000   0.10000000   594.0300685832
  3.00000000   0.10000000   595.6220290276
  3.10000000   0.10000000   597.8996709607
  3.20000000   0.10000000   601.9289532399
  3.30000000   0.10000000   611.1581802380
  3.40000000   0.10000000   573.3243195716
  3.50000000   0.10000000   400.0000000000

  0.00000000   0.20000000   400.0000000000
  0.10000000   0.20000000   546.6581805159
  0.20000000   0.20000000   604.9174562164
  0.30000000   0.20000000   598.7145832228
  0.40000000   0.20000000   594.1224717974
  0.50000000   0.20000000   590.6506828918
  0.60000000   0.20000000   587.8466362341
  0.70000000   0.20000000   585.4589735847
  0.80000000   0.20000000   583.3636130340
  0.90000000   0.20000000   581.5025512382
  1.00000000   0.20000000   579.8505375517
  1.10000000   0.20000000   578.3984117930
  1.20000000   0.20000000   577.1448231554
  1.30000000   0.20000000   576.0920162999
  1.40000000   0.20000000   575.2436106757
  1.50000000   0.20000000   574.6033864771
  1.60000000   0.20000000   574.1746007392
  1.70000000   0.20000000   573.9595981124
  1.80000000   0.20000000   573.9595981124
  1.90000000   0.20000000   574.1746007392
  2.00000000   0.20000000   574.6033864771
  2.10000000   0.20000000   575.2436106757
  2.20000000   0.20000000   576.0920162999
  2.30000000   0.20000000   577.1448231554
  2.40000000   0.20000000   578.3984117930
  2.50000000   0.20000000   579.8505375517
  2.60000000   0.20000000   581.5025512382
  2.70000000   0.20000000   583.3636130340
  2.80000000   0.20000000   585.4589735847
  2.90000000   0.20000000   587.8466362341
  3.00000000   0.20000000   590.6506828918
  3.10000000   0.20000000   594.1224717974
  3.20000000   0.20000000   598.7145832228
  3.30000000   0.20000000   604.9174562164
  3.40000000   0.20000000   546.6581805159
  3.50000000   0.20000000   400.0000000000

  0.00000000   0.30000000   400.0000000000
  0.10000000   0.30000000   537.4289543291
  0.20000000   0.30000000   598.7145845677
  0.30000000   0.30000000   594.0022290627
  0.40000000   0.30000000   589.3738758538
  0.50000000   0.30000000   585.1954482823
  0.60000000   0.30000000   581.4640979139
  0.70000000   0.30000000   578.1138773963
  0.80000000   0.30000000   575.0927577686
  0.90000000   0.30000000   572.3715379338
  1.00000000   0.30000000   569.9379487352
  1.10000000   0.30000000   567.7900421035
  1.20000000   0.30000000   565.9314539923
  1.30000000   0.30000000   564.3683799732
  1.40000000   0.30000000   563.1077108782
  1.50000000   0.30000000   562.1558909114
  1.60000000   0.30000000   561.5182182775
  1.70000000   0.30000000   561.1984222595
  1.80000000   0.30000000   561.1984222595
  1.90000000   0.30000000   561.5182182775
  2.00000000   0.30000000   562.1558909114
  2.10000000   0.30000000   563.1077108782
  2.20000000   0.30000000   564.3683799732
  2.30000000   0.30000000   565.9314539924
  2.40000000   0.30000000   567.7900421035
  2.50000000   0.30000000   569.9379487352
  2.60000000   0.30000000   572.3715379338
  2.70000000   0.30000000   575.0927577686
  2.80000000   0.30000000   578.1138773963
  2.90000000   0.30000000   581.4640979139
  3.00000000   0.30000000   585.1954482823
  3.10000000   0.30000000   589.3738758538
  3.20000000   0.30000000   594.0022290627
  3.30000000   0.30000000   598.7145845677
  3.40000000   0.30000000   537.4289543291
  3.50000000   0.30000000   400.0000000000

  0.00000000   0.40000000   400.0000000000
  0.10000000   0.40000000   533.3996736073
  0.20000000   0.40000000   594.1224759802
  0.30000000   0.40000000   589.3738794392
  0.40000000   0.40000000   584.3972119835
  0.50000000   0.40000000   579.5670271809
  0.60000000   0.40000000   575.0241132517
  0.70000000   0.40000000   570.8105146554
  0.80000000   0.40000000   566.9369679975
  0.90000000   0.40000000   563.4086192162
  1.00000000   0.40000000   560.2324696619
  1.10000000   0.40000000   557.4182300425
  1.20000000   0.40000000   554.9772902702
  1.30000000   0.40000000   552.9214385812
  1.40000000   0.40000000   551.2617921785
  1.50000000   0.40000000   550.0080082764
  1.60000000   0.40000000   549.1677359287
  1.70000000   0.40000000   548.7462543059
  1.80000000   0.40000000   548.7462543059
  1.90000000   0.40000000   549.1677359287
  2.00000000   0.40000000   550.0080082764
  2.10000000   0.40000000   551.2617921785
  2.20000000   0.40000000   552.9214385812
  2.30000000   0.40000000   554.9772902702
  2.40000000   0.40000000   557.4182300425
  2.50000000   0.40000000   560.2324696619
  2.60000000   0.40000000   563.4086192162
  2.70000000   0.40000000   566.9369679975
  2.80000000   0.40000000   570.8105146554
  2.90000000   0.40000000   575.0241132517
  3.00000000   0.40000000   579.5670271809
  3.10000000   0.40000000   584.3972119835
  3.20000000   0.40000000   589.3738794392
  3.30000000   0.40000000   594.1224759802
  3.40000000   0.40000000   533.3996736073
  3.50000000   0.40000000   400.0000000000

  0.00000000   0.50000000   400.0000000000
  0.10000000   0.50000000   531.1220341301
  0.20000000   0.50000000   590.6506917108
  0.30000000   0.50000000   585.1954581539
  0.40000000   0.50000000   579.5670343715
  0.50000000   0.50000000   574.0130150459
  0.60000000   0.50000000   568.6822457730
  0.70000000   0.50000000   563.6567963747
  0.80000000   0.50000000   558.9839527967
  0.90000000   0.50000000   554.6952982496
  1.00000000   0.50000000   550.8158256577
  1.10000000   0.50000000   547.3675511782
  1.20000000   0.50000000   544.3705599178
  1.30000000   0.50000000   541.8430081824
  1.40000000   0.50000000   539.8007816962
  1.50000000   0.50000000   538.2571002874
  1.60000000   0.50000000   537.2221760437
  1.70000000   0.50000000   536.7029564441
  1.80000000   0.50000000   536.7029564441
  1.90000000   0.50000000   537.2221760437
  2.00000000   0.50000000   538.2571002874
  2.10000000   0.50000000   539.8007816962
  2.20000000   0.50000000   541.8430081824
  2.30000000   0.50000000   544.3705599178
  2.40000000   0.50000000   547.3675511782
  2.50000000   0.50000000   550.8158256577
  2.60000000   0.50000000   554.6952982496
  2.70000000   0.50000000   558.9839527967
  2.80000000   0.50000000   563.6567963747
  2.90000000   0.50000000   568.6822457730
  3.00000000   0.50000000   574.0130150459
  3.10000000   0.50000000   579.5670343715
  3.20000000   0.50000000   585.1954581539
  3.30000000   0.50000000   590.6506917108
  3.40000000   0.50000000   531.1220341301
  3.50000000   0.50000000   400.0000000000

  0.00000000   0.60000000   400.0000000000
  0.10000000   0.60000000   529.5300771188
  0.20000000   0.60000000   587.8466516466
  0.30000000   0.60000000   581.4641170143
  0.40000000   0.60000000   575.0241315665
  0.50000000   0.60000000   568.6822578923
  0.60000000   0.60000000   562.5627371611
  0.70000000   0.60000000   556.7550176892
  0.80000000   0.60000000   551.3232375409
  0.90000000   0.60000000   546.3157323222
  1.00000000   0.60000000   541.7713483501
  1.10000000   0.60000000   537.7228881005
  1.20000000   0.60000000   534.1987103241
  1.30000000   0.60000000   531.2233182877
  1.40000000   0.60000000   528.8174568647
  1.50000000   0.60000000   526.9980052056
  1.60000000   0.60000000   525.7778106928
  1.70000000   0.60000000   525.1655336163
  1.80000000   0.60000000   525.1655336163
  1.90000000   0.60000000   525.7778106928
  2.00000000   0.60000000   526.9980052056
  2.10000000   0.60000000   528.8174568647
  2.20000000   0.60000000   531.2233182877
  2.30000000   0.60000000   534.1987103241
  2.40000000   0.60000000   537.7228881005
  2.50000000   0.60000000   541.7713483501
  2.60000000   0.60000000   546.3157323222
  2.70000000   0.60000000   551.3232375409
  2.80000000   0.60000000   556.7550176892
  2.90000000   0.60000000   562.5627371611
  3.00000000   0.60000000   568.6822578923
  3.10000000   0.60000000   575.0241315665
  3.20000000   0.60000000   581.4641170143
  3.30000000   0.60000000   587.8466516466
  3.40000000   0.60000000   529.5300771188
  3.50000000   0.60000000   400.0000000000

  0.00000000   0.70000000   400.0000000000
  0.10000000   0.70000000   528.2607094539
  0.20000000   0.70000000   585.4589975451
  0.30000000   0.70000000   578.1139086682
  0.40000000   0.70000000   570.8105480369
  0.50000000   0.70000000   563.6568255662
  0.60000000   0.70000000   556.7550357787
  0.70000000   0.70000000   550.1917488408
  0.80000000   0.70000000   544.0377190627
  0.90000000   0.70000000   538.3510447846
  1.00000000   0.70000000   533.1803602280
  1.10000000   0.70000000   528.5670945962
  1.20000000   0.70000000   524.5467965169
  1.30000000   0.70000000   521.1497902706
  1.40000000   0.70000000   518.4014271354
  1.50000000   0.70000000   516.3221219331
  1.60000000   0.70000000   514.9272944977
  1.70000000   0.70000000   514.2272856423
  1.80000000   0.70000000   514.2272856423
  1.90000000   0.70000000   514.9272944977
  2.00000000   0.70000000   516.3221219331
  2.10000000   0.70000000   518.4014271354
  2.20000000   0.70000000   521.1497902706
  2.30000000   0.70000000   524.5467965169
  2.40000000   0.70000000   528.5670945962
  2.50000000   0.70000000   533.1803602280
  2.60000000   0.70000000   538.3510447846
  2.70000000   0.70000000   544.0377190627
  2.80000000   0.70000000   550.1917488408
  2.90000000   0.70000000   556.7550357787
  3.00000000   0.70000000   563.6568255662
  3.10000000   0.70000000   570.8105480369
  3.20000000   0.70000000   578.1139086682
  3.30000000   0.70000000   585.4589975451
  3.40000000   0.70000000   528.2607094539
  3.50000000   0.70000000   400.0000000000

  0.00000000   0.80000000   400.0000000000
  0.10000000   0.80000000   527.1787402769
  0.20000000   0.80000000   583.3636473280
  0.30000000   0.80000000   575.0928039083
  0.40000000   0.80000000   566.9370200707
  0.50000000   0.80000000   558.9840036332
  0.60000000   0.80000000   551.3232792576
  0.70000000   0.80000000   544.0377436655
  0.80000000   0.80000000   537.2007733904
  0.90000000   0.80000000   530.8762626241
  1.00000000   0.80000000   525.1196640346
  1.10000000   0.80000000   519.9790681417
  1.20000000   0.80000000   515.4959895194
  1.30000000   0.80000000   511.7058307939
  1.40000000   0.80000000   508.6381005825
  1.50000000   0.80000000   506.3164760168
  1.60000000   0.80000000   504.7587834736
  1.70000000   0.80000000   503.9769487162
  1.80000000   0.80000000   503.9769487162
  1.90000000   0.80000000   504.7587834736
  2.00000000   0.80000000   506.3164760168
  2.10000000   0.80000000   508.6381005825
  2.20000000   0.80000000   511.7058307939
  2.30000000   0.80000000   515.4959895194
  2.40000000   0.80000000   519.9790681417
  2.50000000   0.80000000   525.1196640346
  2.60000000   0.80000000   530.8762626241
  2.70000000   0.80000000   537.2007733904
  2.80000000   0.80000000   544.0377436655
  2.90000000   0.80000000   551.3232792576
  3.00000000   0.80000000   558.9840036332
  3.10000000   0.80000000   566.9370200707
  3.20000000   0.80000000   575.0928039083
  3.30000000   0.80000000   583.3636473280
  3.40000000   0.80000000   527.1787402769
  3.50000000   0.80000000   400.0000000000

  0.00000000   0.90000000   400.0000000000
  0.10000000   0.90000000   526.2304539947
  0.20000000   0.90000000   581.5025973259
  0.30000000   0.90000000   572.3716011568
  0.40000000   0.90000000   563.4086929784
  0.50000000   0.90000000   554.6953745410
  0.60000000   0.90000000   546.3158023179
  0.70000000   0.90000000   538.3510995079
  0.80000000   0.90000000   530.8762936247
  0.90000000   0.90000000   523.9591666322
  1.00000000   0.90000000   517.6601153841
  1.10000000   0.90000000   512.0323882729
  1.20000000   0.90000000   507.1223665664
  1.30000000   0.90000000   502.9697635121
  1.40000000   0.90000000   499.6077209379
  1.50000000   0.90000000   497.0628261704
  1.60000000   0.90000000   495.3550823065
  1.70000000   0.90000000   494.4978612680
  1.80000000   0.90000000   494.4978612680
  1.90000000   0.90000000   495.3550823065
  2.00000000   0.90000000   497.0628261704
  2.10000000   0.90000000   499.6077209379
  2.20000000   0.90000000   502.9697635121
  2.30000000   0.90000000   507.1223665664
  2.40000000   0.90000000   512.0323882729
  2.50000000   0.90000000   517.6601153841
  2.60000000   0.90000000   523.9591666322
  2.70000000   0.90000000   530.8762936247
  2.80000000   0.90000000   538.3510995079
  2.90000000   0.90000000   546.3158023179
  3.00000000   0.90000000   554.6953745410
  3.10000000   0.90000000   563.4086929784
  3.20000000   0.90000000   572.3716011568
  3.30000000   0.90000000   581.5025973259
  3.40000000   0.90000000   526.2304539947
  3.50000000   0.90000000   400.0000000000

  0.00000000   1.00000000   400.0000000000
  0.10000000   1.00000000   525.3940644366
  0.20000000   1.00000000   579.8505964309
  0.30000000   1.00000000   569.9380305720
  0.40000000   1.00000000   560.2325672131
  0.50000000   1.00000000   550.8159301159
  0.60000000   1.00000000   541.7714499931
  0.70000000   1.00000000   533.1804491370
  0.80000000   1.00000000   525.1197308301
  0.90000000   1.00000000   517.6601519257
  1.00000000   1.00000000   510.8659438578
  1.10000000   1.00000000   504.7944438697
  1.20000000   1.00000000   499.4960031742
  1.30000000   1.00000000   495.0139452585
  1.40000000   1.00000000   491.3845213036
  1.50000000   1.00000000   488.6368507034
  1.60000000   1.00000000   486.7928530719
  1.70000000   1.00000000   485.8671836913
  1.80000000   1.00000000   485.8671836913
  1.90000000   1.00000000   486.7928530719
  2.00000000   1.00000000   488.6368507034
  2.10000000   1.00000000   491.3845213036
  2.20000000   1.00000000   495.0139452585
  2.30000000   1.00000000   499.4960031742
  2.40000000   1.00000000   504.7944438697
  2.50000000   1.00000000   510.8659438578
  2.60000000   1.00000000   517.6601519257
  2.70000000   1.00000000   525.1197308301
  2.80000000   1.00000000   533.1804491370
  2.90000000   1.00000000   541.7714499931
  3.00000000   1.00000000   550.8159301159
  3.10000000   1.00000000   560.2325672131
  3.20000000   1.00000000   569.9380305720
  3.30000000   1.00000000   579.8505964309
  3.40000000   1.00000000   525.3940644366
  3.50000000   1.00000000   400.0000000000

  0.00000000   1.10000000   400.0000000000
  0.10000000   1.10000000   524.6612851754
  0.20000000   1.10000000   578.3984838923
  0.30000000   1.10000000   567.7901432400
  0.40000000   1.10000000   557.4183523734
  0.50000000   1.10000000   547.3676851555
  0.60000000   1.10000000   537.7230231654
  0.70000000   1.10000000   528.5672199467
  0.80000000   1.10000000   519.9791735204
  0.90000000   1.10000000   512.0324647160
  1.00000000   1.10000000   504.7944843638
  1.10000000   1.10000000   498.3258986542
  1.20000000   1.10000000   492.6803160593
  1.30000000   1.10000000   487.9040620046
  1.40000000   1.10000000   484.0360083410
  1.50000000   1.10000000   481.1074334994
  1.60000000   1.10000000   479.1419060381
  1.70000000   1.10000000   478.1551923906
  1.80000000   1.10000000   478.1551923906
  1.90000000   1.10000000   479.1419060381
  2.00000000   1.10000000   481.1074334994
  2.10000000   1.10000000   484.0360083410
  2.20000000   1.10000000   487.9040620046
  2.30000000   1.10000000   492.6803160593
  2.40000000   1.10000000   498.3258986542
  2.50000000   1.10000000   504.7944843638
  2.60000000   1.10000000   512.0324647160
  2.70000000   1.10000000   519.9791735204
  2.80000000   1.10000000   528.5672199467
  2.90000000   1.10000000   537.7230231654
  3.00000000   1.10000000   547.3676851555
  3.10000000   1.10000000   557.4183523734
  3.20000000   1.10000000   567.7901432400
  3.30000000   1.10000000   578.3984838923
  3.40000000   1.10000000   524.6612851754
  3.50000000   1.10000000   400.0000000000

  0.00000000   1.20000000   400.0000000000
  0.10000000   1.20000000   524.0298195754
  0.20000000   1.20000000   577.1449082657
  0.30000000   1.20000000   565.9315741678
  0.40000000   1.20000000   554.9774371270
  0.50000000   1.20000000   544.3707232383
  0.60000000   1.20000000   534.1988787904
  0.70000000   1.20000000   524.5469585225
  0.80000000   1.20000000   515.4961340017
  0.90000000   1.20000000   507.1224837992
  1.00000000   1.20000000   499.4960854629
  1.10000000   1.20000000   492.6803582897
  1.20000000   1.20000000   486.7315883210
  1.30000000   1.20000000   481.6985767444
  1.40000000   1.20000000   477.6223709673
  1.50000000   1.20000000   474.5360542878
  1.60000000   1.20000000   472.4645820425
  1.70000000   1.20000000   471.4246593609
  1.80000000   1.20000000   471.4246593609
  1.90000000   1.20000000   472.4645820425
  2.00000000   1.20000000   474.5360542878
  2.10000000   1.20000000   477.6223709673
  2.20000000   1.20000000   481.6985767444
  2.30000000   1.20000000   486.7315883210
  2.40000000   1.20000000   492.6803582897
  2.50000000   1.20000000   499.4960854629
  2.60000000   1.20000000   507.1224837992
  2.70000000   1.20000000   515.4961340017
  2.80000000   1.20000000   524.5469585225
  2.90000000   1.20000000   534.1988787904
  3.00000000   1.20000000   544.3707232383
  3.10000000   1.20000000   554.9774371270
  3.20000000   1.20000000   565.9315741678
  3.30000000   1.20000000   577.1449082658
  3.40000000   1.20000000   524.0298195754
  3.50000000   1.20000000   400.0000000000

  0.00000000   1.30000000   400.0000000000
  0.10000000   1.30000000   523.5000323073
  0.20000000   1.30000000   576.0921135496
  0.30000000   1.30000000   564.3685179421
  0.40000000   1.30000000   552.9216084145
  0.50000000   1.30000000   541.8431990780
  0.60000000   1.30000000   531.2235182632
  0.70000000   1.30000000   521.1499870128
  0.80000000   1.30000000   511.7060125292
  0.90000000   1.30000000   502.9699198358
  1.00000000   1.30000000   495.0140678627
  1.10000000   1.30000000   487.9041452537
  1.20000000   1.30000000   481.6986180551
  1.30000000   1.30000000   476.4482972328
  1.40000000   1.30000000   472.1959990461
  1.50000000   1.30000000   468.9762790824
  1.60000000   1.30000000   466.8152278515
  1.70000000   1.30000000   465.7303210618
  1.80000000   1.30000000   465.7303210618
  1.90000000   1.30000000   466.8152278515
  2.00000000   1.30000000   468.9762790824
  2.10000000   1.30000000   472.1959990461
  2.20000000   1.30000000   476.4482972328
  2.30000000   1.30000000   481.6986180551
  2.40000000   1.30000000   487.9041452537
  2.50000000   1.30000000   495.0140678627
  2.60000000   1.30000000   502.9699198358
  2.70000000   1.30000000   511.7060125292
  2.80000000   1.30000000   521.1499870128
  2.90000000   1.30000000   531.2235182632
  3.00000000   1.30000000   541.8431990780
  3.10000000   1.30000000   552.9216084145
  3.20000000   1.30000000   564.3685179421
  3.30000000   1.30000000   576.0921135496
  3.40000000   1.30000000   523.5000323073
  3.50000000   1.30000000   400.0000000000

  0.00000000   1.40000000   400.0000000000
  0.10000000   1.40000000   523.0733596961
  0.20000000   1.40000000   575.2437185508
  0.30000000   1.40000000   563.1078644405
  0.40000000   1.40000000   551.2619821824
  0.50000000   1.40000000   539.8009968535
  0.60000000   1.40000000   528.8176846396
  0.70000000   1.40000000   518.4016546240
  0.80000000   1.40000000   508.6383154141
  0.90000000   1.40000000   499.6079121347
  1.00000000   1.40000000   491.3846800354
  1.10000000   1.40000000   484.0361285217
  1.20000000   1.40000000   477.6224496508
  1.30000000   1.40000000   472.1960365921
  1.40000000   1.40000000   467.8010962747
  1.50000000   1.40000000   464.4733427403
  1.60000000   1.40000000   462.2397611191
  1.70000000   1.40000000   461.1184353540
  1.80000000   1.40000000   461.1184353540
  1.90000000   1.40000000   462.2397611191
  2.00000000   1.40000000   464.4733427403
  2.10000000   1.40000000   467.8010962747
  2.20000000   1.40000000   472.1960365921
  2.30000000   1.40000000   477.6224496508
  2.40000000   1.40000000   484.0361285217
  2.50000000   1.40000000   491.3846800354
  2.60000000   1.40000000   499.6079121347
  2.70000000   1.40000000   508.6383154141
  2.80000000   1.40000000   518.4016546240
  2.90000000   1.40000000   528.8176846396
  3.00000000   1.40000000   539.8009968535
  3.10000000   1.40000000   551.2619821824
  3.20000000   1.40000000   563.1078644405
  3.30000000   1.40000000   575.2437185508
  3.40000000   1.40000000   523.0733596961
  3.50000000   1.40000000   400.0000000000

  0.00000000   1.50000000   400.0000000000
  0.10000000   1.50000000   522.7515006004
  0.20000000   1.50000000   574.6035028861
  0.30000000   1.50000000   562.1560570089
  0.40000000   1.50000000   550.0082145145
  0.50000000   1.50000000   538.2573350026
  0.60000000   1.50000000   526.9982554334
  0.70000000   1.50000000   516.3223743108
  0.80000000   1.50000000   506.3167177089
  0.90000000   1.50000000   497.0630457506
  1.00000000   1.50000000   488.6370389301
  1.10000000   1.50000000   481.1075839284
  1.20000000   1.50000000   474.5361636797
  1.30000000   1.50000000   468.9763475746
  1.40000000   1.50000000   464.4733737729
  1.50000000   1.50000000   461.0638149027
  1.60000000   1.50000000   458.7753194198
  1.70000000   1.50000000   457.6264225602
  1.80000000   1.50000000   457.6264225602
  1.90000000   1.50000000   458.7753194198
  2.00000000   1.50000000   461.0638149027
  2.10000000   1.50000000   464.4733737729
  2.20000000   1.50000000   468.9763475746
  2.30000000   1.50000000   474.5361636797
  2.40000000   1.50000000   481.1075839284
  2.50000000   1.50000000   488.6370389301
  2.60000000   1.50000000   497.0630457506
  2.70000000   1.50000000   506.3167177089
  2.80000000   1.50000000   516.3223743108
  2.90000000   1.50000000   526.9982554334
  3.00000000   1.50000000   538.2573350026
  3.10000000   1.50000000   550.0082145145
  3.20000000   1.50000000   562.1560570089
  3.30000000   1.50000000   574.6035028861
  3.40000000   1.50000000   522.7515006004
  3.50000000   1.50000000   400.0000000000

  0.00000000   1.60000000   400.0000000000
  0.10000000   1.60000000   522.5359838575
  0.20000000   1.60000000   574.1747231182
  0.30000000   1.60000000   561.5183931493
  0.40000000   1.60000000   549.1679535397
  0.50000000   1.60000000   537.2224244744
  0.60000000   1.60000000   525.7780766864
  0.70000000   1.60000000   514.9275643781
  0.80000000   1.60000000   504.7590440867
  0.90000000   1.60000000   495.3553219180
  1.00000000   1.60000000   486.7930621560
  1.10000000   1.60000000   479.1420779017
  1.20000000   1.60000000   472.4647132402
  1.30000000   1.60000000   466.8153183620
  1.40000000   1.60000000   462.2398142707
  1.50000000   1.60000000   458.7753415712
  1.60000000   1.60000000   456.4499874662
  1.70000000   1.60000000   455.2825857515
  1.80000000   1.60000000   455.2825857515
  1.90000000   1.60000000   456.4499874662
  2.00000000   1.60000000   458.7753415712
  2.10000000   1.60000000   462.2398142707
  2.20000000   1.60000000   466.8153183620
  2.30000000   1.60000000   472.4647132402
  2.40000000   1.60000000   479.1420779017
  2.50000000   1.60000000   486.7930621560
  2.60000000   1.60000000   495.3553219180
  2.70000000   1.60000000   504.7590440867
  2.80000000   1.60000000   514.9275643781
  2.90000000   1.60000000   525.7780766864
  3.00000000   1.60000000   537.2224244744
  3.10000000   1.60000000   549.1679535397
  3.20000000   1.60000000   561.5183931493
  3.30000000   1.60000000   574.1747231182
  3.40000000   1.60000000   522.5359838575
  3.50000000   1.60000000   400.0000000000

  0.00000000   1.70000000   400.0000000000
  0.10000000   1.70000000   522.4279312492
  0.20000000   1.70000000   573.9597235631
  0.30000000   1.70000000   561.1986016473
  0.40000000   1.70000000   548.7464777731
  0.50000000   1.70000000   536.7032119417
  0.60000000   1.70000000   525.1658077390
  0.70000000   1.70000000   514.2275645549
  0.80000000   1.70000000   503.9772191030
  0.90000000   1.70000000   494.4981112376
  1.00000000   1.70000000   485.8674035728
  1.10000000   1.70000000   478.1553753634
  1.20000000   1.70000000   471.4248018735
  1.30000000   1.70000000   465.7304230102
  1.40000000   1.70000000   461.1185000072
  1.50000000   1.70000000   457.6264562395
  1.60000000   1.70000000   455.2825972860
  1.70000000   1.70000000   454.1059055443
  1.80000000   1.70000000   454.1059055443
  1.90000000   1.70000000   455.2825972860
  2.00000000   1.70000000   457.6264562395
  2.10000000   1.70000000   461.1185000072
  2.20000000   1.70000000   465.7304230102
  2.30000000   1.70000000   471.4248018735
  2.40000000   1.70000000   478.1553753634
  2.50000000   1.70000000   485.8674035728
  2.60000000   1.70000000   494.4981112376
  2.70000000   1.70000000   503.9772191030
  2.80000000   1.70000000   514.2275645549
  2.90000000   1.70000000   525.1658077390
  3.00000000   1.70000000   536.7032119417
  3.10000000   1.70000000   548.7464777731
  3.20000000   1.70000000   561.1986016473
  3.30000000   1.70000000   573.9597235631
  3.40000000   1.70000000   522.4279312492
  3.50000000   1.70000000   400.0000000000

  0.00000000   1.80000000   400.0000000000
  0.10000000   1.80000000   522.4279312492
  0.20000000   1.80000000   573.9597235631
  0.30000000   1.80000000   561.1986016473
  0.40000000   1.80000000   548.7464777731
  0.50000000   1.80000000   536.7032119417
  0.60000000   1.80000000   525.1658077390
  0.70000000   1.80000000   514.2275645549
  0.80000000   1.80000000   503.9772191030
  0.90000000   1.80000000   494.4981112376
  1.00000000   1.80000000   485.8674035728
  1.10000000   1.80000000   478.1553753634
  1.20000000   1.80000000   471.4248018735
  1.30000000   1.80000000   465.7304230102
  1.40000000   1.80000000   461.1185000072
  1.50000000   1.80000000   457.6264562395
  1.60000000   1.80000000   455.2825972860
  1.70000000   1.80000000   454.1059055443
  1.80000000   1.80000000   454.1059055443
  1.90000000   1.80000000   455.2825972860
  2.00000000   1.80000000   457.6264562395
  2.10000000   1.80000000   461.1185000072
  2.20000000   1.80000000   465.7304230102
  2.30000000   1.80000000   471.4248018735
  2.40000000   1.80000000   478.1553753634
  2.50000000   1.80000000   485.8674035728
  2.60000000   1.80000000   494.4981112376
  2.70000000   1.80000000   503.9772191030
  2.80000000   1.80000000   514.2275645549
  2.90000000   1.80000000   525.1658077390
  3.00000000   1.80000000   536.7032119417
  3.10000000   1.80000000   548.7464777731
  3.20000000   1.80000000   561.1986016473
  3.30000000   1.80000000   573.9597235631
  3.40000000   1.80000000   522.4279312492
  3.50000000   1.80000000   400.0000000000

  0.00000000   1.90000000   400.0000000000
  0.10000000   1.90000000   522.5359838575
  0.20000000   1.90000000   574.1747231182
  0.30000000   1.90000000   561.5183931493
  0.40000000   1.90000000   549.1679535397
  0.50000000   1.90000000   537.2224244744
  0.60000000   1.90000000   525.7780766864
  0.70000000   1.90000000   514.9275643781
  0.80000000   1.90000000   504.7590440867
  0.90000000   1.90000000   495.3553219180
  1.00000000   1.90000000   486.7930621560
  1.10000000   1.90000000   479.1420779017
  1.20000000   1.90000000   472.4647132402
  1.30000000   1.90000000   466.8153183620
  1.40000000   1.90000000   462.2398142707
  1.50000000   1.90000000   458.7753415712
  1.60000000   1.90000000   456.4499874662
  1.70000000   1.90000000   455.2825857515
  1.80000000   1.90000000   455.2825857515
  1.90000000   1.90000000   456.4499874662
  2.00000000   1.90000000   458.7753415712
  2.10000000   1.90000000   462.2398142707
  2.20000000   1.90000000   466.8153183620
  2.30000000   1.90000000   472.4647132402
  2.40000000   1.90000000   479.1420779017
  2.50000000   1.90000000   486.7930621560
  2.60000000   1.90000000   495.3553219180
  2.70000000   1.90000000   504.7590440867
  2.80000000   1.90000000   514.9275643781
  2.90000000   1.90000000   525.7780766864
  3.00000000   1.90000000   537.2224244744
  3.10000000   1.90000000   549.1679535397
  3.20000000   1.90000000   561.5183931493
  3.30000000   1.90000000   574.1747231182
  3.40000000   1.90000000   522.5359838575
  3.50000000   1.90000000   400.0000000000

  0.00000000   2.00000000   400.0000000000
  0.10000000   2.00000000   522.7515006004
  0.20000000   2.00000000   574.6035028861
  0.30000000   2.00000000   562.1560570089
  0.40000000   2.00000000   550.0082145145
  0.50000000   2.00000000   538.2573350026
  0.60000000   2.00000000   526.9982554334
  0.70000000   2.00000000   516.3223743108
  0.80000000   2.00000000   506.3167177089
  0.90000000   2.00000000   497.0630457506
  1.00000000   2.00000000   488.6370389301
  1.10000000   2.00000000   481.1075839284
  1.20000000   2.00000000   474.5361636797
  1.30000000   2.00000000   468.9763475746
  1.40000000   2.00000000   464.4733737729
  1.50000000   2.00000000   461.0638149027
  1.60000000   2.00000000   458.7753194198
  1.70000000   2.00000000   457.6264225602
  1.80000000   2.00000000   457.6264225602
  1.90000000   2.00000000   458.7753194198
  2.00000000   2.00000000   461.0638149027
  2.10000000   2.00000000   464.4733737729
  2.20000000   2.00000000   468.9763475746
  2.30000000   2.00000000   474.5361636797
  2.40000000   2.00000000   481.1075839284
  2.50000000   2.00000000   488.6370389301
  2.60000000   2.00000000   497.0630457507
  2.70000000   2.00000000   506.3167177089
  2.80000000   2.00000000   516.3223743108
  2.90000000   2.00000000   526.9982554334
  3.00000000   2.00000000   538.2573350026
  3.10000000   2.00000000   550.0082145145
  3.20000000   2.00000000   562.1560570089
  3.30000000   2.00000000   574.6035028861
  3.40000000   2.00000000   522.7515006004
  3.50000000   2.00000000   400.0000000000

  0.00000000   2.10000000   400.0000000000
  0.10000000   2.10000000   523.0733596961
  0.20000000   2.10000000   575.2437185508
  0.30000000   2.10000000   563.1078644405
  0.40000000   2.10000000   551.2619821824
  0.50000000   2.10000000   539.8009968535
  0.60000000   2.10000000   528.8176846396
  0.70000000   2.10000000   518.4016546240
  0.80000000   2.10000000   508.6383154141
  0.90000000   2.10000000   499.6079121347
  1.00000000   2.10000000   491.3846800354
  1.10000000   2.10000000   484.0361285217
  1.20000000   2.10000000   477.6224496508
  1.30000000   2.10000000   472.1960365921
  1.40000000   2.10000000   467.8010962747
  1.50000000   2.10000000   464.4733427403
  1.60000000   2.10000000   462.2397611191
  1.70000000   2.10000000   461.1184353540
  1.80000000   2.10000000   461.1184353540
  1.90000000   2.10000000   462.2397611191
  2.00000000   2.10000000   464.4733427403
  2.10000000   2.10000000   467.8010962747
  2.20000000   2.10000000   472.1960365921
  2.30000000   2.10000000   477.6224496508
  2.40000000   2.10000000   484.0361285217
  2.50000000   2.10000000   491.3846800354
  2.60000000   2.10000000   499.6079121347
  2.70000000   2.10000000   508.6383154141
  2.80000000   2.10000000   518.4016546240
  2.90000000   2.10000000   528.8176846396
  3.00000000   2.10000000   539.8009968535
  3.10000000   2.10000000   551.2619821824
  3.20000000   2.10000000   563.1078644405
  3.30000000   2.10000000   575.2437185508
  3.40000000   2.10000000   523.0733596961
  3.50000000   2.10000000   400.0000000000

  0.00000000   2.20000000   400.0000000000
  0.10000000   2.20000000   523.5000323073
  0.20000000   2.20000000   576.0921135496
  0.30000000   2.20000000   564.3685179421
  0.40000000   2.20000000   552.9216084145
  0.50000000   2.20000000   541.8431990780
  0.60000000   2.20000000   531.2235182632
  0.70000000   2.20000000   521.1499870128
  0.80000000   2.20000000   511.7060125292
  0.90000000   2.20000000   502.9699198358
  1.00000000   2.20000000   495.0140678627
  1.10000000   2.20000000   487.9041452537
  1.20000000   2.20000000   481.6986180551
  1.30000000   2.20000000   476.4482972328
  1.40000000   2.20000000   472.1959990461
  1.50000000   2.20000000   468.9762790824
  1.60000000   2.20000000   466.8152278515
  1.70000000   2.20000000   465.7303210618
  1.80000000   2.20000000   465.7303210618
  1.90000000   2.20000000   466.8152278515
  2.00000000   2.20000000   468.9762790824
  2.10000000   2.20000000   472.1959990461
  2.20000000   2.20000000   476.4482972328
  2.30000000   2.20000000   481.6986180551
  2.40000000   2.20000000   487.9041452537
  2.50000000   2.20000000   495.0140678627
  2.60000000   2.20000000   502.9699198358
  2.70000000   2.20000000   511.7060125292
  2.80000000   2.20000000   521.1499870128
  2.90000000   2.20000000   531.2235182632
  3.00000000   2.20000000   541.8431990780
  3.10000000   2.20000000   552.9216084145
  3.20000000   2.20000000   564.3685179421
  3.30000000   2.20000000   576.0921135496
  3.40000000   2.20000000   523.5000323073
  3.50000000   2.20000000   400.0000000000

  0.00000000   2.30000000   400.0000000000
  0.10000000   2.30000000   524.0298195754
  0.20000000   2.30000000   577.1449082658
  0.30000000   2.30000000   565.9315741678
  0.40000000   2.30000000   554.9774371270
  0.50000000   2.30000000   544.3707232383
  0.60000000   2.30000000   534.1988787904
  0.70000000   2.30000000   524.5469585225
  0.80000000   2.30000000   515.4961340017
  0.90000000   2.30000000   507.1224837992
  1.00000000   2.30000000   499.4960854629
  1.10000000   2.30000000   492.6803582897
  1.20000000   2.30000000   486.7315883210
  1.30000000   2.30000000   481.6985767444
  1.40000000   2.30000000   477.6223709673
  1.50000000   2.30000000   474.5360542878
  1.60000000   2.30000000   472.4645820425
  1.70000000   2.30000000   471.4246593609
  1.80000000   2.30000000   471.4246593609
  1.90000000   2.30000000   472.4645820425
  2.00000000   2.30000000   474.5360542878
  2.10000000   2.30000000   477.6223709673
  2.20000000   2.30000000   481.6985767444
  2.30000000   2.30000000   486.7315883210
  2.40000000   2.30000000   492.6803582897
  2.50000000   2.30000000   499.4960854629
  2.60000000   2.30000000   507.1224837992
  2.70000000   2.30000000   515.4961340017
  2.80000000   2.30000000   524.5469585225
  2.90000000   2.30000000   534.1988787904
  3.00000000   2.30000000   544.3707232383
  3.10000000   2.30000000   554.9774371270
  3.20000000   2.30000000   565.9315741678
  3.30000000   2.30000000   577.1449082658
  3.40000000   2.30000000   524.0298195754
  3.50000000   2.30000000   400.0000000000

  0.00000000   2.40000000   400.0000000000
  0.10000000   2.40000000   524.6612851754
  0.20000000   2.40000000   578.3984838923
  0.30000000   2.40000000   567.7901432400
  0.40000000   2.40000000   557.4183523734
  0.50000000   2.40000000   547.3676851555
  0.60000000   2.40000000   537.7230231654
  0.70000000   2.40000000   528.5672199467
  0.80000000   2.40000000   519.9791735204
  0.90000000   2.40000000   512.0324647160
  1.00000000   2.40000000   504.7944843638
  1.10000000   2.40000000   498.3258986542
  1.20000000   2.40000000   492.6803160593
  1.30000000   2.40000000   487.9040620046
  1.40000000   2.40000000   484.0360083410
  1.50000000   2.40000000   481.1074334994
  1.60000000   2.40000000   479.1419060381
  1.70000000   2.40000000   478.1551923906
  1.80000000   2.40000000   478.1551923906
  1.90000000   2.40000000   479.1419060381
  2.00000000   2.40000000   481.1074334994
  2.10000000   2.40000000   484.0360083410
  2.20000000   2.40000000   487.9040620046
  2.30000000   2.40000000   492.6803160593
  2.40000000   2.40000000   498.3258986542
  2.50000000   2.40000000   504.7944843638
  2.60000000   2.40000000   512.0324647160
  2.70000000   2.40000000   519.9791735204
  2.80000000   2.40000000   528.5672199467
  2.90000000   2.40000000   537.7230231654
  3.00000000   2.40000000   547.3676851555
  3.10000000   2.40000000   557.4183523734
  3.20000000   2.40000000   567.7901432400
  3.30000000   2.40000000   578.3984838923
  3.40000000   2.40000000   524.6612851754
  3.50000000   2.40000000   400.0000000000

  0.00000000   2.50000000   400.0000000000
  0.10000000   2.50000000   525.3940644366
  0.20000000   2.50000000   579.8505964309
  0.30000000   2.50000000   569.9380305720
  0.40000000   2.50000000   560.2325672131
  0.50000000   2.50000000   550.8159301159
  0.60000000   2.50000000   541.7714499931
  0.70000000   2.50000000   533.1804491370
  0.80000000   2.50000000   525.1197308301
  0.90000000   2.50000000   517.6601519257
  1.00000000   2.50000000   510.8659438578
  1.10000000   2.50000000   504.7944438697
  1.20000000   2.50000000   499.4960031742
  1.30000000   2.50000000   495.0139452585
  1.40000000   2.50000000   491.3845213036
  1.50000000   2.50000000   488.6368507034
  1.60000000   2.50000000   486.7928530719
  1.70000000   2.50000000   485.8671836913
  1.80000000   2.50000000   485.8671836913
  1.90000000   2.50000000   486.7928530719
  2.00000000   2.50000000   488.6368507034
  2.10000000   2.50000000   491.3845213036
  2.20000000   2.50000000   495.0139452585
  2.30000000   2.50000000   499.4960031742
  2.40000000   2.50000000   504.7944438697
  2.50000000   2.50000000   510.8659438578
  2.60000000   2.50000000   517.6601519257
  2.70000000   2.50000000   525.1197308301
  2.80000000   2.50000000   533.1804491370
  2.90000000   2.50000000   541.7714499931
  3.00000000   2.50000000   550.8159301159
  3.10000000   2.50000000   560.2325672131
  3.20000000   2.50000000   569.9380305720
  3.30000000   2.50000000   579.8505964309
  3.40000000   2.50000000   525.3940644366
  3.50000000   2.50000000   400.0000000000

  0.00000000   2.60000000   400.0000000000
  0.10000000   2.60000000   526.2304539947
  0.20000000   2.60000000   581.5025973259
  0.30000000   2.60000000   572.3716011568
  0.40000000   2.60000000   563.4086929784
  0.50000000   2.60000000   554.6953745410
  0.60000000   2.60000000   546.3158023179
  0.70000000   2.60000000   538.3510995079
  0.80000000   2.60000000   530.8762936247
  0.90000000   2.60000000   523.9591666322
  1.00000000   2.60000000   517.6601153841
  1.10000000   2.60000000   512.0323882729
  1.20000000   2.60000000   507.1223665664
  1.30000000   2.60000000   502.9697635121
  1.40000000   2.60000000   499.6077209379
  1.50000000   2.60000000   497.0628261704
  1.60000000   2.60000000   495.3550823065
  1.70000000   2.60000000   494.4978612680
  1.80000000   2.60000000   494.4978612680
  1.90000000   2.60000000   495.3550823065
  2.00000000   2.60000000   497.0628261704
  2.10000000   2.60000000   499.6077209379
  2.20000000   2.60000000   502.9697635121
  2.30000000   2.60000000   507.1223665664
  2.40000000   2.60000000   512.0323882729
  2.50000000   2.60000000   517.6601153841
  2.60000000   2.60000000   523.9591666322
  2.70000000   2.60000000   530.8762936247
  2.80000000   2.60000000   538.3510995079
  2.90000000   2.60000000   546.3158023179
  3.00000000   2.60000000   554.6953745410
  3.10000000   2.60000000   563.4086929784
  3.20000000   2.60000000   572.3716011568
  3.30000000   2.60000000   581.5025973259
  3.40000000   2.60000000   526.2304539947
  3.50000000   2.60000000   400.0000000000

  0.00000000   2.70000000   400.0000000000
  0.10000000   2.70000000   527.1787402769
  0.20000000   2.70000000   583.3636473280
  0.30000000   2.70000000   575.0928039083
  0.40000000   2.70000000   566.9370200707
  0.50000000   2.70000000   558.9840036332
  0.60000000   2.70000000   551.3232792576
  0.70000000   2.70000000   544.0377436655
  0.80000000   2.70000000   537.2007733904
  0.90000000   2.70000000   530.8762626241
  1.00000000   2.70000000   525.1196640346
  1.10000000   2.70000000   519.9790681417
  1.20000000   2.70000000   515.4959895194
  1.30000000   2.70000000   511.7058307939
  1.40000000   2.70000000   508.6381005825
  1.50000000   2.70000000   506.3164760168
  1.60000000   2.70000000   504.7587834736
  1.70000000   2.70000000   503.9769487162
  1.80000000   2.70000000   503.9769487162
  1.90000000   2.70000000   504.7587834736
  2.00000000   2.70000000   506.3164760168
  2.10000000   2.70000000   508.6381005825
  2.20000000   2.70000000   511.7058307939
  2.30000000   2.70000000   515.4959895194
  2.40000000   2.70000000   519.9790681417
  2.50000000   2.70000000   525.1196640346
  2.60000000   2.70000000   530.8762626241
  2.70000000   2.70000000   537.2007733904
  2.80000000   2.70000000   544.0377436655
  2.90000000   2.70000000   551.3232792576
  3.00000000   2.70000000   558.9840036332
  3.10000000   2.70000000   566.9370200707
  3.20000000   2.70000000   575.0928039083
  3.30000000   2.70000000   583.3636473280
  3.40000000   2.70000000   527.1787402769
  3.50000000   2.70000000   400.0000000000

  0.00000000   2.80000000   400.0000000000
  0.10000000   2.80000000   528.2607094539
  0.20000000   2.80000000   585.4589975451
  0.30000000   2.80000000   578.1139086682
  0.40000000   2.80000000   570.8105480369
  0.50000000   2.80000000   563.6568255662
  0.60000000   2.80000000   556.7550357787
  0.70000000   2.80000000   550.1917488408
  0.80000000   2.80000000   544.0377190627
  0.90000000   2.80000000   538.3510447846
  1.00000000   2.80000000   533.1803602280
  1.10000000   2.80000000   528.5670945962
  1.20000000   2.80000000   524.5467965169
  1.30000000   2.80000000   521.1497902706
  1.40000000   2.80000000   518.4014271354
  1.50000000   2.80000000   516.3221219331
  1.60000000   2.80000000   514.9272944977
  1.70000000   2.80000000   514.2272856423
  1.80000000   2.80000000   514.2272856423
  1.90000000   2.80000000   514.9272944977
  2.00000000   2.80000000   516.3221219331
  2.10000000   2.80000000   518.4014271354
  2.20000000   2.80000000   521.1497902706
  2.30000000   2.80000000   524.5467965169
  2.40000000   2.80000000   528.5670945962
  2.50000000   2.80000000   533.1803602280
  2.60000000   2.80000000   538.3510447846
  2.70000000   2.80000000   544.0377190627
  2.80000000   2.80000000   550.1917488408
  2.90000000   2.80000000   556.7550357787
  3.00000000   2.80000000   563.6568255662
  3.10000000   2.80000000   570.8105480369
  3.20000000   2.80000000   578.1139086682
  3.30000000   2.80000000   585.4589975451
  3.40000000   2.80000000   528.2607094539
  3.50000000   2.80000000   400.0000000000

  0.00000000   2.90000000   400.0000000000
  0.10000000   2.90000000   529.5300771188
  0.20000000   2.90000000   587.8466516466
  0.30000000   2.90000000   581.4641170143
  0.40000000   2.90000000   575.0241315665
  0.50000000   2.90000000   568.6822578923
  0.60000000   2.90000000   562.5627371611
  0.70000000   2.90000000   556.7550176892
  0.80000000   2.90000000   551.3232375409
  0.90000000   2.90000000   546.3157323222
  1.00000000   2.90000000   541.7713483501
  1.10000000   2.90000000   537.7228881005
  1.20000000   2.90000000   534.1987103241
  1.30000000   2.90000000   531.2233182877
  1.40000000   2.90000000   528.8174568647
  1.50000000   2.90000000   526.9980052056
  1.60000000   2.90000000   525.7778106928
  1.70000000   2.90000000   525.1655336163
  1.80000000   2.90000000   525.1655336163
  1.90000000   2.90000000   525.7778106928
  2.00000000   2.90000000   526.9980052056
  2.10000000   2.90000000   528.8174568647
  2.20000000   2.90000000   531.2233182877
  2.30000000   2.90000000   534.1987103241
  2.40000000   2.90000000   537.7228881006
  2.50000000   2.90000000   541.7713483501
  2.60000000   2.90000000   546.3157323222
  2.70000000   2.90000000   551.3232375409
  2.80000000   2.90000000   556.7550176893
  2.90000000   2.90000000   562.5627371611
  3.00000000   2.90000000   568.6822578923
  3.10000000   2.90000000   575.0241315665
  3.20000000   2.90000000   581.4641170143
  3.30000000   2.90000000   587.8466516466
  3.40000000   2.90000000   529.5300771188
  3.50000000   2.90000000   400.0000000000

  0.00000000   3.00000000   400.0000000000
  0.10000000   3.00000000   531.1220341301
  0.20000000   3.00000000   590.6506917108
  0.30000000   3.00000000   585.1954581539
  0.40000000   3.00000000   579.5670343715
  0.50000000   3.00000000   574.0130150459
  0.60000000   3.00000000   568.6822457730
  0.70000000   3.00000000   563.6567963747
  0.80000000   3.00000000   558.9839527967
  0.90000000   3.00000000   554.6952982496
  1.00000000   3.00000000   550.8158256577
  1.10000000   3.00000000   547.3675511782
  1.20000000   3.00000000   544.3705599178
  1.30000000   3.00000000   541.8430081824
  1.40000000   3.00000000   539.8007816962
  1.50000000   3.00000000   538.2571002874
  1.60000000   3.00000000   537.2221760437
  1.70000000   3.00000000   536.7029564441
  1.80000000   3.00000000   536.7029564441
  1.90000000   3.00000000   537.2221760437
  2.00000000   3.00000000   538.2571002874
  2.10000000   3.00000000   539.8007816962
  2.20000000   3.00000000   541.8430081824
  2.30000000   3.00000000   544.3705599178
  2.40000000   3.00000000   547.3675511782
  2.50000000   3.00000000   550.8158256577
  2.60000000   3.00000000   554.6952982496
  2.70000000   3.00000000   558.9839527967
  2.80000000   3.00000000   563.6567963747
  2.90000000   3.00000000   568.6822457730
  3.00000000   3.00000000   574.0130150459
  3.10000000   3.00000000   579.5670343715
  3.20000000   3.00000000   585.1954581540
  3.30000000   3.00000000   590.6506917108
  3.40000000   3.00000000   531.1220341301
  3.50000000   3.00000000   400.0000000000

  0.00000000   3.10000000   400.0000000000
  0.10000000   3.10000000   533.3996736073
  0.20000000   3.10000000   594.1224759802
  0.30000000   3.10000000   589.3738794392
  0.40000000   3.10000000   584.3972119835
  0.50000000   3.10000000   579.5670271809
  0.60000000   3.10000000   575.0241132517
  0.70000000   3.10000000   570.8105146554
  0.80000000   3.10000000   566.9369679975
  0.90000000   3.10000000   563.4086192162
  1.00000000   3.10000000   560.2324696619
  1.10000000   3.10000000   557.4182300425
  1.20000000   3.10000000   554.9772902702
  1.30000000   3.10000000   552.9214385812
  1.40000000   3.10000000   551.2617921785
  1.50000000   3.10000000   550.0080082764
  1.60000000   3.10000000   549.1677359287
  1.70000000   3.10000000   548.7462543059
  1.80000000   3.10000000   548.7462543059
  1.90000000   3.10000000   549.1677359287
  2.00000000   3.10000000   550.0080082764
  2.10000000   3.10000000   551.2617921785
  2.20000000   3.10000000   552.9214385812
  2.30000000   3.10000000   554.9772902702
  2.40000000   3.10000000   557.4182300425
  2.50000000   3.10000000   560.2324696619
  2.60000000   3.10000000   563.4086192162
  2.70000000   3.10000000   566.9369679975
  2.80000000   3.10000000   570.8105146554
  2.90000000   3.10000000   575.0241132517
  3.00000000   3.10000000   579.5670271809
  3.10000000   3.10000000   584.3972119835
  3.20000000   3.10000000   589.3738794392
  3.30000000   3.10000000   594.1224759802
  3.40000000   3.10000000   533.3996736073
  3.50000000   3.10000000   400.0000000000

  0.00000000   3.20000000   400.0000000000
  0.10000000   3.20000000   537.4289543291
  0.20000000   3.20000000   598.7145845677
  0.30000000   3.20000000   594.0022290627
  0.40000000   3.20000000   589.3738758538
  0.50000000   3.20000000   585.1954482823
  0.60000000   3.20000000   581.4640979139
  0.70000000   3.20000000   578.1138773963
  0.80000000   3.20000000   575.0927577686
  0.90000000   3.20000000   572.3715379338
  1.00000000   3.20000000   569.9379487352
  1.10000000   3.20000000   567.7900421035
  1.20000000   3.20000000   565.9314539924
  1.30000000   3.20000000   564.3683799732
  1.40000000   3.20000000   563.1077108782
  1.50000000   3.20000000   562.1558909114
  1.60000000   3.20000000   561.5182182775
  1.70000000   3.20000000   561.1984222595
  1.80000000   3.20000000   561.1984222595
  1.90000000   3.20000000   561.5182182775
  2.00000000   3.20000000   562.1558909114
  2.10000000   3.20000000   563.1077108782
  2.20000000   3.20000000   564.3683799732
  2.30000000   3.20000000   565.9314539924
  2.40000000   3.20000000   567.7900421035
  2.50000000   3.20000000   569.9379487352
  2.60000000   3.20000000   572.3715379338
  2.70000000   3.20000000   575.0927577686
  2.80000000   3.20000000   578.1138773963
  2.90000000   3.20000000   581.4640979139
  3.00000000   3.20000000   585.1954482823
  3.10000000   3.20000000   589.3738758538
  3.20000000   3.20000000   594.0022290627
  3.30000000   3.20000000   598.7145845677
  3.40000000   3.20000000   537.4289543291
  3.50000000   3.20000000   400.0000000000

  0.00000000   3.30000000   400.0000000000
  0.10000000   3.30000000   546.6581805159
  0.20000000   3.30000000   604.9174562164
  0.30000000   3.30000000   598.7145832228
  0.40000000   3.30000000   594.1224717974
  0.50000000   3.30000000   590.6506828918
  0.60000000   3.30000000   587.8466362341
  0.70000000   3.30000000   585.4589735847
  0.80000000   3.30000000   583.3636130340
  0.90000000   3.30000000   581.5025512382
  1.00000000   3.30000000   579.8505375517
  1.10000000   3.30000000   578.3984117930
  1.20000000   3.30000000   577.1448231554
  1.30000000   3.30000000   576.0920162999
  1.40000000   3.30000000   575.2436106757
  1.50000000   3.30000000   574.6033864771
  1.60000000   3.30000000   574.1746007392
  1.70000000   3.30000000   573.9595981124
  1.80000000   3.30000000   573.9595981124
  1.90000000   3.30000000   574.1746007392
  2.00000000   3.30000000   574.6033864771
  2.10000000   3.30000000   575.2436106757
  2.20000000   3.30000000   576.0920162999
  2.30000000   3.30000000   577.1448231554
  2.40000000   3.30000000   578.3984117930
  2.50000000   3.30000000   579.8505375517
  2.60000000   3.30000000   581.5025512382
  2.70000000   3.30000000   583.3636130340
  2.80000000   3.30000000   585.4589735847
  2.90000000   3.30000000   587.8466362341
  3.00000000   3.30000000   590.6506828918
  3.10000000   3.30000000   594.1224717974
  3.20000000   3.30000000   598.7145832228
  3.30000000   3.30000000   604.9174562164
  3.40000000   3.30000000   546.6581805159
  3.50000000   3.30000000   400.0000000000

  0.00000000   3.40000000   400.0000000000
  0.10000000   3.40000000   573.3243195716
  0.20000000   3.40000000   611.1581802380
  0.30000000   3.40000000   601.9289532399
  0.40000000   3.40000000   597.8996709607
  0.50000000   3.40000000   595.6220290276
  0.60000000   3.40000000   594.0300685832
  0.70000000   3.40000000   592.7606965106
  0.80000000   3.40000000   591.6787220368
  0.90000000   3.40000000   590.7304297329
  1.00000000   3.40000000   589.8940336614
  1.10000000   3.40000000   589.1612476813
  1.20000000   3.40000000   588.5297754779
  1.30000000   3.40000000   587.9999820550
  1.40000000   3.40000000   587.5733040606
  1.50000000   3.40000000   587.2514406435
  1.60000000   3.40000000   587.0359208786
  1.70000000   3.40000000   586.9278667158
  1.80000000   3.40000000   586.9278667158
  1.90000000   3.40000000   587.0359208786
  2.00000000   3.40000000   587.2514406435
  2.10000000   3.40000000   587.5733040606
  2.20000000   3.40000000   587.9999820550
  2.30000000   3.40000000   588.5297754779
  2.40000000   3.40000000   589.1612476813
  2.50000000   3.40000000   589.8940336614
  2.60000000   3.40000000   590.7304297329
  2.70000000   3.40000000   591.6787220368
  2.80000000   3.40000000   592.7606965106
  2.90000000   3.40000000   594.0300685832
  3.00000000   3.40000000   595.6220290276
  3.10000000   3.40000000   597.8996709607
  3.20000000   3.40000000   601.9289532399
  3.30000000   3.40000000   611.1581802380
  3.40000000   3.40000000   573.3243195716
  3.50000000   3.40000000   400.0000000000

  0.00000000   3.50000000   400.0000000000
  0.10000000   3.50000000   400.0000000000
  0.20000000   3.50000000   400.0000000000
  0.30000000   3.50000000   400.0000000000
  0.40000000   3.50000000   400.0000000000
  0.50000000   3.50000000   400.0000000000
  0.60000000   3.50000000   400.0000000000
  0.70000000   3.50000000   400.0000000000
  0.80000000   3.50000000   400.0000000000
  0.90000000   3.50000000   400.0000000000
  1.00000000   3.50000000   400.0000000000
  1.10000000   3.50000000   400.0000000000
  1.20000000   3.50000000   400.0000000000
  1.30000000   3.50000000   400.0000000000
  1.40000000   3.50000000   400.0000000000
  1.50000000   3.50000000   400.0000000000
  1.60000000   3.50000000   400.0000000000
  1.70000000   3.50000000   400.0000000000
  1.80000000   3.50000000   400.0000000000
  1.90000000   3.50000000   400.0000000000
  2.00000000   3.50000000   400.0000000000
  2.10000000   3.50000000   400.0000000000
  2.20000000   3.50000000   400.0000000000
  2.30000000   3.50000000   400.0000000000
  2.40000000   3.50000000   400.0000000000
  2.50000000   3.50000000   400.0000000000
  2.60000000   3.50000000   400.0000000000
  2.70000000   3.50000000   400.0000000000
  2.80000000   3.50000000   400.0000000000
  2.90000000   3.50000000   400.0000000000
  3.00000000   3.50000000   400.0000000000
  3.10000000   3.50000000   400.0000000000
  3.20000000   3.50000000   400.0000000000
  3.30000000   3.50000000   400.0000000000
  3.40000000   3.50000000   400.0000000000
  3.50000000   3.50000000   400.0000000000

