  0.00000000   0.00000000   400.0000000000
  0.10000000   0.00000000   400.0000000000
  0.20000000   0.00000000   400.0000000000
  0.30000000   0.00000000   400.0000000000
  0.40000000   0.00000000   400.0000000000
  0.50000000   0.00000000   400.0000000000
  0.60000000   0.00000000   400.0000000000
  0.70000000   0.00000000   400.0000000000
  0.80000000   0.00000000   400.0000000000
  0.90000000   0.00000000   400.0000000000
  1.00000000   0.00000000   400.0000000000
  1.10000000   0.00000000   400.0000000000
  1.20000000   0.00000000   400.0000000000
  1.30000000   0.00000000   400.0000000000
  1.40000000   0.00000000   400.0000000000
  1.50000000   0.00000000   400.0000000000
  1.60000000   0.00000000   400.0000000000
  1.70000000   0.00000000   400.0000000000
  1.80000000   0.00000000   400.0000000000
  1.90000000   0.00000000   400.0000000000
  2.00000000   0.00000000   400.0000000000
  2.10000000   0.00000000   400.0000000000
  2.20000000   0.00000000   400.0000000000
  2.30000000   0.00000000   400.0000000000
  2.40000000   0.00000000   400.0000000000
  2.50000000   0.00000000   400.0000000000
  2.60000000   0.00000000   400.0000000000
  2.70000000   0.00000000   400.0000000000
  2.80000000   0.00000000   400.0000000000
  2.90000000   0.00000000   400.0000000000
  3.00000000   0.00000000   400.0000000000
  3.10000000   0.00000000   400.0000000000
  3.20000000   0.00000000   400.0000000000
  3.30000000   0.00000000   400.0000000000
  3.40000000   0.00000000   400.0000000000
  3.50000000   0.00000000   400.0000000000

  0.00000000   0.10000000   400.0000000000
  0.10000000   0.10000000   569.9778932835
  0.20000000   0.10000000   604.5106188321
  0.30000000   0.10000000   592.0691193902
  0.40000000   0.10000000   584.9566774886
  0.50000000   0.10000000   579.7605420701
  0.60000000   0.10000000   575.4445512213
  0.70000000   0.10000000   571.6689730454
  0.80000000   0.10000000   568.3152773493
  0.90000000   0.10000000   565.3398606416
  1.00000000   0.10000000   562.7250408819
  1.10000000   0.10000000   560.4615013628
  1.20000000   0.10000000   558.5419097574
  1.30000000   0.10000000   556.9588813605
  1.40000000   0.10000000   555.7047433359
  1.50000000   0.10000000   554.7720405669
  1.60000000   0.10000000   554.1542842365
  1.70000000   0.10000000   553.8466791977
  1.80000000   0.10000000   553.8466791977
  1.90000000   0.10000000   554.1542842365
  2.00000000   0.10000000   554.7720405669
  2.10000000   0.10000000   555.7047433359
  2.20000000   0.10000000   556.9588813605
  2.30000000   0.10000000   558.5419097574
  2.40000000   0.10000000   560.4615013628
  2.50000000   0.10000000   562.7250408819
  2.60000000   0.10000000   565.3398606416
  2.70000000   0.10000000   568.3152773493
  2.80000000   0.10000000   571.6689730454
  2.90000000   0.10000000   575.4445512213
  3.00000000   0.10000000   579.7605420701
  3.10000000   0.10000000   584.9566774886
  3.20000000   0.10000000   592.0691193902
  3.30000000   0.10000000   604.5106188321
  3.40000000   0.10000000   569.9778932835
  3.50000000   0.10000000   400.0000000000

  0.00000000   0.20000000   400.0000000000
  0.10000000   0.20000000   540.0107415974
  0.20000000   0.20000000   591.7125717846
  0.30000000   0.20000000   579.1288219868
  0.40000000   0.20000000   568.4123760846
  0.50000000   0.20000000   559.1434330463
  0.60000000   0.20000000   550.9286091205
  0.70000000   0.20000000   543.5629509339
  0.80000000   0.20000000   536.9554634481
  0.90000000   0.20000000   531.0682145946
  1.00000000   0.20000000   525.8840842703
  1.10000000   0.20000000   521.3918388448
  1.20000000   0.20000000   517.5800945671
  1.30000000   0.20000000   514.4356716141
  1.40000000   0.20000000   511.9440649341
  1.50000000   0.20000000   510.0908443197
  1.60000000   0.20000000   508.8633185463
  1.70000000   0.20000000   508.2520633340
  1.80000000   0.20000000   508.2520633340
  1.90000000   0.20000000   508.8633185463
  2.00000000   0.20000000   510.0908443197
  2.10000000   0.20000000   511.9440649341
  2.20000000   0.20000000   514.4356716141
  2.30000000   0.20000000   517.5800945671
  2.40000000   0.20000000   521.3918388448
  2.50000000   0.20000000   525.8840842703
  2.60000000   0.20000000   531.0682145946
  2.70000000   0.20000000   536.9554634481
  2.80000000   0.20000000   543.5629509339
  2.90000000   0.20000000   550.9286091205
  3.00000000   0.20000000   559.1434330463
  3.10000000   0.20000000   568.4123760846
  3.20000000   0.20000000   579.1288219868
  3.30000000   0.20000000   591.7125717846
  3.40000000   0.20000000   540.0107415974
  3.50000000   0.20000000   400.0000000000

  0.00000000   0.30000000   400.0000000000
  0.10000000   0.30000000   527.5695999492
  0.20000000   0.30000000   579.1294148872
  0.30000000   0.30000000   564.9532474527
  0.40000000   0.30000000   551.2417486296
  0.50000000   0.30000000   538.4656444939
  0.60000000   0.30000000   526.7099028047
  0.70000000   0.30000000   515.9774016966
  0.80000000   0.30000000   506.2651660789
  0.90000000   0.30000000   497.5737267562
  1.00000000   0.30000000   489.9028211438
  1.10000000   0.30000000   483.2473618308
  1.20000000   0.30000000   477.5960328480
  1.30000000   0.30000000   472.9320788457
  1.40000000   0.30000000   469.2354377521
  1.50000000   0.30000000   466.4854808976
  1.60000000   0.30000000   464.6638005065
  1.70000000   0.30000000   463.7566337961
  1.80000000   0.30000000   463.7566337961
  1.90000000   0.30000000   464.6638005065
  2.00000000   0.30000000   466.4854808976
  2.10000000   0.30000000   469.2354377521
  2.20000000   0.30000000   472.9320788457
  2.30000000   0.30000000   477.5960328480
  2.40000000   0.30000000   483.2473618308
  2.50000000   0.30000000   489.9028211438
  2.60000000   0.30000000   497.5737267562
  2.70000000   0.30000000   506.2651660789
  2.80000000   0.30000000   515.9774016966
  2.90000000   0.30000000   526.7099028047
  3.00000000   0.30000000   538.4656444939
  3.10000000   0.30000000   551.2417486296
  3.20000000   0.30000000   564.9532474527
  3.30000000   0.30000000   579.1294148872
  3.40000000   0.30000000   527.5695999492
  3.50000000   0.30000000   400.0000000000

  0.00000000   0.40000000   400.0000000000
  0.10000000   0.40000000   520.4578430304
  0.20000000   0.40000000   568.4142165696
  0.30000000   0.40000000   551.2433240861
  0.40000000   0.40000000   534.3443413456
  0.50000000   0.40000000   518.2294513320
  0.60000000   0.40000000   503.1547443426
  0.70000000   0.40000000   489.2526058793
  0.80000000   0.40000000   476.5981270463
  0.90000000   0.40000000   465.2354140036
  1.00000000   0.40000000   455.1871342166
  1.10000000   0.40000000   446.4587625683
  1.20000000   0.40000000   439.0419344769
  1.30000000   0.40000000   432.9181795875
  1.40000000   0.40000000   428.0631080519
  1.50000000   0.40000000   424.4507259081
  1.60000000   0.40000000   422.0574716243
  1.70000000   0.40000000   420.8655977652
  1.80000000   0.40000000   420.8655977652
  1.90000000   0.40000000   422.0574716243
  2.00000000   0.40000000   424.4507259081
  2.10000000   0.40000000   428.0631080519
  2.20000000   0.40000000   432.9181795875
  2.30000000   0.40000000   439.0419344769
  2.40000000   0.40000000   446.4587625683
  2.50000000   0.40000000   455.1871342166
  2.60000000   0.40000000   465.2354140036
  2.70000000   0.40000000   476.5981270463
  2.80000000   0.40000000   489.2526058793
  2.90000000   0.40000000   503.1547443426
  3.00000000   0.40000000   518.2294513320
  3.10000000   0.40000000   534.3443413456
  3.20000000   0.40000000   551.2433240861
  3.30000000   0.40000000   568.4142165696
  3.40000000   0.40000000   520.4578430304
  3.50000000   0.40000000   400.0000000000

  0.00000000   0.50000000   400.0000000000
  0.10000000   0.50000000   515.2627839553
  0.20000000   0.50000000   559.1473045759
  0.30000000   0.50000000   538.4699721306
  0.40000000   0.50000000   518.2325977697
  0.50000000   0.50000000   498.8515233136
  0.60000000   0.50000000   480.6169351662
  0.70000000   0.50000000   463.7216057467
  0.80000000   0.50000000   448.2916280114
  0.90000000   0.50000000   434.4062254868
  1.00000000   0.50000000   422.1094449545
  1.10000000   0.50000000   411.4179364489
  1.20000000   0.50000000   402.3273822272
  1.30000000   0.50000000   394.8186572685
  1.40000000   0.50000000   388.8639415764
  1.50000000   0.50000000   384.4325930174
  1.60000000   0.50000000   381.4964354552
  1.70000000   0.50000000   380.0340986816
  1.80000000   0.50000000   380.0340986816
  1.90000000   0.50000000   381.4964354552
  2.00000000   0.50000000   384.4325930174
  2.10000000   0.50000000   388.8639415764
  2.20000000   0.50000000   394.8186572685
  2.30000000   0.50000000   402.3273822272
  2.40000000   0.50000000   411.4179364489
  2.50000000   0.50000000   422.1094449545
  2.60000000   0.50000000   434.4062254868
  2.70000000   0.50000000   448.2916280114
  2.80000000   0.50000000   463.7216057467
  2.90000000   0.50000000   480.6169351662
  3.00000000   0.50000000   498.8515233136
  3.10000000   0.50000000   518.2325977697
  3.20000000   0.50000000   538.4699721306
  3.30000000   0.50000000   559.1473045759
  3.40000000   0.50000000   515.2627839553
  3.50000000   0.50000000   400.0000000000

  0.00000000   0.60000000   400.0000000000
  0.10000000   0.60000000   510.9482914549
  0.20000000   0.60000000   550.9353571180
  0.30000000   0.60000000   526.7182538990
  0.40000000   0.60000000   503.1627370639
  0.50000000   0.60000000   480.6222119842
  0.60000000   0.60000000   459.3865885340
  0.70000000   0.60000000   439.6750168081
  0.80000000   0.60000000   421.6438955480
  0.90000000   0.60000000   405.3972382273
  1.00000000   0.60000000   390.9960185159
  1.10000000   0.60000000   378.4665106787
  1.20000000   0.60000000   367.8082133991
  1.30000000   0.60000000   359.0016716598
  1.40000000   0.60000000   352.0161546808
  1.50000000   0.60000000   346.8169108715
  1.60000000   0.60000000   343.3716143904
  1.70000000   0.60000000   341.6556088641
  1.80000000   0.60000000   341.6556088641
  1.90000000   0.60000000   343.3716143904
  2.00000000   0.60000000   346.8169108715
  2.10000000   0.60000000   352.0161546808
  2.20000000   0.60000000   359.0016716598
  2.30000000   0.60000000   367.8082133991
  2.40000000   0.60000000   378.4665106787
  2.50000000   0.60000000   390.9960185159
  2.60000000   0.60000000   405.3972382273
  2.70000000   0.60000000   421.6438955480
  2.80000000   0.60000000   439.6750168081
  2.90000000   0.60000000   459.3865885340
  3.00000000   0.60000000   480.6222119842
  3.10000000   0.60000000   503.1627370639
  3.20000000   0.60000000   526.7182538990
  3.30000000   0.60000000   550.9353571180
  3.40000000   0.60000000   510.9482914549
  3.50000000   0.60000000   400.0000000000

  0.00000000   0.70000000   400.0000000000
  0.10000000   0.70000000   507.1746279674
  0.20000000   0.70000000   543.5734104217
  0.30000000   0.70000000   515.9910341723
  0.40000000   0.70000000   489.2671309151
  0.50000000   0.70000000   463.7342784825
  0.60000000   0.70000000   439.6828490549
  0.70000000   0.70000000   417.3465883528
  0.80000000   0.70000000   396.9008500802
  0.90000000   0.70000000   378.4667352091
  1.00000000   0.70000000   362.1177363790
  1.10000000   0.70000000   347.8875684582
  1.20000000   0.70000000   335.7786896992
  1.30000000   0.70000000   325.7711896507
  1.40000000   0.70000000   317.8316669410
  1.50000000   0.70000000   311.9216433236
  1.60000000   0.70000000   308.0050294602
  1.70000000   0.70000000   306.0541842479
  1.80000000   0.70000000   306.0541842479
  1.90000000   0.70000000   308.0050294602
  2.00000000   0.70000000   311.9216433236
  2.10000000   0.70000000   317.8316669410
  2.20000000   0.70000000   325.7711896507
  2.30000000   0.70000000   335.7786896992
  2.40000000   0.70000000   347.8875684582
  2.50000000   0.70000000   362.1177363790
  2.60000000   0.70000000   378.4667352091
  2.70000000   0.70000000   396.9008500802
  2.80000000   0.70000000   417.3465883528
  2.90000000   0.70000000   439.6828490549
  3.00000000   0.70000000   463.7342784825
  3.10000000   0.70000000   489.2671309151
  3.20000000   0.70000000   515.9910341723
  3.30000000   0.70000000   543.5734104217
  3.40000000   0.70000000   507.1746279674
  3.50000000   0.70000000   400.0000000000

  0.00000000   0.80000000   400.0000000000
  0.10000000   0.80000000   503.8232214441
  0.20000000   0.80000000   536.9703869115
  0.30000000   0.80000000   506.2852169147
  0.40000000   0.80000000   476.6207143068
  0.50000000   0.80000000   448.3136284633
  0.60000000   0.80000000   421.6619015042
  0.70000000   0.80000000   396.9114382336
  0.80000000   0.80000000   374.2513582190
  0.90000000   0.80000000   353.8151249449
  1.00000000   0.80000000   335.6854246260
  1.10000000   0.80000000   319.9014367920
  1.20000000   0.80000000   306.4676165830
  1.30000000   0.80000000   295.3633040837
  1.40000000   0.80000000   286.5525257366
  1.50000000   0.80000000   279.9933635143
  1.60000000   0.80000000   275.6462943300
  1.70000000   0.80000000   273.4809646814
  1.80000000   0.80000000   273.4809646814
  1.90000000   0.80000000   275.6462943300
  2.00000000   0.80000000   279.9933635143
  2.10000000   0.80000000   286.5525257366
  2.20000000   0.80000000   295.3633040837
  2.30000000   0.80000000   306.4676165830
  2.40000000   0.80000000   319.9014367920
  2.50000000   0.80000000   335.6854246260
  2.60000000   0.80000000   353.8151249449
  2.70000000   0.80000000   374.2513582190
  2.80000000   0.80000000   396.9114382336
  2.90000000   0.80000000   421.6619015042
  3.00000000   0.80000000   448.3136284633
  3.10000000   0.80000000   476.6207143068
  3.20000000   0.80000000   506.2852169147
  3.30000000   0.80000000   536.9703869115
  3.40000000   0.80000000   503.8232214441
  3.50000000   0.80000000   400.0000000000

  0.00000000   0.90000000   400.0000000000
  0.10000000   0.90000000   500.8503932548
  0.20000000   0.90000000   531.0882056264
  0.30000000   0.90000000   497.6011129854
  0.40000000   0.90000000   465.2673062808
  0.50000000   0.90000000   434.4391360302
  0.60000000   0.90000000   405.4273532562
  0.70000000   0.90000000   378.4902107789
  0.80000000   0.90000000   353.8283826394
  0.90000000   0.90000000   331.5850075189
  1.00000000   0.90000000   311.8497355983
  1.10000000   0.90000000   294.6657159179
  1.20000000   0.90000000   280.0385951130
  1.30000000   0.90000000   267.9466860485
  1.40000000   0.90000000   258.3515110872
  1.50000000   0.90000000   251.2079636142
  1.60000000   0.90000000   246.4733894082
  1.70000000   0.90000000   244.1149784217
  1.80000000   0.90000000   244.1149784217
  1.90000000   0.90000000   246.4733894082
  2.00000000   0.90000000   251.2079636142
  2.10000000   0.90000000   258.3515110872
  2.20000000   0.90000000   267.9466860485
  2.30000000   0.90000000   280.0385951130
  2.40000000   0.90000000   294.6657159179
  2.50000000   0.90000000   311.8497355983
  2.60000000   0.90000000   331.5850075189
  2.70000000   0.90000000   353.8283826394
  2.80000000   0.90000000   378.4902107789
  2.90000000   0.90000000   405.4273532562
  3.00000000   0.90000000   434.4391360302
  3.10000000   0.90000000   465.2673062808
  3.20000000   0.90000000   497.6011129854
  3.30000000   0.90000000   531.0882056264
  3.40000000   0.90000000   500.8503932548
  3.50000000   0.90000000   400.0000000000

  0.00000000   1.00000000   400.0000000000
  0.10000000   1.00000000   498.2383582921
  0.20000000   1.00000000   525.9095418751
  0.30000000   1.00000000   489.9381567142
  0.40000000   1.00000000   455.2291770953
  0.50000000   1.00000000   422.1543621829
  0.60000000   1.00000000   391.0396101222
  0.70000000   1.00000000   362.1557559005
  0.80000000   1.00000000   335.7138996257
  0.90000000   1.00000000   311.8652638621
  1.00000000   1.00000000   290.7050109793
  1.10000000   1.00000000   272.2792220949
  1.20000000   1.00000000   256.5941630171
  1.30000000   1.00000000   243.6269436060
  1.40000000   1.00000000   233.3366858703
  1.50000000   1.00000000   225.6753526261
  1.60000000   1.00000000   220.5974581930
  1.70000000   1.00000000   218.0679875131
  1.80000000   1.00000000   218.0679875131
  1.90000000   1.00000000   220.5974581930
  2.00000000   1.00000000   225.6753526261
  2.10000000   1.00000000   233.3366858703
  2.20000000   1.00000000   243.6269436060
  2.30000000   1.00000000   256.5941630171
  2.40000000   1.00000000   272.2792220949
  2.50000000   1.00000000   290.7050109793
  2.60000000   1.00000000   311.8652638621
  2.70000000   1.00000000   335.7138996257
  2.80000000   1.00000000   362.1557559005
  2.90000000   1.00000000   391.0396101222
  3.00000000   1.00000000   422.1543621829
  3.10000000   1.00000000   455.2291770953
  3.20000000   1.00000000   489.9381567142
  3.30000000   1.00000000   525.9095418751
  3.40000000   1.00000000   498.2383582921
  3.50000000   1.00000000   400.0000000000

  0.00000000   1.10000000   400.0000000000
  0.10000000   1.10000000   495.9776761404
  0.20000000   1.10000000   521.4229162497
  0.30000000   1.10000000   483.2908960610
  0.40000000   1.10000000   446.5113228292
  0.50000000   1.10000000   411.4753699467
  0.60000000   1.10000000   378.5242582123
  0.70000000   1.10000000   347.9410070857
  0.80000000   1.10000000   319.9462226436
  0.90000000   1.10000000   294.6981012049
  1.00000000   1.10000000   272.2963234480
  1.10000000   1.10000000   252.7892008090
  1.20000000   1.10000000   236.1832582168
  1.30000000   1.10000000   222.4543470877
  1.40000000   1.10000000   211.5593546673
  1.50000000   1.10000000   203.4475998702
  1.60000000   1.10000000   198.0710768772
  1.70000000   1.10000000   195.3928210897
  1.80000000   1.10000000   195.3928210897
  1.90000000   1.10000000   198.0710768772
  2.00000000   1.10000000   203.4475998702
  2.10000000   1.10000000   211.5593546673
  2.20000000   1.10000000   222.4543470877
  2.30000000   1.10000000   236.1832582168
  2.40000000   1.10000000   252.7892008090
  2.50000000   1.10000000   272.2963234480
  2.60000000   1.10000000   294.6981012049
  2.70000000   1.10000000   319.9462226436
  2.80000000   1.10000000   347.9410070857
  2.90000000   1.10000000   378.5242582123
  3.00000000   1.10000000   411.4753699467
  3.10000000   1.10000000   446.5113228292
  3.20000000   1.10000000   483.2908960610
  3.30000000   1.10000000   521.4229162497
  3.40000000   1.10000000   495.9776761404
  3.50000000   1.10000000   400.0000000000

  0.00000000   1.20000000   400.0000000000
  0.10000000   1.20000000   494.0608787117
  0.20000000   1.20000000   517.6166751356
  0.30000000   1.20000000   477.6476143516
  0.40000000   1.20000000   439.1048521127
  0.50000000   1.20000000   402.3971948116
  0.60000000   1.20000000   367.8800367265
  0.70000000   1.20000000   335.8475586022
  0.80000000   1.20000000   306.5288472945
  0.90000000   1.20000000   280.0881205538
  1.00000000   1.20000000   256.6288168752
  1.10000000   1.20000000   236.2009886658
  1.20000000   1.20000000   218.8112184467
  1.30000000   1.20000000   204.4341483187
  1.40000000   1.20000000   193.0246590371
  1.50000000   1.20000000   184.5297467074
  1.60000000   1.20000000   178.8992139376
  1.70000000   1.20000000   176.0944097842
  1.80000000   1.20000000   176.0944097842
  1.90000000   1.20000000   178.8992139376
  2.00000000   1.20000000   184.5297467074
  2.10000000   1.20000000   193.0246590371
  2.20000000   1.20000000   204.4341483187
  2.30000000   1.20000000   218.8112184467
  2.40000000   1.20000000   236.2009886658
  2.50000000   1.20000000   256.6288168752
  2.60000000   1.20000000   280.0881205538
  2.70000000   1.20000000   306.5288472945
  2.80000000   1.20000000   335.8475586022
  2.90000000   1.20000000   367.8800367265
  3.00000000   1.20000000   402.3971948116
  3.10000000   1.20000000   439.1048521127
  3.20000000   1.20000000   477.6476143516
  3.30000000   1.20000000   517.6166751356
  3.40000000   1.20000000   494.0608787117
  3.50000000   1.20000000   400.0000000000

  0.00000000   1.30000000   400.0000000000
  0.10000000   1.30000000   492.4804427043
  0.20000000   1.30000000   514.4773631162
  0.30000000   1.30000000   472.9911467977
  0.40000000   1.30000000   432.9907559157
  0.50000000   1.30000000   394.9000497785
  0.60000000   1.30000000   359.0867124612
  0.70000000   1.30000000   325.8546136742
  0.80000000   1.30000000   295.4401280499
  0.90000000   1.30000000   268.0125593066
  1.00000000   1.30000000   243.6784456364
  1.10000000   1.30000000   222.4892116542
  1.20000000   1.30000000   204.4514006153
  1.30000000   1.30000000   189.5385719185
  1.40000000   1.30000000   177.7038793265
  1.50000000   1.30000000   168.8923479407
  1.60000000   1.30000000   163.0519340561
  1.70000000   1.30000000   160.1425716553
  1.80000000   1.30000000   160.1425716553
  1.90000000   1.30000000   163.0519340561
  2.00000000   1.30000000   168.8923479407
  2.10000000   1.30000000   177.7038793265
  2.20000000   1.30000000   189.5385719185
  2.30000000   1.30000000   204.4514006153
  2.40000000   1.30000000   222.4892116542
  2.50000000   1.30000000   243.6784456364
  2.60000000   1.30000000   268.0125593066
  2.70000000   1.30000000   295.4401280499
  2.80000000   1.30000000   325.8546136742
  2.90000000   1.30000000   359.0867124612
  3.00000000   1.30000000   394.9000497785
  3.10000000   1.30000000   432.9907559157
  3.20000000   1.30000000   472.9911467977
  3.30000000   1.30000000   514.4773631162
  3.40000000   1.30000000   492.4804427043
  3.50000000   1.30000000   400.0000000000

  0.00000000   1.40000000   400.0000000000
  0.10000000   1.40000000   491.2285630372
  0.20000000   1.40000000   511.9902121158
  0.30000000   1.40000000   469.3010404140
  0.40000000   1.40000000   428.1441298230
  0.50000000   1.40000000   388.9554820989
  0.60000000   1.40000000   352.1128102590
  0.70000000   1.40000000   317.9279224208
  0.80000000   1.40000000   286.6431469701
  0.90000000   1.40000000   258.4319084251
  1.00000000   1.40000000   233.4032226083
  1.10000000   1.40000000   211.6095797341
  1.20000000   1.40000000   193.0574497814
  1.30000000   1.40000000   177.7194873540
  1.40000000   1.40000000   165.5474351497
  1.50000000   1.40000000   156.4847221302
  1.60000000   1.40000000   150.4778165852
  1.70000000   1.40000000   147.4855151778
  1.80000000   1.40000000   147.4855151778
  1.90000000   1.40000000   150.4778165852
  2.00000000   1.40000000   156.4847221302
  2.10000000   1.40000000   165.5474351497
  2.20000000   1.40000000   177.7194873540
  2.30000000   1.40000000   193.0574497814
  2.40000000   1.40000000   211.6095797341
  2.50000000   1.40000000   233.4032226083
  2.60000000   1.40000000   258.4319084251
  2.70000000   1.40000000   286.6431469701
  2.80000000   1.40000000   317.9279224208
  2.90000000   1.40000000   352.1128102590
  3.00000000   1.40000000   388.9554820989
  3.10000000   1.40000000   428.1441298230
  3.20000000   1.40000000   469.3010404140
  3.30000000   1.40000000   511.9902121158
  3.40000000   1.40000000   491.2285630372
  3.50000000   1.40000000   400.0000000000

  0.00000000   1.50000000   400.0000000000
  0.10000000   1.50000000   490.2976672601
  0.20000000   1.50000000   510.1405585226
  0.30000000   1.50000000   466.5563195481
  0.40000000   1.50000000   424.5385229686
  0.50000000   1.50000000   384.5322875448
  0.60000000   1.50000000   346.9229169355
  0.70000000   1.50000000   312.0282520232
  0.80000000   1.50000000   280.0951456891
  0.90000000   1.50000000   251.3001429526
  1.00000000   1.50000000   225.7541224426
  1.10000000   1.50000000   203.5103623084
  1.20000000   1.50000000   184.5752598552
  1.30000000   1.50000000   168.9207736149
  1.40000000   1.50000000   156.4975742482
  1.50000000   1.50000000   147.2478845435
  1.60000000   1.50000000   141.1170517452
  1.70000000   1.50000000   138.0630172240
  1.80000000   1.50000000   138.0630172240
  1.90000000   1.50000000   141.1170517452
  2.00000000   1.50000000   147.2478845435
  2.10000000   1.50000000   156.4975742482
  2.20000000   1.50000000   168.9207736149
  2.30000000   1.50000000   184.5752598552
  2.40000000   1.50000000   203.5103623084
  2.50000000   1.50000000   225.7541224426
  2.60000000   1.50000000   251.3001429526
  2.70000000   1.50000000   280.0951456891
  2.80000000   1.50000000   312.0282520232
  2.90000000   1.50000000   346.9229169355
  3.00000000   1.50000000   384.5322875448
  3.10000000   1.50000000   424.5385229686
  3.20000000   1.50000000   466.5563195481
  3.30000000   1.50000000   510.1405585226
  3.40000000   1.50000000   490.2976672601
  3.50000000   1.50000000   400.0000000000

  0.00000000   1.60000000   400.0000000000
  0.10000000   1.60000000   489.6811715637
  0.20000000   1.60000000   508.9155221282
  0.30000000   1.60000000   464.7382954256
  0.40000000   1.60000000   422.1500037120
  0.50000000   1.60000000   381.6018345240
  0.60000000   1.60000000   343.4841703798
  0.70000000   1.60000000   308.1189012679
  0.80000000   1.60000000   275.7559194128
  0.90000000   1.60000000   246.5738633627
  1.00000000   1.60000000   220.6848571451
  1.10000000   1.60000000   198.1427010836
  1.20000000   1.60000000   178.9537378349
  1.30000000   1.60000000   163.0894553839
  1.40000000   1.60000000   150.4998044854
  1.50000000   1.60000000   141.1262003936
  1.60000000   1.60000000   134.9132411629
  1.70000000   1.60000000   131.8182972113
  1.80000000   1.60000000   131.8182972113
  1.90000000   1.60000000   134.9132411629
  2.00000000   1.60000000   141.1262003936
  2.10000000   1.60000000   150.4998044854
  2.20000000   1.60000000   163.0894553839
  2.30000000   1.60000000   178.9537378349
  2.40000000   1.60000000   198.1427010836
  2.50000000   1.60000000   220.6848571451
  2.60000000   1.60000000   246.5738633627
  2.70000000   1.60000000   275.7559194128
  2.80000000   1.60000000   308.1189012679
  2.90000000   1.60000000   343.4841703798
  3.00000000   1.60000000   381.6018345240
  3.10000000   1.60000000   422.1500037120
  3.20000000   1.60000000   464.7382954256
  3.30000000   1.60000000   508.9155221282
  3.40000000   1.60000000   489.6811715637
  3.50000000   1.60000000   400.0000000000

  0.00000000   1.70000000   400.0000000000
  0.10000000   1.70000000   489.3742140514
  0.20000000   1.70000000   508.3055458471
  0.30000000   1.70000000   463.8330077729
  0.40000000   1.70000000   420.9605644559
  0.50000000   1.70000000   380.1424326075
  0.60000000   1.70000000   341.7715370920
  0.70000000   1.70000000   306.1717986450
  0.80000000   1.70000000   273.5946349791
  0.90000000   1.70000000   244.2197350509
  1.00000000   1.70000000   218.1598468185
  1.10000000   1.70000000   195.4690311458
  1.20000000   1.70000000   176.1536019273
  1.30000000   1.70000000   160.1848102877
  1.40000000   1.70000000   147.5122457403
  1.50000000   1.70000000   138.0769189406
  1.60000000   1.70000000   131.8230529285
  1.70000000   1.70000000   128.7077324942
  1.80000000   1.70000000   128.7077324942
  1.90000000   1.70000000   131.8230529285
  2.00000000   1.70000000   138.0769189406
  2.10000000   1.70000000   147.5122457403
  2.20000000   1.70000000   160.1848102877
  2.30000000   1.70000000   176.1536019273
  2.40000000   1.70000000   195.4690311458
  2.50000000   1.70000000   218.1598468185
  2.60000000   1.70000000   244.2197350509
  2.70000000   1.70000000   273.5946349791
  2.80000000   1.70000000   306.1717986450
  2.90000000   1.70000000   341.7715370920
  3.00000000   1.70000000   380.1424326075
  3.10000000   1.70000000   420.9605644559
  3.20000000   1.70000000   463.8330077729
  3.30000000   1.70000000   508.3055458471
  3.40000000   1.70000000   489.3742140514
  3.50000000   1.70000000   400.0000000000

  0.00000000   1.80000000   400.0000000000
  0.10000000   1.80000000   489.3742140514
  0.20000000   1.80000000   508.3055458471
  0.30000000   1.80000000   463.8330077729
  0.40000000   1.80000000   420.9605644559
  0.50000000   1.80000000   380.1424326075
  0.60000000   1.80000000   341.7715370920
  0.70000000   1.80000000   306.1717986450
  0.80000000   1.80000000   273.5946349791
  0.90000000   1.80000000   244.2197350509
  1.00000000   1.80000000   218.1598468185
  1.10000000   1.80000000   195.4690311458
  1.20000000   1.80000000   176.1536019273
  1.30000000   1.80000000   160.1848102877
  1.40000000   1.80000000   147.5122457403
  1.50000000   1.80000000   138.0769189406
  1.60000000   1.80000000   131.8230529285
  1.70000000   1.80000000   128.7077324942
  1.80000000   1.80000000   128.7077324942
  1.90000000   1.80000000   131.8230529285
  2.00000000   1.80000000   138.0769189406
  2.10000000   1.80000000   147.5122457403
  2.20000000   1.80000000   160.1848102877
  2.30000000   1.80000000   176.1536019273
  2.40000000   1.80000000   195.4690311458
  2.50000000   1.80000000   218.1598468185
  2.60000000   1.80000000   244.2197350509
  2.70000000   1.80000000   273.5946349791
  2.80000000   1.80000000   306.1717986450
  2.90000000   1.80000000   341.7715370920
  3.00000000   1.80000000   380.1424326075
  3.10000000   1.80000000   420.9605644559
  3.20000000   1.80000000   463.8330077729
  3.30000000   1.80000000   508.3055458471
  3.40000000   1.80000000   489.3742140514
  3.50000000   1.80000000   400.0000000000

  0.00000000   1.90000000   400.0000000000
  0.10000000   1.90000000   489.6811715637
  0.20000000   1.90000000   508.9155221282
  0.30000000   1.90000000   464.7382954256
  0.40000000   1.90000000   422.1500037120
  0.50000000   1.90000000   381.6018345240
  0.60000000   1.90000000   343.4841703798
  0.70000000   1.90000000   308.1189012679
  0.80000000   1.90000000   275.7559194128
  0.90000000   1.90000000   246.5738633627
  1.00000000   1.90000000   220.6848571451
  1.10000000   1.90000000   198.1427010836
  1.20000000   1.90000000   178.9537378349
  1.30000000   1.90000000   163.0894553839
  1.40000000   1.90000000   150.4998044854
  1.50000000   1.90000000   141.1262003936
  1.60000000   1.90000000   134.9132411629
  1.70000000   1.90000000   131.8182972113
  1.80000000   1.90000000   131.8182972113
  1.90000000   1.90000000   134.9132411629
  2.00000000   1.90000000   141.1262003936
  2.10000000   1.90000000   150.4998044854
  2.20000000   1.90000000   163.0894553839
  2.30000000   1.90000000   178.9537378349
  2.40000000   1.90000000   198.1427010836
  2.50000000   1.90000000   220.6848571451
  2.60000000   1.90000000   246.5738633627
  2.70000000   1.90000000   275.7559194128
  2.80000000   1.90000000   308.1189012679
  2.90000000   1.90000000   343.4841703798
  3.00000000   1.90000000   381.6018345240
  3.10000000   1.90000000   422.1500037120
  3.20000000   1.90000000   464.7382954256
  3.30000000   1.90000000   508.9155221282
  3.40000000   1.90000000   489.6811715637
  3.50000000   1.90000000   400.0000000000

  0.00000000   2.00000000   400.0000000000
  0.10000000   2.00000000   490.2976672601
  0.20000000   2.00000000   510.1405585226
  0.30000000   2.00000000   466.5563195481
  0.40000000   2.00000000   424.5385229686
  0.50000000   2.00000000   384.5322875448
  0.60000000   2.00000000   346.9229169355
  0.70000000   2.00000000   312.0282520232
  0.80000000   2.00000000   280.0951456891
  0.90000000   2.00000000   251.3001429526
  1.00000000   2.00000000   225.7541224426
  1.10000000   2.00000000   203.5103623084
  1.20000000   2.00000000   184.5752598552
  1.30000000   2.00000000   168.9207736149
  1.40000000   2.00000000   156.4975742482
  1.50000000   2.00000000   147.2478845435
  1.60000000   2.00000000   141.1170517452
  1.70000000   2.00000000   138.0630172240
  1.80000000   2.00000000   138.0630172240
  1.90000000   2.00000000   141.1170517452
  2.00000000   2.00000000   147.2478845435
  2.10000000   2.00000000   156.4975742482
  2.20000000   2.00000000   168.9207736149
  2.30000000   2.00000000   184.5752598552
  2.40000000   2.00000000   203.5103623084
  2.50000000   2.00000000   225.7541224426
  2.60000000   2.00000000   251.3001429526
  2.70000000   2.00000000   280.0951456891
  2.80000000   2.00000000   312.0282520232
  2.90000000   2.00000000   346.9229169355
  3.00000000   2.00000000   384.5322875448
  3.10000000   2.00000000   424.5385229686
  3.20000000   2.00000000   466.5563195481
  3.30000000   2.00000000   510.1405585226
  3.40000000   2.00000000   490.2976672601
  3.50000000   2.00000000   400.0000000000

  0.00000000   2.10000000   400.0000000000
  0.10000000   2.10000000   491.2285630372
  0.20000000   2.10000000   511.9902121158
  0.30000000   2.10000000   469.3010404140
  0.40000000   2.10000000   428.1441298230
  0.50000000   2.10000000   388.9554820989
  0.60000000   2.10000000   352.1128102590
  0.70000000   2.10000000   317.9279224208
  0.80000000   2.10000000   286.6431469701
  0.90000000   2.10000000   258.4319084251
  1.00000000   2.10000000   233.4032226083
  1.10000000   2.10000000   211.6095797341
  1.20000000   2.10000000   193.0574497814
  1.30000000   2.10000000   177.7194873540
  1.40000000   2.10000000   165.5474351497
  1.50000000   2.10000000   156.4847221302
  1.60000000   2.10000000   150.4778165852
  1.70000000   2.10000000   147.4855151778
  1.80000000   2.10000000   147.4855151778
  1.90000000   2.10000000   150.4778165852
  2.00000000   2.10000000   156.4847221302
  2.10000000   2.10000000   165.5474351497
  2.20000000   2.10000000   177.7194873540
  2.30000000   2.10000000   193.0574497814
  2.40000000   2.10000000   211.6095797341
  2.50000000   2.10000000   233.4032226083
  2.60000000   2.10000000   258.4319084251
  2.70000000   2.10000000   286.6431469701
  2.80000000   2.10000000   317.9279224208
  2.90000000   2.10000000   352.1128102590
  3.00000000   2.10000000   388.9554820989
  3.10000000   2.10000000   428.1441298230
  3.20000000   2.10000000   469.3010404140
  3.30000000   2.10000000   511.9902121158
  3.40000000   2.10000000   491.2285630372
  3.50000000   2.10000000   400.0000000000

  0.00000000   2.20000000   400.0000000000
  0.10000000   2.20000000   492.4804427043
  0.20000000   2.20000000   514.4773631162
  0.30000000   2.20000000   472.9911467977
  0.40000000   2.20000000   432.9907559157
  0.50000000   2.20000000   394.9000497785
  0.60000000   2.20000000   359.0867124612
  0.70000000   2.20000000   325.8546136742
  0.80000000   2.20000000   295.4401280499
  0.90000000   2.20000000   268.0125593066
  1.00000000   2.20000000   243.6784456364
  1.10000000   2.20000000   222.4892116542
  1.20000000   2.20000000   204.4514006153
  1.30000000   2.20000000   189.5385719185
  1.40000000   2.20000000   177.7038793265
  1.50000000   2.20000000   168.8923479407
  1.60000000   2.20000000   163.0519340561
  1.70000000   2.20000000   160.1425716553
  1.80000000   2.20000000   160.1425716553
  1.90000000   2.20000000   163.0519340561
  2.00000000   2.20000000   168.8923479407
  2.10000000   2.20000000   177.7038793265
  2.20000000   2.20000000   189.5385719185
  2.30000000   2.20000000   204.4514006153
  2.40000000   2.20000000   222.4892116542
  2.50000000   2.20000000   243.6784456364
  2.60000000   2.20000000   268.0125593066
  2.70000000   2.20000000   295.4401280499
  2.80000000   2.20000000   325.8546136742
  2.90000000   2.20000000   359.0867124612
  3.00000000   2.20000000   394.9000497785
  3.10000000   2.20000000   432.9907559157
  3.20000000   2.20000000   472.9911467977
  3.30000000   2.20000000   514.4773631162
  3.40000000   2.20000000   492.4804427043
  3.50000000   2.20000000   400.0000000000

  0.00000000   2.30000000   400.0000000000
  0.10000000   2.30000000   494.0608787117
  0.20000000   2.30000000   517.6166751356
  0.30000000   2.30000000   477.6476143516
  0.40000000   2.30000000   439.1048521127
  0.50000000   2.30000000   402.3971948116
  0.60000000   2.30000000   367.8800367265
  0.70000000   2.30000000   335.8475586022
  0.80000000   2.30000000   306.5288472945
  0.90000000   2.30000000   280.0881205538
  1.00000000   2.30000000   256.6288168752
  1.10000000   2.30000000   236.2009886658
  1.20000000   2.30000000   218.8112184467
  1.30000000   2.30000000   204.4341483187
  1.40000000   2.30000000   193.0246590371
  1.50000000   2.30000000   184.5297467074
  1.60000000   2.30000000   178.8992139376
  1.70000000   2.30000000   176.0944097842
  1.80000000   2.30000000   176.0944097842
  1.90000000   2.30000000   178.8992139376
  2.00000000   2.30000000   184.5297467074
  2.10000000   2.30000000   193.0246590371
  2.20000000   2.30000000   204.4341483187
  2.30000000   2.30000000   218.8112184467
  2.40000000   2.30000000   236.2009886658
  2.50000000   2.30000000   256.6288168752
  2.60000000   2.30000000   280.0881205538
  2.70000000   2.30000000   306.5288472945
  2.80000000   2.30000000   335.8475586022
  2.90000000   2.30000000   367.8800367265
  3.00000000   2.30000000   402.3971948116
  3.10000000   2.30000000   439.1048521127
  3.20000000   2.30000000   477.6476143516
  3.30000000   2.30000000   517.6166751356
  3.40000000   2.30000000   494.0608787117
  3.50000000   2.30000000   400.0000000000

  0.00000000   2.40000000   400.0000000000
  0.10000000   2.40000000   495.9776761404
  0.20000000   2.40000000   521.4229162497
  0.30000000   2.40000000   483.2908960610
  0.40000000   2.40000000   446.5113228292
  0.50000000   2.40000000   411.4753699467
  0.60000000   2.40000000   378.5242582123
  0.70000000   2.40000000   347.9410070857
  0.80000000   2.40000000   319.9462226436
  0.90000000   2.40000000   294.6981012049
  1.00000000   2.40000000   272.2963234480
  1.10000000   2.40000000   252.7892008090
  1.20000000   2.40000000   236.1832582168
  1.30000000   2.40000000   222.4543470877
  1.40000000   2.40000000   211.5593546673
  1.50000000   2.40000000   203.4475998702
  1.60000000   2.40000000   198.0710768772
  1.70000000   2.40000000   195.3928210897
  1.80000000   2.40000000   195.3928210897
  1.90000000   2.40000000   198.0710768772
  2.00000000   2.40000000   203.4475998702
  2.10000000   2.40000000   211.5593546673
  2.20000000   2.40000000   222.4543470877
  2.30000000   2.40000000   236.1832582168
  2.40000000   2.40000000   252.7892008090
  2.50000000   2.40000000   272.2963234480
  2.60000000   2.40000000   294.6981012049
  2.70000000   2.40000000   319.9462226436
  2.80000000   2.40000000   347.9410070857
  2.90000000   2.40000000   378.5242582123
  3.00000000   2.40000000   411.4753699467
  3.10000000   2.40000000   446.5113228292
  3.20000000   2.40000000   483.2908960610
  3.30000000   2.40000000   521.4229162497
  3.40000000   2.40000000   495.9776761404
  3.50000000   2.40000000   400.0000000000

  0.00000000   2.50000000   400.0000000000
  0.10000000   2.50000000   498.2383582921
  0.20000000   2.50000000   525.9095418751
  0.30000000   2.50000000   489.9381567142
  0.40000000   2.50000000   455.2291770953
  0.50000000   2.50000000   422.1543621829
  0.60000000   2.50000000   391.0396101222
  0.70000000   2.50000000   362.1557559005
  0.80000000   2.50000000   335.7138996257
  0.90000000   2.50000000   311.8652638621
  1.00000000   2.50000000   290.7050109793
  1.10000000   2.50000000   272.2792220949
  1.20000000   2.50000000   256.5941630171
  1.30000000   2.50000000   243.6269436060
  1.40000000   2.50000000   233.3366858703
  1.50000000   2.50000000   225.6753526261
  1.60000000   2.50000000   220.5974581930
  1.70000000   2.50000000   218.0679875131
  1.80000000   2.50000000   218.0679875131
  1.90000000   2.50000000   220.5974581930
  2.00000000   2.50000000   225.6753526261
  2.10000000   2.50000000   233.3366858703
  2.20000000   2.50000000   243.6269436060
  2.30000000   2.50000000   256.5941630171
  2.40000000   2.50000000   272.2792220949
  2.50000000   2.50000000   290.7050109793
  2.60000000   2.50000000   311.8652638621
  2.70000000   2.50000000   335.7138996257
  2.80000000   2.50000000   362.1557559005
  2.90000000   2.50000000   391.0396101222
  3.00000000   2.50000000   422.1543621829
  3.10000000   2.50000000   455.2291770953
  3.20000000   2.50000000   489.9381567142
  3.30000000   2.50000000   525.9095418751
  3.40000000   2.50000000   498.2383582921
  3.50000000   2.50000000   400.0000000000

  0.00000000   2.60000000   400.0000000000
  0.10000000   2.60000000   500.8503932548
  0.20000000   2.60000000   531.0882056264
  0.30000000   2.60000000   497.6011129854
  0.40000000   2.60000000   465.2673062808
  0.50000000   2.60000000   434.4391360302
  0.60000000   2.60000000   405.4273532562
  0.70000000   2.60000000   378.4902107789
  0.80000000   2.60000000   353.8283826394
  0.90000000   2.60000000   331.5850075189
  1.00000000   2.60000000   311.8497355983
  1.10000000   2.60000000   294.6657159179
  1.20000000   2.60000000   280.0385951130
  1.30000000   2.60000000   267.9466860485
  1.40000000   2.60000000   258.3515110872
  1.50000000   2.60000000   251.2079636142
  1.60000000   2.60000000   246.4733894082
  1.70000000   2.60000000   244.1149784217
  1.80000000   2.60000000   244.1149784217
  1.90000000   2.60000000   246.4733894082
  2.00000000   2.60000000   251.2079636142
  2.10000000   2.60000000   258.3515110872
  2.20000000   2.60000000   267.9466860485
  2.30000000   2.60000000   280.0385951130
  2.40000000   2.60000000   294.6657159179
  2.50000000   2.60000000   311.8497355983
  2.60000000   2.60000000   331.5850075189
  2.70000000   2.60000000   353.8283826394
  2.80000000   2.60000000   378.4902107789
  2.90000000   2.60000000   405.4273532562
  3.00000000   2.60000000   434.4391360302
  3.10000000   2.60000000   465.2673062808
  3.20000000   2.60000000   497.6011129854
  3.30000000   2.60000000   531.0882056264
  3.40000000   2.60000000   500.8503932548
  3.50000000   2.60000000   400.0000000000

  0.00000000   2.70000000   400.0000000000
  0.10000000   2.70000000   503.8232214441
  0.20000000   2.70000000   536.9703869115
  0.30000000   2.70000000   506.2852169147
  0.40000000   2.70000000   476.6207143068
  0.50000000   2.70000000   448.3136284633
  0.60000000   2.70000000   421.6619015042
  0.70000000   2.70000000   396.9114382336
  0.80000000   2.70000000   374.2513582190
  0.90000000   2.70000000   353.8151249449
  1.00000000   2.70000000   335.6854246260
  1.10000000   2.70000000   319.9014367920
  1.20000000   2.70000000   306.4676165830
  1.30000000   2.70000000   295.3633040837
  1.40000000   2.70000000   286.5525257366
  1.50000000   2.70000000   279.9933635143
  1.60000000   2.70000000   275.6462943300
  1.70000000   2.70000000   273.4809646814
  1.80000000   2.70000000   273.4809646814
  1.90000000   2.70000000   275.6462943300
  2.00000000   2.70000000   279.9933635143
  2.10000000   2.70000000   286.5525257366
  2.20000000   2.70000000   295.3633040837
  2.30000000   2.70000000   306.4676165830
  2.40000000   2.70000000   319.9014367920
  2.50000000   2.70000000   335.6854246260
  2.60000000   2.70000000   353.8151249449
  2.70000000   2.70000000   374.2513582190
  2.80000000   2.70000000   396.9114382336
  2.90000000   2.70000000   421.6619015042
  3.00000000   2.70000000   448.3136284633
  3.10000000   2.70000000   476.6207143068
  3.20000000   2.70000000   506.2852169147
  3.30000000   2.70000000   536.9703869115
  3.40000000   2.70000000   503.8232214441
  3.50000000   2.70000000   400.0000000000

  0.00000000   2.80000000   400.0000000000
  0.10000000   2.80000000   507.1746279674
  0.20000000   2.80000000   543.5734104217
  0.30000000   2.80000000   515.9910341723
  0.40000000   2.80000000   489.2671309151
  0.50000000   2.80000000   463.7342784825
  0.60000000   2.80000000   439.6828490549
  0.70000000   2.80000000   417.3465883528
  0.80000000   2.80000000   396.9008500802
  0.90000000   2.80000000   378.4667352091
  1.00000000   2.80000000   362.1177363790
  1.10000000   2.80000000   347.8875684582
  1.20000000   2.80000000   335.7786896992
  1.30000000   2.80000000   325.7711896507
  1.40000000   2.80000000   317.8316669410
  1.50000000   2.80000000   311.9216433236
  1.60000000   2.80000000   308.0050294602
  1.70000000   2.80000000   306.0541842479
  1.80000000   2.80000000   306.0541842479
  1.90000000   2.80000000   308.0050294602
  2.00000000   2.80000000   311.9216433236
  2.10000000   2.80000000   317.8316669410
  2.20000000   2.80000000   325.7711896507
  2.30000000   2.80000000   335.7786896992
  2.40000000   2.80000000   347.8875684582
  2.50000000   2.80000000   362.1177363790
  2.60000000   2.80000000   378.4667352092
  2.70000000   2.80000000   396.9008500802
  2.80000000   2.80000000   417.3465883528
  2.90000000   2.80000000   439.6828490549
  3.00000000   2.80000000   463.7342784825
  3.10000000   2.80000000   489.2671309151
  3.20000000   2.80000000   515.9910341723
  3.30000000   2.80000000   543.5734104217
  3.40000000   2.80000000   507.1746279674
  3.50000000   2.80000000   400.0000000000

  0.00000000   2.90000000   400.0000000000
  0.10000000   2.90000000   510.9482914549
  0.20000000   2.90000000   550.9353571180
  0.30000000   2.90000000   526.7182538990
  0.40000000   2.90000000   503.1627370639
  0.50000000   2.90000000   480.6222119842
  0.60000000   2.90000000   459.3865885340
  0.70000000   2.90000000   439.6750168081
  0.80000000   2.90000000   421.6438955480
  0.90000000   2.90000000   405.3972382273
  1.00000000   2.90000000   390.9960185159
  1.10000000   2.90000000   378.4665106787
  1.20000000   2.90000000   367.8082133991
  1.30000000   2.90000000   359.0016716598
  1.40000000   2.90000000   352.0161546808
  1.50000000   2.90000000   346.8169108715
  1.60000000   2.90000000   343.3716143904
  1.70000000   2.90000000   341.6556088641
  1.80000000   2.90000000   341.6556088641
  1.90000000   2.90000000   343.3716143904
  2.00000000   2.90000000   346.8169108715
  2.10000000   2.90000000   352.0161546808
  2.20000000   2.90000000   359.0016716598
  2.30000000   2.90000000   367.8082133991
  2.40000000   2.90000000   378.4665106787
  2.50000000   2.90000000   390.9960185159
  2.60000000   2.90000000   405.3972382273
  2.70000000   2.90000000   421.6438955480
  2.80000000   2.90000000   439.6750168081
  2.90000000   2.90000000   459.3865885340
  3.00000000   2.90000000   480.6222119842
  3.10000000   2.90000000   503.1627370639
  3.20000000   2.90000000   526.7182538990
  3.30000000   2.90000000   550.9353571180
  3.40000000   2.90000000   510.9482914549
  3.50000000   2.90000000   400.0000000000

  0.00000000   3.00000000   400.0000000000
  0.10000000   3.00000000   515.2627839553
  0.20000000   3.00000000   559.1473045759
  0.30000000   3.00000000   538.4699721306
  0.40000000   3.00000000   518.2325977697
  0.50000000   3.00000000   498.8515233136
  0.60000000   3.00000000   480.6169351662
  0.70000000   3.00000000   463.7216057467
  0.80000000   3.00000000   448.2916280114
  0.90000000   3.00000000   434.4062254868
  1.00000000   3.00000000   422.1094449545
  1.10000000   3.00000000   411.4179364489
  1.20000000   3.00000000   402.3273822272
  1.30000000   3.00000000   394.8186572685
  1.40000000   3.00000000   388.8639415764
  1.50000000   3.00000000   384.4325930174
  1.60000000   3.00000000   381.4964354552
  1.70000000   3.00000000   380.0340986816
  1.80000000   3.00000000   380.0340986816
  1.90000000   3.00000000   381.4964354552
  2.00000000   3.00000000   384.4325930174
  2.10000000   3.00000000   388.8639415764
  2.20000000   3.00000000   394.8186572685
  2.30000000   3.00000000   402.3273822272
  2.40000000   3.00000000   411.4179364489
  2.50000000   3.00000000   422.1094449545
  2.60000000   3.00000000   434.4062254868
  2.70000000   3.00000000   448.2916280114
  2.80000000   3.00000000   463.7216057467
  2.90000000   3.00000000   480.6169351662
  3.00000000   3.00000000   498.8515233136
  3.10000000   3.00000000   518.2325977697
  3.20000000   3.00000000   538.4699721306
  3.30000000   3.00000000   559.1473045759
  3.40000000   3.00000000   515.2627839553
  3.50000000   3.00000000   400.0000000000

  0.00000000   3.10000000   400.0000000000
  0.10000000   3.10000000   520.4578430304
  0.20000000   3.10000000   568.4142165696
  0.30000000   3.10000000   551.2433240861
  0.40000000   3.10000000   534.3443413456
  0.50000000   3.10000000   518.2294513320
  0.60000000   3.10000000   503.1547443426
  0.70000000   3.10000000   489.2526058793
  0.80000000   3.10000000   476.5981270463
  0.90000000   3.10000000   465.2354140036
  1.00000000   3.10000000   455.1871342166
  1.10000000   3.10000000   446.4587625683
  1.20000000   3.10000000   439.0419344769
  1.30000000   3.10000000   432.9181795875
  1.40000000   3.10000000   428.0631080519
  1.50000000   3.10000000   424.4507259081
  1.60000000   3.10000000   422.0574716243
  1.70000000   3.10000000   420.8655977652
  1.80000000   3.10000000   420.8655977652
  1.90000000   3.10000000   422.0574716243
  2.00000000   3.10000000   424.4507259081
  2.10000000   3.10000000   428.0631080519
  2.20000000   3.10000000   432.9181795875
  2.30000000   3.10000000   439.0419344769
  2.40000000   3.10000000   446.4587625683
  2.50000000   3.10000000   455.1871342166
  2.60000000   3.10000000   465.2354140036
  2.70000000   3.10000000   476.5981270463
  2.80000000   3.10000000   489.2526058793
  2.90000000   3.10000000   503.1547443426
  3.00000000   3.10000000   518.2294513320
  3.10000000   3.10000000   534.3443413456
  3.20000000   3.10000000   551.2433240861
  3.30000000   3.10000000   568.4142165696
  3.40000000   3.10000000   520.4578430304
  3.50000000   3.10000000   400.0000000000

  0.00000000   3.20000000   400.0000000000
  0.10000000   3.20000000   527.5695999492
  0.20000000   3.20000000   579.1294148872
  0.30000000   3.20000000   564.9532474527
  0.40000000   3.20000000   551.2417486296
  0.50000000   3.20000000   538.4656444939
  0.60000000   3.20000000   526.7099028047
  0.70000000   3.20000000   515.9774016966
  0.80000000   3.20000000   506.2651660789
  0.90000000   3.20000000   497.5737267562
  1.00000000   3.20000000   489.9028211438
  1.10000000   3.20000000   483.2473618308
  1.20000000   3.20000000   477.5960328480
  1.30000000   3.20000000   472.9320788457
  1.40000000   3.20000000   469.2354377521
  1.50000000   3.20000000   466.4854808976
  1.60000000   3.20000000   464.6638005065
  1.70000000   3.20000000   463.7566337961
  1.80000000   3.20000000   463.7566337961
  1.90000000   3.20000000   464.6638005065
  2.00000000   3.20000000   466.4854808976
  2.10000000   3.20000000   469.2354377521
  2.20000000   3.20000000   472.9320788457
  2.30000000   3.20000000   477.5960328480
  2.40000000   3.20000000   483.2473618308
  2.50000000   3.20000000   489.9028211438
  2.60000000   3.20000000   497.5737267562
  2.70000000   3.20000000   506.2651660789
  2.80000000   3.20000000   515.9774016966
  2.90000000   3.20000000   526.7099028047
  3.00000000   3.20000000   538.4656444939
  3.10000000   3.20000000   551.2417486296
  3.20000000   3.20000000   564.9532474527
  3.30000000   3.20000000   579.1294148872
  3.40000000   3.20000000   527.5695999492
  3.50000000   3.20000000   400.0000000000

  0.00000000   3.30000000   400.0000000000
  0.10000000   3.30000000   540.0107415974
  0.20000000   3.30000000   591.7125717846
  0.30000000   3.30000000   579.1288219868
  0.40000000   3.30000000   568.4123760846
  0.50000000   3.30000000   559.1434330463
  0.60000000   3.30000000   550.9286091205
  0.70000000   3.30000000   543.5629509339
  0.80000000   3.30000000   536.9554634481
  0.90000000   3.30000000   531.0682145946
  1.00000000   3.30000000   525.8840842703
  1.10000000   3.30000000   521.3918388448
  1.20000000   3.30000000   517.5800945671
  1.30000000   3.30000000   514.4356716141
  1.40000000   3.30000000   511.9440649341
  1.50000000   3.30000000   510.0908443197
  1.60000000   3.30000000   508.8633185463
  1.70000000   3.30000000   508.2520633340
  1.80000000   3.30000000   508.2520633340
  1.90000000   3.30000000   508.8633185463
  2.00000000   3.30000000   510.0908443197
  2.10000000   3.30000000   511.9440649341
  2.20000000   3.30000000   514.4356716141
  2.30000000   3.30000000   517.5800945671
  2.40000000   3.30000000   521.3918388448
  2.50000000   3.30000000   525.8840842703
  2.60000000   3.30000000   531.0682145946
  2.70000000   3.30000000   536.9554634481
  2.80000000   3.30000000   543.5629509339
  2.90000000   3.30000000   550.9286091205
  3.00000000   3.30000000   559.1434330463
  3.10000000   3.30000000   568.4123760846
  3.20000000   3.30000000   579.1288219868
  3.30000000   3.30000000   591.7125717846
  3.40000000   3.30000000   540.0107415974
  3.50000000   3.30000000   400.0000000000

  0.00000000   3.40000000   400.0000000000
  0.10000000   3.40000000   569.9778932835
  0.20000000   3.40000000   604.5106188321
  0.30000000   3.40000000   592.0691193902
  0.40000000   3.40000000   584.9566774886
  0.50000000   3.40000000   579.7605420701
  0.60000000   3.40000000   575.4445512213
  0.70000000   3.40000000   571.6689730454
  0.80000000   3.40000000   568.3152773493
  0.90000000   3.40000000   565.3398606416
  1.00000000   3.40000000   562.7250408819
  1.10000000   3.40000000   560.4615013628
  1.20000000   3.40000000   558.5419097574
  1.30000000   3.40000000   556.9588813605
  1.40000000   3.40000000   555.7047433359
  1.50000000   3.40000000   554.7720405669
  1.60000000   3.40000000   554.1542842365
  1.70000000   3.40000000   553.8466791977
  1.80000000   3.40000000   553.8466791977
  1.90000000   3.40000000   554.1542842365
  2.00000000   3.40000000   554.7720405669
  2.10000000   3.40000000   555.7047433359
  2.20000000   3.40000000   556.9588813605
  2.30000000   3.40000000   558.5419097574
  2.40000000   3.40000000   560.4615013628
  2.50000000   3.40000000   562.7250408819
  2.60000000   3.40000000   565.3398606416
  2.70000000   3.40000000   568.3152773493
  2.80000000   3.40000000   571.6689730454
  2.90000000   3.40000000   575.4445512213
  3.00000000   3.40000000   579.7605420701
  3.10000000   3.40000000   584.9566774886
  3.20000000   3.40000000   592.0691193902
  3.30000000   3.40000000   604.5106188321
  3.40000000   3.40000000   569.9778932835
  3.50000000   3.40000000   400.0000000000

  0.00000000   3.50000000   400.0000000000
  0.10000000   3.50000000   400.0000000000
  0.20000000   3.50000000   400.0000000000
  0.30000000   3.50000000   400.0000000000
  0.40000000   3.50000000   400.0000000000
  0.50000000   3.50000000   400.0000000000
  0.60000000   3.50000000   400.0000000000
  0.70000000   3.50000000   400.0000000000
  0.80000000   3.50000000   400.0000000000
  0.90000000   3.50000000   400.0000000000
  1.00000000   3.50000000   400.0000000000
  1.10000000   3.50000000   400.0000000000
  1.20000000   3.50000000   400.0000000000
  1.30000000   3.50000000   400.0000000000
  1.40000000   3.50000000   400.0000000000
  1.50000000   3.50000000   400.0000000000
  1.60000000   3.50000000   400.0000000000
  1.70000000   3.50000000   400.0000000000
  1.80000000   3.50000000   400.0000000000
  1.90000000   3.50000000   400.0000000000
  2.00000000   3.50000000   400.0000000000
  2.10000000   3.50000000   400.0000000000
  2.20000000   3.50000000   400.0000000000
  2.30000000   3.50000000   400.0000000000
  2.40000000   3.50000000   400.0000000000
  2.50000000   3.50000000   400.0000000000
  2.60000000   3.50000000   400.0000000000
  2.70000000   3.50000000   400.0000000000
  2.80000000   3.50000000   400.0000000000
  2.90000000   3.50000000   400.0000000000
  3.00000000   3.50000000   400.0000000000
  3.10000000   3.50000000   400.0000000000
  3.20000000   3.50000000   400.0000000000
  3.30000000   3.50000000   400.0000000000
  3.40000000   3.50000000   400.0000000000
  3.50000000   3.50000000   400.0000000000

