  0.00000000   0.00000000     0.0000000000
  0.10000000   0.00000000     3.1288597103
  0.20000000   0.00000000     6.2539385328
  0.30000000   0.00000000     9.3703326500
  0.40000000   0.00000000    12.4710388003
  0.50000000   0.00000000    15.5458663062
  0.60000000   0.00000000    18.5807876295
  0.70000000   0.00000000    21.5571140278
  0.80000000   0.00000000    24.4513938484
  0.90000000   0.00000000    27.2351486074
  1.00000000   0.00000000    29.8755769295
  1.10000000   0.00000000    32.3361642192
  1.20000000   0.00000000    34.5783851086
  1.30000000   0.00000000    36.5633374572
  1.40000000   0.00000000    38.2543355713
  1.50000000   0.00000000    39.6192733678
  1.60000000   0.00000000    40.6334473799
  1.70000000   0.00000000    41.2817607943
  1.80000000   0.00000000    41.5606428721
  1.90000000   0.00000000    41.4789797747
  2.00000000   0.00000000    41.0581821394
  2.10000000   0.00000000    40.3313110206
  2.20000000   0.00000000    39.3412761485
  2.30000000   0.00000000    38.1386502361
  2.40000000   0.00000000    36.7789055133
  2.50000000   0.00000000    35.3199838784
  2.60000000   0.00000000    33.8196564283
  2.70000000   0.00000000    32.3336878654
  2.80000000   0.00000000    30.9139317632
  2.90000000   0.00000000    29.6073406881
  3.00000000   0.00000000    28.4548649383
  3.10000000   0.00000000    27.4911266867
  3.20000000   0.00000000    26.7439035927
  3.30000000   0.00000000    26.2341428027
  3.40000000   0.00000000    25.9757701326
  3.50000000   0.00000000    25.9757701326

  0.00000000   0.10000000     0.0000000000
  0.10000000   0.10000000     3.1288597103
  0.20000000   0.10000000     6.2539385328
  0.30000000   0.10000000     9.3703326500
  0.40000000   0.10000000    12.4710388003
  0.50000000   0.10000000    15.5458663062
  0.60000000   0.10000000    18.5807876295
  0.70000000   0.10000000    21.5571140278
  0.80000000   0.10000000    24.4513938484
  0.90000000   0.10000000    27.2351486074
  1.00000000   0.10000000    29.8755769295
  1.10000000   0.10000000    32.3361642192
  1.20000000   0.10000000    34.5783851086
  1.30000000   0.10000000    36.5633374572
  1.40000000   0.10000000    38.2543355713
  1.50000000   0.10000000    39.6192733678
  1.60000000   0.10000000    40.6334473799
  1.70000000   0.10000000    41.2817607943
  1.80000000   0.10000000    41.5606428721
  1.90000000   0.10000000    41.4789797747
  2.00000000   0.10000000    41.0581821394
  2.10000000   0.10000000    40.3313110206
  2.20000000   0.10000000    39.3412761485
  2.30000000   0.10000000    38.1386502361
  2.40000000   0.10000000    36.7789055133
  2.50000000   0.10000000    35.3199838784
  2.60000000   0.10000000    33.8196564283
  2.70000000   0.10000000    32.3336878654
  2.80000000   0.10000000    30.9139317632
  2.90000000   0.10000000    29.6073406881
  3.00000000   0.10000000    28.4548649383
  3.10000000   0.10000000    27.4911266867
  3.20000000   0.10000000    26.7439035927
  3.30000000   0.10000000    26.2341428027
  3.40000000   0.10000000    25.9757701326
  3.50000000   0.10000000    25.9757701326

  0.00000000   0.20000000     0.0000000000
  0.10000000   0.20000000     3.1710988573
  0.20000000   0.20000000     6.3391333763
  0.30000000   0.20000000     9.4999848267
  0.40000000   0.20000000    12.6471614837
  0.50000000   0.20000000    15.7711635693
  0.60000000   0.20000000    18.8581078013
  0.70000000   0.20000000    21.8896702345
  0.80000000   0.20000000    24.8419583828
  0.90000000   0.20000000    27.6862346530
  1.00000000   0.20000000    30.3884383290
  1.10000000   0.20000000    32.9109133438
  1.20000000   0.20000000    35.2129733506
  1.30000000   0.20000000    37.2537147842
  1.40000000   0.20000000    38.9937294033
  1.50000000   0.20000000    40.3986163728
  1.60000000   0.20000000    41.4412948195
  1.70000000   0.20000000    42.1051267520
  1.80000000   0.20000000    42.3856204992
  1.90000000   0.20000000    42.2917649460
  2.00000000   0.20000000    41.8460245572
  2.10000000   0.20000000    41.0832107244
  2.20000000   0.20000000    40.0487509557
  2.30000000   0.20000000    38.7957398416
  2.40000000   0.20000000    37.3825388129
  2.50000000   0.20000000    35.8693612163
  2.60000000   0.20000000    34.3163594290
  2.70000000   0.20000000    32.7807806638
  2.80000000   0.20000000    31.3160399021
  2.90000000   0.20000000    29.9697856014
  3.00000000   0.20000000    28.7838171369
  3.10000000   0.20000000    27.7929419672
  3.20000000   0.20000000    27.0253239405
  3.30000000   0.20000000    26.5018857408
  3.40000000   0.20000000    26.2366899861
  3.50000000   0.20000000    26.2366899861

  0.00000000   0.30000000     0.0000000000
  0.10000000   0.30000000     3.2547076972
  0.20000000   0.30000000     6.5079176156
  0.30000000   0.30000000     9.7568113199
  0.40000000   0.30000000    12.9964580494
  0.50000000   0.30000000    16.2181171634
  0.60000000   0.30000000    19.4090821842
  0.70000000   0.30000000    22.5508694407
  0.80000000   0.30000000    25.6198306627
  0.90000000   0.30000000    28.5856502548
  1.00000000   0.30000000    31.4129387473
  1.10000000   0.30000000    34.0606064382
  1.20000000   0.30000000    36.4846833867
  1.30000000   0.30000000    38.6390918660
  1.40000000   0.30000000    40.4796847428
  1.50000000   0.30000000    41.9664138765
  1.60000000   0.30000000    43.0677938982
  1.70000000   0.30000000    43.7634170405
  1.80000000   0.30000000    44.0470832783
  1.90000000   0.30000000    43.9279141074
  2.00000000   0.30000000    43.4304920512
  2.10000000   0.30000000    42.5936667175
  2.20000000   0.30000000    41.4676948758
  2.30000000   0.30000000    40.1116138899
  2.40000000   0.30000000    38.5890049425
  2.50000000   0.30000000    36.9656283382
  2.60000000   0.30000000    35.3055144990
  2.70000000   0.30000000    33.6698532292
  2.80000000   0.30000000    32.1141514221
  2.90000000   0.30000000    30.6883348499
  3.00000000   0.30000000    29.4349349893
  3.10000000   0.30000000    28.3898525910
  3.20000000   0.30000000    27.5812905595
  3.30000000   0.30000000    27.0306006693
  3.40000000   0.30000000    26.7517264983
  3.50000000   0.30000000    26.7517264983

  0.00000000   0.40000000     0.0000000000
  0.10000000   0.40000000     3.3780202629
  0.20000000   0.40000000     6.7568158793
  0.30000000   0.40000000    10.1360480554
  0.40000000   0.40000000    13.5125004347
  0.50000000   0.40000000    16.8796828477
  0.60000000   0.40000000    20.2255920358
  0.70000000   0.40000000    23.5330828855
  0.80000000   0.40000000    26.7775106199
  0.90000000   0.40000000    29.9280058233
  1.00000000   0.40000000    32.9456118506
  1.10000000   0.40000000    35.7857764582
  1.20000000   0.40000000    38.3978321017
  1.30000000   0.40000000    40.7290939154
  1.40000000   0.40000000    42.7263922040
  1.50000000   0.40000000    44.3416459384
  1.60000000   0.40000000    45.5350839917
  1.70000000   0.40000000    46.2806739307
  1.80000000   0.40000000    46.5688993907
  1.90000000   0.40000000    46.4091865117
  2.00000000   0.40000000    45.8298334532
  2.10000000   0.40000000    44.8759247715
  2.20000000   0.40000000    43.6064089673
  2.30000000   0.40000000    42.0890045931
  2.40000000   0.40000000    40.3967887986
  2.50000000   0.40000000    38.6028996632
  2.60000000   0.40000000    36.7786979695
  2.70000000   0.40000000    34.9898206385
  2.80000000   0.40000000    33.2962225636
  2.90000000   0.40000000    31.7496592360
  3.00000000   0.40000000    30.3948643962
  3.10000000   0.40000000    29.2680269041
  3.20000000   0.40000000    28.3982359951
  3.30000000   0.40000000    27.8065970495
  3.40000000   0.40000000    27.5073239618
  3.50000000   0.40000000    27.5073239618

  0.00000000   0.50000000     0.0000000000
  0.10000000   0.50000000     3.5383173466
  0.20000000   0.50000000     7.0807612091
  0.30000000   0.50000000    10.6298697349
  0.40000000   0.50000000    14.1858306307
  0.50000000   0.50000000    17.7441146164
  0.60000000   0.50000000    21.2955068198
  0.70000000   0.50000000    24.8231815454
  0.80000000   0.50000000    28.3035314730
  0.90000000   0.50000000    31.7031919028
  1.00000000   0.50000000    34.9808932244
  1.10000000   0.50000000    38.0853787097
  1.20000000   0.50000000    40.9588957657
  1.30000000   0.50000000    43.5373514203
  1.40000000   0.50000000    45.7561805530
  1.50000000   0.50000000    47.5536401964
  1.60000000   0.50000000    48.8785165415
  1.70000000   0.50000000    49.6950682167
  1.80000000   0.50000000    49.9890807531
  1.90000000   0.50000000    49.7702520529
  2.00000000   0.50000000    49.0723830560
  2.10000000   0.50000000    47.9507924332
  2.20000000   0.50000000    46.4766680107
  2.30000000   0.50000000    44.7319336811
  2.40000000   0.50000000    42.8019459314
  2.50000000   0.50000000    40.7719378230
  2.60000000   0.50000000    38.7214641502
  2.70000000   0.50000000    36.7238292215
  2.80000000   0.50000000    34.8427527903
  2.90000000   0.50000000    33.1338368308
  3.00000000   0.50000000    31.6426671963
  3.10000000   0.50000000    30.4069513749
  3.20000000   0.50000000    29.4553912096
  3.30000000   0.50000000    28.8095290320
  3.40000000   0.50000000    28.4831088642
  3.50000000   0.50000000    28.4831088642

  0.00000000   0.60000000     0.0000000000
  0.10000000   0.60000000     3.7320471548
  0.20000000   0.60000000     7.4723589365
  0.30000000   0.60000000    11.2279659401
  0.40000000   0.60000000    15.0024664920
  0.50000000   0.60000000    18.7956577061
  0.60000000   0.60000000    22.6004138084
  0.70000000   0.60000000    26.4030372308
  0.80000000   0.60000000    30.1795000670
  0.90000000   0.60000000    33.8965147552
  1.00000000   0.60000000    37.5078940210
  1.10000000   0.60000000    40.9568469940
  1.20000000   0.60000000    44.1740192000
  1.30000000   0.60000000    47.0823552855
  1.40000000   0.60000000    49.5990792793
  1.50000000   0.60000000    51.6444908897
  1.60000000   0.60000000    53.1486850128
  1.70000000   0.60000000    54.0622118006
  1.80000000   0.60000000    54.3628853398
  1.90000000   0.60000000    54.0609140697
  2.00000000   0.60000000    53.1987589196
  2.10000000   0.60000000    51.8464140696
  2.20000000   0.60000000    50.0943769732
  2.30000000   0.60000000    48.0434866128
  2.40000000   0.60000000    45.7979977131
  2.50000000   0.60000000    43.4572512267
  2.60000000   0.60000000    41.1133596113
  2.70000000   0.60000000    38.8466724383
  2.80000000   0.60000000    36.7272072345
  2.90000000   0.60000000    34.8124962016
  3.00000000   0.60000000    33.1504817821
  3.10000000   0.60000000    31.7783609722
  3.20000000   0.60000000    30.7253657879
  3.30000000   0.60000000    30.0120364623
  3.40000000   0.60000000    29.6521033490
  3.50000000   0.60000000    29.6521033490

  0.00000000   0.70000000     0.0000000000
  0.10000000   0.70000000     3.9543718298
  0.20000000   0.70000000     7.9224528300
  0.30000000   0.70000000    11.9161573971
  0.40000000   0.70000000    15.9448014347
  0.50000000   0.70000000    20.0121678391
  0.60000000   0.70000000    24.1164267465
  0.70000000   0.70000000    28.2460854704
  0.80000000   0.70000000    32.3803593951
  0.90000000   0.70000000    36.4843698945
  1.00000000   0.70000000    40.5100434255
  1.10000000   0.70000000    44.3917501844
  1.20000000   0.70000000    48.0489358350
  1.30000000   0.70000000    51.3850284838
  1.40000000   0.70000000    54.2947868187
  1.50000000   0.70000000    56.6704706702
  1.60000000   0.70000000    58.4160436503
  1.70000000   0.70000000    59.4597032680
  1.80000000   0.70000000    59.7676109348
  1.90000000   0.70000000    59.3504339535
  2.00000000   0.70000000    58.2635100315
  2.10000000   0.70000000    56.5999547144
  2.20000000   0.70000000    54.4774388922
  2.30000000   0.70000000    52.0255023641
  2.40000000   0.70000000    49.3719696179
  2.50000000   0.70000000    46.6365636063
  2.60000000   0.70000000    43.9240552463
  2.70000000   0.70000000    41.3249364093
  2.80000000   0.70000000    38.9131014530
  2.90000000   0.70000000    36.7495720490
  3.00000000   0.70000000    34.8817082416
  3.10000000   0.70000000    33.3471553856
  3.20000000   0.70000000    32.1733306872
  3.30000000   0.70000000    31.3803738690
  3.40000000   0.70000000    30.9807411368
  3.50000000   0.70000000    30.9807411368

  0.00000000   0.80000000     0.0000000000
  0.10000000   0.80000000     4.1995479701
  0.20000000   0.80000000     8.4190971142
  0.30000000   0.80000000    12.6773876878
  0.40000000   0.80000000    16.9894689334
  0.50000000   0.80000000    21.3662659834
  0.60000000   0.80000000    25.8107708637
  0.70000000   0.80000000    30.3179551491
  0.80000000   0.80000000    34.8695252923
  0.90000000   0.80000000    39.4337273330
  1.00000000   0.80000000    43.9590893564
  1.10000000   0.80000000    48.3744290202
  1.20000000   0.80000000    52.5836398931
  1.30000000   0.80000000    56.4687867945
  1.40000000   0.80000000    59.8916365253
  1.50000000   0.80000000    62.7065909941
  1.60000000   0.80000000    64.7761359459
  1.70000000   0.80000000    65.9950356005
  1.80000000   0.80000000    66.3101665222
  1.90000000   0.80000000    65.7330013878
  2.00000000   0.80000000    64.3392910880
  2.10000000   0.80000000    62.2568482883
  2.20000000   0.80000000    59.6454995876
  2.30000000   0.80000000    56.6736486346
  2.40000000   0.80000000    53.5028001379
  2.50000000   0.80000000    50.2753273365
  2.60000000   0.80000000    47.1126753574
  2.70000000   0.80000000    44.1127371320
  2.80000000   0.80000000    41.3545506264
  2.90000000   0.80000000    38.8985655614
  3.00000000   0.80000000    36.7921776257
  3.10000000   0.80000000    35.0699908284
  3.20000000   0.80000000    33.7581270445
  3.30000000   0.80000000    32.8740988766
  3.40000000   0.80000000    32.4294228671
  3.50000000   0.80000000    32.4294228671

  0.00000000   0.90000000     0.0000000000
  0.10000000   0.90000000     4.4604001549
  0.20000000   0.90000000     8.9484559838
  0.30000000   0.90000000    13.4900922449
  0.40000000   0.90000000    18.1087796256
  0.50000000   0.90000000    22.8224059848
  0.60000000   0.90000000    27.6429950617
  0.70000000   0.90000000    32.5718269789
  0.80000000   0.90000000    37.5987757930
  0.90000000   0.90000000    42.6953526867
  1.00000000   0.90000000    47.8128592073
  1.10000000   0.90000000    52.8737370342
  1.20000000   0.90000000    57.7693785285
  1.30000000   0.90000000    62.3537758222
  1.40000000   0.90000000    66.4481447837
  1.50000000   0.90000000    69.8498648452
  1.60000000   0.90000000    72.3596284730
  1.70000000   0.90000000    73.8169621498
  1.80000000   0.90000000    74.1387205964
  1.90000000   0.90000000    73.3372758821
  2.00000000   0.90000000    71.5203282840
  2.10000000   0.90000000    68.8719021242
  2.20000000   0.90000000    65.6145534030
  2.30000000   0.90000000    61.9741211297
  2.40000000   0.90000000    58.1536171513
  2.50000000   0.90000000    54.3242933501
  2.60000000   0.90000000    50.6216685197
  2.70000000   0.90000000    47.1515007533
  2.80000000   0.90000000    43.9923745919
  2.90000000   0.90000000    41.2037538809
  3.00000000   0.90000000    38.8280595417
  3.10000000   0.90000000    36.8968572761
  3.20000000   0.90000000    35.4315456876
  3.30000000   0.90000000    34.4472649846
  3.40000000   0.90000000    33.9528872336
  3.50000000   0.90000000    33.9528872336

  0.00000000   1.00000000     0.0000000000
  0.10000000   1.00000000     4.7288951090
  0.20000000   1.00000000     9.4937940827
  0.30000000   1.00000000    14.3297276314
  0.40000000   1.00000000    19.2685649689
  0.50000000   1.00000000    24.3387127789
  0.60000000   1.00000000    29.5612334617
  0.70000000   1.00000000    34.9493193238
  0.80000000   1.00000000    40.5019997594
  0.90000000   1.00000000    46.2019070064
  1.00000000   1.00000000    52.0054849192
  1.10000000   1.00000000    57.8373651866
  1.20000000   1.00000000    63.5770410541
  1.30000000   1.00000000    69.0518306827
  1.40000000   1.00000000    74.0290023217
  1.50000000   1.00000000    78.2267095288
  1.60000000   1.00000000    81.3456140823
  1.70000000   1.00000000    83.1345956613
  1.80000000   1.00000000    83.4613003502
  1.90000000   1.00000000    82.3397478053
  2.00000000   1.00000000    79.9291513449
  2.10000000   1.00000000    76.5055118285
  2.20000000   1.00000000    72.3915054454
  2.30000000   1.00000000    67.8925517659
  2.40000000   1.00000000    63.2658474794
  2.50000000   1.00000000    58.7104132923
  2.60000000   1.00000000    54.3747794536
  2.70000000   1.00000000    50.3644951722
  2.80000000   1.00000000    46.7549553648
  2.90000000   1.00000000    43.5973498745
  3.00000000   1.00000000    40.9278302075
  3.10000000   1.00000000    38.7699501713
  3.20000000   1.00000000    37.1402040788
  3.30000000   1.00000000    36.0485543323
  3.40000000   1.00000000    35.5013682962
  3.50000000   1.00000000    35.5013682962

  0.00000000   1.10000000     0.0000000000
  0.10000000   1.10000000     4.9957203839
  0.20000000   1.10000000    10.0368086917
  0.30000000   1.10000000    15.1674603322
  0.40000000   1.10000000    20.4304391861
  0.50000000   1.10000000    25.8645071221
  0.60000000   1.10000000    31.5043536394
  0.70000000   1.10000000    37.3759244785
  0.80000000   1.10000000    43.4950670438
  0.90000000   1.10000000    49.8591788613
  1.00000000   1.10000000    56.4416271305
  1.10000000   1.10000000    63.1765561368
  1.20000000   1.10000000    69.9448115252
  1.30000000   1.10000000    76.5499168467
  1.40000000   1.10000000    82.6998910967
  1.50000000   1.10000000    87.9987406405
  1.60000000   1.10000000    91.9857209968
  1.70000000   1.10000000    94.2470170194
  1.80000000   1.10000000    94.5754763495
  1.90000000   1.10000000    92.9877888556
  2.00000000   1.10000000    89.7221985909
  2.10000000   1.10000000    85.2178270607
  2.20000000   1.10000000    79.9580365908
  2.30000000   1.10000000    74.3614351637
  2.40000000   1.10000000    68.7446320175
  2.50000000   1.10000000    63.3309472566
  2.60000000   1.10000000    58.2690808992
  2.70000000   1.10000000    53.6566523562
  2.80000000   1.10000000    49.5545815431
  2.90000000   1.10000000    46.0017456387
  3.00000000   1.10000000    43.0208621448
  3.10000000   1.10000000    40.6262693013
  3.20000000   1.10000000    38.8254983156
  3.30000000   1.10000000    37.6232819953
  3.40000000   1.10000000    37.0216448898
  3.50000000   1.10000000    37.0216448898

  0.00000000   1.20000000     0.0000000000
  0.10000000   1.20000000     5.2510958679
  0.20000000   1.20000000    10.5570333960
  0.30000000   1.20000000    15.9724526789
  0.40000000   1.20000000    21.5505493500
  0.50000000   1.20000000    27.3434676092
  0.60000000   1.20000000    33.3995602396
  0.70000000   1.20000000    39.7633933965
  0.80000000   1.20000000    46.4703365672
  0.90000000   1.20000000    53.5436547379
  1.00000000   1.20000000    60.9829294635
  1.10000000   1.20000000    68.7518153551
  1.20000000   1.20000000    76.7512487627
  1.30000000   1.20000000    84.7849173802
  1.40000000   1.20000000    92.5063252076
  1.50000000   1.20000000    99.3712382569
  1.60000000   1.20000000   104.6441053102
  1.70000000   1.20000000   107.5923260425
  1.80000000   1.20000000   107.9163516602
  1.90000000   1.20000000   105.6384613229
  2.00000000   1.20000000   101.0968235563
  2.10000000   1.20000000    95.0476565223
  2.20000000   1.20000000    88.2451430200
  2.30000000   1.20000000    81.2539707105
  2.40000000   1.20000000    74.4445087540
  2.50000000   1.20000000    68.0407515987
  2.60000000   1.20000000    62.1725080664
  2.70000000   1.20000000    56.9099633245
  2.80000000   1.20000000    52.2898858826
  2.90000000   1.20000000    48.3281481444
  3.00000000   1.20000000    45.0308628629
  3.10000000   1.20000000    42.3976334098
  3.20000000   1.20000000    40.4265335323
  3.30000000   1.20000000    39.1143831590
  3.40000000   1.20000000    38.4590175587
  3.50000000   1.20000000    38.4590175587

  0.00000000   1.30000000     0.0000000000
  0.10000000   1.30000000     5.4846341553
  0.20000000   1.30000000    11.0336870563
  0.30000000   1.30000000    16.7115100727
  0.40000000   1.30000000    22.5831004772
  0.50000000   1.30000000    28.7130927326
  0.60000000   1.30000000    35.1668753594
  0.70000000   1.30000000    42.0081990872
  0.80000000   1.30000000    49.2994218890
  0.90000000   1.30000000    57.0958184011
  1.00000000   1.30000000    65.4406327454
  1.10000000   1.30000000    74.3485630115
  1.20000000   1.30000000    83.7805206914
  1.30000000   1.30000000    93.5891356740
  1.40000000   1.30000000   103.4261991804
  1.50000000   1.30000000   112.5908161314
  1.60000000   1.30000000   119.8833681390
  1.70000000   1.30000000   123.8225891423
  1.80000000   1.30000000   124.1302347799
  1.90000000   1.30000000   120.8402599260
  2.00000000   1.30000000   114.2874324760
  2.10000000   1.30000000   105.9645151247
  2.20000000   1.30000000    97.0795957547
  2.30000000   1.30000000    88.3495670793
  2.40000000   1.30000000    80.1460445366
  2.50000000   1.30000000    72.6449531830
  2.60000000   1.30000000    65.9180235989
  2.70000000   1.30000000    59.9862664963
  2.80000000   1.30000000    54.8452562616
  2.90000000   1.30000000    50.4812490610
  3.00000000   1.30000000    46.8765061918
  3.10000000   1.30000000    44.0147379654
  3.20000000   1.30000000    41.8812922052
  3.30000000   1.30000000    40.4653464432
  3.40000000   1.30000000    39.7592140096
  3.50000000   1.30000000    39.7592140096

  0.00000000   1.40000000     0.0000000000
  0.10000000   1.40000000     5.6863724145
  0.20000000   1.40000000    11.4457875241
  0.30000000   1.40000000    17.3522251974
  0.40000000   1.40000000    23.4809118136
  0.50000000   1.40000000    29.9100189365
  0.60000000   1.40000000    36.7205117430
  0.70000000   1.40000000    43.9984719470
  0.80000000   1.40000000    51.8342791391
  0.90000000   1.40000000    60.3243442194
  1.00000000   1.40000000    69.5672279505
  1.10000000   1.40000000    79.6584102735
  1.20000000   1.40000000    90.6689638707
  1.30000000   1.40000000   102.5975653557
  1.40000000   1.40000000   115.2435057537
  1.50000000   1.40000000   127.9003258384
  1.60000000   1.40000000   138.6881198481
  1.70000000   1.40000000   143.8982006692
  1.80000000   1.40000000   144.1650298585
  1.90000000   1.40000000   139.5466710659
  2.00000000   1.40000000   129.5174627828
  2.10000000   1.40000000   117.7438069693
  2.20000000   1.40000000   106.0924772777
  2.30000000   1.40000000    95.2819562835
  2.40000000   1.40000000    85.5374934846
  2.50000000   1.40000000    76.8915045980
  2.60000000   1.40000000    69.3078362311
  2.70000000   1.40000000    62.7291633287
  2.80000000   1.40000000    57.0978641958
  2.90000000   1.40000000    52.3616028486
  3.00000000   1.40000000    48.4771268509
  3.10000000   1.40000000    45.4090449864
  3.20000000   1.40000000    43.1306538401
  3.30000000   1.40000000    41.6221891394
  3.40000000   1.40000000    40.8711137773
  3.50000000   1.40000000    40.8711137773

  0.00000000   1.50000000     0.0000000000
  0.10000000   1.50000000     5.8469675375
  0.20000000   1.50000000    11.7743653473
  0.30000000   1.50000000    17.8638628902
  0.40000000   1.50000000    24.2002371620
  0.50000000   1.50000000    30.8725459855
  0.60000000   1.50000000    37.9771694474
  0.70000000   1.50000000    45.6196699413
  0.80000000   1.50000000    53.9196958473
  0.90000000   1.50000000    63.0145616464
  1.00000000   1.50000000    73.0667639776
  1.10000000   1.50000000    84.2698463378
  1.20000000   1.50000000    96.8564502962
  1.30000000   1.50000000   111.0950330371
  1.40000000   1.50000000   127.2423321338
  1.50000000   1.50000000   145.2534551771
  1.60000000   1.50000000   163.2303432774
  1.70000000   1.50000000   169.0731422108
  1.80000000   1.50000000   169.2493236003
  1.90000000   1.50000000   163.8497391935
  2.00000000   1.50000000   146.7148961961
  2.10000000   1.50000000   129.6661695692
  2.20000000   1.50000000   114.5702727457
  2.30000000   1.50000000   101.4919823925
  2.40000000   1.50000000    90.2066011912
  2.50000000   1.50000000    80.4815542534
  2.60000000   1.50000000    72.1225281831
  2.70000000   1.50000000    64.9764901277
  2.80000000   1.50000000    58.9241218380
  2.90000000   1.50000000    53.8741289508
  3.00000000   1.50000000    49.7563174980
  3.10000000   1.50000000    46.5182167424
  3.20000000   1.50000000    44.1208082554
  3.30000000   1.50000000    42.5369755364
  3.40000000   1.50000000    41.7492505986
  3.50000000   1.50000000    41.7492505986

  0.00000000   1.60000000     0.0000000000
  0.10000000   1.60000000     5.9587559045
  0.20000000   1.60000000    12.0031799022
  0.30000000   1.60000000    18.2208485090
  0.40000000   1.60000000    24.7030665113
  0.50000000   1.60000000    31.5477484870
  0.60000000   1.60000000    38.8622134057
  0.70000000   1.60000000    46.7683437140
  0.80000000   1.60000000    55.4083527476
  0.90000000   1.60000000    64.9551123858
  1.00000000   1.60000000    75.6258609578
  1.10000000   1.60000000    87.7063631465
  1.20000000   1.60000000   101.5908796843
  1.30000000   1.60000000   117.8670278679
  1.40000000   1.60000000   137.5362106569
  1.50000000   1.60000000   162.7686475372
  1.60000000   1.60000000   200.0000000000
  1.70000000   1.60000000   200.0000000000
  1.80000000   1.60000000   200.0000000000
  1.90000000   1.60000000   200.0000000000
  2.00000000   1.60000000   163.9969866073
  2.10000000   1.60000000   139.8644181893
  2.20000000   1.60000000   121.3110994649
  2.30000000   1.60000000   106.2337795848
  2.40000000   1.60000000    93.6786881331
  2.50000000   1.60000000    83.1007747343
  2.60000000   1.60000000    74.1474924286
  2.70000000   1.60000000    66.5758720853
  2.80000000   1.60000000    60.2134698102
  2.90000000   1.60000000    54.9350590071
  3.00000000   1.60000000    50.6493938832
  3.10000000   1.60000000    47.2895535771
  3.20000000   1.60000000    44.8076188064
  3.30000000   1.60000000    43.1702699494
  3.40000000   1.60000000    42.3566644824
  3.50000000   1.60000000    42.3566644824

  0.00000000   1.70000000     0.0000000000
  0.10000000   1.70000000     6.0161022390
  0.20000000   1.70000000    12.1206762891
  0.30000000   1.70000000    18.4042579842
  0.40000000   1.70000000    24.9618764567
  0.50000000   1.70000000    31.8958540049
  0.60000000   1.70000000    39.3198887631
  0.70000000   1.70000000    47.3643636123
  0.80000000   1.70000000    56.1846781870
  0.90000000   1.70000000    65.9732470163
  1.00000000   1.70000000    76.9789135021
  1.10000000   1.70000000    89.5372134985
  1.20000000   1.70000000   104.1198066407
  1.30000000   1.70000000   121.4101571957
  1.40000000   1.70000000   142.3982758227
  1.50000000   1.70000000   168.3666369043
  1.60000000   1.70000000   200.0000000000
  1.70000000   1.70000000   200.0000000000
  1.80000000   1.70000000   200.0000000000
  1.90000000   1.70000000   200.0000000000
  2.00000000   1.70000000   169.5259290411
  2.10000000   1.70000000   144.6811091543
  2.20000000   1.70000000   124.8357401573
  2.30000000   1.70000000   108.7642554289
  2.40000000   1.70000000    95.5263576027
  2.50000000   1.70000000    84.4837146177
  2.60000000   1.70000000    75.2082330530
  2.70000000   1.70000000    67.4083656528
  2.80000000   1.70000000    60.8810409115
  2.90000000   1.70000000    55.4822761853
  3.00000000   1.70000000    51.1085187120
  3.10000000   1.70000000    47.6852380280
  3.20000000   1.70000000    45.1592719885
  3.30000000   1.70000000    43.4941956233
  3.40000000   1.70000000    42.6671521025
  3.50000000   1.70000000    42.6671521025

  0.00000000   1.80000000     0.0000000000
  0.10000000   1.80000000     6.0161022390
  0.20000000   1.80000000    12.1206762891
  0.30000000   1.80000000    18.4042579842
  0.40000000   1.80000000    24.9618764567
  0.50000000   1.80000000    31.8958540049
  0.60000000   1.80000000    39.3198887631
  0.70000000   1.80000000    47.3643636123
  0.80000000   1.80000000    56.1846781870
  0.90000000   1.80000000    65.9732470163
  1.00000000   1.80000000    76.9789135021
  1.10000000   1.80000000    89.5372134985
  1.20000000   1.80000000   104.1198066407
  1.30000000   1.80000000   121.4101571957
  1.40000000   1.80000000   142.3982758227
  1.50000000   1.80000000   168.3666369043
  1.60000000   1.80000000   200.0000000000
  1.70000000   1.80000000   200.0000000000
  1.80000000   1.80000000   200.0000000000
  1.90000000   1.80000000   200.0000000000
  2.00000000   1.80000000   169.5259290411
  2.10000000   1.80000000   144.6811091543
  2.20000000   1.80000000   124.8357401573
  2.30000000   1.80000000   108.7642554289
  2.40000000   1.80000000    95.5263576027
  2.50000000   1.80000000    84.4837146177
  2.60000000   1.80000000    75.2082330530
  2.70000000   1.80000000    67.4083656528
  2.80000000   1.80000000    60.8810409115
  2.90000000   1.80000000    55.4822761853
  3.00000000   1.80000000    51.1085187120
  3.10000000   1.80000000    47.6852380280
  3.20000000   1.80000000    45.1592719885
  3.30000000   1.80000000    43.4941956233
  3.40000000   1.80000000    42.6671521025
  3.50000000   1.80000000    42.6671521025

  0.00000000   1.90000000     0.0000000000
  0.10000000   1.90000000     5.9587559045
  0.20000000   1.90000000    12.0031799022
  0.30000000   1.90000000    18.2208485090
  0.40000000   1.90000000    24.7030665113
  0.50000000   1.90000000    31.5477484870
  0.60000000   1.90000000    38.8622134057
  0.70000000   1.90000000    46.7683437140
  0.80000000   1.90000000    55.4083527476
  0.90000000   1.90000000    64.9551123858
  1.00000000   1.90000000    75.6258609578
  1.10000000   1.90000000    87.7063631465
  1.20000000   1.90000000   101.5908796843
  1.30000000   1.90000000   117.8670278679
  1.40000000   1.90000000   137.5362106569
  1.50000000   1.90000000   162.7686475372
  1.60000000   1.90000000   200.0000000000
  1.70000000   1.90000000   200.0000000000
  1.80000000   1.90000000   200.0000000000
  1.90000000   1.90000000   200.0000000000
  2.00000000   1.90000000   163.9969866073
  2.10000000   1.90000000   139.8644181893
  2.20000000   1.90000000   121.3110994649
  2.30000000   1.90000000   106.2337795848
  2.40000000   1.90000000    93.6786881331
  2.50000000   1.90000000    83.1007747343
  2.60000000   1.90000000    74.1474924286
  2.70000000   1.90000000    66.5758720853
  2.80000000   1.90000000    60.2134698102
  2.90000000   1.90000000    54.9350590071
  3.00000000   1.90000000    50.6493938832
  3.10000000   1.90000000    47.2895535771
  3.20000000   1.90000000    44.8076188064
  3.30000000   1.90000000    43.1702699494
  3.40000000   1.90000000    42.3566644824
  3.50000000   1.90000000    42.3566644824

  0.00000000   2.00000000     0.0000000000
  0.10000000   2.00000000     5.8469675375
  0.20000000   2.00000000    11.7743653473
  0.30000000   2.00000000    17.8638628902
  0.40000000   2.00000000    24.2002371620
  0.50000000   2.00000000    30.8725459855
  0.60000000   2.00000000    37.9771694474
  0.70000000   2.00000000    45.6196699413
  0.80000000   2.00000000    53.9196958473
  0.90000000   2.00000000    63.0145616464
  1.00000000   2.00000000    73.0667639776
  1.10000000   2.00000000    84.2698463378
  1.20000000   2.00000000    96.8564502962
  1.30000000   2.00000000   111.0950330371
  1.40000000   2.00000000   127.2423321338
  1.50000000   2.00000000   145.2534551771
  1.60000000   2.00000000   163.2303432774
  1.70000000   2.00000000   169.0731422108
  1.80000000   2.00000000   169.2493236003
  1.90000000   2.00000000   163.8497391935
  2.00000000   2.00000000   146.7148961961
  2.10000000   2.00000000   129.6661695692
  2.20000000   2.00000000   114.5702727457
  2.30000000   2.00000000   101.4919823925
  2.40000000   2.00000000    90.2066011912
  2.50000000   2.00000000    80.4815542534
  2.60000000   2.00000000    72.1225281831
  2.70000000   2.00000000    64.9764901277
  2.80000000   2.00000000    58.9241218380
  2.90000000   2.00000000    53.8741289508
  3.00000000   2.00000000    49.7563174980
  3.10000000   2.00000000    46.5182167424
  3.20000000   2.00000000    44.1208082554
  3.30000000   2.00000000    42.5369755364
  3.40000000   2.00000000    41.7492505986
  3.50000000   2.00000000    41.7492505986

  0.00000000   2.10000000     0.0000000000
  0.10000000   2.10000000     5.6863724145
  0.20000000   2.10000000    11.4457875241
  0.30000000   2.10000000    17.3522251974
  0.40000000   2.10000000    23.4809118136
  0.50000000   2.10000000    29.9100189365
  0.60000000   2.10000000    36.7205117430
  0.70000000   2.10000000    43.9984719470
  0.80000000   2.10000000    51.8342791391
  0.90000000   2.10000000    60.3243442194
  1.00000000   2.10000000    69.5672279505
  1.10000000   2.10000000    79.6584102735
  1.20000000   2.10000000    90.6689638707
  1.30000000   2.10000000   102.5975653557
  1.40000000   2.10000000   115.2435057537
  1.50000000   2.10000000   127.9003258384
  1.60000000   2.10000000   138.6881198481
  1.70000000   2.10000000   143.8982006692
  1.80000000   2.10000000   144.1650298585
  1.90000000   2.10000000   139.5466710659
  2.00000000   2.10000000   129.5174627828
  2.10000000   2.10000000   117.7438069693
  2.20000000   2.10000000   106.0924772777
  2.30000000   2.10000000    95.2819562835
  2.40000000   2.10000000    85.5374934846
  2.50000000   2.10000000    76.8915045980
  2.60000000   2.10000000    69.3078362311
  2.70000000   2.10000000    62.7291633287
  2.80000000   2.10000000    57.0978641958
  2.90000000   2.10000000    52.3616028486
  3.00000000   2.10000000    48.4771268509
  3.10000000   2.10000000    45.4090449864
  3.20000000   2.10000000    43.1306538401
  3.30000000   2.10000000    41.6221891394
  3.40000000   2.10000000    40.8711137773
  3.50000000   2.10000000    40.8711137773

  0.00000000   2.20000000     0.0000000000
  0.10000000   2.20000000     5.4846341553
  0.20000000   2.20000000    11.0336870563
  0.30000000   2.20000000    16.7115100727
  0.40000000   2.20000000    22.5831004772
  0.50000000   2.20000000    28.7130927326
  0.60000000   2.20000000    35.1668753594
  0.70000000   2.20000000    42.0081990872
  0.80000000   2.20000000    49.2994218890
  0.90000000   2.20000000    57.0958184011
  1.00000000   2.20000000    65.4406327454
  1.10000000   2.20000000    74.3485630115
  1.20000000   2.20000000    83.7805206914
  1.30000000   2.20000000    93.5891356740
  1.40000000   2.20000000   103.4261991804
  1.50000000   2.20000000   112.5908161314
  1.60000000   2.20000000   119.8833681390
  1.70000000   2.20000000   123.8225891423
  1.80000000   2.20000000   124.1302347799
  1.90000000   2.20000000   120.8402599260
  2.00000000   2.20000000   114.2874324760
  2.10000000   2.20000000   105.9645151247
  2.20000000   2.20000000    97.0795957547
  2.30000000   2.20000000    88.3495670793
  2.40000000   2.20000000    80.1460445366
  2.50000000   2.20000000    72.6449531830
  2.60000000   2.20000000    65.9180235989
  2.70000000   2.20000000    59.9862664963
  2.80000000   2.20000000    54.8452562616
  2.90000000   2.20000000    50.4812490610
  3.00000000   2.20000000    46.8765061918
  3.10000000   2.20000000    44.0147379654
  3.20000000   2.20000000    41.8812922052
  3.30000000   2.20000000    40.4653464432
  3.40000000   2.20000000    39.7592140096
  3.50000000   2.20000000    39.7592140096

  0.00000000   2.30000000     0.0000000000
  0.10000000   2.30000000     5.2510958679
  0.20000000   2.30000000    10.5570333960
  0.30000000   2.30000000    15.9724526789
  0.40000000   2.30000000    21.5505493500
  0.50000000   2.30000000    27.3434676092
  0.60000000   2.30000000    33.3995602396
  0.70000000   2.30000000    39.7633933965
  0.80000000   2.30000000    46.4703365672
  0.90000000   2.30000000    53.5436547379
  1.00000000   2.30000000    60.9829294635
  1.10000000   2.30000000    68.7518153551
  1.20000000   2.30000000    76.7512487627
  1.30000000   2.30000000    84.7849173802
  1.40000000   2.30000000    92.5063252076
  1.50000000   2.30000000    99.3712382569
  1.60000000   2.30000000   104.6441053102
  1.70000000   2.30000000   107.5923260425
  1.80000000   2.30000000   107.9163516602
  1.90000000   2.30000000   105.6384613229
  2.00000000   2.30000000   101.0968235563
  2.10000000   2.30000000    95.0476565223
  2.20000000   2.30000000    88.2451430200
  2.30000000   2.30000000    81.2539707105
  2.40000000   2.30000000    74.4445087540
  2.50000000   2.30000000    68.0407515987
  2.60000000   2.30000000    62.1725080664
  2.70000000   2.30000000    56.9099633245
  2.80000000   2.30000000    52.2898858826
  2.90000000   2.30000000    48.3281481444
  3.00000000   2.30000000    45.0308628629
  3.10000000   2.30000000    42.3976334098
  3.20000000   2.30000000    40.4265335323
  3.30000000   2.30000000    39.1143831590
  3.40000000   2.30000000    38.4590175587
  3.50000000   2.30000000    38.4590175587

  0.00000000   2.40000000     0.0000000000
  0.10000000   2.40000000     4.9957203839
  0.20000000   2.40000000    10.0368086917
  0.30000000   2.40000000    15.1674603322
  0.40000000   2.40000000    20.4304391861
  0.50000000   2.40000000    25.8645071221
  0.60000000   2.40000000    31.5043536394
  0.70000000   2.40000000    37.3759244785
  0.80000000   2.40000000    43.4950670438
  0.90000000   2.40000000    49.8591788613
  1.00000000   2.40000000    56.4416271305
  1.10000000   2.40000000    63.1765561368
  1.20000000   2.40000000    69.9448115252
  1.30000000   2.40000000    76.5499168467
  1.40000000   2.40000000    82.6998910967
  1.50000000   2.40000000    87.9987406405
  1.60000000   2.40000000    91.9857209968
  1.70000000   2.40000000    94.2470170194
  1.80000000   2.40000000    94.5754763495
  1.90000000   2.40000000    92.9877888556
  2.00000000   2.40000000    89.7221985909
  2.10000000   2.40000000    85.2178270607
  2.20000000   2.40000000    79.9580365908
  2.30000000   2.40000000    74.3614351637
  2.40000000   2.40000000    68.7446320175
  2.50000000   2.40000000    63.3309472566
  2.60000000   2.40000000    58.2690808992
  2.70000000   2.40000000    53.6566523562
  2.80000000   2.40000000    49.5545815431
  2.90000000   2.40000000    46.0017456387
  3.00000000   2.40000000    43.0208621448
  3.10000000   2.40000000    40.6262693013
  3.20000000   2.40000000    38.8254983156
  3.30000000   2.40000000    37.6232819953
  3.40000000   2.40000000    37.0216448898
  3.50000000   2.40000000    37.0216448898

  0.00000000   2.50000000     0.0000000000
  0.10000000   2.50000000     4.7288951090
  0.20000000   2.50000000     9.4937940827
  0.30000000   2.50000000    14.3297276314
  0.40000000   2.50000000    19.2685649689
  0.50000000   2.50000000    24.3387127789
  0.60000000   2.50000000    29.5612334617
  0.70000000   2.50000000    34.9493193238
  0.80000000   2.50000000    40.5019997594
  0.90000000   2.50000000    46.2019070064
  1.00000000   2.50000000    52.0054849192
  1.10000000   2.50000000    57.8373651866
  1.20000000   2.50000000    63.5770410541
  1.30000000   2.50000000    69.0518306827
  1.40000000   2.50000000    74.0290023217
  1.50000000   2.50000000    78.2267095288
  1.60000000   2.50000000    81.3456140823
  1.70000000   2.50000000    83.1345956613
  1.80000000   2.50000000    83.4613003502
  1.90000000   2.50000000    82.3397478053
  2.00000000   2.50000000    79.9291513449
  2.10000000   2.50000000    76.5055118285
  2.20000000   2.50000000    72.3915054454
  2.30000000   2.50000000    67.8925517659
  2.40000000   2.50000000    63.2658474794
  2.50000000   2.50000000    58.7104132923
  2.60000000   2.50000000    54.3747794536
  2.70000000   2.50000000    50.3644951722
  2.80000000   2.50000000    46.7549553648
  2.90000000   2.50000000    43.5973498745
  3.00000000   2.50000000    40.9278302075
  3.10000000   2.50000000    38.7699501713
  3.20000000   2.50000000    37.1402040788
  3.30000000   2.50000000    36.0485543323
  3.40000000   2.50000000    35.5013682962
  3.50000000   2.50000000    35.5013682962

  0.00000000   2.60000000     0.0000000000
  0.10000000   2.60000000     4.4604001549
  0.20000000   2.60000000     8.9484559838
  0.30000000   2.60000000    13.4900922449
  0.40000000   2.60000000    18.1087796256
  0.50000000   2.60000000    22.8224059848
  0.60000000   2.60000000    27.6429950617
  0.70000000   2.60000000    32.5718269789
  0.80000000   2.60000000    37.5987757930
  0.90000000   2.60000000    42.6953526867
  1.00000000   2.60000000    47.8128592073
  1.10000000   2.60000000    52.8737370342
  1.20000000   2.60000000    57.7693785285
  1.30000000   2.60000000    62.3537758222
  1.40000000   2.60000000    66.4481447837
  1.50000000   2.60000000    69.8498648452
  1.60000000   2.60000000    72.3596284730
  1.70000000   2.60000000    73.8169621498
  1.80000000   2.60000000    74.1387205964
  1.90000000   2.60000000    73.3372758821
  2.00000000   2.60000000    71.5203282840
  2.10000000   2.60000000    68.8719021242
  2.20000000   2.60000000    65.6145534030
  2.30000000   2.60000000    61.9741211297
  2.40000000   2.60000000    58.1536171513
  2.50000000   2.60000000    54.3242933501
  2.60000000   2.60000000    50.6216685197
  2.70000000   2.60000000    47.1515007533
  2.80000000   2.60000000    43.9923745919
  2.90000000   2.60000000    41.2037538809
  3.00000000   2.60000000    38.8280595417
  3.10000000   2.60000000    36.8968572761
  3.20000000   2.60000000    35.4315456876
  3.30000000   2.60000000    34.4472649846
  3.40000000   2.60000000    33.9528872336
  3.50000000   2.60000000    33.9528872336

  0.00000000   2.70000000     0.0000000000
  0.10000000   2.70000000     4.1995479701
  0.20000000   2.70000000     8.4190971142
  0.30000000   2.70000000    12.6773876878
  0.40000000   2.70000000    16.9894689334
  0.50000000   2.70000000    21.3662659834
  0.60000000   2.70000000    25.8107708637
  0.70000000   2.70000000    30.3179551491
  0.80000000   2.70000000    34.8695252923
  0.90000000   2.70000000    39.4337273330
  1.00000000   2.70000000    43.9590893564
  1.10000000   2.70000000    48.3744290202
  1.20000000   2.70000000    52.5836398931
  1.30000000   2.70000000    56.4687867945
  1.40000000   2.70000000    59.8916365253
  1.50000000   2.70000000    62.7065909941
  1.60000000   2.70000000    64.7761359459
  1.70000000   2.70000000    65.9950356005
  1.80000000   2.70000000    66.3101665222
  1.90000000   2.70000000    65.7330013878
  2.00000000   2.70000000    64.3392910880
  2.10000000   2.70000000    62.2568482883
  2.20000000   2.70000000    59.6454995876
  2.30000000   2.70000000    56.6736486346
  2.40000000   2.70000000    53.5028001379
  2.50000000   2.70000000    50.2753273365
  2.60000000   2.70000000    47.1126753574
  2.70000000   2.70000000    44.1127371320
  2.80000000   2.70000000    41.3545506264
  2.90000000   2.70000000    38.8985655614
  3.00000000   2.70000000    36.7921776257
  3.10000000   2.70000000    35.0699908284
  3.20000000   2.70000000    33.7581270445
  3.30000000   2.70000000    32.8740988766
  3.40000000   2.70000000    32.4294228671
  3.50000000   2.70000000    32.4294228671

  0.00000000   2.80000000     0.0000000000
  0.10000000   2.80000000     3.9543718298
  0.20000000   2.80000000     7.9224528300
  0.30000000   2.80000000    11.9161573971
  0.40000000   2.80000000    15.9448014347
  0.50000000   2.80000000    20.0121678391
  0.60000000   2.80000000    24.1164267465
  0.70000000   2.80000000    28.2460854704
  0.80000000   2.80000000    32.3803593951
  0.90000000   2.80000000    36.4843698945
  1.00000000   2.80000000    40.5100434255
  1.10000000   2.80000000    44.3917501844
  1.20000000   2.80000000    48.0489358350
  1.30000000   2.80000000    51.3850284838
  1.40000000   2.80000000    54.2947868187
  1.50000000   2.80000000    56.6704706702
  1.60000000   2.80000000    58.4160436503
  1.70000000   2.80000000    59.4597032680
  1.80000000   2.80000000    59.7676109348
  1.90000000   2.80000000    59.3504339535
  2.00000000   2.80000000    58.2635100315
  2.10000000   2.80000000    56.5999547144
  2.20000000   2.80000000    54.4774388922
  2.30000000   2.80000000    52.0255023641
  2.40000000   2.80000000    49.3719696179
  2.50000000   2.80000000    46.6365636063
  2.60000000   2.80000000    43.9240552463
  2.70000000   2.80000000    41.3249364093
  2.80000000   2.80000000    38.9131014530
  2.90000000   2.80000000    36.7495720490
  3.00000000   2.80000000    34.8817082416
  3.10000000   2.80000000    33.3471553856
  3.20000000   2.80000000    32.1733306872
  3.30000000   2.80000000    31.3803738690
  3.40000000   2.80000000    30.9807411368
  3.50000000   2.80000000    30.9807411368

  0.00000000   2.90000000     0.0000000000
  0.10000000   2.90000000     3.7320471548
  0.20000000   2.90000000     7.4723589365
  0.30000000   2.90000000    11.2279659401
  0.40000000   2.90000000    15.0024664920
  0.50000000   2.90000000    18.7956577061
  0.60000000   2.90000000    22.6004138084
  0.70000000   2.90000000    26.4030372308
  0.80000000   2.90000000    30.1795000670
  0.90000000   2.90000000    33.8965147552
  1.00000000   2.90000000    37.5078940210
  1.10000000   2.90000000    40.9568469940
  1.20000000   2.90000000    44.1740192000
  1.30000000   2.90000000    47.0823552855
  1.40000000   2.90000000    49.5990792793
  1.50000000   2.90000000    51.6444908897
  1.60000000   2.90000000    53.1486850128
  1.70000000   2.90000000    54.0622118006
  1.80000000   2.90000000    54.3628853398
  1.90000000   2.90000000    54.0609140697
  2.00000000   2.90000000    53.1987589196
  2.10000000   2.90000000    51.8464140696
  2.20000000   2.90000000    50.0943769732
  2.30000000   2.90000000    48.0434866128
  2.40000000   2.90000000    45.7979977131
  2.50000000   2.90000000    43.4572512267
  2.60000000   2.90000000    41.1133596113
  2.70000000   2.90000000    38.8466724383
  2.80000000   2.90000000    36.7272072345
  2.90000000   2.90000000    34.8124962016
  3.00000000   2.90000000    33.1504817821
  3.10000000   2.90000000    31.7783609722
  3.20000000   2.90000000    30.7253657879
  3.30000000   2.90000000    30.0120364623
  3.40000000   2.90000000    29.6521033490
  3.50000000   2.90000000    29.6521033490

  0.00000000   3.00000000     0.0000000000
  0.10000000   3.00000000     3.5383173466
  0.20000000   3.00000000     7.0807612091
  0.30000000   3.00000000    10.6298697349
  0.40000000   3.00000000    14.1858306307
  0.50000000   3.00000000    17.7441146164
  0.60000000   3.00000000    21.2955068198
  0.70000000   3.00000000    24.8231815454
  0.80000000   3.00000000    28.3035314730
  0.90000000   3.00000000    31.7031919028
  1.00000000   3.00000000    34.9808932244
  1.10000000   3.00000000    38.0853787097
  1.20000000   3.00000000    40.9588957657
  1.30000000   3.00000000    43.5373514203
  1.40000000   3.00000000    45.7561805530
  1.50000000   3.00000000    47.5536401964
  1.60000000   3.00000000    48.8785165415
  1.70000000   3.00000000    49.6950682167
  1.80000000   3.00000000    49.9890807531
  1.90000000   3.00000000    49.7702520529
  2.00000000   3.00000000    49.0723830560
  2.10000000   3.00000000    47.9507924332
  2.20000000   3.00000000    46.4766680107
  2.30000000   3.00000000    44.7319336811
  2.40000000   3.00000000    42.8019459314
  2.50000000   3.00000000    40.7719378230
  2.60000000   3.00000000    38.7214641502
  2.70000000   3.00000000    36.7238292215
  2.80000000   3.00000000    34.8427527903
  2.90000000   3.00000000    33.1338368308
  3.00000000   3.00000000    31.6426671963
  3.10000000   3.00000000    30.4069513749
  3.20000000   3.00000000    29.4553912096
  3.30000000   3.00000000    28.8095290320
  3.40000000   3.00000000    28.4831088642
  3.50000000   3.00000000    28.4831088642

  0.00000000   3.10000000     0.0000000000
  0.10000000   3.10000000     3.3780202629
  0.20000000   3.10000000     6.7568158793
  0.30000000   3.10000000    10.1360480554
  0.40000000   3.10000000    13.5125004347
  0.50000000   3.10000000    16.8796828477
  0.60000000   3.10000000    20.2255920358
  0.70000000   3.10000000    23.5330828855
  0.80000000   3.10000000    26.7775106199
  0.90000000   3.10000000    29.9280058233
  1.00000000   3.10000000    32.9456118506
  1.10000000   3.10000000    35.7857764582
  1.20000000   3.10000000    38.3978321017
  1.30000000   3.10000000    40.7290939154
  1.40000000   3.10000000    42.7263922040
  1.50000000   3.10000000    44.3416459384
  1.60000000   3.10000000    45.5350839917
  1.70000000   3.10000000    46.2806739307
  1.80000000   3.10000000    46.5688993907
  1.90000000   3.10000000    46.4091865117
  2.00000000   3.10000000    45.8298334532
  2.10000000   3.10000000    44.8759247715
  2.20000000   3.10000000    43.6064089673
  2.30000000   3.10000000    42.0890045931
  2.40000000   3.10000000    40.3967887986
  2.50000000   3.10000000    38.6028996632
  2.60000000   3.10000000    36.7786979695
  2.70000000   3.10000000    34.9898206385
  2.80000000   3.10000000    33.2962225636
  2.90000000   3.10000000    31.7496592360
  3.00000000   3.10000000    30.3948643962
  3.10000000   3.10000000    29.2680269041
  3.20000000   3.10000000    28.3982359951
  3.30000000   3.10000000    27.8065970495
  3.40000000   3.10000000    27.5073239618
  3.50000000   3.10000000    27.5073239618

  0.00000000   3.20000000     0.0000000000
  0.10000000   3.20000000     3.2547076972
  0.20000000   3.20000000     6.5079176156
  0.30000000   3.20000000     9.7568113199
  0.40000000   3.20000000    12.9964580494
  0.50000000   3.20000000    16.2181171634
  0.60000000   3.20000000    19.4090821842
  0.70000000   3.20000000    22.5508694407
  0.80000000   3.20000000    25.6198306627
  0.90000000   3.20000000    28.5856502548
  1.00000000   3.20000000    31.4129387473
  1.10000000   3.20000000    34.0606064382
  1.20000000   3.20000000    36.4846833867
  1.30000000   3.20000000    38.6390918660
  1.40000000   3.20000000    40.4796847428
  1.50000000   3.20000000    41.9664138765
  1.60000000   3.20000000    43.0677938982
  1.70000000   3.20000000    43.7634170405
  1.80000000   3.20000000    44.0470832783
  1.90000000   3.20000000    43.9279141074
  2.00000000   3.20000000    43.4304920512
  2.10000000   3.20000000    42.5936667175
  2.20000000   3.20000000    41.4676948758
  2.30000000   3.20000000    40.1116138899
  2.40000000   3.20000000    38.5890049425
  2.50000000   3.20000000    36.9656283382
  2.60000000   3.20000000    35.3055144990
  2.70000000   3.20000000    33.6698532292
  2.80000000   3.20000000    32.1141514221
  2.90000000   3.20000000    30.6883348499
  3.00000000   3.20000000    29.4349349893
  3.10000000   3.20000000    28.3898525910
  3.20000000   3.20000000    27.5812905595
  3.30000000   3.20000000    27.0306006693
  3.40000000   3.20000000    26.7517264983
  3.50000000   3.20000000    26.7517264983

  0.00000000   3.30000000     0.0000000000
  0.10000000   3.30000000     3.1710988573
  0.20000000   3.30000000     6.3391333763
  0.30000000   3.30000000     9.4999848267
  0.40000000   3.30000000    12.6471614837
  0.50000000   3.30000000    15.7711635693
  0.60000000   3.30000000    18.8581078013
  0.70000000   3.30000000    21.8896702345
  0.80000000   3.30000000    24.8419583828
  0.90000000   3.30000000    27.6862346530
  1.00000000   3.30000000    30.3884383290
  1.10000000   3.30000000    32.9109133438
  1.20000000   3.30000000    35.2129733506
  1.30000000   3.30000000    37.2537147842
  1.40000000   3.30000000    38.9937294033
  1.50000000   3.30000000    40.3986163728
  1.60000000   3.30000000    41.4412948195
  1.70000000   3.30000000    42.1051267520
  1.80000000   3.30000000    42.3856204992
  1.90000000   3.30000000    42.2917649460
  2.00000000   3.30000000    41.8460245572
  2.10000000   3.30000000    41.0832107244
  2.20000000   3.30000000    40.0487509557
  2.30000000   3.30000000    38.7957398416
  2.40000000   3.30000000    37.3825388129
  2.50000000   3.30000000    35.8693612163
  2.60000000   3.30000000    34.3163594290
  2.70000000   3.30000000    32.7807806638
  2.80000000   3.30000000    31.3160399021
  2.90000000   3.30000000    29.9697856014
  3.00000000   3.30000000    28.7838171369
  3.10000000   3.30000000    27.7929419672
  3.20000000   3.30000000    27.0253239405
  3.30000000   3.30000000    26.5018857408
  3.40000000   3.30000000    26.2366899861
  3.50000000   3.30000000    26.2366899861

  0.00000000   3.40000000     0.0000000000
  0.10000000   3.40000000     3.1288597103
  0.20000000   3.40000000     6.2539385328
  0.30000000   3.40000000     9.3703326500
  0.40000000   3.40000000    12.4710388003
  0.50000000   3.40000000    15.5458663062
  0.60000000   3.40000000    18.5807876295
  0.70000000   3.40000000    21.5571140278
  0.80000000   3.40000000    24.4513938484
  0.90000000   3.40000000    27.2351486074
  1.00000000   3.40000000    29.8755769295
  1.10000000   3.40000000    32.3361642192
  1.20000000   3.40000000    34.5783851086
  1.30000000   3.40000000    36.5633374572
  1.40000000   3.40000000    38.2543355713
  1.50000000   3.40000000    39.6192733678
  1.60000000   3.40000000    40.6334473799
  1.70000000   3.40000000    41.2817607943
  1.80000000   3.40000000    41.5606428721
  1.90000000   3.40000000    41.4789797747
  2.00000000   3.40000000    41.0581821394
  2.10000000   3.40000000    40.3313110206
  2.20000000   3.40000000    39.3412761485
  2.30000000   3.40000000    38.1386502361
  2.40000000   3.40000000    36.7789055133
  2.50000000   3.40000000    35.3199838784
  2.60000000   3.40000000    33.8196564283
  2.70000000   3.40000000    32.3336878654
  2.80000000   3.40000000    30.9139317632
  2.90000000   3.40000000    29.6073406881
  3.00000000   3.40000000    28.4548649383
  3.10000000   3.40000000    27.4911266867
  3.20000000   3.40000000    26.7439035927
  3.30000000   3.40000000    26.2341428027
  3.40000000   3.40000000    25.9757701326
  3.50000000   3.40000000    25.9757701326

  0.00000000   3.50000000     0.0000000000
  0.10000000   3.50000000     3.1288597103
  0.20000000   3.50000000     6.2539385328
  0.30000000   3.50000000     9.3703326500
  0.40000000   3.50000000    12.4710388003
  0.50000000   3.50000000    15.5458663062
  0.60000000   3.50000000    18.5807876295
  0.70000000   3.50000000    21.5571140278
  0.80000000   3.50000000    24.4513938484
  0.90000000   3.50000000    27.2351486074
  1.00000000   3.50000000    29.8755769295
  1.10000000   3.50000000    32.3361642192
  1.20000000   3.50000000    34.5783851086
  1.30000000   3.50000000    36.5633374572
  1.40000000   3.50000000    38.2543355713
  1.50000000   3.50000000    39.6192733678
  1.60000000   3.50000000    40.6334473799
  1.70000000   3.50000000    41.2817607943
  1.80000000   3.50000000    41.5606428721
  1.90000000   3.50000000    41.4789797747
  2.00000000   3.50000000    41.0581821394
  2.10000000   3.50000000    40.3313110206
  2.20000000   3.50000000    39.3412761485
  2.30000000   3.50000000    38.1386502361
  2.40000000   3.50000000    36.7789055133
  2.50000000   3.50000000    35.3199838784
  2.60000000   3.50000000    33.8196564283
  2.70000000   3.50000000    32.3336878654
  2.80000000   3.50000000    30.9139317632
  2.90000000   3.50000000    29.6073406881
  3.00000000   3.50000000    28.4548649383
  3.10000000   3.50000000    27.4911266867
  3.20000000   3.50000000    26.7439035927
  3.30000000   3.50000000    26.2341428027
  3.40000000   3.50000000    25.9757701326
  3.50000000   3.50000000    25.9757701326

