  0.00000000   0.00000000     0.0000000000
  0.10000000   0.00000000     5.6707035413
  0.20000000   0.00000000    11.3222125250
  0.30000000   0.00000000    16.9347348120
  0.40000000   0.00000000    22.4873105270
  0.50000000   0.00000000    27.9572991438
  0.60000000   0.00000000    33.3199592564
  0.70000000   0.00000000    38.5481622443
  0.80000000   0.00000000    43.6122890855
  0.90000000   0.00000000    48.4803632544
  1.00000000   0.00000000    53.1184744980
  1.10000000   0.00000000    57.4915382692
  1.20000000   0.00000000    61.5644168805
  1.30000000   0.00000000    65.3033906675
  1.40000000   0.00000000    68.6779187511
  1.50000000   0.00000000    71.6625664518
  1.60000000   0.00000000    74.2389199389
  1.70000000   0.00000000    76.3972669351
  1.80000000   0.00000000    78.1378203971
  1.90000000   0.00000000    79.4713023019
  2.00000000   0.00000000    80.4187901427
  2.10000000   0.00000000    81.0108343102
  2.20000000   0.00000000    81.2859597723
  2.30000000   0.00000000    81.2887400119
  2.40000000   0.00000000    81.0676646763
  2.50000000   0.00000000    80.6730101218
  2.60000000   0.00000000    80.1548789076
  2.70000000   0.00000000    79.5615147318
  2.80000000   0.00000000    78.9379411173
  2.90000000   0.00000000    78.3249241538
  3.00000000   0.00000000    77.7582271331
  3.10000000   0.00000000    77.2681070368
  3.20000000   0.00000000    76.8789970502
  3.30000000   0.00000000    76.6093218929
  3.40000000   0.00000000    76.4714004241
  3.50000000   0.00000000    76.4714004241

  0.00000000   0.10000000     0.0000000000
  0.10000000   0.10000000     5.6707035413
  0.20000000   0.10000000    11.3222125250
  0.30000000   0.10000000    16.9347348120
  0.40000000   0.10000000    22.4873105270
  0.50000000   0.10000000    27.9572991438
  0.60000000   0.10000000    33.3199592564
  0.70000000   0.10000000    38.5481622443
  0.80000000   0.10000000    43.6122890855
  0.90000000   0.10000000    48.4803632544
  1.00000000   0.10000000    53.1184744980
  1.10000000   0.10000000    57.4915382692
  1.20000000   0.10000000    61.5644168805
  1.30000000   0.10000000    65.3033906675
  1.40000000   0.10000000    68.6779187511
  1.50000000   0.10000000    71.6625664518
  1.60000000   0.10000000    74.2389199389
  1.70000000   0.10000000    76.3972669351
  1.80000000   0.10000000    78.1378203971
  1.90000000   0.10000000    79.4713023019
  2.00000000   0.10000000    80.4187901427
  2.10000000   0.10000000    81.0108343102
  2.20000000   0.10000000    81.2859597723
  2.30000000   0.10000000    81.2887400119
  2.40000000   0.10000000    81.0676646763
  2.50000000   0.10000000    80.6730101218
  2.60000000   0.10000000    80.1548789076
  2.70000000   0.10000000    79.5615147318
  2.80000000   0.10000000    78.9379411173
  2.90000000   0.10000000    78.3249241538
  3.00000000   0.10000000    77.7582271331
  3.10000000   0.10000000    77.2681070368
  3.20000000   0.10000000    76.8789970502
  3.30000000   0.10000000    76.6093218929
  3.40000000   0.10000000    76.4714004241
  3.50000000   0.10000000    76.4714004241

  0.00000000   0.20000000     0.0000000000
  0.10000000   0.20000000     5.7026995749
  0.20000000   0.20000000    11.3867715847
  0.30000000   0.20000000    17.0329652013
  0.40000000   0.20000000    22.6208074514
  0.50000000   0.20000000    28.1280570067
  0.60000000   0.20000000    33.5302429518
  0.70000000   0.20000000    38.8003314086
  0.80000000   0.20000000    43.9085685040
  0.90000000   0.20000000    48.8225602854
  1.00000000   0.20000000    53.5076494504
  1.10000000   0.20000000    57.9276496050
  1.20000000   0.20000000    62.0459743370
  1.30000000   0.20000000    65.8271684074
  1.40000000   0.20000000    69.2387863227
  1.50000000   0.20000000    72.2534976992
  1.60000000   0.20000000    74.8512174799
  1.70000000   0.20000000    77.0210081501
  1.80000000   0.20000000    78.7624817561
  1.90000000   0.20000000    80.0864808869
  2.00000000   0.20000000    81.0149150462
  2.10000000   0.20000000    81.5797667190
  2.20000000   0.20000000    81.8214060997
  2.30000000   0.20000000    81.7864475489
  2.40000000   0.20000000    81.5254109741
  2.50000000   0.20000000    81.0904307539
  2.60000000   0.20000000    80.5331919995
  2.70000000   0.20000000    79.9032007925
  2.80000000   0.20000000    79.2464251326
  2.90000000   0.20000000    78.6042921340
  3.00000000   0.20000000    78.0129942994
  3.10000000   0.20000000    77.5030429834
  3.20000000   0.20000000    77.0990049356
  3.30000000   0.20000000    76.8193636047
  3.40000000   0.20000000    76.6764571908
  3.50000000   0.20000000    76.6764571908

  0.00000000   0.30000000     0.0000000000
  0.10000000   0.30000000     5.7660641944
  0.20000000   0.30000000    11.5146596863
  0.30000000   0.30000000    17.2276456327
  0.40000000   0.30000000    22.8855560675
  0.50000000   0.30000000    28.4669873582
  0.60000000   0.30000000    33.9480573818
  0.70000000   0.30000000    39.3019738918
  0.80000000   0.30000000    44.4987681213
  0.90000000   0.30000000    49.5052570840
  1.00000000   0.30000000    54.2853176422
  1.10000000   0.30000000    58.8005515038
  1.20000000   0.30000000    63.0114191842
  1.30000000   0.30000000    66.8788773083
  1.40000000   0.30000000    70.3664984950
  1.50000000   0.30000000    73.4429468176
  1.60000000   0.30000000    76.0845782669
  1.70000000   0.30000000    78.2778273371
  1.80000000   0.30000000    80.0210102198
  1.90000000   0.30000000    81.3252197965
  2.00000000   0.30000000    82.2141412274
  2.10000000   0.30000000    82.7228049495
  2.20000000   0.30000000    82.8954869631
  2.30000000   0.30000000    82.7830853540
  2.40000000   0.30000000    82.4403390175
  2.50000000   0.30000000    81.9231976279
  2.60000000   0.30000000    81.2865532526
  2.70000000   0.30000000    80.5824316788
  2.80000000   0.30000000    79.8586534607
  2.90000000   0.30000000    79.1579145834
  3.00000000   0.30000000    78.5172079253
  3.10000000   0.30000000    77.9674989152
  3.20000000   0.30000000    77.5335749730
  3.30000000   0.30000000    77.2340013799
  3.40000000   0.30000000    77.0811310837
  3.50000000   0.30000000    77.0811310837

  0.00000000   0.40000000     0.0000000000
  0.10000000   0.40000000     5.8595191236
  0.20000000   0.40000000    11.7033669127
  0.30000000   0.40000000    17.5151342992
  0.40000000   0.40000000    23.2769456030
  0.50000000   0.40000000    28.9687535195
  0.60000000   0.40000000    34.5676777429
  0.70000000   0.40000000    40.0474263145
  0.80000000   0.40000000    45.3778500629
  0.90000000   0.40000000    50.5247127384
  1.00000000   0.40000000    55.4497742386
  1.10000000   0.40000000    60.1113168653
  1.20000000   0.40000000    64.4652382903
  1.30000000   0.40000000    68.4668230908
  1.40000000   0.40000000    72.0732174266
  1.50000000   0.40000000    75.2465106796
  1.60000000   0.40000000    77.9571308412
  1.70000000   0.40000000    80.1870893133
  1.80000000   0.40000000    81.9324977738
  1.90000000   0.40000000    83.2048534601
  2.00000000   0.40000000    84.0308094884
  2.10000000   0.40000000    84.4504721661
  2.20000000   0.40000000    84.5145556445
  2.30000000   0.40000000    84.2809211710
  2.40000000   0.40000000    83.8110454285
  2.50000000   0.40000000    83.1668488280
  2.60000000   0.40000000    82.4081267218
  2.70000000   0.40000000    81.5906569530
  2.80000000   0.40000000    80.7649330116
  2.90000000   0.40000000    79.9754095322
  3.00000000   0.40000000    79.2601267770
  3.10000000   0.40000000    78.6505896708
  3.20000000   0.40000000    78.1717982088
  3.30000000   0.40000000    77.8423503224
  3.40000000   0.40000000    77.6745611710
  3.50000000   0.40000000    77.6745611710

  0.00000000   0.50000000     0.0000000000
  0.10000000   0.50000000     5.9810910434
  0.20000000   0.50000000    11.9490096517
  0.30000000   0.50000000    17.8897720304
  0.40000000   0.50000000    23.7877679698
  0.50000000   0.50000000    29.6249404659
  0.60000000   0.50000000    35.3799729160
  0.70000000   0.50000000    41.0275062317
  0.80000000   0.50000000    46.5374423552
  0.90000000   0.50000000    51.8744145967
  1.00000000   0.50000000    56.9975622093
  1.10000000   0.50000000    61.8607808947
  1.20000000   0.50000000    66.4136745847
  1.30000000   0.50000000    70.6034204236
  1.40000000   0.50000000    74.3777039323
  1.50000000   0.50000000    77.6886816522
  1.60000000   0.50000000    80.4976426249
  1.70000000   0.50000000    82.7796705351
  1.80000000   0.50000000    84.5273838700
  1.90000000   0.50000000    85.7528809383
  2.00000000   0.50000000    86.4874311362
  2.10000000   0.50000000    86.7789796863
  2.20000000   0.50000000    86.6880405065
  2.30000000   0.50000000    86.2828535176
  2.40000000   0.50000000    85.6346828483
  2.50000000   0.50000000    84.8138627536
  2.60000000   0.50000000    83.8868629655
  2.70000000   0.50000000    82.9143652093
  2.80000000   0.50000000    81.9501858176
  2.90000000   0.50000000    81.0408205948
  3.00000000   0.50000000    80.2253980128
  3.10000000   0.50000000    79.5358654321
  3.20000000   0.50000000    78.9972792303
  3.30000000   0.50000000    78.6281110523
  3.40000000   0.50000000    78.4405137682
  3.50000000   0.50000000    78.4405137682

  0.00000000   0.60000000     0.0000000000
  0.10000000   0.60000000     6.1280531346
  0.20000000   0.60000000    12.2462031960
  0.30000000   0.60000000    18.3436689612
  0.40000000   0.60000000    24.4078897549
  0.50000000   0.60000000    30.4235846184
  0.60000000   0.60000000    36.3717594492
  0.70000000   0.60000000    42.2286752273
  0.80000000   0.60000000    47.9648098091
  0.90000000   0.60000000    53.5439056714
  1.00000000   0.60000000    58.9222501468
  1.10000000   0.60000000    64.0484403165
  1.20000000   0.60000000    68.8639642294
  1.30000000   0.60000000    73.3050161582
  1.40000000   0.60000000    77.3059139732
  1.50000000   0.60000000    80.8042813345
  1.60000000   0.60000000    83.7476500073
  1.70000000   0.60000000    86.1004684023
  1.80000000   0.60000000    87.8499167339
  1.90000000   0.60000000    89.0089777095
  2.00000000   0.60000000    89.6159684575
  2.10000000   0.60000000    89.7306903889
  2.20000000   0.60000000    89.4281813695
  2.30000000   0.60000000    88.7916299671
  2.40000000   0.60000000    87.9058995025
  2.50000000   0.60000000    86.8525322060
  2.60000000   0.60000000    85.7064596638
  2.70000000   0.60000000    84.5342200542
  2.80000000   0.60000000    83.3932952122
  2.90000000   0.60000000    82.3321709648
  3.00000000   0.60000000    81.3907946164
  3.10000000   0.60000000    80.6011972790
  3.20000000   0.60000000    79.9881315747
  3.30000000   0.60000000    79.5696367639
  3.40000000   0.60000000    79.3574848116
  3.50000000   0.60000000    79.3574848116

  0.00000000   0.70000000     0.0000000000
  0.10000000   0.70000000     6.2968612078
  0.20000000   0.70000000    12.5879212416
  0.30000000   0.70000000    18.8664577751
  0.40000000   0.70000000    25.1238623526
  0.50000000   0.70000000    31.3485868575
  0.60000000   0.70000000    37.5249689037
  0.70000000   0.70000000    43.6319091526
  0.80000000   0.70000000    49.6414147111
  0.90000000   0.70000000    55.5170641571
  1.00000000   0.70000000    61.2125595589
  1.10000000   0.70000000    66.6706568621
  1.20000000   0.70000000    71.8229769178
  1.30000000   0.70000000    76.5913815825
  1.40000000   0.70000000    80.8917246696
  1.50000000   0.70000000    84.6405720419
  1.60000000   0.70000000    87.7647660979
  1.70000000   0.70000000    90.2123512858
  1.80000000   0.70000000    91.9620196703
  1.90000000   0.70000000    93.0280788832
  2.00000000   0.70000000    93.4596781670
  2.10000000   0.70000000    93.3346112073
  2.20000000   0.70000000    92.7493868864
  2.30000000   0.70000000    91.8084568005
  2.40000000   0.70000000    90.6151138072
  2.50000000   0.70000000    89.2652332140
  2.60000000   0.70000000    87.8438389513
  2.70000000   0.70000000    86.4238501573
  2.80000000   0.70000000    85.0662330877
  2.90000000   0.70000000    83.8209027065
  3.00000000   0.70000000    82.7279166520
  3.10000000   0.70000000    81.8186824977
  3.20000000   0.70000000    81.1170295278
  3.30000000   0.70000000    80.6400788784
  3.40000000   0.70000000    80.3988909703
  3.50000000   0.70000000    80.3988909703

  0.00000000   0.80000000     0.0000000000
  0.10000000   0.80000000     6.4830994264
  0.20000000   0.80000000    12.9653677082
  0.30000000   0.80000000    19.4450569958
  0.40000000   0.80000000    25.9185164005
  0.50000000   0.80000000    32.3790679918
  0.60000000   0.80000000    38.8156695730
  0.70000000   0.80000000    45.2113021925
  0.80000000   0.80000000    51.5410272567
  0.90000000   0.80000000    57.7697230666
  1.00000000   0.80000000    63.8496013379
  1.10000000   0.80000000    69.7178224132
  1.20000000   0.80000000    75.2948320637
  1.30000000   0.80000000    80.4845079683
  1.40000000   0.80000000    85.1776244248
  1.50000000   0.80000000    89.2602460404
  1.60000000   0.80000000    92.6277039748
  1.70000000   0.80000000    95.2022801377
  1.80000000   0.80000000    96.9492457001
  1.90000000   0.80000000    97.8849929926
  2.00000000   0.80000000    98.0756179574
  2.10000000   0.80000000    97.6267028711
  2.20000000   0.80000000    96.6668212769
  2.30000000   0.80000000    95.3305927168
  2.40000000   0.80000000    93.7457949245
  2.50000000   0.80000000    92.0258787968
  2.60000000   0.80000000    90.2670388965
  2.70000000   0.80000000    88.5482712824
  2.80000000   0.80000000    86.9329949319
  2.90000000   0.80000000    85.4712519530
  3.00000000   0.80000000    84.2019151275
  3.10000000   0.80000000    83.1546267088
  3.20000000   0.80000000    82.3513691072
  3.30000000   0.80000000    81.8076589351
  3.40000000   0.80000000    81.5333945135
  3.50000000   0.80000000    81.5333945135

  0.00000000   0.90000000     0.0000000000
  0.10000000   0.90000000     6.6814526806
  0.20000000   0.90000000    13.3679007125
  0.30000000   0.90000000    20.0634973004
  0.40000000   0.90000000    26.7706208157
  0.50000000   0.90000000    33.4887503442
  0.60000000   0.90000000    40.2130412383
  0.70000000   0.90000000    46.9324674574
  0.80000000   0.90000000    53.6274016738
  0.90000000   0.90000000    60.2665087039
  1.00000000   0.90000000    66.8029312586
  1.10000000   0.90000000    73.1699503868
  1.20000000   0.90000000    79.2767844477
  1.30000000   0.90000000    85.0059763952
  1.40000000   0.90000000    90.2149796092
  1.50000000   0.90000000    94.7455397926
  1.60000000   0.90000000    98.4439588750
  1.70000000   0.90000000   101.1908453049
  1.80000000   0.90000000   102.9299955430
  1.90000000   0.90000000   103.6812940572
  2.00000000   0.90000000   103.5379080948
  2.10000000   0.90000000   102.6495242666
  2.20000000   0.90000000   101.1934971513
  2.30000000   0.90000000    99.3472461301
  2.40000000   0.90000000    97.2702702260
  2.50000000   0.90000000    95.0962955423
  2.60000000   0.90000000    92.9324310128
  2.70000000   0.90000000    90.8619601800
  2.80000000   0.90000000    88.9484172017
  2.90000000   0.90000000    87.2396529105
  3.00000000   0.90000000    85.7713286124
  3.10000000   0.90000000    84.5696826524
  3.20000000   0.90000000    83.6536051385
  3.30000000   0.90000000    83.0361242605
  3.40000000   0.90000000    82.7254139427
  3.50000000   0.90000000    82.7254139427

  0.00000000   1.00000000     0.0000000000
  0.10000000   1.00000000     6.8857292668
  0.20000000   1.00000000    13.7830521834
  0.30000000   1.00000000    20.7028889755
  0.40000000   1.00000000    27.6547058502
  0.50000000   1.00000000    34.6455086530
  0.60000000   1.00000000    41.6784561710
  0.70000000   1.00000000    48.7509032032
  0.80000000   1.00000000    55.8516160355
  0.90000000   1.00000000    62.9568667033
  1.00000000   1.00000000    70.0250917313
  1.10000000   1.00000000    76.9899615701
  1.20000000   1.00000000    83.7521769664
  1.30000000   1.00000000    90.1715139700
  1.40000000   1.00000000    96.0629114506
  1.50000000   1.00000000   101.2037669342
  1.60000000   1.00000000   105.3618380464
  1.70000000   1.00000000   108.3473922902
  1.80000000   1.00000000   110.0699776338
  1.90000000   1.00000000   110.5557933242
  2.00000000   1.00000000   109.9417171904
  2.10000000   1.00000000   108.4501514543
  2.20000000   1.00000000   106.3345159041
  2.30000000   1.00000000   103.8326812573
  2.40000000   1.00000000   101.1434045321
  2.50000000   1.00000000    98.4212596402
  2.60000000   1.00000000    95.7812521153
  2.70000000   1.00000000    93.3066970848
  2.80000000   1.00000000    91.0570360344
  2.90000000   1.00000000    89.0743251278
  3.00000000   1.00000000    87.3881637971
  3.10000000   1.00000000    86.0192483168
  3.20000000   1.00000000    84.9818438061
  3.30000000   1.00000000    84.2854495200
  3.40000000   1.00000000    83.9358742444
  3.50000000   1.00000000    83.9358742444

  0.00000000   1.10000000     0.0000000000
  0.10000000   1.10000000     7.0889563768
  0.20000000   1.10000000    14.1966981870
  0.30000000   1.10000000    21.3416134710
  0.40000000   1.10000000    28.5411896149
  0.50000000   1.10000000    35.8112740206
  0.60000000   1.10000000    43.1649284082
  0.70000000   1.10000000    50.6106199373
  0.80000000   1.10000000    58.1493858051
  0.90000000   1.10000000    65.7704307977
  1.00000000   1.10000000    73.4444399425
  1.10000000   1.10000000    81.1137302387
  1.20000000   1.10000000    88.6785561473
  1.30000000   1.10000000    95.9800094932
  1.40000000   1.10000000   102.7834731638
  1.50000000   1.10000000   108.7744086919
  1.60000000   1.10000000   113.5902430413
  1.70000000   1.10000000   116.9144616581
  1.80000000   1.10000000   118.6052205027
  1.90000000   1.10000000   118.7010542781
  2.00000000   1.10000000   117.4075505670
  2.10000000   1.10000000   115.0739749938
  2.20000000   1.10000000   112.0759257236
  2.30000000   1.10000000   108.7348321018
  2.40000000   1.10000000   105.2933820251
  2.50000000   1.10000000   101.9220601021
  2.60000000   1.10000000    98.7356433031
  2.70000000   1.10000000    95.8094747405
  2.80000000   1.10000000    93.1922768035
  2.90000000   1.10000000    90.9152804007
  3.00000000   1.10000000    88.9983946009
  3.10000000   1.10000000    87.4542472667
  3.20000000   1.10000000    86.2907740472
  3.30000000   1.10000000    85.5128432297
  3.40000000   1.10000000    85.1232435733
  3.50000000   1.10000000    85.1232435733

  0.00000000   1.20000000     0.0000000000
  0.10000000   1.20000000     7.2835720471
  0.20000000   1.20000000    14.5934267433
  0.30000000   1.20000000    21.9558341237
  0.40000000   1.20000000    29.3969528292
  0.50000000   1.20000000    36.9425373012
  0.60000000   1.20000000    44.6172819874
  0.70000000   1.20000000    52.4435396322
  0.80000000   1.20000000    60.4389650121
  0.90000000   1.20000000    68.6123568094
  1.00000000   1.20000000    76.9564912807
  1.10000000   1.20000000    85.4360746170
  1.20000000   1.20000000    93.9681158179
  1.30000000   1.20000000   102.3917670264
  1.40000000   1.20000000   110.4273693783
  1.50000000   1.20000000   117.6370018884
  1.60000000   1.20000000   123.4342030523
  1.70000000   1.20000000   127.2476103153
  1.80000000   1.20000000   128.8786517092
  1.90000000   1.20000000   128.3916533848
  2.00000000   1.20000000   126.0840785367
  2.10000000   1.20000000   122.5488370641
  2.20000000   1.20000000   118.3635128328
  2.30000000   1.20000000   113.9570372165
  2.40000000   1.20000000   109.6089909298
  2.50000000   1.20000000   105.4889091051
  2.60000000   1.20000000   101.6948080838
  2.70000000   1.20000000    98.2810678235
  2.80000000   1.20000000    95.2764392871
  2.90000000   1.20000000    92.6950736783
  3.00000000   1.20000000    90.5430903459
  3.10000000   1.20000000    88.8224187534
  3.20000000   1.20000000    87.5330122826
  3.30000000   1.20000000    86.6741014632
  3.40000000   1.20000000    86.2448843570
  3.50000000   1.20000000    86.2448843570

  0.00000000   1.30000000     0.0000000000
  0.10000000   1.30000000     7.4617260405
  0.20000000   1.30000000    14.9571417285
  0.30000000   1.30000000    22.5203944732
  0.40000000   1.30000000    30.1865080522
  0.50000000   1.30000000    37.9916996599
  0.60000000   1.30000000    45.9734877867
  0.70000000   1.30000000    54.1703771010
  0.80000000   1.30000000    62.6207258390
  0.90000000   1.30000000    71.3600289586
  1.00000000   1.30000000    80.4151722198
  1.10000000   1.30000000    89.7928815832
  1.20000000   1.30000000    99.4571604835
  1.30000000   1.30000000   109.2863540839
  1.40000000   1.30000000   118.9955646981
  1.50000000   1.30000000   128.0143371803
  1.60000000   1.30000000   135.3695052936
  1.70000000   1.30000000   139.8780783610
  1.80000000   1.30000000   141.3952619277
  1.90000000   1.30000000   140.0412169821
  2.00000000   1.30000000   136.1427501541
  2.10000000   1.30000000   130.8461752725
  2.20000000   1.30000000   125.0632792871
  2.30000000   1.30000000   119.3303180050
  2.40000000   1.30000000   113.9238631771
  2.50000000   1.30000000   108.9735901214
  2.60000000   1.30000000   104.5326349828
  2.70000000   1.30000000   100.6162607735
  2.80000000   1.30000000    97.2221282148
  2.90000000   1.30000000    94.3406853732
  3.00000000   1.30000000    91.9603851121
  3.10000000   1.30000000    90.0702228992
  3.20000000   1.30000000    88.6609025205
  3.30000000   1.30000000    87.7253178035
  3.40000000   1.30000000    87.2587130871
  3.50000000   1.30000000    87.2587130871

  0.00000000   1.40000000     0.0000000000
  0.10000000   1.40000000     7.6156900916
  0.20000000   1.40000000    15.2719042193
  0.30000000   1.40000000    23.0101350832
  0.40000000   1.40000000    30.8738390568
  0.50000000   1.40000000    38.9094768909
  0.60000000   1.40000000    47.1675915684
  0.70000000   1.40000000    55.7038652956
  0.80000000   1.40000000    64.5799674597
  0.90000000   1.40000000    73.8637409582
  1.00000000   1.40000000    83.6276452985
  1.10000000   1.40000000    93.9429401556
  1.20000000   1.40000000   104.8635599385
  1.30000000   1.40000000   116.3847466589
  1.40000000   1.40000000   128.3389976156
  1.50000000   1.40000000   140.1411718282
  1.60000000   1.40000000   150.2397512610
  1.70000000   1.40000000   155.5937836318
  1.80000000   1.40000000   156.8863493324
  1.90000000   1.40000000   154.3523842439
  2.00000000   1.40000000   147.7352080108
  2.10000000   1.40000000   139.7864387154
  2.20000000   1.40000000   131.8912086945
  2.30000000   1.40000000   124.5760989795
  2.40000000   1.40000000   118.0012509247
  2.50000000   1.40000000   112.1857953552
  2.60000000   1.40000000   107.0991580832
  2.70000000   1.40000000   102.6971366873
  2.80000000   1.40000000    98.9358775502
  2.90000000   1.40000000    95.7768953702
  3.00000000   1.40000000    93.1884361305
  3.10000000   1.40000000    91.1453970571
  3.20000000   1.40000000    89.6287536978
  3.30000000   1.40000000    88.6249054197
  3.40000000   1.40000000    88.1251151906
  3.50000000   1.40000000    88.1251151906

  0.00000000   1.50000000     0.0000000000
  0.10000000   1.50000000     7.7383530751
  0.20000000   1.50000000    15.5229712046
  0.30000000   1.50000000    23.4015711451
  0.40000000   1.50000000    31.4248757570
  0.50000000   1.50000000    39.6483814315
  0.60000000   1.50000000    48.1344697107
  0.70000000   1.50000000    56.9550155588
  0.80000000   1.50000000    66.1946773730
  0.90000000   1.50000000    75.9550572489
  1.00000000   1.50000000    86.3598629291
  1.10000000   1.50000000    97.5608689994
  1.20000000   1.50000000   109.7431921710
  1.30000000   1.50000000   123.1229697624
  1.40000000   1.50000000   137.9051268550
  1.50000000   1.50000000   154.0391923326
  1.60000000   1.50000000   169.9201255796
  1.70000000   1.50000000   175.4392529145
  1.80000000   1.50000000   176.2802195005
  1.90000000   1.50000000   172.8375376196
  2.00000000   1.50000000   160.7729923991
  2.10000000   1.50000000   148.8125967302
  2.20000000   1.50000000   138.3038622624
  2.30000000   1.50000000   129.2703429055
  2.40000000   1.50000000   121.5298719704
  2.50000000   1.50000000   114.8995978405
  2.60000000   1.50000000   109.2291493939
  2.70000000   1.50000000   104.4009138588
  2.80000000   1.50000000   100.3245468336
  2.90000000   1.50000000    96.9313078111
  3.00000000   1.50000000    94.1693508269
  3.10000000   1.50000000    92.0000757127
  3.20000000   1.50000000    90.3954051584
  3.30000000   1.50000000    89.3358192969
  3.40000000   1.50000000    88.8090035197
  3.50000000   1.50000000    88.8090035197

  0.00000000   1.60000000     0.0000000000
  0.10000000   1.60000000     7.8237544956
  0.20000000   1.60000000    15.6979295355
  0.30000000   1.60000000    23.6747772367
  0.40000000   1.60000000    31.8103812515
  0.50000000   1.60000000    40.1670216445
  0.60000000   1.60000000    48.8161608249
  0.70000000   1.60000000    57.8424211854
  0.80000000   1.60000000    67.3491177283
  0.90000000   1.60000000    77.4662636830
  1.00000000   1.60000000    88.3626383761
  1.10000000   1.60000000   100.2650120130
  1.20000000   1.60000000   113.4917140305
  1.30000000   1.60000000   128.5216772231
  1.40000000   1.60000000   146.1760876261
  1.50000000   1.60000000   168.2381974824
  1.60000000   1.60000000   200.0000000000
  1.70000000   1.60000000   200.0000000000
  1.80000000   1.60000000   200.0000000000
  1.90000000   1.60000000   200.0000000000
  2.00000000   1.60000000   173.7950770413
  2.10000000   1.60000000   156.5089314481
  2.20000000   1.60000000   143.3935874043
  2.30000000   1.60000000   132.8510172789
  2.40000000   1.60000000   124.1519198439
  2.50000000   1.60000000   116.8785562619
  2.60000000   1.60000000   110.7607024323
  2.70000000   1.60000000   105.6129993657
  2.80000000   1.60000000   101.3044084509
  2.90000000   1.60000000    97.7407421721
  3.00000000   1.60000000    94.8537845095
  3.10000000   1.60000000    92.5942140746
  3.20000000   1.60000000    90.9269042468
  3.30000000   1.60000000    89.8277940311
  3.40000000   1.60000000    89.2818524579
  3.50000000   1.60000000    89.2818524579

  0.00000000   1.70000000     0.0000000000
  0.10000000   1.70000000     7.8675863133
  0.20000000   1.70000000    15.7877772947
  0.30000000   1.70000000    23.8152185109
  0.40000000   1.70000000    32.0088448101
  0.50000000   1.70000000    40.4345818873
  0.60000000   1.70000000    49.1688355656
  0.70000000   1.70000000    58.3032672032
  0.80000000   1.70000000    67.9516486106
  0.90000000   1.70000000    78.2601090034
  1.00000000   1.70000000    89.4230043852
  1.10000000   1.70000000   101.7081895731
  1.20000000   1.70000000   115.4977112234
  1.30000000   1.70000000   131.3509960154
  1.40000000   1.70000000   150.0846072996
  1.50000000   1.70000000   172.7665918588
  1.60000000   1.70000000   200.0000000000
  1.70000000   1.70000000   200.0000000000
  1.80000000   1.70000000   200.0000000000
  1.90000000   1.70000000   200.0000000000
  2.00000000   1.70000000   177.9607097250
  2.10000000   1.70000000   160.1410257757
  2.20000000   1.70000000   146.0527601289
  2.30000000   1.70000000   134.7606074544
  2.40000000   1.70000000   125.5466402399
  2.50000000   1.70000000   117.9230192920
  2.60000000   1.70000000   111.5627799761
  2.70000000   1.70000000   106.2436698412
  2.80000000   1.70000000   101.8116371906
  2.90000000   1.70000000    98.1580752741
  3.00000000   1.70000000    95.2055794113
  3.10000000   1.70000000    92.8988807053
  3.20000000   1.70000000    91.1989837450
  3.30000000   1.70000000    90.0793566599
  3.40000000   1.70000000    89.5234995253
  3.50000000   1.70000000    89.5234995253

  0.00000000   1.80000000     0.0000000000
  0.10000000   1.80000000     7.8675863133
  0.20000000   1.80000000    15.7877772947
  0.30000000   1.80000000    23.8152185109
  0.40000000   1.80000000    32.0088448101
  0.50000000   1.80000000    40.4345818873
  0.60000000   1.80000000    49.1688355656
  0.70000000   1.80000000    58.3032672032
  0.80000000   1.80000000    67.9516486106
  0.90000000   1.80000000    78.2601090034
  1.00000000   1.80000000    89.4230043852
  1.10000000   1.80000000   101.7081895731
  1.20000000   1.80000000   115.4977112234
  1.30000000   1.80000000   131.3509960154
  1.40000000   1.80000000   150.0846072996
  1.50000000   1.80000000   172.7665918588
  1.60000000   1.80000000   200.0000000000
  1.70000000   1.80000000   200.0000000000
  1.80000000   1.80000000   200.0000000000
  1.90000000   1.80000000   200.0000000000
  2.00000000   1.80000000   177.9607097250
  2.10000000   1.80000000   160.1410257757
  2.20000000   1.80000000   146.0527601289
  2.30000000   1.80000000   134.7606074544
  2.40000000   1.80000000   125.5466402399
  2.50000000   1.80000000   117.9230192920
  2.60000000   1.80000000   111.5627799761
  2.70000000   1.80000000   106.2436698412
  2.80000000   1.80000000   101.8116371906
  2.90000000   1.80000000    98.1580752741
  3.00000000   1.80000000    95.2055794113
  3.10000000   1.80000000    92.8988807053
  3.20000000   1.80000000    91.1989837450
  3.30000000   1.80000000    90.0793566599
  3.40000000   1.80000000    89.5234995253
  3.50000000   1.80000000    89.5234995253

  0.00000000   1.90000000     0.0000000000
  0.10000000   1.90000000     7.8237544956
  0.20000000   1.90000000    15.6979295355
  0.30000000   1.90000000    23.6747772367
  0.40000000   1.90000000    31.8103812515
  0.50000000   1.90000000    40.1670216445
  0.60000000   1.90000000    48.8161608249
  0.70000000   1.90000000    57.8424211854
  0.80000000   1.90000000    67.3491177283
  0.90000000   1.90000000    77.4662636830
  1.00000000   1.90000000    88.3626383761
  1.10000000   1.90000000   100.2650120130
  1.20000000   1.90000000   113.4917140305
  1.30000000   1.90000000   128.5216772231
  1.40000000   1.90000000   146.1760876261
  1.50000000   1.90000000   168.2381974824
  1.60000000   1.90000000   200.0000000000
  1.70000000   1.90000000   200.0000000000
  1.80000000   1.90000000   200.0000000000
  1.90000000   1.90000000   200.0000000000
  2.00000000   1.90000000   173.7950770413
  2.10000000   1.90000000   156.5089314481
  2.20000000   1.90000000   143.3935874043
  2.30000000   1.90000000   132.8510172789
  2.40000000   1.90000000   124.1519198439
  2.50000000   1.90000000   116.8785562619
  2.60000000   1.90000000   110.7607024323
  2.70000000   1.90000000   105.6129993657
  2.80000000   1.90000000   101.3044084509
  2.90000000   1.90000000    97.7407421721
  3.00000000   1.90000000    94.8537845095
  3.10000000   1.90000000    92.5942140746
  3.20000000   1.90000000    90.9269042468
  3.30000000   1.90000000    89.8277940311
  3.40000000   1.90000000    89.2818524579
  3.50000000   1.90000000    89.2818524579

  0.00000000   2.00000000     0.0000000000
  0.10000000   2.00000000     7.7383530751
  0.20000000   2.00000000    15.5229712046
  0.30000000   2.00000000    23.4015711451
  0.40000000   2.00000000    31.4248757570
  0.50000000   2.00000000    39.6483814315
  0.60000000   2.00000000    48.1344697107
  0.70000000   2.00000000    56.9550155588
  0.80000000   2.00000000    66.1946773730
  0.90000000   2.00000000    75.9550572489
  1.00000000   2.00000000    86.3598629291
  1.10000000   2.00000000    97.5608689994
  1.20000000   2.00000000   109.7431921710
  1.30000000   2.00000000   123.1229697624
  1.40000000   2.00000000   137.9051268550
  1.50000000   2.00000000   154.0391923326
  1.60000000   2.00000000   169.9201255796
  1.70000000   2.00000000   175.4392529145
  1.80000000   2.00000000   176.2802195005
  1.90000000   2.00000000   172.8375376196
  2.00000000   2.00000000   160.7729923991
  2.10000000   2.00000000   148.8125967302
  2.20000000   2.00000000   138.3038622624
  2.30000000   2.00000000   129.2703429055
  2.40000000   2.00000000   121.5298719704
  2.50000000   2.00000000   114.8995978405
  2.60000000   2.00000000   109.2291493939
  2.70000000   2.00000000   104.4009138588
  2.80000000   2.00000000   100.3245468336
  2.90000000   2.00000000    96.9313078111
  3.00000000   2.00000000    94.1693508269
  3.10000000   2.00000000    92.0000757127
  3.20000000   2.00000000    90.3954051584
  3.30000000   2.00000000    89.3358192969
  3.40000000   2.00000000    88.8090035197
  3.50000000   2.00000000    88.8090035197

  0.00000000   2.10000000     0.0000000000
  0.10000000   2.10000000     7.6156900916
  0.20000000   2.10000000    15.2719042193
  0.30000000   2.10000000    23.0101350832
  0.40000000   2.10000000    30.8738390568
  0.50000000   2.10000000    38.9094768909
  0.60000000   2.10000000    47.1675915684
  0.70000000   2.10000000    55.7038652956
  0.80000000   2.10000000    64.5799674597
  0.90000000   2.10000000    73.8637409582
  1.00000000   2.10000000    83.6276452985
  1.10000000   2.10000000    93.9429401556
  1.20000000   2.10000000   104.8635599385
  1.30000000   2.10000000   116.3847466589
  1.40000000   2.10000000   128.3389976156
  1.50000000   2.10000000   140.1411718282
  1.60000000   2.10000000   150.2397512610
  1.70000000   2.10000000   155.5937836318
  1.80000000   2.10000000   156.8863493324
  1.90000000   2.10000000   154.3523842439
  2.00000000   2.10000000   147.7352080108
  2.10000000   2.10000000   139.7864387154
  2.20000000   2.10000000   131.8912086945
  2.30000000   2.10000000   124.5760989795
  2.40000000   2.10000000   118.0012509247
  2.50000000   2.10000000   112.1857953552
  2.60000000   2.10000000   107.0991580832
  2.70000000   2.10000000   102.6971366873
  2.80000000   2.10000000    98.9358775502
  2.90000000   2.10000000    95.7768953702
  3.00000000   2.10000000    93.1884361305
  3.10000000   2.10000000    91.1453970571
  3.20000000   2.10000000    89.6287536978
  3.30000000   2.10000000    88.6249054197
  3.40000000   2.10000000    88.1251151906
  3.50000000   2.10000000    88.1251151906

  0.00000000   2.20000000     0.0000000000
  0.10000000   2.20000000     7.4617260405
  0.20000000   2.20000000    14.9571417285
  0.30000000   2.20000000    22.5203944732
  0.40000000   2.20000000    30.1865080522
  0.50000000   2.20000000    37.9916996599
  0.60000000   2.20000000    45.9734877867
  0.70000000   2.20000000    54.1703771010
  0.80000000   2.20000000    62.6207258390
  0.90000000   2.20000000    71.3600289586
  1.00000000   2.20000000    80.4151722198
  1.10000000   2.20000000    89.7928815832
  1.20000000   2.20000000    99.4571604835
  1.30000000   2.20000000   109.2863540839
  1.40000000   2.20000000   118.9955646981
  1.50000000   2.20000000   128.0143371803
  1.60000000   2.20000000   135.3695052936
  1.70000000   2.20000000   139.8780783610
  1.80000000   2.20000000   141.3952619277
  1.90000000   2.20000000   140.0412169821
  2.00000000   2.20000000   136.1427501541
  2.10000000   2.20000000   130.8461752725
  2.20000000   2.20000000   125.0632792871
  2.30000000   2.20000000   119.3303180050
  2.40000000   2.20000000   113.9238631771
  2.50000000   2.20000000   108.9735901214
  2.60000000   2.20000000   104.5326349828
  2.70000000   2.20000000   100.6162607735
  2.80000000   2.20000000    97.2221282148
  2.90000000   2.20000000    94.3406853732
  3.00000000   2.20000000    91.9603851121
  3.10000000   2.20000000    90.0702228992
  3.20000000   2.20000000    88.6609025205
  3.30000000   2.20000000    87.7253178035
  3.40000000   2.20000000    87.2587130871
  3.50000000   2.20000000    87.2587130871

  0.00000000   2.30000000     0.0000000000
  0.10000000   2.30000000     7.2835720471
  0.20000000   2.30000000    14.5934267433
  0.30000000   2.30000000    21.9558341237
  0.40000000   2.30000000    29.3969528292
  0.50000000   2.30000000    36.9425373012
  0.60000000   2.30000000    44.6172819874
  0.70000000   2.30000000    52.4435396322
  0.80000000   2.30000000    60.4389650121
  0.90000000   2.30000000    68.6123568094
  1.00000000   2.30000000    76.9564912807
  1.10000000   2.30000000    85.4360746170
  1.20000000   2.30000000    93.9681158179
  1.30000000   2.30000000   102.3917670264
  1.40000000   2.30000000   110.4273693783
  1.50000000   2.30000000   117.6370018884
  1.60000000   2.30000000   123.4342030523
  1.70000000   2.30000000   127.2476103153
  1.80000000   2.30000000   128.8786517092
  1.90000000   2.30000000   128.3916533848
  2.00000000   2.30000000   126.0840785367
  2.10000000   2.30000000   122.5488370641
  2.20000000   2.30000000   118.3635128328
  2.30000000   2.30000000   113.9570372165
  2.40000000   2.30000000   109.6089909298
  2.50000000   2.30000000   105.4889091051
  2.60000000   2.30000000   101.6948080838
  2.70000000   2.30000000    98.2810678235
  2.80000000   2.30000000    95.2764392871
  2.90000000   2.30000000    92.6950736783
  3.00000000   2.30000000    90.5430903459
  3.10000000   2.30000000    88.8224187534
  3.20000000   2.30000000    87.5330122826
  3.30000000   2.30000000    86.6741014632
  3.40000000   2.30000000    86.2448843570
  3.50000000   2.30000000    86.2448843570

  0.00000000   2.40000000     0.0000000000
  0.10000000   2.40000000     7.0889563768
  0.20000000   2.40000000    14.1966981870
  0.30000000   2.40000000    21.3416134710
  0.40000000   2.40000000    28.5411896149
  0.50000000   2.40000000    35.8112740206
  0.60000000   2.40000000    43.1649284082
  0.70000000   2.40000000    50.6106199373
  0.80000000   2.40000000    58.1493858051
  0.90000000   2.40000000    65.7704307977
  1.00000000   2.40000000    73.4444399425
  1.10000000   2.40000000    81.1137302387
  1.20000000   2.40000000    88.6785561473
  1.30000000   2.40000000    95.9800094932
  1.40000000   2.40000000   102.7834731638
  1.50000000   2.40000000   108.7744086919
  1.60000000   2.40000000   113.5902430413
  1.70000000   2.40000000   116.9144616581
  1.80000000   2.40000000   118.6052205027
  1.90000000   2.40000000   118.7010542781
  2.00000000   2.40000000   117.4075505670
  2.10000000   2.40000000   115.0739749938
  2.20000000   2.40000000   112.0759257236
  2.30000000   2.40000000   108.7348321018
  2.40000000   2.40000000   105.2933820251
  2.50000000   2.40000000   101.9220601021
  2.60000000   2.40000000    98.7356433031
  2.70000000   2.40000000    95.8094747405
  2.80000000   2.40000000    93.1922768035
  2.90000000   2.40000000    90.9152804007
  3.00000000   2.40000000    88.9983946009
  3.10000000   2.40000000    87.4542472667
  3.20000000   2.40000000    86.2907740472
  3.30000000   2.40000000    85.5128432297
  3.40000000   2.40000000    85.1232435733
  3.50000000   2.40000000    85.1232435733

  0.00000000   2.50000000     0.0000000000
  0.10000000   2.50000000     6.8857292668
  0.20000000   2.50000000    13.7830521834
  0.30000000   2.50000000    20.7028889755
  0.40000000   2.50000000    27.6547058502
  0.50000000   2.50000000    34.6455086530
  0.60000000   2.50000000    41.6784561710
  0.70000000   2.50000000    48.7509032032
  0.80000000   2.50000000    55.8516160355
  0.90000000   2.50000000    62.9568667033
  1.00000000   2.50000000    70.0250917313
  1.10000000   2.50000000    76.9899615701
  1.20000000   2.50000000    83.7521769664
  1.30000000   2.50000000    90.1715139700
  1.40000000   2.50000000    96.0629114506
  1.50000000   2.50000000   101.2037669342
  1.60000000   2.50000000   105.3618380464
  1.70000000   2.50000000   108.3473922902
  1.80000000   2.50000000   110.0699776338
  1.90000000   2.50000000   110.5557933242
  2.00000000   2.50000000   109.9417171904
  2.10000000   2.50000000   108.4501514543
  2.20000000   2.50000000   106.3345159041
  2.30000000   2.50000000   103.8326812573
  2.40000000   2.50000000   101.1434045321
  2.50000000   2.50000000    98.4212596402
  2.60000000   2.50000000    95.7812521153
  2.70000000   2.50000000    93.3066970848
  2.80000000   2.50000000    91.0570360344
  2.90000000   2.50000000    89.0743251278
  3.00000000   2.50000000    87.3881637971
  3.10000000   2.50000000    86.0192483168
  3.20000000   2.50000000    84.9818438061
  3.30000000   2.50000000    84.2854495200
  3.40000000   2.50000000    83.9358742444
  3.50000000   2.50000000    83.9358742444

  0.00000000   2.60000000     0.0000000000
  0.10000000   2.60000000     6.6814526806
  0.20000000   2.60000000    13.3679007125
  0.30000000   2.60000000    20.0634973004
  0.40000000   2.60000000    26.7706208157
  0.50000000   2.60000000    33.4887503442
  0.60000000   2.60000000    40.2130412383
  0.70000000   2.60000000    46.9324674574
  0.80000000   2.60000000    53.6274016738
  0.90000000   2.60000000    60.2665087039
  1.00000000   2.60000000    66.8029312586
  1.10000000   2.60000000    73.1699503868
  1.20000000   2.60000000    79.2767844477
  1.30000000   2.60000000    85.0059763952
  1.40000000   2.60000000    90.2149796092
  1.50000000   2.60000000    94.7455397926
  1.60000000   2.60000000    98.4439588750
  1.70000000   2.60000000   101.1908453049
  1.80000000   2.60000000   102.9299955430
  1.90000000   2.60000000   103.6812940572
  2.00000000   2.60000000   103.5379080948
  2.10000000   2.60000000   102.6495242666
  2.20000000   2.60000000   101.1934971513
  2.30000000   2.60000000    99.3472461301
  2.40000000   2.60000000    97.2702702260
  2.50000000   2.60000000    95.0962955423
  2.60000000   2.60000000    92.9324310128
  2.70000000   2.60000000    90.8619601800
  2.80000000   2.60000000    88.9484172017
  2.90000000   2.60000000    87.2396529105
  3.00000000   2.60000000    85.7713286124
  3.10000000   2.60000000    84.5696826524
  3.20000000   2.60000000    83.6536051385
  3.30000000   2.60000000    83.0361242605
  3.40000000   2.60000000    82.7254139427
  3.50000000   2.60000000    82.7254139427

  0.00000000   2.70000000     0.0000000000
  0.10000000   2.70000000     6.4830994264
  0.20000000   2.70000000    12.9653677082
  0.30000000   2.70000000    19.4450569958
  0.40000000   2.70000000    25.9185164005
  0.50000000   2.70000000    32.3790679918
  0.60000000   2.70000000    38.8156695730
  0.70000000   2.70000000    45.2113021925
  0.80000000   2.70000000    51.5410272567
  0.90000000   2.70000000    57.7697230666
  1.00000000   2.70000000    63.8496013379
  1.10000000   2.70000000    69.7178224132
  1.20000000   2.70000000    75.2948320637
  1.30000000   2.70000000    80.4845079683
  1.40000000   2.70000000    85.1776244248
  1.50000000   2.70000000    89.2602460404
  1.60000000   2.70000000    92.6277039748
  1.70000000   2.70000000    95.2022801377
  1.80000000   2.70000000    96.9492457001
  1.90000000   2.70000000    97.8849929926
  2.00000000   2.70000000    98.0756179574
  2.10000000   2.70000000    97.6267028711
  2.20000000   2.70000000    96.6668212769
  2.30000000   2.70000000    95.3305927168
  2.40000000   2.70000000    93.7457949245
  2.50000000   2.70000000    92.0258787968
  2.60000000   2.70000000    90.2670388965
  2.70000000   2.70000000    88.5482712824
  2.80000000   2.70000000    86.9329949319
  2.90000000   2.70000000    85.4712519530
  3.00000000   2.70000000    84.2019151275
  3.10000000   2.70000000    83.1546267088
  3.20000000   2.70000000    82.3513691072
  3.30000000   2.70000000    81.8076589351
  3.40000000   2.70000000    81.5333945135
  3.50000000   2.70000000    81.5333945135

  0.00000000   2.80000000     0.0000000000
  0.10000000   2.80000000     6.2968612078
  0.20000000   2.80000000    12.5879212416
  0.30000000   2.80000000    18.8664577751
  0.40000000   2.80000000    25.1238623526
  0.50000000   2.80000000    31.3485868575
  0.60000000   2.80000000    37.5249689037
  0.70000000   2.80000000    43.6319091526
  0.80000000   2.80000000    49.6414147111
  0.90000000   2.80000000    55.5170641571
  1.00000000   2.80000000    61.2125595589
  1.10000000   2.80000000    66.6706568621
  1.20000000   2.80000000    71.8229769178
  1.30000000   2.80000000    76.5913815825
  1.40000000   2.80000000    80.8917246696
  1.50000000   2.80000000    84.6405720419
  1.60000000   2.80000000    87.7647660979
  1.70000000   2.80000000    90.2123512858
  1.80000000   2.80000000    91.9620196703
  1.90000000   2.80000000    93.0280788832
  2.00000000   2.80000000    93.4596781670
  2.10000000   2.80000000    93.3346112073
  2.20000000   2.80000000    92.7493868864
  2.30000000   2.80000000    91.8084568005
  2.40000000   2.80000000    90.6151138072
  2.50000000   2.80000000    89.2652332140
  2.60000000   2.80000000    87.8438389513
  2.70000000   2.80000000    86.4238501573
  2.80000000   2.80000000    85.0662330877
  2.90000000   2.80000000    83.8209027065
  3.00000000   2.80000000    82.7279166520
  3.10000000   2.80000000    81.8186824977
  3.20000000   2.80000000    81.1170295278
  3.30000000   2.80000000    80.6400788784
  3.40000000   2.80000000    80.3988909703
  3.50000000   2.80000000    80.3988909703

  0.00000000   2.90000000     0.0000000000
  0.10000000   2.90000000     6.1280531346
  0.20000000   2.90000000    12.2462031960
  0.30000000   2.90000000    18.3436689612
  0.40000000   2.90000000    24.4078897549
  0.50000000   2.90000000    30.4235846184
  0.60000000   2.90000000    36.3717594492
  0.70000000   2.90000000    42.2286752273
  0.80000000   2.90000000    47.9648098091
  0.90000000   2.90000000    53.5439056714
  1.00000000   2.90000000    58.9222501468
  1.10000000   2.90000000    64.0484403165
  1.20000000   2.90000000    68.8639642294
  1.30000000   2.90000000    73.3050161582
  1.40000000   2.90000000    77.3059139732
  1.50000000   2.90000000    80.8042813345
  1.60000000   2.90000000    83.7476500073
  1.70000000   2.90000000    86.1004684023
  1.80000000   2.90000000    87.8499167339
  1.90000000   2.90000000    89.0089777095
  2.00000000   2.90000000    89.6159684575
  2.10000000   2.90000000    89.7306903889
  2.20000000   2.90000000    89.4281813695
  2.30000000   2.90000000    88.7916299671
  2.40000000   2.90000000    87.9058995025
  2.50000000   2.90000000    86.8525322060
  2.60000000   2.90000000    85.7064596638
  2.70000000   2.90000000    84.5342200542
  2.80000000   2.90000000    83.3932952122
  2.90000000   2.90000000    82.3321709648
  3.00000000   2.90000000    81.3907946164
  3.10000000   2.90000000    80.6011972790
  3.20000000   2.90000000    79.9881315747
  3.30000000   2.90000000    79.5696367639
  3.40000000   2.90000000    79.3574848116
  3.50000000   2.90000000    79.3574848116

  0.00000000   3.00000000     0.0000000000
  0.10000000   3.00000000     5.9810910434
  0.20000000   3.00000000    11.9490096517
  0.30000000   3.00000000    17.8897720304
  0.40000000   3.00000000    23.7877679698
  0.50000000   3.00000000    29.6249404659
  0.60000000   3.00000000    35.3799729160
  0.70000000   3.00000000    41.0275062317
  0.80000000   3.00000000    46.5374423552
  0.90000000   3.00000000    51.8744145967
  1.00000000   3.00000000    56.9975622093
  1.10000000   3.00000000    61.8607808947
  1.20000000   3.00000000    66.4136745847
  1.30000000   3.00000000    70.6034204236
  1.40000000   3.00000000    74.3777039323
  1.50000000   3.00000000    77.6886816522
  1.60000000   3.00000000    80.4976426249
  1.70000000   3.00000000    82.7796705351
  1.80000000   3.00000000    84.5273838700
  1.90000000   3.00000000    85.7528809383
  2.00000000   3.00000000    86.4874311362
  2.10000000   3.00000000    86.7789796863
  2.20000000   3.00000000    86.6880405065
  2.30000000   3.00000000    86.2828535176
  2.40000000   3.00000000    85.6346828483
  2.50000000   3.00000000    84.8138627536
  2.60000000   3.00000000    83.8868629655
  2.70000000   3.00000000    82.9143652093
  2.80000000   3.00000000    81.9501858176
  2.90000000   3.00000000    81.0408205948
  3.00000000   3.00000000    80.2253980128
  3.10000000   3.00000000    79.5358654321
  3.20000000   3.00000000    78.9972792303
  3.30000000   3.00000000    78.6281110523
  3.40000000   3.00000000    78.4405137682
  3.50000000   3.00000000    78.4405137682

  0.00000000   3.10000000     0.0000000000
  0.10000000   3.10000000     5.8595191236
  0.20000000   3.10000000    11.7033669127
  0.30000000   3.10000000    17.5151342992
  0.40000000   3.10000000    23.2769456030
  0.50000000   3.10000000    28.9687535195
  0.60000000   3.10000000    34.5676777429
  0.70000000   3.10000000    40.0474263145
  0.80000000   3.10000000    45.3778500629
  0.90000000   3.10000000    50.5247127384
  1.00000000   3.10000000    55.4497742386
  1.10000000   3.10000000    60.1113168653
  1.20000000   3.10000000    64.4652382903
  1.30000000   3.10000000    68.4668230908
  1.40000000   3.10000000    72.0732174266
  1.50000000   3.10000000    75.2465106796
  1.60000000   3.10000000    77.9571308412
  1.70000000   3.10000000    80.1870893133
  1.80000000   3.10000000    81.9324977738
  1.90000000   3.10000000    83.2048534601
  2.00000000   3.10000000    84.0308094884
  2.10000000   3.10000000    84.4504721661
  2.20000000   3.10000000    84.5145556445
  2.30000000   3.10000000    84.2809211710
  2.40000000   3.10000000    83.8110454285
  2.50000000   3.10000000    83.1668488280
  2.60000000   3.10000000    82.4081267218
  2.70000000   3.10000000    81.5906569530
  2.80000000   3.10000000    80.7649330116
  2.90000000   3.10000000    79.9754095322
  3.00000000   3.10000000    79.2601267770
  3.10000000   3.10000000    78.6505896708
  3.20000000   3.10000000    78.1717982088
  3.30000000   3.10000000    77.8423503224
  3.40000000   3.10000000    77.6745611710
  3.50000000   3.10000000    77.6745611710

  0.00000000   3.20000000     0.0000000000
  0.10000000   3.20000000     5.7660641944
  0.20000000   3.20000000    11.5146596863
  0.30000000   3.20000000    17.2276456327
  0.40000000   3.20000000    22.8855560675
  0.50000000   3.20000000    28.4669873582
  0.60000000   3.20000000    33.9480573818
  0.70000000   3.20000000    39.3019738918
  0.80000000   3.20000000    44.4987681213
  0.90000000   3.20000000    49.5052570840
  1.00000000   3.20000000    54.2853176422
  1.10000000   3.20000000    58.8005515038
  1.20000000   3.20000000    63.0114191842
  1.30000000   3.20000000    66.8788773083
  1.40000000   3.20000000    70.3664984950
  1.50000000   3.20000000    73.4429468176
  1.60000000   3.20000000    76.0845782669
  1.70000000   3.20000000    78.2778273371
  1.80000000   3.20000000    80.0210102198
  1.90000000   3.20000000    81.3252197965
  2.00000000   3.20000000    82.2141412274
  2.10000000   3.20000000    82.7228049495
  2.20000000   3.20000000    82.8954869631
  2.30000000   3.20000000    82.7830853540
  2.40000000   3.20000000    82.4403390175
  2.50000000   3.20000000    81.9231976279
  2.60000000   3.20000000    81.2865532526
  2.70000000   3.20000000    80.5824316788
  2.80000000   3.20000000    79.8586534607
  2.90000000   3.20000000    79.1579145834
  3.00000000   3.20000000    78.5172079253
  3.10000000   3.20000000    77.9674989152
  3.20000000   3.20000000    77.5335749730
  3.30000000   3.20000000    77.2340013799
  3.40000000   3.20000000    77.0811310837
  3.50000000   3.20000000    77.0811310837

  0.00000000   3.30000000     0.0000000000
  0.10000000   3.30000000     5.7026995749
  0.20000000   3.30000000    11.3867715847
  0.30000000   3.30000000    17.0329652013
  0.40000000   3.30000000    22.6208074514
  0.50000000   3.30000000    28.1280570067
  0.60000000   3.30000000    33.5302429518
  0.70000000   3.30000000    38.8003314086
  0.80000000   3.30000000    43.9085685040
  0.90000000   3.30000000    48.8225602854
  1.00000000   3.30000000    53.5076494504
  1.10000000   3.30000000    57.9276496050
  1.20000000   3.30000000    62.0459743370
  1.30000000   3.30000000    65.8271684074
  1.40000000   3.30000000    69.2387863227
  1.50000000   3.30000000    72.2534976992
  1.60000000   3.30000000    74.8512174799
  1.70000000   3.30000000    77.0210081501
  1.80000000   3.30000000    78.7624817561
  1.90000000   3.30000000    80.0864808869
  2.00000000   3.30000000    81.0149150462
  2.10000000   3.30000000    81.5797667190
  2.20000000   3.30000000    81.8214060997
  2.30000000   3.30000000    81.7864475489
  2.40000000   3.30000000    81.5254109741
  2.50000000   3.30000000    81.0904307539
  2.60000000   3.30000000    80.5331919995
  2.70000000   3.30000000    79.9032007925
  2.80000000   3.30000000    79.2464251326
  2.90000000   3.30000000    78.6042921340
  3.00000000   3.30000000    78.0129942994
  3.10000000   3.30000000    77.5030429834
  3.20000000   3.30000000    77.0990049356
  3.30000000   3.30000000    76.8193636047
  3.40000000   3.30000000    76.6764571908
  3.50000000   3.30000000    76.6764571908

  0.00000000   3.40000000     0.0000000000
  0.10000000   3.40000000     5.6707035413
  0.20000000   3.40000000    11.3222125250
  0.30000000   3.40000000    16.9347348120
  0.40000000   3.40000000    22.4873105270
  0.50000000   3.40000000    27.9572991438
  0.60000000   3.40000000    33.3199592564
  0.70000000   3.40000000    38.5481622443
  0.80000000   3.40000000    43.6122890855
  0.90000000   3.40000000    48.4803632544
  1.00000000   3.40000000    53.1184744980
  1.10000000   3.40000000    57.4915382692
  1.20000000   3.40000000    61.5644168805
  1.30000000   3.40000000    65.3033906675
  1.40000000   3.40000000    68.6779187511
  1.50000000   3.40000000    71.6625664518
  1.60000000   3.40000000    74.2389199389
  1.70000000   3.40000000    76.3972669351
  1.80000000   3.40000000    78.1378203971
  1.90000000   3.40000000    79.4713023019
  2.00000000   3.40000000    80.4187901427
  2.10000000   3.40000000    81.0108343102
  2.20000000   3.40000000    81.2859597723
  2.30000000   3.40000000    81.2887400119
  2.40000000   3.40000000    81.0676646763
  2.50000000   3.40000000    80.6730101218
  2.60000000   3.40000000    80.1548789076
  2.70000000   3.40000000    79.5615147318
  2.80000000   3.40000000    78.9379411173
  2.90000000   3.40000000    78.3249241538
  3.00000000   3.40000000    77.7582271331
  3.10000000   3.40000000    77.2681070368
  3.20000000   3.40000000    76.8789970502
  3.30000000   3.40000000    76.6093218929
  3.40000000   3.40000000    76.4714004241
  3.50000000   3.40000000    76.4714004241

  0.00000000   3.50000000     0.0000000000
  0.10000000   3.50000000     5.6707035413
  0.20000000   3.50000000    11.3222125250
  0.30000000   3.50000000    16.9347348120
  0.40000000   3.50000000    22.4873105270
  0.50000000   3.50000000    27.9572991438
  0.60000000   3.50000000    33.3199592564
  0.70000000   3.50000000    38.5481622443
  0.80000000   3.50000000    43.6122890855
  0.90000000   3.50000000    48.4803632544
  1.00000000   3.50000000    53.1184744980
  1.10000000   3.50000000    57.4915382692
  1.20000000   3.50000000    61.5644168805
  1.30000000   3.50000000    65.3033906675
  1.40000000   3.50000000    68.6779187511
  1.50000000   3.50000000    71.6625664518
  1.60000000   3.50000000    74.2389199389
  1.70000000   3.50000000    76.3972669351
  1.80000000   3.50000000    78.1378203971
  1.90000000   3.50000000    79.4713023019
  2.00000000   3.50000000    80.4187901427
  2.10000000   3.50000000    81.0108343102
  2.20000000   3.50000000    81.2859597723
  2.30000000   3.50000000    81.2887400119
  2.40000000   3.50000000    81.0676646763
  2.50000000   3.50000000    80.6730101218
  2.60000000   3.50000000    80.1548789076
  2.70000000   3.50000000    79.5615147318
  2.80000000   3.50000000    78.9379411173
  2.90000000   3.50000000    78.3249241538
  3.00000000   3.50000000    77.7582271331
  3.10000000   3.50000000    77.2681070368
  3.20000000   3.50000000    76.8789970502
  3.30000000   3.50000000    76.6093218929
  3.40000000   3.50000000    76.4714004241
  3.50000000   3.50000000    76.4714004241

