  0.00000000   0.00000000     0.0000000000
  0.10000000   0.00000000     4.0119172639
  0.20000000   0.00000000     8.0126668636
  0.30000000   0.00000000    11.9902007727
  0.40000000   0.00000000    15.9307298091
  0.50000000   0.00000000    19.8179747522
  0.60000000   0.00000000    23.6324900659
  0.70000000   0.00000000    27.3512290863
  0.80000000   0.00000000    30.9472692882
  0.90000000   0.00000000    34.3899289452
  1.00000000   0.00000000    37.6451590522
  1.10000000   0.00000000    40.6764607107
  1.20000000   0.00000000    43.4461586584
  1.30000000   0.00000000    45.9172196447
  1.40000000   0.00000000    48.0553485194
  1.50000000   0.00000000    49.8314000916
  1.60000000   0.00000000    51.2237242244
  1.70000000   0.00000000    52.2203233428
  1.80000000   0.00000000    52.8204290998
  1.90000000   0.00000000    53.0353627210
  2.00000000   0.00000000    52.8884891233
  2.10000000   0.00000000    52.4142931300
  2.20000000   0.00000000    51.6567059349
  2.30000000   0.00000000    50.6668702187
  2.40000000   0.00000000    49.5006703533
  2.50000000   0.00000000    48.2161958859
  2.60000000   0.00000000    46.8714520420
  2.70000000   0.00000000    45.5223249096
  2.80000000   0.00000000    44.2210032467
  2.90000000   0.00000000    43.0147144580
  3.00000000   0.00000000    41.9448857582
  3.10000000   0.00000000    41.0465263193
  3.20000000   0.00000000    40.3478976349
  3.30000000   0.00000000    39.8702855608
  3.40000000   0.00000000    39.6279203179
  3.50000000   0.00000000    39.6279203179

  0.00000000   0.10000000     0.0000000000
  0.10000000   0.10000000     4.0119172639
  0.20000000   0.10000000     8.0126668636
  0.30000000   0.10000000    11.9902007727
  0.40000000   0.10000000    15.9307298091
  0.50000000   0.10000000    19.8179747522
  0.60000000   0.10000000    23.6324900659
  0.70000000   0.10000000    27.3512290863
  0.80000000   0.10000000    30.9472692882
  0.90000000   0.10000000    34.3899289452
  1.00000000   0.10000000    37.6451590522
  1.10000000   0.10000000    40.6764607107
  1.20000000   0.10000000    43.4461586584
  1.30000000   0.10000000    45.9172196447
  1.40000000   0.10000000    48.0553485194
  1.50000000   0.10000000    49.8314000916
  1.60000000   0.10000000    51.2237242244
  1.70000000   0.10000000    52.2203233428
  1.80000000   0.10000000    52.8204290998
  1.90000000   0.10000000    53.0353627210
  2.00000000   0.10000000    52.8884891233
  2.10000000   0.10000000    52.4142931300
  2.20000000   0.10000000    51.6567059349
  2.30000000   0.10000000    50.6668702187
  2.40000000   0.10000000    49.5006703533
  2.50000000   0.10000000    48.2161958859
  2.60000000   0.10000000    46.8714520420
  2.70000000   0.10000000    45.5223249096
  2.80000000   0.10000000    44.2210032467
  2.90000000   0.10000000    43.0147144580
  3.00000000   0.10000000    41.9448857582
  3.10000000   0.10000000    41.0465263193
  3.20000000   0.10000000    40.3478976349
  3.30000000   0.10000000    39.8702855608
  3.40000000   0.10000000    39.6279203179
  3.50000000   0.10000000    39.6279203179

  0.00000000   0.20000000     0.0000000000
  0.10000000   0.20000000     4.0512039436
  0.20000000   0.20000000     8.0919241143
  0.30000000   0.20000000    12.1107479390
  0.40000000   0.20000000    16.0944912531
  0.50000000   0.20000000    20.0273241184
  0.60000000   0.20000000    23.8901616931
  0.70000000   0.20000000    27.6600303624
  0.80000000   0.20000000    31.3098943883
  0.90000000   0.20000000    34.8085260453
  1.00000000   0.20000000    38.1210360268
  1.10000000   0.20000000    41.2095583203
  1.20000000   0.20000000    44.0347326810
  1.30000000   0.20000000    46.5573963351
  1.40000000   0.20000000    48.7410017883
  1.50000000   0.20000000    50.5540713393
  1.60000000   0.20000000    51.9729448560
  1.70000000   0.20000000    52.9840838196
  1.80000000   0.20000000    53.5859592524
  1.90000000   0.20000000    53.7899755972
  2.00000000   0.20000000    53.6204522710
  2.10000000   0.20000000    53.1135760358
  2.20000000   0.20000000    52.3154750037
  2.30000000   0.20000000    51.2797836042
  2.40000000   0.20000000    50.0648345796
  2.50000000   0.20000000    48.7310313690
  2.60000000   0.20000000    47.3383019066
  2.70000000   0.20000000    45.9441435842
  2.80000000   0.20000000    44.6018971886
  2.90000000   0.20000000    43.3596696249
  3.00000000   0.20000000    42.2594112821
  3.10000000   0.20000000    41.3365014032
  3.20000000   0.20000000    40.6193622677
  3.30000000   0.20000000    40.1293896216
  3.40000000   0.20000000    39.8808352835
  3.50000000   0.20000000    39.8808352835

  0.00000000   0.30000000     0.0000000000
  0.10000000   0.30000000     4.1289928918
  0.20000000   0.30000000     8.2488813141
  0.30000000   0.30000000    12.3496080654
  0.40000000   0.30000000    16.4191526708
  0.50000000   0.30000000    20.4427461362
  0.60000000   0.30000000    24.4019388813
  0.70000000   0.30000000    28.2741310253
  0.80000000   0.30000000    32.0319432984
  0.90000000   0.30000000    35.6433068201
  1.00000000   0.30000000    39.0714865520
  1.10000000   0.30000000    42.2760770693
  1.20000000   0.30000000    45.2140909430
  1.30000000   0.30000000    47.8421557080
  1.40000000   0.30000000    50.1188507413
  1.50000000   0.30000000    52.0079260673
  1.60000000   0.30000000    53.4813222018
  1.70000000   0.30000000    54.5222937363
  1.80000000   0.30000000    55.1276084880
  1.90000000   0.30000000    55.3088680680
  2.00000000   0.30000000    55.0924277583
  2.10000000   0.30000000    54.5180601135
  2.20000000   0.30000000    53.6366047119
  2.30000000   0.30000000    52.5068361962
  2.40000000   0.30000000    51.1922866009
  2.50000000   0.30000000    49.7579836307
  2.60000000   0.30000000    48.2678935232
  2.70000000   0.30000000    46.7825861276
  2.80000000   0.30000000    45.3578120949
  2.90000000   0.30000000    44.0432293098
  3.00000000   0.30000000    42.8818997958
  3.10000000   0.30000000    41.9097552487
  3.20000000   0.30000000    41.1555856459
  3.30000000   0.30000000    40.6408824002
  3.40000000   0.30000000    40.3799665618
  3.50000000   0.30000000    40.3799665618

  0.00000000   0.40000000     0.0000000000
  0.10000000   0.40000000     4.2436710097
  0.20000000   0.40000000     8.4804014717
  0.30000000   0.40000000    12.7021688468
  0.40000000   0.40000000    16.8989172877
  0.50000000   0.40000000    21.0574170899
  0.60000000   0.40000000    25.1605215731
  0.70000000   0.40000000    29.1861131217
  0.80000000   0.40000000    33.1067355555
  0.90000000   0.40000000    36.8889306831
  1.00000000   0.40000000    40.4935925305
  1.10000000   0.40000000    43.8762184278
  1.20000000   0.40000000    46.9885193649
  1.30000000   0.40000000    49.7802070114
  1.40000000   0.40000000    52.2022678142
  1.50000000   0.40000000    54.2104125638
  1.60000000   0.40000000    55.7694543303
  1.70000000   0.40000000    56.8571158250
  1.80000000   0.40000000    57.4673654661
  1.90000000   0.40000000    57.6120645168
  2.00000000   0.40000000    57.3209594596
  2.10000000   0.40000000    56.6398380699
  2.20000000   0.40000000    55.6272078284
  2.30000000   0.40000000    54.3503308955
  2.40000000   0.40000000    52.8808793815
  2.50000000   0.40000000    51.2913112216
  2.60000000   0.40000000    49.6515666425
  2.70000000   0.40000000    48.0270120479
  2.80000000   0.40000000    46.4766714870
  2.90000000   0.40000000    45.0525679294
  3.00000000   0.40000000    43.7990473089
  3.10000000   0.40000000    42.7528756749
  3.20000000   0.40000000    41.9430993569
  3.30000000   0.40000000    41.3913610613
  3.40000000   0.40000000    41.1119310482
  3.50000000   0.40000000    41.1119310482

  0.00000000   0.50000000     0.0000000000
  0.10000000   0.50000000     4.3927809159
  0.20000000   0.50000000     8.7815928347
  0.30000000   0.50000000    13.1613609317
  0.40000000   0.50000000    17.5246580013
  0.50000000   0.50000000    21.8607398563
  0.60000000   0.50000000    26.1541970861
  0.70000000   0.50000000    30.3841831193
  0.80000000   0.50000000    34.5231426020
  0.90000000   0.50000000    38.5364636687
  1.00000000   0.50000000    42.3817499518
  1.10000000   0.50000000    46.0094783027
  1.20000000   0.50000000    49.3636954672
  1.30000000   0.50000000    52.3846181472
  1.40000000   0.50000000    55.0117593416
  1.50000000   0.50000000    57.1890144776
  1.60000000   0.50000000    58.8699945380
  1.70000000   0.50000000    60.0239643737
  1.80000000   0.50000000    60.6403336765
  1.90000000   0.50000000    60.7313798108
  2.00000000   0.50000000    60.3321112627
  2.10000000   0.50000000    59.4975266626
  2.20000000   0.50000000    58.2979243515
  2.30000000   0.50000000    56.8130446640
  2.40000000   0.50000000    55.1266058167
  2.50000000   0.50000000    53.3213004595
  2.60000000   0.50000000    51.4754794502
  2.70000000   0.50000000    49.6605211182
  2.80000000   0.50000000    47.9398096487
  2.90000000   0.50000000    46.3678843702
  3.00000000   0.50000000    44.9906855053
  3.10000000   0.50000000    43.8455257281
  3.20000000   0.50000000    42.9617098358
  3.30000000   0.50000000    42.3607222177
  3.40000000   0.50000000    42.0567325687
  3.50000000   0.50000000    42.0567325687

  0.00000000   0.60000000     0.0000000000
  0.10000000   0.60000000     4.5729046721
  0.20000000   0.60000000     9.1457640899
  0.30000000   0.60000000    13.7172698923
  0.40000000   0.60000000    18.2837279728
  0.50000000   0.60000000    22.8375791387
  0.60000000   0.60000000    27.3663411089
  0.70000000   0.60000000    31.8509218786
  0.80000000   0.60000000    36.2646634103
  0.90000000   0.60000000    40.5717003605
  1.00000000   0.60000000    44.7264939187
  1.10000000   0.60000000    48.6730384251
  1.20000000   0.60000000    52.3459831419
  1.30000000   0.60000000    55.6723050432
  1.40000000   0.60000000    58.5757713919
  1.50000000   0.60000000    60.9827041827
  1.60000000   0.60000000    62.8302094162
  1.70000000   0.60000000    64.0743727547
  1.80000000   0.60000000    64.6976664563
  1.90000000   0.60000000    64.7128605685
  2.00000000   0.60000000    64.1629620831
  2.10000000   0.60000000    63.1169662210
  2.20000000   0.60000000    61.6624941177
  2.30000000   0.60000000    59.8974809943
  2.40000000   0.60000000    57.9221413469
  2.50000000   0.60000000    55.8331190348
  2.60000000   0.60000000    53.7191400708
  2.70000000   0.60000000    51.6591179463
  2.80000000   0.60000000    49.7209744254
  2.90000000   0.60000000    47.9620438835
  3.00000000   0.60000000    46.4292983838
  3.10000000   0.60000000    45.1604349908
  3.20000000   0.60000000    44.1843925845
  3.30000000   0.60000000    43.5223021960
  3.40000000   0.60000000    43.1878644064
  3.50000000   0.60000000    43.1878644064

  0.00000000   0.70000000     0.0000000000
  0.10000000   0.70000000     4.7796575599
  0.20000000   0.70000000     9.5641405035
  0.30000000   0.70000000    14.3570440989
  0.40000000   0.70000000    19.1592788055
  0.50000000   0.70000000    23.9678729100
  0.60000000   0.70000000    28.7741347768
  0.70000000   0.70000000    33.5623195272
  0.80000000   0.70000000    38.3073751346
  0.90000000   0.70000000    42.9735074276
  1.00000000   0.70000000    47.5119077368
  1.10000000   0.70000000    51.8599526657
  1.20000000   0.70000000    55.9404278954
  1.30000000   0.70000000    59.6636068916
  1.40000000   0.70000000    62.9311628769
  1.50000000   0.70000000    65.6444873089
  1.60000000   0.70000000    67.7156330479
  1.70000000   0.70000000    69.0806920693
  1.80000000   0.70000000    69.7111328431
  1.90000000   0.70000000    69.6204712546
  2.00000000   0.70000000    68.8639655127
  2.10000000   0.70000000    67.5317415402
  2.20000000   0.70000000    65.7372214647
  2.30000000   0.70000000    63.6040141829
  2.40000000   0.70000000    61.2550297890
  2.50000000   0.70000000    58.8044691049
  2.60000000   0.70000000    56.3538395710
  2.70000000   0.70000000    53.9899741480
  2.80000000   0.70000000    51.7855254857
  2.90000000   0.70000000    49.7996574540
  3.00000000   0.70000000    48.0798646418
  3.10000000   0.70000000    46.6631132732
  3.20000000   0.70000000    45.5774798177
  3.30000000   0.70000000    44.8429760926
  3.40000000   0.70000000    44.4725672670
  3.50000000   0.70000000    44.4725672670

  0.00000000   0.80000000     0.0000000000
  0.10000000   0.80000000     5.0075537905
  0.20000000   0.80000000    10.0258756247
  0.30000000   0.80000000    15.0644138539
  0.40000000   0.80000000    20.1300889846
  0.50000000   0.80000000    25.2255645543
  0.60000000   0.80000000    30.3478240766
  0.70000000   0.80000000    35.4857501698
  0.80000000   0.80000000    40.6181669357
  0.90000000   0.80000000    45.7105961077
  1.00000000   0.80000000    50.7127923075
  1.10000000   0.80000000    55.5553488306
  1.20000000   0.80000000    60.1482327859
  1.30000000   0.80000000    64.3803675748
  1.40000000   0.80000000    68.1240956985
  1.50000000   0.80000000    71.2444679797
  1.60000000   0.80000000    73.6159743090
  1.70000000   0.80000000    75.1431441467
  1.80000000   0.80000000    75.7802346442
  1.90000000   0.80000000    75.5417344585
  2.00000000   0.80000000    74.5019778708
  2.10000000   0.80000000    72.7838402376
  2.20000000   0.80000000    70.5391507599
  2.30000000   0.80000000    67.9283042337
  2.40000000   0.80000000    65.1041372015
  2.50000000   0.80000000    62.2028334063
  2.60000000   0.80000000    59.3397780440
  2.70000000   0.80000000    56.6098350373
  2.80000000   0.80000000    54.0888329979
  2.90000000   0.80000000    51.8366026392
  3.00000000   0.80000000    49.8992756812
  3.10000000   0.80000000    48.3120299396
  3.20000000   0.80000000    47.1007081360
  3.30000000   0.80000000    46.2835814468
  3.40000000   0.80000000    45.8721951854
  3.50000000   0.80000000    45.8721951854

  0.00000000   0.90000000     0.0000000000
  0.10000000   0.90000000     5.2500676045
  0.20000000   0.90000000    10.5178087336
  0.30000000   0.90000000    15.8197574599
  0.40000000   0.90000000    21.1698772125
  0.50000000   0.90000000    26.5782920574
  0.60000000   0.90000000    32.0491327697
  0.70000000   0.90000000    37.5786030956
  0.80000000   0.90000000    43.1515712441
  0.90000000   0.90000000    48.7383355132
  1.00000000   0.90000000    54.2895566864
  1.10000000   0.90000000    59.7316730028
  1.20000000   0.90000000    64.9613792482
  1.30000000   0.90000000    69.8430069663
  1.40000000   0.90000000    74.2097030138
  1.50000000   0.90000000    77.8745720109
  1.60000000   0.90000000    80.6536652021
  1.70000000   0.90000000    82.4010571221
  1.80000000   0.90000000    83.0431848774
  1.90000000   0.90000000    82.5961247201
  2.00000000   0.90000000    81.1645388130
  2.10000000   0.90000000    78.9232569000
  2.20000000   0.90000000    76.0829503176
  2.30000000   0.90000000    72.8561341824
  2.40000000   0.90000000    69.4349461877
  2.50000000   0.90000000    65.9807482278
  2.60000000   0.90000000    62.6230550630
  2.70000000   0.90000000    59.4623200831
  2.80000000   0.90000000    56.5751836338
  2.90000000   0.90000000    54.0189834798
  3.00000000   0.90000000    51.8364140158
  3.10000000   0.90000000    50.0585603434
  3.20000000   0.90000000    48.7077997461
  3.30000000   0.90000000    47.7993746482
  3.40000000   0.90000000    47.3428765482
  3.50000000   0.90000000    47.3428765482

  0.00000000   1.00000000     0.0000000000
  0.10000000   1.00000000     5.4995775331
  0.20000000   1.00000000    11.0246888892
  0.30000000   1.00000000    16.5998278019
  0.40000000   1.00000000    22.2474757014
  0.50000000   1.00000000    27.9865066665
  0.60000000   1.00000000    33.8307044791
  0.70000000   1.00000000    39.7859409643
  0.80000000   1.00000000    45.8472413579
  0.90000000   1.00000000    51.9936374097
  1.00000000   1.00000000    58.1823887903
  1.10000000   1.00000000    64.3403134607
  1.20000000   1.00000000    70.3547082526
  1.30000000   1.00000000    76.0634437138
  1.40000000   1.00000000    81.2506289942
  1.50000000   1.00000000    85.6541289347
  1.60000000   1.00000000    88.9976245662
  1.70000000   1.00000000    91.0503549849
  1.80000000   1.00000000    91.6942874282
  1.90000000   1.00000000    90.9480878524
  2.00000000   1.00000000    88.9650185116
  2.10000000   1.00000000    86.0060500488
  2.20000000   1.00000000    82.3739147028
  2.30000000   1.00000000    78.3554863215
  2.40000000   1.00000000    74.1915842605
  2.50000000   1.00000000    70.0701668330
  2.60000000   1.00000000    66.1310657102
  2.70000000   1.00000000    62.4756839334
  2.80000000   1.00000000    59.1760219649
  2.90000000   1.00000000    56.2829697292
  3.00000000   1.00000000    53.8319604214
  3.10000000   1.00000000    51.8477196755
  3.20000000   1.00000000    50.3470126577
  3.30000000   1.00000000    49.3410044754
  3.40000000   1.00000000    48.8363996482
  3.50000000   1.00000000    48.8363996482

  0.00000000   1.10000000     0.0000000000
  0.10000000   1.10000000     5.7475853581
  0.20000000   1.10000000    11.5292105677
  0.30000000   1.10000000    17.3782875820
  0.40000000   1.10000000    23.3266761903
  0.50000000   1.10000000    29.4038455962
  0.60000000   1.10000000    35.6350659266
  0.70000000   1.10000000    42.0395071420
  0.80000000   1.10000000    48.6263866510
  0.90000000   1.10000000    55.3902125562
  1.00000000   1.10000000    62.3024477086
  1.10000000   1.10000000    69.3005396694
  1.20000000   1.10000000    76.2714761224
  1.30000000   1.10000000    83.0323337848
  1.40000000   1.10000000    89.3102951712
  1.50000000   1.10000000    94.7373363159
  1.60000000   1.10000000    98.8851158994
  1.70000000   1.10000000   101.3720077406
  1.80000000   1.10000000   102.0116759528
  1.90000000   1.10000000   100.8277676258
  2.00000000   1.10000000    98.0488429759
  2.10000000   1.10000000    94.0872457026
  2.20000000   1.10000000    89.3950421318
  2.30000000   1.10000000    84.3625213426
  2.40000000   1.10000000    79.2860158661
  2.50000000   1.10000000    74.3742349252
  2.60000000   1.10000000    69.7680720078
  2.70000000   1.10000000    65.5598632810
  2.80000000   1.10000000    61.8093459312
  2.90000000   1.10000000    58.5544599165
  3.00000000   1.10000000    55.8193180567
  3.10000000   1.10000000    53.6188751620
  3.20000000   1.10000000    51.9624747529
  3.30000000   1.10000000    50.8556382294
  3.40000000   1.10000000    50.3015286017
  3.50000000   1.10000000    50.3015286017

  0.00000000   1.20000000     0.0000000000
  0.10000000   1.20000000     5.9848589686
  0.20000000   1.20000000    12.0126593051
  0.30000000   1.20000000    18.1260753501
  0.40000000   1.20000000    24.3673143122
  0.50000000   1.20000000    30.7773807476
  0.60000000   1.20000000    37.3954012140
  0.70000000   1.20000000    44.2566428963
  0.80000000   1.20000000    51.3900271194
  0.90000000   1.20000000    58.8127822782
  1.00000000   1.20000000    66.5225302730
  1.10000000   1.20000000    74.4828582313
  1.20000000   1.20000000    82.6010949738
  1.30000000   1.20000000    90.6929873955
  1.40000000   1.20000000    98.4355640704
  1.50000000   1.20000000   105.3201726783
  1.60000000   1.20000000   110.6610640634
  1.70000000   1.20000000   113.7777553807
  1.80000000   1.20000000   114.4018975827
  1.90000000   1.20000000   112.5672829156
  2.00000000   1.20000000   108.5985463158
  2.10000000   1.20000000   103.2027360483
  2.20000000   1.20000000    97.0813488389
  2.30000000   1.20000000    90.7597516625
  2.40000000   1.20000000    84.5821672411
  2.50000000   1.20000000    78.7583901531
  2.60000000   1.20000000    73.4100854809
  2.70000000   1.20000000    68.6051192799
  2.80000000   1.20000000    64.3793066726
  2.90000000   1.20000000    60.7503579782
  3.00000000   1.20000000    57.7256972862
  3.10000000   1.20000000    55.3075879500
  3.20000000   1.20000000    53.4956568237
  3.30000000   1.20000000    52.2887459663
  3.40000000   1.20000000    51.6856315966
  3.50000000   1.20000000    51.6856315966

  0.00000000   1.30000000     0.0000000000
  0.10000000   1.30000000     6.2018909697
  0.20000000   1.30000000    12.4554667166
  0.30000000   1.30000000    18.8127674763
  0.40000000   1.30000000    25.3263624140
  0.50000000   1.30000000    32.0496920931
  0.60000000   1.30000000    39.0367767155
  0.70000000   1.30000000    46.3419752636
  0.80000000   1.30000000    54.0182046718
  0.90000000   1.30000000    62.1140647256
  1.00000000   1.30000000    70.6667564649
  1.10000000   1.30000000    79.6891709982
  1.20000000   1.30000000    89.1435806405
  1.30000000   1.30000000    98.8927706275
  1.40000000   1.30000000   108.6105426135
  1.50000000   1.30000000   117.6408346032
  1.60000000   1.30000000   124.8591806800
  1.70000000   1.30000000   128.8814820088
  1.80000000   1.30000000   129.4681468893
  1.90000000   1.30000000   126.6749429205
  2.00000000   1.30000000   120.8306011929
  2.10000000   1.30000000   113.3230108097
  2.20000000   1.30000000   105.2721843115
  2.30000000   1.30000000    97.3418078994
  2.40000000   1.30000000    89.8768928010
  2.50000000   1.30000000    83.0409004960
  2.60000000   1.30000000    76.9022956374
  2.70000000   1.30000000    71.4819088947
  2.80000000   1.30000000    66.7783280978
  2.90000000   1.30000000    62.7805485398
  3.00000000   1.30000000    59.4748377624
  3.10000000   1.30000000    56.8477207842
  3.20000000   1.30000000    54.8877735634
  3.30000000   1.30000000    53.5861011355
  3.40000000   1.30000000    52.9367674635
  3.50000000   1.30000000    52.9367674635

  0.00000000   1.40000000     0.0000000000
  0.10000000   1.40000000     6.3893075686
  0.20000000   1.40000000    12.8383931058
  0.30000000   1.40000000    19.4079184495
  0.40000000   1.40000000    26.1604628886
  0.50000000   1.40000000    33.1613917501
  0.60000000   1.40000000    40.4801117616
  0.70000000   1.40000000    48.1908955707
  0.80000000   1.40000000    56.3739956193
  0.90000000   1.40000000    65.1154590546
  1.00000000   1.40000000    74.5056070079
  1.10000000   1.40000000    84.6320561710
  1.20000000   1.40000000    95.5617132951
  1.30000000   1.40000000   107.2934595666
  1.40000000   1.40000000   119.6401018471
  1.50000000   1.40000000   131.9375525845
  1.60000000   1.40000000   142.4167387583
  1.70000000   1.40000000   147.5886191080
  1.80000000   1.40000000   148.0930661739
  1.90000000   1.40000000   144.0309365765
  2.00000000   1.40000000   134.9487004864
  2.10000000   1.40000000   124.2387268244
  2.20000000   1.40000000   113.6247347230
  2.30000000   1.40000000   103.7696201954
  2.40000000   1.40000000    94.8806733275
  2.50000000   1.40000000    86.9885450821
  2.60000000   1.40000000    80.0604118553
  2.70000000   1.40000000    74.0452457490
  2.80000000   1.40000000    68.8912044857
  2.90000000   1.40000000    64.5523608737
  3.00000000   1.40000000    60.9903777943
  3.10000000   1.40000000    58.1748166947
  3.20000000   1.40000000    56.0823787441
  3.30000000   1.40000000    54.6963809105
  3.40000000   1.40000000    54.0060168030
  3.50000000   1.40000000    54.0060168030

  0.00000000   1.50000000     0.0000000000
  0.10000000   1.50000000     6.5385376974
  0.20000000   1.50000000    13.1436197417
  0.30000000   1.50000000    19.8832850749
  0.40000000   1.50000000    26.8285996062
  0.50000000   1.50000000    34.0556103053
  0.60000000   1.50000000    41.6474644086
  0.70000000   1.50000000    49.6974324203
  0.80000000   1.50000000    58.3123647603
  0.90000000   1.50000000    67.6176024242
  1.00000000   1.50000000    77.7626276191
  1.10000000   1.50000000    88.9281921479
  1.20000000   1.50000000   101.3323510984
  1.30000000   1.50000000   115.2287080929
  1.40000000   1.50000000   130.8597489598
  1.50000000   1.50000000   148.1832342221
  1.60000000   1.50000000   165.4036356763
  1.70000000   1.50000000   171.0854607648
  1.80000000   1.50000000   171.4161608666
  1.90000000   1.50000000   166.5587620761
  2.00000000   1.50000000   150.8798178017
  2.10000000   1.50000000   135.2812971715
  2.20000000   1.50000000   121.4781309928
  2.30000000   1.50000000   109.5249971147
  2.40000000   1.50000000    99.2122306427
  2.50000000   1.50000000    90.3239854713
  2.60000000   1.50000000    82.6814307196
  2.70000000   1.50000000    76.1439694477
  2.80000000   1.50000000    70.6032613655
  2.90000000   1.50000000    65.9764714751
  3.00000000   1.50000000    62.2009401184
  3.10000000   1.50000000    59.2297481657
  3.20000000   1.50000000    57.0286825544
  3.30000000   1.50000000    55.5738207393
  3.40000000   1.50000000    54.8500573141
  3.50000000   1.50000000    54.8500573141

  0.00000000   1.60000000     0.0000000000
  0.10000000   1.60000000     6.6423842125
  0.20000000   1.60000000    13.3562252847
  0.30000000   1.60000000    20.2148805679
  0.40000000   1.60000000    27.2957590773
  0.50000000   1.60000000    34.6827990713
  0.60000000   1.60000000    42.4698238293
  0.70000000   1.60000000    50.7648625895
  0.80000000   1.60000000    59.6965094087
  0.90000000   1.60000000    69.4228876691
  1.00000000   1.60000000    80.1455849000
  1.10000000   1.60000000    92.1315338098
  1.20000000   1.60000000   105.7516715916
  1.30000000   1.60000000   121.5600274423
  1.40000000   1.60000000   140.5022517592
  1.50000000   1.60000000   164.6261910009
  1.60000000   1.60000000   200.0000000000
  1.70000000   1.60000000   200.0000000000
  1.80000000   1.60000000   200.0000000000
  1.90000000   1.60000000   200.0000000000
  2.00000000   1.60000000   166.8729560796
  2.10000000   1.60000000   144.7215860215
  2.20000000   1.60000000   127.7198790212
  2.30000000   1.60000000   113.9182237587
  2.40000000   1.60000000   102.4320441198
  2.50000000   1.60000000    92.7566529410
  2.60000000   1.60000000    84.5661338634
  2.70000000   1.60000000    77.6370504971
  2.80000000   1.60000000    71.8112780391
  2.90000000   1.60000000    66.9750155200
  3.00000000   1.60000000    63.0455956033
  3.10000000   1.60000000    59.9631133039
  3.20000000   1.60000000    57.6847341475
  3.30000000   1.60000000    56.1810579532
  3.40000000   1.60000000    55.4336530045
  3.50000000   1.60000000    55.4336530045

  0.00000000   1.70000000     0.0000000000
  0.10000000   1.70000000     6.6956701217
  0.20000000   1.70000000    13.4653691176
  0.30000000   1.70000000    20.3852865895
  0.40000000   1.70000000    27.5361594909
  0.50000000   1.70000000    35.0062240970
  0.60000000   1.70000000    42.8950368439
  0.70000000   1.70000000    51.3188556881
  0.80000000   1.70000000    60.4183522703
  0.90000000   1.70000000    70.3703236556
  1.00000000   1.70000000    81.4057684730
  1.10000000   1.70000000    93.8388196702
  1.20000000   1.70000000   108.1131348563
  1.30000000   1.70000000   124.8737799443
  1.40000000   1.70000000   145.0568887700
  1.50000000   1.70000000   169.8784234664
  1.60000000   1.70000000   200.0000000000
  1.70000000   1.70000000   200.0000000000
  1.80000000   1.70000000   200.0000000000
  1.90000000   1.70000000   200.0000000000
  2.00000000   1.70000000   171.9892290629
  2.10000000   1.70000000   149.1795503347
  2.20000000   1.70000000   130.9830289696
  2.30000000   1.70000000   116.2621903688
  2.40000000   1.70000000   104.1451808013
  2.50000000   1.70000000    94.0407331843
  2.60000000   1.70000000    85.5532189793
  2.70000000   1.70000000    78.4139301635
  2.80000000   1.70000000    72.4366208343
  2.90000000   1.70000000    67.4898412803
  3.00000000   1.70000000    63.4797513096
  3.10000000   1.70000000    60.3391704145
  3.20000000   1.70000000    58.0205818412
  3.30000000   1.70000000    56.4915604260
  3.40000000   1.70000000    55.7319030176
  3.50000000   1.70000000    55.7319030176

  0.00000000   1.80000000     0.0000000000
  0.10000000   1.80000000     6.6956701217
  0.20000000   1.80000000    13.4653691176
  0.30000000   1.80000000    20.3852865895
  0.40000000   1.80000000    27.5361594909
  0.50000000   1.80000000    35.0062240970
  0.60000000   1.80000000    42.8950368439
  0.70000000   1.80000000    51.3188556881
  0.80000000   1.80000000    60.4183522703
  0.90000000   1.80000000    70.3703236556
  1.00000000   1.80000000    81.4057684730
  1.10000000   1.80000000    93.8388196702
  1.20000000   1.80000000   108.1131348563
  1.30000000   1.80000000   124.8737799443
  1.40000000   1.80000000   145.0568887700
  1.50000000   1.80000000   169.8784234664
  1.60000000   1.80000000   200.0000000000
  1.70000000   1.80000000   200.0000000000
  1.80000000   1.80000000   200.0000000000
  1.90000000   1.80000000   200.0000000000
  2.00000000   1.80000000   171.9892290629
  2.10000000   1.80000000   149.1795503347
  2.20000000   1.80000000   130.9830289696
  2.30000000   1.80000000   116.2621903688
  2.40000000   1.80000000   104.1451808013
  2.50000000   1.80000000    94.0407331843
  2.60000000   1.80000000    85.5532189793
  2.70000000   1.80000000    78.4139301635
  2.80000000   1.80000000    72.4366208343
  2.90000000   1.80000000    67.4898412803
  3.00000000   1.80000000    63.4797513096
  3.10000000   1.80000000    60.3391704145
  3.20000000   1.80000000    58.0205818412
  3.30000000   1.80000000    56.4915604260
  3.40000000   1.80000000    55.7319030176
  3.50000000   1.80000000    55.7319030176

  0.00000000   1.90000000     0.0000000000
  0.10000000   1.90000000     6.6423842125
  0.20000000   1.90000000    13.3562252847
  0.30000000   1.90000000    20.2148805679
  0.40000000   1.90000000    27.2957590773
  0.50000000   1.90000000    34.6827990713
  0.60000000   1.90000000    42.4698238293
  0.70000000   1.90000000    50.7648625895
  0.80000000   1.90000000    59.6965094087
  0.90000000   1.90000000    69.4228876691
  1.00000000   1.90000000    80.1455849000
  1.10000000   1.90000000    92.1315338098
  1.20000000   1.90000000   105.7516715916
  1.30000000   1.90000000   121.5600274423
  1.40000000   1.90000000   140.5022517592
  1.50000000   1.90000000   164.6261910009
  1.60000000   1.90000000   200.0000000000
  1.70000000   1.90000000   200.0000000000
  1.80000000   1.90000000   200.0000000000
  1.90000000   1.90000000   200.0000000000
  2.00000000   1.90000000   166.8729560796
  2.10000000   1.90000000   144.7215860215
  2.20000000   1.90000000   127.7198790212
  2.30000000   1.90000000   113.9182237587
  2.40000000   1.90000000   102.4320441198
  2.50000000   1.90000000    92.7566529410
  2.60000000   1.90000000    84.5661338634
  2.70000000   1.90000000    77.6370504971
  2.80000000   1.90000000    71.8112780391
  2.90000000   1.90000000    66.9750155200
  3.00000000   1.90000000    63.0455956033
  3.10000000   1.90000000    59.9631133039
  3.20000000   1.90000000    57.6847341475
  3.30000000   1.90000000    56.1810579532
  3.40000000   1.90000000    55.4336530045
  3.50000000   1.90000000    55.4336530045

  0.00000000   2.00000000     0.0000000000
  0.10000000   2.00000000     6.5385376974
  0.20000000   2.00000000    13.1436197417
  0.30000000   2.00000000    19.8832850749
  0.40000000   2.00000000    26.8285996062
  0.50000000   2.00000000    34.0556103053
  0.60000000   2.00000000    41.6474644086
  0.70000000   2.00000000    49.6974324203
  0.80000000   2.00000000    58.3123647603
  0.90000000   2.00000000    67.6176024242
  1.00000000   2.00000000    77.7626276191
  1.10000000   2.00000000    88.9281921479
  1.20000000   2.00000000   101.3323510984
  1.30000000   2.00000000   115.2287080929
  1.40000000   2.00000000   130.8597489598
  1.50000000   2.00000000   148.1832342221
  1.60000000   2.00000000   165.4036356763
  1.70000000   2.00000000   171.0854607648
  1.80000000   2.00000000   171.4161608666
  1.90000000   2.00000000   166.5587620761
  2.00000000   2.00000000   150.8798178017
  2.10000000   2.00000000   135.2812971715
  2.20000000   2.00000000   121.4781309928
  2.30000000   2.00000000   109.5249971147
  2.40000000   2.00000000    99.2122306427
  2.50000000   2.00000000    90.3239854713
  2.60000000   2.00000000    82.6814307196
  2.70000000   2.00000000    76.1439694477
  2.80000000   2.00000000    70.6032613655
  2.90000000   2.00000000    65.9764714751
  3.00000000   2.00000000    62.2009401184
  3.10000000   2.00000000    59.2297481657
  3.20000000   2.00000000    57.0286825544
  3.30000000   2.00000000    55.5738207393
  3.40000000   2.00000000    54.8500573141
  3.50000000   2.00000000    54.8500573141

  0.00000000   2.10000000     0.0000000000
  0.10000000   2.10000000     6.3893075686
  0.20000000   2.10000000    12.8383931058
  0.30000000   2.10000000    19.4079184495
  0.40000000   2.10000000    26.1604628886
  0.50000000   2.10000000    33.1613917501
  0.60000000   2.10000000    40.4801117616
  0.70000000   2.10000000    48.1908955707
  0.80000000   2.10000000    56.3739956193
  0.90000000   2.10000000    65.1154590546
  1.00000000   2.10000000    74.5056070079
  1.10000000   2.10000000    84.6320561710
  1.20000000   2.10000000    95.5617132951
  1.30000000   2.10000000   107.2934595666
  1.40000000   2.10000000   119.6401018471
  1.50000000   2.10000000   131.9375525845
  1.60000000   2.10000000   142.4167387583
  1.70000000   2.10000000   147.5886191080
  1.80000000   2.10000000   148.0930661739
  1.90000000   2.10000000   144.0309365765
  2.00000000   2.10000000   134.9487004864
  2.10000000   2.10000000   124.2387268244
  2.20000000   2.10000000   113.6247347230
  2.30000000   2.10000000   103.7696201954
  2.40000000   2.10000000    94.8806733275
  2.50000000   2.10000000    86.9885450821
  2.60000000   2.10000000    80.0604118553
  2.70000000   2.10000000    74.0452457490
  2.80000000   2.10000000    68.8912044857
  2.90000000   2.10000000    64.5523608737
  3.00000000   2.10000000    60.9903777943
  3.10000000   2.10000000    58.1748166947
  3.20000000   2.10000000    56.0823787441
  3.30000000   2.10000000    54.6963809105
  3.40000000   2.10000000    54.0060168030
  3.50000000   2.10000000    54.0060168030

  0.00000000   2.20000000     0.0000000000
  0.10000000   2.20000000     6.2018909697
  0.20000000   2.20000000    12.4554667166
  0.30000000   2.20000000    18.8127674763
  0.40000000   2.20000000    25.3263624140
  0.50000000   2.20000000    32.0496920931
  0.60000000   2.20000000    39.0367767155
  0.70000000   2.20000000    46.3419752636
  0.80000000   2.20000000    54.0182046718
  0.90000000   2.20000000    62.1140647256
  1.00000000   2.20000000    70.6667564649
  1.10000000   2.20000000    79.6891709982
  1.20000000   2.20000000    89.1435806405
  1.30000000   2.20000000    98.8927706275
  1.40000000   2.20000000   108.6105426135
  1.50000000   2.20000000   117.6408346032
  1.60000000   2.20000000   124.8591806800
  1.70000000   2.20000000   128.8814820088
  1.80000000   2.20000000   129.4681468893
  1.90000000   2.20000000   126.6749429205
  2.00000000   2.20000000   120.8306011929
  2.10000000   2.20000000   113.3230108097
  2.20000000   2.20000000   105.2721843115
  2.30000000   2.20000000    97.3418078994
  2.40000000   2.20000000    89.8768928010
  2.50000000   2.20000000    83.0409004960
  2.60000000   2.20000000    76.9022956374
  2.70000000   2.20000000    71.4819088947
  2.80000000   2.20000000    66.7783280978
  2.90000000   2.20000000    62.7805485398
  3.00000000   2.20000000    59.4748377624
  3.10000000   2.20000000    56.8477207842
  3.20000000   2.20000000    54.8877735634
  3.30000000   2.20000000    53.5861011355
  3.40000000   2.20000000    52.9367674635
  3.50000000   2.20000000    52.9367674635

  0.00000000   2.30000000     0.0000000000
  0.10000000   2.30000000     5.9848589686
  0.20000000   2.30000000    12.0126593051
  0.30000000   2.30000000    18.1260753501
  0.40000000   2.30000000    24.3673143122
  0.50000000   2.30000000    30.7773807476
  0.60000000   2.30000000    37.3954012140
  0.70000000   2.30000000    44.2566428963
  0.80000000   2.30000000    51.3900271194
  0.90000000   2.30000000    58.8127822782
  1.00000000   2.30000000    66.5225302730
  1.10000000   2.30000000    74.4828582313
  1.20000000   2.30000000    82.6010949738
  1.30000000   2.30000000    90.6929873955
  1.40000000   2.30000000    98.4355640704
  1.50000000   2.30000000   105.3201726783
  1.60000000   2.30000000   110.6610640634
  1.70000000   2.30000000   113.7777553807
  1.80000000   2.30000000   114.4018975827
  1.90000000   2.30000000   112.5672829156
  2.00000000   2.30000000   108.5985463158
  2.10000000   2.30000000   103.2027360483
  2.20000000   2.30000000    97.0813488389
  2.30000000   2.30000000    90.7597516625
  2.40000000   2.30000000    84.5821672411
  2.50000000   2.30000000    78.7583901531
  2.60000000   2.30000000    73.4100854809
  2.70000000   2.30000000    68.6051192799
  2.80000000   2.30000000    64.3793066726
  2.90000000   2.30000000    60.7503579782
  3.00000000   2.30000000    57.7256972862
  3.10000000   2.30000000    55.3075879500
  3.20000000   2.30000000    53.4956568237
  3.30000000   2.30000000    52.2887459663
  3.40000000   2.30000000    51.6856315966
  3.50000000   2.30000000    51.6856315966

  0.00000000   2.40000000     0.0000000000
  0.10000000   2.40000000     5.7475853581
  0.20000000   2.40000000    11.5292105677
  0.30000000   2.40000000    17.3782875820
  0.40000000   2.40000000    23.3266761903
  0.50000000   2.40000000    29.4038455962
  0.60000000   2.40000000    35.6350659266
  0.70000000   2.40000000    42.0395071420
  0.80000000   2.40000000    48.6263866510
  0.90000000   2.40000000    55.3902125562
  1.00000000   2.40000000    62.3024477086
  1.10000000   2.40000000    69.3005396694
  1.20000000   2.40000000    76.2714761224
  1.30000000   2.40000000    83.0323337848
  1.40000000   2.40000000    89.3102951712
  1.50000000   2.40000000    94.7373363159
  1.60000000   2.40000000    98.8851158994
  1.70000000   2.40000000   101.3720077406
  1.80000000   2.40000000   102.0116759528
  1.90000000   2.40000000   100.8277676258
  2.00000000   2.40000000    98.0488429759
  2.10000000   2.40000000    94.0872457026
  2.20000000   2.40000000    89.3950421318
  2.30000000   2.40000000    84.3625213426
  2.40000000   2.40000000    79.2860158661
  2.50000000   2.40000000    74.3742349252
  2.60000000   2.40000000    69.7680720078
  2.70000000   2.40000000    65.5598632810
  2.80000000   2.40000000    61.8093459312
  2.90000000   2.40000000    58.5544599165
  3.00000000   2.40000000    55.8193180567
  3.10000000   2.40000000    53.6188751620
  3.20000000   2.40000000    51.9624747529
  3.30000000   2.40000000    50.8556382294
  3.40000000   2.40000000    50.3015286017
  3.50000000   2.40000000    50.3015286017

  0.00000000   2.50000000     0.0000000000
  0.10000000   2.50000000     5.4995775331
  0.20000000   2.50000000    11.0246888892
  0.30000000   2.50000000    16.5998278019
  0.40000000   2.50000000    22.2474757014
  0.50000000   2.50000000    27.9865066665
  0.60000000   2.50000000    33.8307044791
  0.70000000   2.50000000    39.7859409643
  0.80000000   2.50000000    45.8472413579
  0.90000000   2.50000000    51.9936374097
  1.00000000   2.50000000    58.1823887903
  1.10000000   2.50000000    64.3403134607
  1.20000000   2.50000000    70.3547082526
  1.30000000   2.50000000    76.0634437138
  1.40000000   2.50000000    81.2506289942
  1.50000000   2.50000000    85.6541289347
  1.60000000   2.50000000    88.9976245662
  1.70000000   2.50000000    91.0503549849
  1.80000000   2.50000000    91.6942874282
  1.90000000   2.50000000    90.9480878524
  2.00000000   2.50000000    88.9650185116
  2.10000000   2.50000000    86.0060500488
  2.20000000   2.50000000    82.3739147028
  2.30000000   2.50000000    78.3554863215
  2.40000000   2.50000000    74.1915842605
  2.50000000   2.50000000    70.0701668330
  2.60000000   2.50000000    66.1310657102
  2.70000000   2.50000000    62.4756839334
  2.80000000   2.50000000    59.1760219649
  2.90000000   2.50000000    56.2829697292
  3.00000000   2.50000000    53.8319604214
  3.10000000   2.50000000    51.8477196755
  3.20000000   2.50000000    50.3470126577
  3.30000000   2.50000000    49.3410044754
  3.40000000   2.50000000    48.8363996482
  3.50000000   2.50000000    48.8363996482

  0.00000000   2.60000000     0.0000000000
  0.10000000   2.60000000     5.2500676045
  0.20000000   2.60000000    10.5178087336
  0.30000000   2.60000000    15.8197574599
  0.40000000   2.60000000    21.1698772125
  0.50000000   2.60000000    26.5782920574
  0.60000000   2.60000000    32.0491327697
  0.70000000   2.60000000    37.5786030956
  0.80000000   2.60000000    43.1515712441
  0.90000000   2.60000000    48.7383355132
  1.00000000   2.60000000    54.2895566864
  1.10000000   2.60000000    59.7316730028
  1.20000000   2.60000000    64.9613792482
  1.30000000   2.60000000    69.8430069663
  1.40000000   2.60000000    74.2097030138
  1.50000000   2.60000000    77.8745720109
  1.60000000   2.60000000    80.6536652021
  1.70000000   2.60000000    82.4010571221
  1.80000000   2.60000000    83.0431848774
  1.90000000   2.60000000    82.5961247201
  2.00000000   2.60000000    81.1645388130
  2.10000000   2.60000000    78.9232569000
  2.20000000   2.60000000    76.0829503176
  2.30000000   2.60000000    72.8561341824
  2.40000000   2.60000000    69.4349461877
  2.50000000   2.60000000    65.9807482278
  2.60000000   2.60000000    62.6230550630
  2.70000000   2.60000000    59.4623200831
  2.80000000   2.60000000    56.5751836338
  2.90000000   2.60000000    54.0189834798
  3.00000000   2.60000000    51.8364140158
  3.10000000   2.60000000    50.0585603434
  3.20000000   2.60000000    48.7077997461
  3.30000000   2.60000000    47.7993746482
  3.40000000   2.60000000    47.3428765482
  3.50000000   2.60000000    47.3428765482

  0.00000000   2.70000000     0.0000000000
  0.10000000   2.70000000     5.0075537905
  0.20000000   2.70000000    10.0258756247
  0.30000000   2.70000000    15.0644138539
  0.40000000   2.70000000    20.1300889846
  0.50000000   2.70000000    25.2255645543
  0.60000000   2.70000000    30.3478240766
  0.70000000   2.70000000    35.4857501698
  0.80000000   2.70000000    40.6181669357
  0.90000000   2.70000000    45.7105961077
  1.00000000   2.70000000    50.7127923075
  1.10000000   2.70000000    55.5553488306
  1.20000000   2.70000000    60.1482327859
  1.30000000   2.70000000    64.3803675748
  1.40000000   2.70000000    68.1240956985
  1.50000000   2.70000000    71.2444679797
  1.60000000   2.70000000    73.6159743090
  1.70000000   2.70000000    75.1431441467
  1.80000000   2.70000000    75.7802346442
  1.90000000   2.70000000    75.5417344585
  2.00000000   2.70000000    74.5019778708
  2.10000000   2.70000000    72.7838402376
  2.20000000   2.70000000    70.5391507599
  2.30000000   2.70000000    67.9283042337
  2.40000000   2.70000000    65.1041372015
  2.50000000   2.70000000    62.2028334063
  2.60000000   2.70000000    59.3397780440
  2.70000000   2.70000000    56.6098350373
  2.80000000   2.70000000    54.0888329979
  2.90000000   2.70000000    51.8366026392
  3.00000000   2.70000000    49.8992756812
  3.10000000   2.70000000    48.3120299396
  3.20000000   2.70000000    47.1007081360
  3.30000000   2.70000000    46.2835814468
  3.40000000   2.70000000    45.8721951854
  3.50000000   2.70000000    45.8721951854

  0.00000000   2.80000000     0.0000000000
  0.10000000   2.80000000     4.7796575599
  0.20000000   2.80000000     9.5641405035
  0.30000000   2.80000000    14.3570440989
  0.40000000   2.80000000    19.1592788055
  0.50000000   2.80000000    23.9678729100
  0.60000000   2.80000000    28.7741347768
  0.70000000   2.80000000    33.5623195272
  0.80000000   2.80000000    38.3073751346
  0.90000000   2.80000000    42.9735074276
  1.00000000   2.80000000    47.5119077368
  1.10000000   2.80000000    51.8599526657
  1.20000000   2.80000000    55.9404278954
  1.30000000   2.80000000    59.6636068916
  1.40000000   2.80000000    62.9311628769
  1.50000000   2.80000000    65.6444873089
  1.60000000   2.80000000    67.7156330479
  1.70000000   2.80000000    69.0806920693
  1.80000000   2.80000000    69.7111328431
  1.90000000   2.80000000    69.6204712546
  2.00000000   2.80000000    68.8639655127
  2.10000000   2.80000000    67.5317415402
  2.20000000   2.80000000    65.7372214647
  2.30000000   2.80000000    63.6040141829
  2.40000000   2.80000000    61.2550297890
  2.50000000   2.80000000    58.8044691049
  2.60000000   2.80000000    56.3538395710
  2.70000000   2.80000000    53.9899741480
  2.80000000   2.80000000    51.7855254857
  2.90000000   2.80000000    49.7996574540
  3.00000000   2.80000000    48.0798646418
  3.10000000   2.80000000    46.6631132732
  3.20000000   2.80000000    45.5774798177
  3.30000000   2.80000000    44.8429760926
  3.40000000   2.80000000    44.4725672670
  3.50000000   2.80000000    44.4725672670

  0.00000000   2.90000000     0.0000000000
  0.10000000   2.90000000     4.5729046721
  0.20000000   2.90000000     9.1457640899
  0.30000000   2.90000000    13.7172698923
  0.40000000   2.90000000    18.2837279728
  0.50000000   2.90000000    22.8375791387
  0.60000000   2.90000000    27.3663411089
  0.70000000   2.90000000    31.8509218786
  0.80000000   2.90000000    36.2646634103
  0.90000000   2.90000000    40.5717003605
  1.00000000   2.90000000    44.7264939187
  1.10000000   2.90000000    48.6730384251
  1.20000000   2.90000000    52.3459831419
  1.30000000   2.90000000    55.6723050432
  1.40000000   2.90000000    58.5757713919
  1.50000000   2.90000000    60.9827041827
  1.60000000   2.90000000    62.8302094162
  1.70000000   2.90000000    64.0743727547
  1.80000000   2.90000000    64.6976664563
  1.90000000   2.90000000    64.7128605685
  2.00000000   2.90000000    64.1629620831
  2.10000000   2.90000000    63.1169662210
  2.20000000   2.90000000    61.6624941177
  2.30000000   2.90000000    59.8974809943
  2.40000000   2.90000000    57.9221413469
  2.50000000   2.90000000    55.8331190348
  2.60000000   2.90000000    53.7191400708
  2.70000000   2.90000000    51.6591179463
  2.80000000   2.90000000    49.7209744254
  2.90000000   2.90000000    47.9620438835
  3.00000000   2.90000000    46.4292983838
  3.10000000   2.90000000    45.1604349908
  3.20000000   2.90000000    44.1843925845
  3.30000000   2.90000000    43.5223021960
  3.40000000   2.90000000    43.1878644064
  3.50000000   2.90000000    43.1878644064

  0.00000000   3.00000000     0.0000000000
  0.10000000   3.00000000     4.3927809159
  0.20000000   3.00000000     8.7815928347
  0.30000000   3.00000000    13.1613609317
  0.40000000   3.00000000    17.5246580013
  0.50000000   3.00000000    21.8607398563
  0.60000000   3.00000000    26.1541970861
  0.70000000   3.00000000    30.3841831193
  0.80000000   3.00000000    34.5231426020
  0.90000000   3.00000000    38.5364636687
  1.00000000   3.00000000    42.3817499518
  1.10000000   3.00000000    46.0094783027
  1.20000000   3.00000000    49.3636954672
  1.30000000   3.00000000    52.3846181472
  1.40000000   3.00000000    55.0117593416
  1.50000000   3.00000000    57.1890144776
  1.60000000   3.00000000    58.8699945380
  1.70000000   3.00000000    60.0239643737
  1.80000000   3.00000000    60.6403336765
  1.90000000   3.00000000    60.7313798108
  2.00000000   3.00000000    60.3321112627
  2.10000000   3.00000000    59.4975266626
  2.20000000   3.00000000    58.2979243515
  2.30000000   3.00000000    56.8130446640
  2.40000000   3.00000000    55.1266058167
  2.50000000   3.00000000    53.3213004595
  2.60000000   3.00000000    51.4754794502
  2.70000000   3.00000000    49.6605211182
  2.80000000   3.00000000    47.9398096487
  2.90000000   3.00000000    46.3678843702
  3.00000000   3.00000000    44.9906855053
  3.10000000   3.00000000    43.8455257281
  3.20000000   3.00000000    42.9617098358
  3.30000000   3.00000000    42.3607222177
  3.40000000   3.00000000    42.0567325687
  3.50000000   3.00000000    42.0567325687

  0.00000000   3.10000000     0.0000000000
  0.10000000   3.10000000     4.2436710097
  0.20000000   3.10000000     8.4804014717
  0.30000000   3.10000000    12.7021688468
  0.40000000   3.10000000    16.8989172877
  0.50000000   3.10000000    21.0574170899
  0.60000000   3.10000000    25.1605215731
  0.70000000   3.10000000    29.1861131217
  0.80000000   3.10000000    33.1067355555
  0.90000000   3.10000000    36.8889306831
  1.00000000   3.10000000    40.4935925305
  1.10000000   3.10000000    43.8762184278
  1.20000000   3.10000000    46.9885193649
  1.30000000   3.10000000    49.7802070114
  1.40000000   3.10000000    52.2022678142
  1.50000000   3.10000000    54.2104125638
  1.60000000   3.10000000    55.7694543303
  1.70000000   3.10000000    56.8571158250
  1.80000000   3.10000000    57.4673654661
  1.90000000   3.10000000    57.6120645168
  2.00000000   3.10000000    57.3209594596
  2.10000000   3.10000000    56.6398380699
  2.20000000   3.10000000    55.6272078284
  2.30000000   3.10000000    54.3503308955
  2.40000000   3.10000000    52.8808793815
  2.50000000   3.10000000    51.2913112216
  2.60000000   3.10000000    49.6515666425
  2.70000000   3.10000000    48.0270120479
  2.80000000   3.10000000    46.4766714870
  2.90000000   3.10000000    45.0525679294
  3.00000000   3.10000000    43.7990473089
  3.10000000   3.10000000    42.7528756749
  3.20000000   3.10000000    41.9430993569
  3.30000000   3.10000000    41.3913610613
  3.40000000   3.10000000    41.1119310482
  3.50000000   3.10000000    41.1119310482

  0.00000000   3.20000000     0.0000000000
  0.10000000   3.20000000     4.1289928918
  0.20000000   3.20000000     8.2488813141
  0.30000000   3.20000000    12.3496080654
  0.40000000   3.20000000    16.4191526708
  0.50000000   3.20000000    20.4427461362
  0.60000000   3.20000000    24.4019388813
  0.70000000   3.20000000    28.2741310253
  0.80000000   3.20000000    32.0319432984
  0.90000000   3.20000000    35.6433068201
  1.00000000   3.20000000    39.0714865520
  1.10000000   3.20000000    42.2760770693
  1.20000000   3.20000000    45.2140909430
  1.30000000   3.20000000    47.8421557080
  1.40000000   3.20000000    50.1188507413
  1.50000000   3.20000000    52.0079260673
  1.60000000   3.20000000    53.4813222018
  1.70000000   3.20000000    54.5222937363
  1.80000000   3.20000000    55.1276084880
  1.90000000   3.20000000    55.3088680680
  2.00000000   3.20000000    55.0924277583
  2.10000000   3.20000000    54.5180601135
  2.20000000   3.20000000    53.6366047119
  2.30000000   3.20000000    52.5068361962
  2.40000000   3.20000000    51.1922866009
  2.50000000   3.20000000    49.7579836307
  2.60000000   3.20000000    48.2678935232
  2.70000000   3.20000000    46.7825861276
  2.80000000   3.20000000    45.3578120949
  2.90000000   3.20000000    44.0432293098
  3.00000000   3.20000000    42.8818997958
  3.10000000   3.20000000    41.9097552487
  3.20000000   3.20000000    41.1555856459
  3.30000000   3.20000000    40.6408824002
  3.40000000   3.20000000    40.3799665618
  3.50000000   3.20000000    40.3799665618

  0.00000000   3.30000000     0.0000000000
  0.10000000   3.30000000     4.0512039436
  0.20000000   3.30000000     8.0919241143
  0.30000000   3.30000000    12.1107479390
  0.40000000   3.30000000    16.0944912531
  0.50000000   3.30000000    20.0273241184
  0.60000000   3.30000000    23.8901616931
  0.70000000   3.30000000    27.6600303624
  0.80000000   3.30000000    31.3098943883
  0.90000000   3.30000000    34.8085260453
  1.00000000   3.30000000    38.1210360268
  1.10000000   3.30000000    41.2095583203
  1.20000000   3.30000000    44.0347326810
  1.30000000   3.30000000    46.5573963351
  1.40000000   3.30000000    48.7410017883
  1.50000000   3.30000000    50.5540713393
  1.60000000   3.30000000    51.9729448560
  1.70000000   3.30000000    52.9840838196
  1.80000000   3.30000000    53.5859592524
  1.90000000   3.30000000    53.7899755972
  2.00000000   3.30000000    53.6204522710
  2.10000000   3.30000000    53.1135760358
  2.20000000   3.30000000    52.3154750037
  2.30000000   3.30000000    51.2797836042
  2.40000000   3.30000000    50.0648345796
  2.50000000   3.30000000    48.7310313690
  2.60000000   3.30000000    47.3383019066
  2.70000000   3.30000000    45.9441435842
  2.80000000   3.30000000    44.6018971886
  2.90000000   3.30000000    43.3596696249
  3.00000000   3.30000000    42.2594112821
  3.10000000   3.30000000    41.3365014032
  3.20000000   3.30000000    40.6193622677
  3.30000000   3.30000000    40.1293896216
  3.40000000   3.30000000    39.8808352835
  3.50000000   3.30000000    39.8808352835

  0.00000000   3.40000000     0.0000000000
  0.10000000   3.40000000     4.0119172639
  0.20000000   3.40000000     8.0126668636
  0.30000000   3.40000000    11.9902007727
  0.40000000   3.40000000    15.9307298091
  0.50000000   3.40000000    19.8179747522
  0.60000000   3.40000000    23.6324900659
  0.70000000   3.40000000    27.3512290863
  0.80000000   3.40000000    30.9472692882
  0.90000000   3.40000000    34.3899289452
  1.00000000   3.40000000    37.6451590522
  1.10000000   3.40000000    40.6764607107
  1.20000000   3.40000000    43.4461586584
  1.30000000   3.40000000    45.9172196447
  1.40000000   3.40000000    48.0553485194
  1.50000000   3.40000000    49.8314000916
  1.60000000   3.40000000    51.2237242244
  1.70000000   3.40000000    52.2203233428
  1.80000000   3.40000000    52.8204290998
  1.90000000   3.40000000    53.0353627210
  2.00000000   3.40000000    52.8884891233
  2.10000000   3.40000000    52.4142931300
  2.20000000   3.40000000    51.6567059349
  2.30000000   3.40000000    50.6668702187
  2.40000000   3.40000000    49.5006703533
  2.50000000   3.40000000    48.2161958859
  2.60000000   3.40000000    46.8714520420
  2.70000000   3.40000000    45.5223249096
  2.80000000   3.40000000    44.2210032467
  2.90000000   3.40000000    43.0147144580
  3.00000000   3.40000000    41.9448857582
  3.10000000   3.40000000    41.0465263193
  3.20000000   3.40000000    40.3478976349
  3.30000000   3.40000000    39.8702855608
  3.40000000   3.40000000    39.6279203179
  3.50000000   3.40000000    39.6279203179

  0.00000000   3.50000000     0.0000000000
  0.10000000   3.50000000     4.0119172639
  0.20000000   3.50000000     8.0126668636
  0.30000000   3.50000000    11.9902007727
  0.40000000   3.50000000    15.9307298091
  0.50000000   3.50000000    19.8179747522
  0.60000000   3.50000000    23.6324900659
  0.70000000   3.50000000    27.3512290863
  0.80000000   3.50000000    30.9472692882
  0.90000000   3.50000000    34.3899289452
  1.00000000   3.50000000    37.6451590522
  1.10000000   3.50000000    40.6764607107
  1.20000000   3.50000000    43.4461586584
  1.30000000   3.50000000    45.9172196447
  1.40000000   3.50000000    48.0553485194
  1.50000000   3.50000000    49.8314000916
  1.60000000   3.50000000    51.2237242244
  1.70000000   3.50000000    52.2203233428
  1.80000000   3.50000000    52.8204290998
  1.90000000   3.50000000    53.0353627210
  2.00000000   3.50000000    52.8884891233
  2.10000000   3.50000000    52.4142931300
  2.20000000   3.50000000    51.6567059349
  2.30000000   3.50000000    50.6668702187
  2.40000000   3.50000000    49.5006703533
  2.50000000   3.50000000    48.2161958859
  2.60000000   3.50000000    46.8714520420
  2.70000000   3.50000000    45.5223249096
  2.80000000   3.50000000    44.2210032467
  2.90000000   3.50000000    43.0147144580
  3.00000000   3.50000000    41.9448857582
  3.10000000   3.50000000    41.0465263193
  3.20000000   3.50000000    40.3478976349
  3.30000000   3.50000000    39.8702855608
  3.40000000   3.50000000    39.6279203179
  3.50000000   3.50000000    39.6279203179

