  0.00000000   0.00000000     0.0000000000
  0.10000000   0.00000000     6.6574638789
  0.20000000   0.00000000    13.2943926587
  0.30000000   0.00000000    19.8897575335
  0.40000000   0.00000000    26.4215654837
  0.50000000   0.00000000    32.8664375421
  0.60000000   0.00000000    39.1992658490
  0.70000000   0.00000000    45.3929853557
  0.80000000   0.00000000    51.4185020942
  0.90000000   0.00000000    57.2448243231
  1.00000000   0.00000000    62.8394429787
  1.10000000   0.00000000    68.1690004280
  1.20000000   0.00000000    73.2002681936
  1.30000000   0.00000000    77.9014227271
  1.40000000   0.00000000    82.2435638091
  1.50000000   0.00000000    86.2023676075
  1.60000000   0.00000000    89.7597163557
  1.70000000   0.00000000    92.9051138608
  1.80000000   0.00000000    95.6366954884
  1.90000000   0.00000000    97.9616807442
  2.00000000   0.00000000    99.8961914890
  2.10000000   0.00000000   101.4644519191
  2.20000000   0.00000000   102.6974744656
  2.30000000   0.00000000   103.6313976634
  2.40000000   0.00000000   104.3056661775
  2.50000000   0.00000000   104.7612301251
  2.60000000   0.00000000   105.0389013073
  2.70000000   0.00000000   105.1779527003
  2.80000000   0.00000000   105.2149977663
  2.90000000   0.00000000   105.1831461923
  3.00000000   0.00000000   105.1114058683
  3.10000000   0.00000000   105.0242867091
  3.20000000   0.00000000   104.9415577803
  3.30000000   0.00000000   104.8781119632
  3.40000000   0.00000000   104.8438993177
  3.50000000   0.00000000   104.8438993177

  0.00000000   0.10000000     0.0000000000
  0.10000000   0.10000000     6.6574638789
  0.20000000   0.10000000    13.2943926587
  0.30000000   0.10000000    19.8897575335
  0.40000000   0.10000000    26.4215654837
  0.50000000   0.10000000    32.8664375421
  0.60000000   0.10000000    39.1992658490
  0.70000000   0.10000000    45.3929853557
  0.80000000   0.10000000    51.4185020942
  0.90000000   0.10000000    57.2448243231
  1.00000000   0.10000000    62.8394429787
  1.10000000   0.10000000    68.1690004280
  1.20000000   0.10000000    73.2002681936
  1.30000000   0.10000000    77.9014227271
  1.40000000   0.10000000    82.2435638091
  1.50000000   0.10000000    86.2023676075
  1.60000000   0.10000000    89.7597163557
  1.70000000   0.10000000    92.9051138608
  1.80000000   0.10000000    95.6366954884
  1.90000000   0.10000000    97.9616807442
  2.00000000   0.10000000    99.8961914890
  2.10000000   0.10000000   101.4644519191
  2.20000000   0.10000000   102.6974744656
  2.30000000   0.10000000   103.6313976634
  2.40000000   0.10000000   104.3056661775
  2.50000000   0.10000000   104.7612301251
  2.60000000   0.10000000   105.0389013073
  2.70000000   0.10000000   105.1779527003
  2.80000000   0.10000000   105.2149977663
  2.90000000   0.10000000   105.1831461923
  3.00000000   0.10000000   105.1114058683
  3.10000000   0.10000000   105.0242867091
  3.20000000   0.10000000   104.9415577803
  3.30000000   0.10000000   104.8781119632
  3.40000000   0.10000000   104.8438993177
  3.50000000   0.10000000   104.8438993177

  0.00000000   0.20000000     0.0000000000
  0.10000000   0.20000000     6.6847167389
  0.20000000   0.20000000    13.3493881078
  0.30000000   0.20000000    19.9734524412
  0.40000000   0.20000000    26.5353362848
  0.50000000   0.20000000    33.0120031776
  0.60000000   0.20000000    39.3785752884
  0.70000000   0.20000000    45.6080635248
  0.80000000   0.20000000    51.6712496355
  0.90000000   0.20000000    57.5367708590
  1.00000000   0.20000000    63.1714610273
  1.10000000   0.20000000    68.5409979910
  1.20000000   0.20000000    73.6108912451
  1.30000000   0.20000000    78.3478117660
  1.40000000   0.20000000    82.7212166893
  1.50000000   0.20000000    86.7051585216
  1.60000000   0.20000000    90.2801036383
  1.70000000   0.20000000    93.4345373432
  1.80000000   0.20000000    96.1661242736
  1.90000000   0.20000000    98.4822370988
  2.00000000   0.20000000   100.3997584550
  2.10000000   0.20000000   101.9441774391
  2.20000000   0.20000000   103.1481108162
  2.30000000   0.20000000   104.0494526523
  2.40000000   0.20000000   104.6893794754
  2.50000000   0.20000000   105.1104143969
  2.60000000   0.20000000   105.3546993040
  2.70000000   0.20000000   105.4625598926
  2.80000000   0.20000000   105.4713901426
  2.90000000   0.20000000   105.4148396941
  3.00000000   0.20000000   105.3222613283
  3.10000000   0.20000000   105.2183641578
  3.20000000   0.20000000   105.1230170994
  3.30000000   0.20000000   105.0511527775
  3.40000000   0.20000000   105.0127309651
  3.50000000   0.20000000   105.0127309651

  0.00000000   0.30000000     0.0000000000
  0.10000000   0.30000000     6.7387000261
  0.20000000   0.30000000    13.4583561845
  0.30000000   0.30000000    20.1393655527
  0.40000000   0.30000000    26.7610228163
  0.50000000   0.30000000    33.3010115405
  0.60000000   0.30000000    39.7349552595
  0.70000000   0.30000000    46.0360628181
  0.80000000   0.30000000    52.1749139662
  0.90000000   0.30000000    58.1194435606
  1.00000000   0.30000000    63.8351931804
  1.10000000   0.30000000    69.2859026890
  1.20000000   0.30000000    74.4345047717
  1.30000000   0.30000000    79.2445547755
  1.40000000   0.30000000    83.6820702378
  1.50000000   0.30000000    87.7176694227
  1.60000000   0.30000000    91.3287992475
  1.70000000   0.30000000    94.5017590392
  1.80000000   0.30000000    97.2331968016
  1.90000000   0.30000000    99.5308080443
  2.00000000   0.30000000   101.4130999679
  2.10000000   0.30000000   102.9082549918
  2.20000000   0.30000000   104.0522851156
  2.30000000   0.30000000   104.8867683262
  2.40000000   0.30000000   105.4564779974
  2.50000000   0.30000000   105.8071652611
  2.60000000   0.30000000   105.9836648715
  2.70000000   0.30000000   106.0284013209
  2.80000000   0.30000000   105.9802968430
  2.90000000   0.30000000   105.8740346262
  3.00000000   0.30000000   105.7396072797
  3.10000000   0.30000000   105.6020755745
  3.20000000   0.30000000   105.4814686588
  3.30000000   0.30000000   105.3927684297
  3.40000000   0.30000000   105.3459338767
  3.50000000   0.30000000   105.3459338767

  0.00000000   0.40000000     0.0000000000
  0.10000000   0.40000000     6.8183475515
  0.20000000   0.40000000    13.6192061601
  0.30000000   0.40000000    20.3844700276
  0.40000000   0.40000000    27.0948070796
  0.50000000   0.40000000    33.7290681457
  0.60000000   0.40000000    40.2637335976
  0.70000000   0.40000000    46.6724283958
  0.80000000   0.40000000    52.9255530855
  0.90000000   0.40000000    58.9900988706
  1.00000000   0.40000000    64.8297369756
  1.10000000   0.40000000    70.4052908116
  1.20000000   0.40000000    75.6757040741
  1.30000000   0.40000000    80.5995947961
  1.40000000   0.40000000    85.1374184164
  1.50000000   0.40000000    89.2541429799
  1.60000000   0.40000000    92.9221774260
  1.70000000   0.40000000    96.1241349163
  1.80000000   0.40000000    98.8549327545
  1.90000000   0.40000000   101.1227972812
  2.00000000   0.40000000   102.9489559686
  2.10000000   0.40000000   104.3660773848
  2.20000000   0.40000000   105.4157693069
  2.30000000   0.40000000   106.1455936167
  2.40000000   0.40000000   106.6060628878
  2.50000000   0.40000000   106.8479735242
  2.60000000   0.40000000   106.9202712214
  2.70000000   0.40000000   106.8684988765
  2.80000000   0.40000000   106.7337765862
  2.90000000   0.40000000   106.5522120590
  3.00000000   0.40000000   106.3546259805
  3.10000000   0.40000000   106.1664857913
  3.20000000   0.40000000   106.0079603530
  3.30000000   0.40000000   105.8940292427
  3.40000000   0.40000000   105.8345996426
  3.50000000   0.40000000   105.8345996426

  0.00000000   0.50000000     0.0000000000
  0.10000000   0.50000000     6.9220091751
  0.20000000   0.50000000    13.8286938475
  0.30000000   0.50000000    20.7040481508
  0.40000000   0.50000000    27.5306989151
  0.50000000   0.50000000    34.2892145757
  0.60000000   0.50000000    40.9574170869
  0.70000000   0.50000000    47.5097196771
  0.80000000   0.50000000    53.9165356094
  0.90000000   0.50000000    60.1438341400
  1.00000000   0.50000000    66.1529591532
  1.10000000   0.50000000    71.9008683547
  1.20000000   0.50000000    77.3409840802
  1.30000000   0.50000000    82.4248469283
  1.40000000   0.50000000    87.1046971591
  1.50000000   0.50000000    91.3369427181
  1.60000000   0.50000000    95.0862027741
  1.70000000   0.50000000    98.3293056611
  1.80000000   0.50000000   101.0584212576
  1.90000000   0.50000000   103.2825877292
  2.00000000   0.50000000   105.0272704364
  2.10000000   0.50000000   106.3320690439
  2.20000000   0.50000000   107.2471033069
  2.30000000   0.50000000   107.8288449017
  2.40000000   0.50000000   108.1361302130
  2.50000000   0.50000000   108.2268520495
  2.60000000   0.50000000   108.1555377883
  2.70000000   0.50000000   107.9717918717
  2.80000000   0.50000000   107.7194513552
  2.90000000   0.50000000   107.4362601748
  3.00000000   0.50000000   107.1538787859
  3.10000000   0.50000000   106.8980809140
  3.20000000   0.50000000   106.6890291969
  3.30000000   0.50000000   106.5415565015
  3.40000000   0.50000000   106.4654065822
  3.50000000   0.50000000   106.4654065822

  0.00000000   0.60000000     0.0000000000
  0.10000000   0.60000000     7.0473969330
  0.20000000   0.60000000    14.0823054701
  0.30000000   0.60000000    21.0914967157
  0.40000000   0.60000000    28.0602401688
  0.50000000   0.60000000    34.9715050179
  0.60000000   0.60000000    41.8051152435
  0.70000000   0.60000000    48.5368657067
  0.80000000   0.60000000    55.1376331037
  0.90000000   0.60000000    61.5725579229
  1.00000000   0.60000000    67.8004346831
  1.10000000   0.60000000    73.7735270627
  1.20000000   0.60000000    79.4381094293
  1.30000000   0.60000000    84.7360937266
  1.40000000   0.60000000    89.6080678121
  1.50000000   0.60000000    93.9978640784
  1.60000000   0.60000000    97.8583349753
  1.70000000   0.60000000   101.1574010061
  1.80000000   0.60000000   103.8829513239
  1.90000000   0.60000000   106.0452517070
  2.00000000   0.60000000   107.6762532588
  2.10000000   0.60000000   108.8260377410
  2.20000000   0.60000000   109.5573271114
  2.30000000   0.60000000   109.9394022823
  2.40000000   0.60000000   110.0426391726
  2.50000000   0.60000000   109.9343562253
  2.60000000   0.60000000   109.6761309403
  2.70000000   0.60000000   109.3223910070
  2.80000000   0.60000000   108.9199413949
  2.90000000   0.60000000   108.5080868853
  3.00000000   0.60000000   108.1190746591
  3.10000000   0.60000000   107.7786624344
  3.20000000   0.60000000   107.5066882158
  3.30000000   0.60000000   107.3175698743
  3.40000000   0.60000000   107.2206969039
  3.50000000   0.60000000   107.2206969039

  0.00000000   0.70000000     0.0000000000
  0.10000000   0.70000000     7.1915258998
  0.20000000   0.70000000    14.3741272661
  0.30000000   0.70000000    21.5381013761
  0.40000000   0.70000000    28.6721489178
  0.50000000   0.70000000    35.7624771257
  0.60000000   0.70000000    42.7917918631
  0.70000000   0.70000000    49.7381590668
  0.80000000   0.70000000    56.5737427822
  0.90000000   0.70000000    63.2634766632
  1.00000000   0.70000000    69.7638100037
  1.10000000   0.70000000    76.0217975552
  1.20000000   0.70000000    81.9749726280
  1.30000000   0.70000000    87.5526197578
  1.40000000   0.70000000    92.6791486272
  1.50000000   0.70000000    97.2800823263
  1.60000000   0.70000000   101.2904936406
  1.70000000   0.70000000   104.6645161831
  1.80000000   0.70000000   107.3833521414
  1.90000000   0.70000000   109.4591633939
  2.00000000   0.70000000   110.9338926332
  2.10000000   0.70000000   111.8735213559
  2.20000000   0.70000000   112.3593636104
  2.30000000   0.70000000   112.4788706626
  2.40000000   0.70000000   112.3180034585
  2.50000000   0.70000000   111.9560843402
  2.60000000   0.70000000   111.4630508446
  2.70000000   0.70000000   110.8985367639
  2.80000000   0.70000000   110.3121128031
  2.90000000   0.70000000   109.7441332136
  3.00000000   0.70000000   109.2268058723
  3.10000000   0.70000000   108.7852553737
  3.20000000   0.70000000   108.4384582966
  3.30000000   0.70000000   108.1999982457
  3.40000000   0.70000000   108.0786258440
  3.50000000   0.70000000   108.0786258440

  0.00000000   0.80000000     0.0000000000
  0.10000000   0.80000000     7.3506619484
  0.20000000   0.80000000    14.6967248852
  0.30000000   0.80000000    22.0328150146
  0.40000000   0.80000000    29.3519472113
  0.50000000   0.80000000    36.6445635966
  0.60000000   0.80000000    43.8973832107
  0.70000000   0.80000000    51.0920028354
  0.80000000   0.80000000    58.2032064635
  0.90000000   0.80000000    65.1969867313
  1.00000000   0.80000000    72.0283787362
  1.10000000   0.80000000    78.6393862314
  1.20000000   0.80000000    84.9575703743
  1.30000000   0.80000000    90.8962658896
  1.40000000   0.80000000    96.3577748107
  1.50000000   0.80000000   101.2409357359
  1.60000000   0.80000000   105.4535861241
  1.70000000   0.80000000   108.9281050344
  1.80000000   0.80000000   111.6351310770
  1.90000000   0.80000000   113.5898825589
  2.00000000   0.80000000   114.8499811654
  2.10000000   0.80000000   115.5059270168
  2.20000000   0.80000000   115.6667099995
  2.30000000   0.80000000   115.4454547576
  2.40000000   0.80000000   114.9487284942
  2.50000000   0.80000000   114.2704820970
  2.60000000   0.80000000   113.4898208847
  2.70000000   0.80000000   112.6712458099
  2.80000000   0.80000000   111.8661619398
  2.90000000   0.80000000   111.1148314983
  3.00000000   0.80000000   110.4483010010
  3.10000000   0.80000000   109.8900792537
  3.20000000   0.80000000   109.4574895795
  3.30000000   0.80000000   109.1626944252
  3.40000000   0.80000000   109.0134208091
  3.50000000   0.80000000   109.0134208091

  0.00000000   0.90000000     0.0000000000
  0.10000000   0.90000000     7.5202925372
  0.20000000   0.90000000    15.0410653118
  0.30000000   0.90000000    22.5620898096
  0.40000000   0.90000000    30.0816381342
  0.50000000   0.90000000    37.5955220495
  0.60000000   0.90000000    45.0958614284
  0.70000000   0.90000000    52.5694683101
  0.80000000   0.90000000    59.9957262356
  0.90000000   0.90000000    67.3438630623
  1.00000000   0.90000000    74.5695948351
  1.10000000   0.90000000    81.6113202657
  1.20000000   0.90000000    88.3864621430
  1.30000000   0.90000000    94.7892772691
  1.40000000   0.90000000   100.6924703707
  1.50000000   0.90000000   105.9558210494
  1.60000000   0.90000000   110.4444742885
  1.70000000   0.90000000   114.0554049756
  1.80000000   0.90000000   116.7424029035
  1.90000000   0.90000000   118.5259076593
  2.00000000   0.90000000   119.4886816673
  2.10000000   0.90000000   119.7600220808
  2.20000000   0.90000000   119.4908072838
  2.30000000   0.90000000   118.8303712953
  2.40000000   0.90000000   117.9117921174
  2.50000000   0.90000000   116.8457360560
  2.60000000   0.90000000   115.7201097374
  2.70000000   0.90000000   114.6026659389
  2.80000000   0.90000000   113.5446019969
  2.90000000   0.90000000   112.5840879823
  3.00000000   0.90000000   111.7492722947
  3.10000000   0.90000000   111.0606493652
  3.20000000   0.90000000   110.5328292631
  3.30000000   0.90000000   110.1758022140
  3.40000000   0.90000000   109.9957945158
  3.50000000   0.90000000   109.9957945158

  0.00000000   1.00000000     0.0000000000
  0.10000000   1.00000000     7.6951401756
  0.20000000   1.00000000    15.3965222818
  0.30000000   1.00000000    23.1098282231
  0.40000000   1.00000000    30.8395244690
  0.50000000   1.00000000    38.5880028819
  0.60000000   1.00000000    46.3543829498
  0.70000000   1.00000000    54.1328010510
  0.80000000   1.00000000    61.9099634149
  0.90000000   1.00000000    69.6616954029
  1.00000000   1.00000000    77.3482189748
  1.10000000   1.00000000    84.9080229431
  1.20000000   1.00000000    92.2506391824
  1.30000000   1.00000000    99.2497140100
  1.40000000   1.00000000   105.7398334119
  1.50000000   1.00000000   111.5235521447
  1.60000000   1.00000000   116.3969882365
  1.70000000   1.00000000   120.1968400473
  1.80000000   1.00000000   122.8502814443
  1.90000000   1.00000000   124.3873015166
  2.00000000   1.00000000   124.9315151211
  2.10000000   1.00000000   124.6758226006
  2.20000000   1.00000000   123.8359255364
  2.30000000   1.00000000   122.6118763627
  2.40000000   1.00000000   121.1692283992
  2.50000000   1.00000000   119.6355438857
  2.60000000   1.00000000   118.1047846839
  2.70000000   1.00000000   116.6442428676
  2.80000000   1.00000000   115.3012884995
  2.90000000   1.00000000   114.1089216600
  3.00000000   1.00000000   113.0899683644
  3.10000000   1.00000000   112.2600954894
  3.20000000   1.00000000   111.6299026039
  3.30000000   1.00000000   111.2063284376
  3.40000000   1.00000000   110.9935575326
  3.50000000   1.00000000   110.9935575326

  0.00000000   1.10000000     0.0000000000
  0.10000000   1.10000000     7.8692400101
  0.20000000   1.10000000    15.7510114938
  0.30000000   1.10000000    23.6575306681
  0.40000000   1.10000000    31.6002874561
  0.50000000   1.10000000    39.5894238183
  0.60000000   1.10000000    47.6327453914
  0.70000000   1.10000000    55.7341408749
  0.80000000   1.10000000    63.8910783311
  0.90000000   1.10000000    72.0907021168
  1.00000000   1.10000000    80.3038837106
  1.10000000   1.10000000    88.4764600802
  1.20000000   1.10000000    96.5170624500
  1.30000000   1.10000000   104.2819976158
  1.40000000   1.10000000   111.5608398684
  1.50000000   1.10000000   118.0734989828
  1.60000000   1.10000000   123.5002458174
  1.70000000   1.10000000   127.5677905821
  1.80000000   1.10000000   130.1644737042
  1.90000000   1.10000000   131.3390481019
  2.00000000   1.10000000   131.2802255819
  2.10000000   1.10000000   130.2907826097
  2.20000000   1.10000000   128.6894242558
  2.30000000   1.10000000   126.7454999222
  2.40000000   1.10000000   124.6602911466
  2.50000000   1.10000000   122.5736699236
  2.60000000   1.10000000   120.5785695328
  2.70000000   1.10000000   118.7349559141
  2.80000000   1.10000000   117.0807303755
  2.90000000   1.10000000   115.6394592286
  3.00000000   1.10000000   114.4255798746
  3.10000000   1.10000000   113.4478012609
  3.20000000   1.10000000   112.7112776278
  3.30000000   1.10000000   112.2189695595
  3.40000000   1.10000000   111.9724697951
  3.50000000   1.10000000   111.9724697951

  0.00000000   1.20000000     0.0000000000
  0.10000000   1.20000000     8.0361013808
  0.20000000   1.20000000    16.0913005266
  0.30000000   1.20000000    24.1847209478
  0.40000000   1.20000000    32.3354605889
  0.50000000   1.20000000    40.5623644544
  0.60000000   1.20000000    48.8834721661
  0.70000000   1.20000000    57.3148998475
  0.80000000   1.20000000    65.8687582240
  0.90000000   1.20000000    74.5494474283
  1.00000000   1.20000000    83.3472525879
  1.10000000   1.20000000    92.2275551037
  1.20000000   1.20000000   101.1132624163
  1.30000000   1.20000000   109.8578552247
  1.40000000   1.20000000   118.2089956838
  1.50000000   1.20000000   125.7741621230
  1.60000000   1.20000000   132.0319980913
  1.70000000   1.20000000   136.4843365849
  1.80000000   1.20000000   138.9821140166
  1.90000000   1.20000000   139.6133726311
  2.00000000   1.20000000   138.6576954385
  2.10000000   1.20000000   136.6255403313
  2.20000000   1.20000000   134.0034945099
  2.30000000   1.20000000   131.1485442387
  2.40000000   1.20000000   128.2907437178
  2.50000000   1.20000000   125.5675828891
  2.60000000   1.20000000   123.0568360922
  2.70000000   1.20000000   120.8001273556
  2.80000000   1.20000000   118.8180789349
  2.90000000   1.20000000   117.1195592952
  3.00000000   1.20000000   115.7071746375
  3.10000000   1.20000000   114.5804715688
  3.20000000   1.20000000   113.7377758212
  3.30000000   1.20000000   113.1772286577
  3.40000000   1.20000000   112.8973547081
  3.50000000   1.20000000   112.8973547081

  0.00000000   1.30000000     0.0000000000
  0.10000000   1.30000000     8.1889663215
  0.20000000   1.30000000    16.4035259212
  0.30000000   1.30000000    24.6697160155
  0.40000000   1.30000000    33.0144253975
  0.50000000   1.30000000    41.4657106768
  0.60000000   1.30000000    50.0529209993
  0.70000000   1.30000000    58.8064415400
  0.80000000   1.30000000    67.7566947899
  0.90000000   1.30000000    76.9317121909
  1.00000000   1.30000000    86.3519649076
  1.10000000   1.30000000    96.0199539136
  1.20000000   1.30000000   105.8998562477
  1.30000000   1.30000000   115.8788169985
  1.40000000   1.30000000   125.6971403767
  1.50000000   1.30000000   134.8388392187
  1.60000000   1.30000000   142.4293589318
  1.70000000   1.30000000   147.4202533459
  1.80000000   1.30000000   149.7374024710
  1.90000000   1.30000000   149.5538733266
  2.00000000   1.30000000   147.2006615673
  2.10000000   1.30000000   143.6500674604
  2.20000000   1.30000000   139.6616434688
  2.30000000   1.30000000   135.6768305902
  2.40000000   1.30000000   131.9197329731
  2.50000000   1.30000000   128.4923785339
  2.60000000   1.30000000   125.4336696863
  2.70000000   1.30000000   122.7516453980
  2.80000000   1.30000000   120.4403392895
  2.90000000   1.30000000   118.4883892672
  3.00000000   1.30000000   116.8833394092
  3.10000000   1.30000000   115.6137154358
  3.20000000   1.30000000   114.6699642162
  3.30000000   1.30000000   114.0448302640
  3.40000000   1.30000000   113.7334713262
  3.50000000   1.30000000   113.7334713262

  0.00000000   1.40000000     0.0000000000
  0.10000000   1.40000000     8.3211646402
  0.20000000   1.40000000    16.6739227108
  0.30000000   1.40000000    25.0907658489
  0.40000000   1.40000000    33.6060053667
  0.50000000   1.40000000    42.2567321189
  0.60000000   1.40000000    51.0838080614
  0.70000000   1.40000000    60.1328326725
  0.80000000   1.40000000    69.4549156644
  0.90000000   1.40000000    79.1068386444
  1.00000000   1.40000000    89.1496247905
  1.10000000   1.40000000    99.6432188683
  1.20000000   1.40000000   110.6317757454
  1.30000000   1.40000000   122.1059733792
  1.40000000   1.40000000   133.9083817348
  1.50000000   1.40000000   145.5022012975
  1.60000000   1.40000000   155.4756893324
  1.70000000   1.40000000   161.0828431124
  1.80000000   1.40000000   163.0521294350
  1.90000000   1.40000000   161.7312818590
  2.00000000   1.40000000   157.0193696218
  2.10000000   1.40000000   151.2033547543
  2.20000000   1.40000000   145.4200368188
  2.30000000   1.40000000   140.0938609924
  2.40000000   1.40000000   135.3473445417
  2.50000000   1.40000000   131.1879022550
  2.60000000   1.40000000   127.5831972505
  2.70000000   1.40000000   124.4907698602
  2.80000000   1.40000000   121.8694256334
  2.90000000   1.40000000   119.6832534338
  3.00000000   1.40000000   117.9026498872
  3.10000000   1.40000000   116.5041740468
  3.20000000   1.40000000   115.4700131494
  3.30000000   1.40000000   114.7873964395
  3.40000000   1.40000000   114.4480999449
  3.50000000   1.40000000   114.4480999449

  0.00000000   1.50000000     0.0000000000
  0.10000000   1.50000000     8.4265458194
  0.20000000   1.50000000    16.8897297488
  0.30000000   1.50000000    25.4275184838
  0.40000000   1.50000000    34.0806268301
  0.50000000   1.50000000    42.8941271982
  0.60000000   1.50000000    51.9193641320
  0.70000000   1.50000000    61.2163114551
  0.80000000   1.50000000    70.8565331552
  0.90000000   1.50000000    80.9269157016
  1.00000000   1.50000000    91.5342751417
  1.10000000   1.50000000   102.8106322304
  1.20000000   1.50000000   114.9177370679
  1.30000000   1.50000000   128.0443971676
  1.40000000   1.50000000   142.3667762375
  1.50000000   1.50000000   157.8231682762
  1.60000000   1.50000000   172.9249282869
  1.70000000   1.50000000   178.4218219663
  1.80000000   1.50000000   179.7004455697
  1.90000000   1.50000000   177.3519504713
  2.00000000   1.50000000   168.0080441550
  2.10000000   1.50000000   158.8051092459
  2.20000000   1.50000000   150.8176187598
  2.30000000   1.50000000   144.0418663943
  2.40000000   1.50000000   138.3116854981
  2.50000000   1.50000000   133.4644391187
  2.60000000   1.50000000   129.3669051250
  2.70000000   1.50000000   125.9147451449
  2.80000000   1.50000000   123.0275332639
  2.90000000   1.50000000   120.6437992525
  3.00000000   1.50000000   118.7169494257
  3.10000000   1.50000000   117.2121191990
  3.20000000   1.50000000   116.1038284835
  3.30000000   1.50000000   115.3742904607
  3.40000000   1.50000000   115.0122483267
  3.50000000   1.50000000   115.0122483267

  0.00000000   1.60000000     0.0000000000
  0.10000000   1.60000000     8.4999457767
  0.20000000   1.60000000    17.0401836132
  0.30000000   1.60000000    25.6626726035
  0.40000000   1.60000000    34.4128563399
  0.50000000   1.60000000    43.3418057565
  0.60000000   1.60000000    52.5089175232
  0.70000000   1.60000000    61.9854989542
  0.80000000   1.60000000    71.8597469345
  0.90000000   1.60000000    82.2439444935
  1.00000000   1.60000000    93.2853080645
  1.10000000   1.60000000   105.1832714006
  1.20000000   1.60000000   118.2196870204
  1.30000000   1.60000000   132.8209994875
  1.40000000   1.60000000   149.7219867073
  1.50000000   1.60000000   170.5250196296
  1.60000000   1.60000000   200.0000000000
  1.70000000   1.60000000   200.0000000000
  1.80000000   1.60000000   200.0000000000
  1.90000000   1.60000000   200.0000000000
  2.00000000   1.60000000   178.9071474346
  2.10000000   1.60000000   165.2625383002
  2.20000000   1.60000000   155.0926428212
  2.30000000   1.60000000   147.0496844137
  2.40000000   1.60000000   140.5129304758
  2.50000000   1.60000000   135.1239455433
  2.60000000   1.60000000   130.6492701353
  2.70000000   1.60000000   126.9277480913
  2.80000000   1.60000000   123.8447448805
  2.90000000   1.60000000   121.3173579779
  3.00000000   1.60000000   119.2851845709
  3.10000000   1.60000000   117.7043045158
  3.20000000   1.60000000   116.5432775418
  3.30000000   1.60000000   115.7804744044
  3.40000000   1.60000000   115.4023386348
  3.50000000   1.60000000   115.4023386348

  0.00000000   1.70000000     0.0000000000
  0.10000000   1.70000000     8.5376276343
  0.20000000   1.70000000    17.1174685895
  0.30000000   1.70000000    25.7835899512
  0.40000000   1.70000000    34.5839516231
  0.50000000   1.70000000    43.5728506584
  0.60000000   1.70000000    52.8140704337
  0.70000000   1.70000000    62.3851829432
  0.80000000   1.70000000    72.3837181793
  0.90000000   1.70000000    82.9363861528
  1.00000000   1.70000000    94.2133697434
  1.10000000   1.70000000   106.4511228626
  1.20000000   1.70000000   119.9891708149
  1.30000000   1.70000000   135.3274845017
  1.40000000   1.70000000   153.1995887319
  1.50000000   1.70000000   174.5707251872
  1.60000000   1.70000000   200.0000000000
  1.70000000   1.70000000   200.0000000000
  1.80000000   1.70000000   200.0000000000
  1.90000000   1.70000000   200.0000000000
  2.00000000   1.70000000   182.3943937148
  2.10000000   1.70000000   168.3076241683
  2.20000000   1.70000000   157.3241654124
  2.30000000   1.70000000   148.6526484605
  2.40000000   1.70000000   141.6832862397
  2.50000000   1.70000000   135.9995814504
  2.60000000   1.70000000   131.3207658234
  2.70000000   1.70000000   127.4548141341
  2.80000000   1.70000000   124.2677848857
  2.90000000   1.70000000   121.6646516210
  3.00000000   1.70000000   119.5772713218
  3.10000000   1.70000000   117.9567063315
  3.20000000   1.70000000   116.7682486784
  3.30000000   1.70000000   115.9881802583
  3.40000000   1.70000000   115.6017019968
  3.50000000   1.70000000   115.6017019968

  0.00000000   1.80000000     0.0000000000
  0.10000000   1.80000000     8.5376276343
  0.20000000   1.80000000    17.1174685895
  0.30000000   1.80000000    25.7835899512
  0.40000000   1.80000000    34.5839516231
  0.50000000   1.80000000    43.5728506584
  0.60000000   1.80000000    52.8140704337
  0.70000000   1.80000000    62.3851829432
  0.80000000   1.80000000    72.3837181793
  0.90000000   1.80000000    82.9363861528
  1.00000000   1.80000000    94.2133697434
  1.10000000   1.80000000   106.4511228626
  1.20000000   1.80000000   119.9891708149
  1.30000000   1.80000000   135.3274845017
  1.40000000   1.80000000   153.1995887319
  1.50000000   1.80000000   174.5707251872
  1.60000000   1.80000000   200.0000000000
  1.70000000   1.80000000   200.0000000000
  1.80000000   1.80000000   200.0000000000
  1.90000000   1.80000000   200.0000000000
  2.00000000   1.80000000   182.3943937148
  2.10000000   1.80000000   168.3076241683
  2.20000000   1.80000000   157.3241654124
  2.30000000   1.80000000   148.6526484605
  2.40000000   1.80000000   141.6832862397
  2.50000000   1.80000000   135.9995814504
  2.60000000   1.80000000   131.3207658234
  2.70000000   1.80000000   127.4548141341
  2.80000000   1.80000000   124.2677848857
  2.90000000   1.80000000   121.6646516210
  3.00000000   1.80000000   119.5772713218
  3.10000000   1.80000000   117.9567063315
  3.20000000   1.80000000   116.7682486784
  3.30000000   1.80000000   115.9881802583
  3.40000000   1.80000000   115.6017019968
  3.50000000   1.80000000   115.6017019968

  0.00000000   1.90000000     0.0000000000
  0.10000000   1.90000000     8.4999457767
  0.20000000   1.90000000    17.0401836132
  0.30000000   1.90000000    25.6626726035
  0.40000000   1.90000000    34.4128563399
  0.50000000   1.90000000    43.3418057565
  0.60000000   1.90000000    52.5089175232
  0.70000000   1.90000000    61.9854989542
  0.80000000   1.90000000    71.8597469345
  0.90000000   1.90000000    82.2439444935
  1.00000000   1.90000000    93.2853080645
  1.10000000   1.90000000   105.1832714006
  1.20000000   1.90000000   118.2196870204
  1.30000000   1.90000000   132.8209994875
  1.40000000   1.90000000   149.7219867073
  1.50000000   1.90000000   170.5250196296
  1.60000000   1.90000000   200.0000000000
  1.70000000   1.90000000   200.0000000000
  1.80000000   1.90000000   200.0000000000
  1.90000000   1.90000000   200.0000000000
  2.00000000   1.90000000   178.9071474346
  2.10000000   1.90000000   165.2625383002
  2.20000000   1.90000000   155.0926428212
  2.30000000   1.90000000   147.0496844137
  2.40000000   1.90000000   140.5129304758
  2.50000000   1.90000000   135.1239455433
  2.60000000   1.90000000   130.6492701353
  2.70000000   1.90000000   126.9277480913
  2.80000000   1.90000000   123.8447448805
  2.90000000   1.90000000   121.3173579779
  3.00000000   1.90000000   119.2851845709
  3.10000000   1.90000000   117.7043045158
  3.20000000   1.90000000   116.5432775418
  3.30000000   1.90000000   115.7804744044
  3.40000000   1.90000000   115.4023386348
  3.50000000   1.90000000   115.4023386348

  0.00000000   2.00000000     0.0000000000
  0.10000000   2.00000000     8.4265458194
  0.20000000   2.00000000    16.8897297488
  0.30000000   2.00000000    25.4275184838
  0.40000000   2.00000000    34.0806268301
  0.50000000   2.00000000    42.8941271982
  0.60000000   2.00000000    51.9193641320
  0.70000000   2.00000000    61.2163114551
  0.80000000   2.00000000    70.8565331552
  0.90000000   2.00000000    80.9269157016
  1.00000000   2.00000000    91.5342751417
  1.10000000   2.00000000   102.8106322304
  1.20000000   2.00000000   114.9177370679
  1.30000000   2.00000000   128.0443971676
  1.40000000   2.00000000   142.3667762375
  1.50000000   2.00000000   157.8231682762
  1.60000000   2.00000000   172.9249282869
  1.70000000   2.00000000   178.4218219663
  1.80000000   2.00000000   179.7004455697
  1.90000000   2.00000000   177.3519504713
  2.00000000   2.00000000   168.0080441550
  2.10000000   2.00000000   158.8051092459
  2.20000000   2.00000000   150.8176187598
  2.30000000   2.00000000   144.0418663943
  2.40000000   2.00000000   138.3116854981
  2.50000000   2.00000000   133.4644391187
  2.60000000   2.00000000   129.3669051250
  2.70000000   2.00000000   125.9147451449
  2.80000000   2.00000000   123.0275332639
  2.90000000   2.00000000   120.6437992525
  3.00000000   2.00000000   118.7169494257
  3.10000000   2.00000000   117.2121191990
  3.20000000   2.00000000   116.1038284835
  3.30000000   2.00000000   115.3742904607
  3.40000000   2.00000000   115.0122483267
  3.50000000   2.00000000   115.0122483267

  0.00000000   2.10000000     0.0000000000
  0.10000000   2.10000000     8.3211646402
  0.20000000   2.10000000    16.6739227108
  0.30000000   2.10000000    25.0907658489
  0.40000000   2.10000000    33.6060053667
  0.50000000   2.10000000    42.2567321189
  0.60000000   2.10000000    51.0838080614
  0.70000000   2.10000000    60.1328326725
  0.80000000   2.10000000    69.4549156644
  0.90000000   2.10000000    79.1068386444
  1.00000000   2.10000000    89.1496247905
  1.10000000   2.10000000    99.6432188683
  1.20000000   2.10000000   110.6317757454
  1.30000000   2.10000000   122.1059733792
  1.40000000   2.10000000   133.9083817348
  1.50000000   2.10000000   145.5022012975
  1.60000000   2.10000000   155.4756893324
  1.70000000   2.10000000   161.0828431124
  1.80000000   2.10000000   163.0521294350
  1.90000000   2.10000000   161.7312818590
  2.00000000   2.10000000   157.0193696218
  2.10000000   2.10000000   151.2033547543
  2.20000000   2.10000000   145.4200368188
  2.30000000   2.10000000   140.0938609924
  2.40000000   2.10000000   135.3473445417
  2.50000000   2.10000000   131.1879022550
  2.60000000   2.10000000   127.5831972505
  2.70000000   2.10000000   124.4907698602
  2.80000000   2.10000000   121.8694256334
  2.90000000   2.10000000   119.6832534338
  3.00000000   2.10000000   117.9026498872
  3.10000000   2.10000000   116.5041740468
  3.20000000   2.10000000   115.4700131494
  3.30000000   2.10000000   114.7873964395
  3.40000000   2.10000000   114.4480999449
  3.50000000   2.10000000   114.4480999449

  0.00000000   2.20000000     0.0000000000
  0.10000000   2.20000000     8.1889663215
  0.20000000   2.20000000    16.4035259212
  0.30000000   2.20000000    24.6697160155
  0.40000000   2.20000000    33.0144253975
  0.50000000   2.20000000    41.4657106768
  0.60000000   2.20000000    50.0529209993
  0.70000000   2.20000000    58.8064415400
  0.80000000   2.20000000    67.7566947899
  0.90000000   2.20000000    76.9317121909
  1.00000000   2.20000000    86.3519649076
  1.10000000   2.20000000    96.0199539136
  1.20000000   2.20000000   105.8998562477
  1.30000000   2.20000000   115.8788169985
  1.40000000   2.20000000   125.6971403767
  1.50000000   2.20000000   134.8388392187
  1.60000000   2.20000000   142.4293589318
  1.70000000   2.20000000   147.4202533459
  1.80000000   2.20000000   149.7374024710
  1.90000000   2.20000000   149.5538733266
  2.00000000   2.20000000   147.2006615673
  2.10000000   2.20000000   143.6500674604
  2.20000000   2.20000000   139.6616434688
  2.30000000   2.20000000   135.6768305902
  2.40000000   2.20000000   131.9197329731
  2.50000000   2.20000000   128.4923785339
  2.60000000   2.20000000   125.4336696863
  2.70000000   2.20000000   122.7516453980
  2.80000000   2.20000000   120.4403392895
  2.90000000   2.20000000   118.4883892672
  3.00000000   2.20000000   116.8833394092
  3.10000000   2.20000000   115.6137154358
  3.20000000   2.20000000   114.6699642162
  3.30000000   2.20000000   114.0448302640
  3.40000000   2.20000000   113.7334713262
  3.50000000   2.20000000   113.7334713262

  0.00000000   2.30000000     0.0000000000
  0.10000000   2.30000000     8.0361013808
  0.20000000   2.30000000    16.0913005266
  0.30000000   2.30000000    24.1847209478
  0.40000000   2.30000000    32.3354605889
  0.50000000   2.30000000    40.5623644544
  0.60000000   2.30000000    48.8834721661
  0.70000000   2.30000000    57.3148998475
  0.80000000   2.30000000    65.8687582240
  0.90000000   2.30000000    74.5494474283
  1.00000000   2.30000000    83.3472525879
  1.10000000   2.30000000    92.2275551037
  1.20000000   2.30000000   101.1132624163
  1.30000000   2.30000000   109.8578552247
  1.40000000   2.30000000   118.2089956838
  1.50000000   2.30000000   125.7741621230
  1.60000000   2.30000000   132.0319980913
  1.70000000   2.30000000   136.4843365849
  1.80000000   2.30000000   138.9821140166
  1.90000000   2.30000000   139.6133726311
  2.00000000   2.30000000   138.6576954385
  2.10000000   2.30000000   136.6255403313
  2.20000000   2.30000000   134.0034945099
  2.30000000   2.30000000   131.1485442387
  2.40000000   2.30000000   128.2907437178
  2.50000000   2.30000000   125.5675828891
  2.60000000   2.30000000   123.0568360922
  2.70000000   2.30000000   120.8001273556
  2.80000000   2.30000000   118.8180789349
  2.90000000   2.30000000   117.1195592952
  3.00000000   2.30000000   115.7071746375
  3.10000000   2.30000000   114.5804715688
  3.20000000   2.30000000   113.7377758212
  3.30000000   2.30000000   113.1772286577
  3.40000000   2.30000000   112.8973547081
  3.50000000   2.30000000   112.8973547081

  0.00000000   2.40000000     0.0000000000
  0.10000000   2.40000000     7.8692400101
  0.20000000   2.40000000    15.7510114938
  0.30000000   2.40000000    23.6575306681
  0.40000000   2.40000000    31.6002874561
  0.50000000   2.40000000    39.5894238183
  0.60000000   2.40000000    47.6327453914
  0.70000000   2.40000000    55.7341408749
  0.80000000   2.40000000    63.8910783311
  0.90000000   2.40000000    72.0907021168
  1.00000000   2.40000000    80.3038837106
  1.10000000   2.40000000    88.4764600802
  1.20000000   2.40000000    96.5170624500
  1.30000000   2.40000000   104.2819976158
  1.40000000   2.40000000   111.5608398684
  1.50000000   2.40000000   118.0734989828
  1.60000000   2.40000000   123.5002458174
  1.70000000   2.40000000   127.5677905821
  1.80000000   2.40000000   130.1644737042
  1.90000000   2.40000000   131.3390481019
  2.00000000   2.40000000   131.2802255819
  2.10000000   2.40000000   130.2907826097
  2.20000000   2.40000000   128.6894242558
  2.30000000   2.40000000   126.7454999222
  2.40000000   2.40000000   124.6602911466
  2.50000000   2.40000000   122.5736699236
  2.60000000   2.40000000   120.5785695328
  2.70000000   2.40000000   118.7349559141
  2.80000000   2.40000000   117.0807303755
  2.90000000   2.40000000   115.6394592286
  3.00000000   2.40000000   114.4255798746
  3.10000000   2.40000000   113.4478012609
  3.20000000   2.40000000   112.7112776278
  3.30000000   2.40000000   112.2189695595
  3.40000000   2.40000000   111.9724697951
  3.50000000   2.40000000   111.9724697951

  0.00000000   2.50000000     0.0000000000
  0.10000000   2.50000000     7.6951401756
  0.20000000   2.50000000    15.3965222818
  0.30000000   2.50000000    23.1098282231
  0.40000000   2.50000000    30.8395244690
  0.50000000   2.50000000    38.5880028819
  0.60000000   2.50000000    46.3543829498
  0.70000000   2.50000000    54.1328010510
  0.80000000   2.50000000    61.9099634149
  0.90000000   2.50000000    69.6616954029
  1.00000000   2.50000000    77.3482189748
  1.10000000   2.50000000    84.9080229431
  1.20000000   2.50000000    92.2506391824
  1.30000000   2.50000000    99.2497140100
  1.40000000   2.50000000   105.7398334119
  1.50000000   2.50000000   111.5235521447
  1.60000000   2.50000000   116.3969882365
  1.70000000   2.50000000   120.1968400473
  1.80000000   2.50000000   122.8502814443
  1.90000000   2.50000000   124.3873015166
  2.00000000   2.50000000   124.9315151211
  2.10000000   2.50000000   124.6758226006
  2.20000000   2.50000000   123.8359255364
  2.30000000   2.50000000   122.6118763627
  2.40000000   2.50000000   121.1692283992
  2.50000000   2.50000000   119.6355438857
  2.60000000   2.50000000   118.1047846839
  2.70000000   2.50000000   116.6442428676
  2.80000000   2.50000000   115.3012884995
  2.90000000   2.50000000   114.1089216600
  3.00000000   2.50000000   113.0899683644
  3.10000000   2.50000000   112.2600954894
  3.20000000   2.50000000   111.6299026039
  3.30000000   2.50000000   111.2063284376
  3.40000000   2.50000000   110.9935575326
  3.50000000   2.50000000   110.9935575326

  0.00000000   2.60000000     0.0000000000
  0.10000000   2.60000000     7.5202925372
  0.20000000   2.60000000    15.0410653118
  0.30000000   2.60000000    22.5620898096
  0.40000000   2.60000000    30.0816381342
  0.50000000   2.60000000    37.5955220495
  0.60000000   2.60000000    45.0958614284
  0.70000000   2.60000000    52.5694683101
  0.80000000   2.60000000    59.9957262356
  0.90000000   2.60000000    67.3438630623
  1.00000000   2.60000000    74.5695948351
  1.10000000   2.60000000    81.6113202657
  1.20000000   2.60000000    88.3864621430
  1.30000000   2.60000000    94.7892772691
  1.40000000   2.60000000   100.6924703707
  1.50000000   2.60000000   105.9558210494
  1.60000000   2.60000000   110.4444742885
  1.70000000   2.60000000   114.0554049756
  1.80000000   2.60000000   116.7424029035
  1.90000000   2.60000000   118.5259076593
  2.00000000   2.60000000   119.4886816673
  2.10000000   2.60000000   119.7600220808
  2.20000000   2.60000000   119.4908072838
  2.30000000   2.60000000   118.8303712953
  2.40000000   2.60000000   117.9117921174
  2.50000000   2.60000000   116.8457360560
  2.60000000   2.60000000   115.7201097374
  2.70000000   2.60000000   114.6026659389
  2.80000000   2.60000000   113.5446019969
  2.90000000   2.60000000   112.5840879823
  3.00000000   2.60000000   111.7492722947
  3.10000000   2.60000000   111.0606493652
  3.20000000   2.60000000   110.5328292631
  3.30000000   2.60000000   110.1758022140
  3.40000000   2.60000000   109.9957945158
  3.50000000   2.60000000   109.9957945158

  0.00000000   2.70000000     0.0000000000
  0.10000000   2.70000000     7.3506619484
  0.20000000   2.70000000    14.6967248852
  0.30000000   2.70000000    22.0328150146
  0.40000000   2.70000000    29.3519472113
  0.50000000   2.70000000    36.6445635966
  0.60000000   2.70000000    43.8973832107
  0.70000000   2.70000000    51.0920028354
  0.80000000   2.70000000    58.2032064635
  0.90000000   2.70000000    65.1969867313
  1.00000000   2.70000000    72.0283787362
  1.10000000   2.70000000    78.6393862314
  1.20000000   2.70000000    84.9575703743
  1.30000000   2.70000000    90.8962658896
  1.40000000   2.70000000    96.3577748107
  1.50000000   2.70000000   101.2409357359
  1.60000000   2.70000000   105.4535861241
  1.70000000   2.70000000   108.9281050344
  1.80000000   2.70000000   111.6351310770
  1.90000000   2.70000000   113.5898825589
  2.00000000   2.70000000   114.8499811654
  2.10000000   2.70000000   115.5059270168
  2.20000000   2.70000000   115.6667099995
  2.30000000   2.70000000   115.4454547576
  2.40000000   2.70000000   114.9487284942
  2.50000000   2.70000000   114.2704820970
  2.60000000   2.70000000   113.4898208847
  2.70000000   2.70000000   112.6712458099
  2.80000000   2.70000000   111.8661619398
  2.90000000   2.70000000   111.1148314983
  3.00000000   2.70000000   110.4483010010
  3.10000000   2.70000000   109.8900792537
  3.20000000   2.70000000   109.4574895795
  3.30000000   2.70000000   109.1626944252
  3.40000000   2.70000000   109.0134208091
  3.50000000   2.70000000   109.0134208091

  0.00000000   2.80000000     0.0000000000
  0.10000000   2.80000000     7.1915258998
  0.20000000   2.80000000    14.3741272661
  0.30000000   2.80000000    21.5381013761
  0.40000000   2.80000000    28.6721489178
  0.50000000   2.80000000    35.7624771257
  0.60000000   2.80000000    42.7917918631
  0.70000000   2.80000000    49.7381590668
  0.80000000   2.80000000    56.5737427822
  0.90000000   2.80000000    63.2634766632
  1.00000000   2.80000000    69.7638100037
  1.10000000   2.80000000    76.0217975552
  1.20000000   2.80000000    81.9749726280
  1.30000000   2.80000000    87.5526197578
  1.40000000   2.80000000    92.6791486272
  1.50000000   2.80000000    97.2800823263
  1.60000000   2.80000000   101.2904936406
  1.70000000   2.80000000   104.6645161831
  1.80000000   2.80000000   107.3833521414
  1.90000000   2.80000000   109.4591633939
  2.00000000   2.80000000   110.9338926332
  2.10000000   2.80000000   111.8735213559
  2.20000000   2.80000000   112.3593636104
  2.30000000   2.80000000   112.4788706626
  2.40000000   2.80000000   112.3180034585
  2.50000000   2.80000000   111.9560843402
  2.60000000   2.80000000   111.4630508446
  2.70000000   2.80000000   110.8985367639
  2.80000000   2.80000000   110.3121128031
  2.90000000   2.80000000   109.7441332136
  3.00000000   2.80000000   109.2268058723
  3.10000000   2.80000000   108.7852553737
  3.20000000   2.80000000   108.4384582966
  3.30000000   2.80000000   108.1999982457
  3.40000000   2.80000000   108.0786258440
  3.50000000   2.80000000   108.0786258440

  0.00000000   2.90000000     0.0000000000
  0.10000000   2.90000000     7.0473969330
  0.20000000   2.90000000    14.0823054701
  0.30000000   2.90000000    21.0914967157
  0.40000000   2.90000000    28.0602401688
  0.50000000   2.90000000    34.9715050179
  0.60000000   2.90000000    41.8051152435
  0.70000000   2.90000000    48.5368657067
  0.80000000   2.90000000    55.1376331037
  0.90000000   2.90000000    61.5725579229
  1.00000000   2.90000000    67.8004346831
  1.10000000   2.90000000    73.7735270627
  1.20000000   2.90000000    79.4381094293
  1.30000000   2.90000000    84.7360937266
  1.40000000   2.90000000    89.6080678121
  1.50000000   2.90000000    93.9978640784
  1.60000000   2.90000000    97.8583349753
  1.70000000   2.90000000   101.1574010061
  1.80000000   2.90000000   103.8829513239
  1.90000000   2.90000000   106.0452517070
  2.00000000   2.90000000   107.6762532588
  2.10000000   2.90000000   108.8260377410
  2.20000000   2.90000000   109.5573271114
  2.30000000   2.90000000   109.9394022823
  2.40000000   2.90000000   110.0426391726
  2.50000000   2.90000000   109.9343562253
  2.60000000   2.90000000   109.6761309403
  2.70000000   2.90000000   109.3223910070
  2.80000000   2.90000000   108.9199413949
  2.90000000   2.90000000   108.5080868853
  3.00000000   2.90000000   108.1190746591
  3.10000000   2.90000000   107.7786624344
  3.20000000   2.90000000   107.5066882158
  3.30000000   2.90000000   107.3175698743
  3.40000000   2.90000000   107.2206969039
  3.50000000   2.90000000   107.2206969039

  0.00000000   3.00000000     0.0000000000
  0.10000000   3.00000000     6.9220091751
  0.20000000   3.00000000    13.8286938475
  0.30000000   3.00000000    20.7040481508
  0.40000000   3.00000000    27.5306989151
  0.50000000   3.00000000    34.2892145757
  0.60000000   3.00000000    40.9574170869
  0.70000000   3.00000000    47.5097196771
  0.80000000   3.00000000    53.9165356094
  0.90000000   3.00000000    60.1438341400
  1.00000000   3.00000000    66.1529591532
  1.10000000   3.00000000    71.9008683547
  1.20000000   3.00000000    77.3409840802
  1.30000000   3.00000000    82.4248469283
  1.40000000   3.00000000    87.1046971591
  1.50000000   3.00000000    91.3369427181
  1.60000000   3.00000000    95.0862027741
  1.70000000   3.00000000    98.3293056611
  1.80000000   3.00000000   101.0584212576
  1.90000000   3.00000000   103.2825877292
  2.00000000   3.00000000   105.0272704364
  2.10000000   3.00000000   106.3320690439
  2.20000000   3.00000000   107.2471033069
  2.30000000   3.00000000   107.8288449017
  2.40000000   3.00000000   108.1361302130
  2.50000000   3.00000000   108.2268520495
  2.60000000   3.00000000   108.1555377883
  2.70000000   3.00000000   107.9717918717
  2.80000000   3.00000000   107.7194513552
  2.90000000   3.00000000   107.4362601748
  3.00000000   3.00000000   107.1538787859
  3.10000000   3.00000000   106.8980809140
  3.20000000   3.00000000   106.6890291969
  3.30000000   3.00000000   106.5415565015
  3.40000000   3.00000000   106.4654065822
  3.50000000   3.00000000   106.4654065822

  0.00000000   3.10000000     0.0000000000
  0.10000000   3.10000000     6.8183475515
  0.20000000   3.10000000    13.6192061601
  0.30000000   3.10000000    20.3844700276
  0.40000000   3.10000000    27.0948070796
  0.50000000   3.10000000    33.7290681457
  0.60000000   3.10000000    40.2637335976
  0.70000000   3.10000000    46.6724283958
  0.80000000   3.10000000    52.9255530855
  0.90000000   3.10000000    58.9900988706
  1.00000000   3.10000000    64.8297369756
  1.10000000   3.10000000    70.4052908116
  1.20000000   3.10000000    75.6757040741
  1.30000000   3.10000000    80.5995947961
  1.40000000   3.10000000    85.1374184164
  1.50000000   3.10000000    89.2541429799
  1.60000000   3.10000000    92.9221774260
  1.70000000   3.10000000    96.1241349163
  1.80000000   3.10000000    98.8549327545
  1.90000000   3.10000000   101.1227972812
  2.00000000   3.10000000   102.9489559686
  2.10000000   3.10000000   104.3660773848
  2.20000000   3.10000000   105.4157693069
  2.30000000   3.10000000   106.1455936167
  2.40000000   3.10000000   106.6060628878
  2.50000000   3.10000000   106.8479735242
  2.60000000   3.10000000   106.9202712214
  2.70000000   3.10000000   106.8684988765
  2.80000000   3.10000000   106.7337765862
  2.90000000   3.10000000   106.5522120590
  3.00000000   3.10000000   106.3546259805
  3.10000000   3.10000000   106.1664857913
  3.20000000   3.10000000   106.0079603530
  3.30000000   3.10000000   105.8940292427
  3.40000000   3.10000000   105.8345996426
  3.50000000   3.10000000   105.8345996426

  0.00000000   3.20000000     0.0000000000
  0.10000000   3.20000000     6.7387000261
  0.20000000   3.20000000    13.4583561845
  0.30000000   3.20000000    20.1393655527
  0.40000000   3.20000000    26.7610228163
  0.50000000   3.20000000    33.3010115405
  0.60000000   3.20000000    39.7349552595
  0.70000000   3.20000000    46.0360628181
  0.80000000   3.20000000    52.1749139662
  0.90000000   3.20000000    58.1194435606
  1.00000000   3.20000000    63.8351931804
  1.10000000   3.20000000    69.2859026890
  1.20000000   3.20000000    74.4345047717
  1.30000000   3.20000000    79.2445547755
  1.40000000   3.20000000    83.6820702378
  1.50000000   3.20000000    87.7176694227
  1.60000000   3.20000000    91.3287992475
  1.70000000   3.20000000    94.5017590392
  1.80000000   3.20000000    97.2331968016
  1.90000000   3.20000000    99.5308080443
  2.00000000   3.20000000   101.4130999679
  2.10000000   3.20000000   102.9082549918
  2.20000000   3.20000000   104.0522851156
  2.30000000   3.20000000   104.8867683262
  2.40000000   3.20000000   105.4564779974
  2.50000000   3.20000000   105.8071652611
  2.60000000   3.20000000   105.9836648715
  2.70000000   3.20000000   106.0284013209
  2.80000000   3.20000000   105.9802968430
  2.90000000   3.20000000   105.8740346262
  3.00000000   3.20000000   105.7396072797
  3.10000000   3.20000000   105.6020755745
  3.20000000   3.20000000   105.4814686588
  3.30000000   3.20000000   105.3927684297
  3.40000000   3.20000000   105.3459338767
  3.50000000   3.20000000   105.3459338767

  0.00000000   3.30000000     0.0000000000
  0.10000000   3.30000000     6.6847167389
  0.20000000   3.30000000    13.3493881078
  0.30000000   3.30000000    19.9734524412
  0.40000000   3.30000000    26.5353362848
  0.50000000   3.30000000    33.0120031776
  0.60000000   3.30000000    39.3785752884
  0.70000000   3.30000000    45.6080635248
  0.80000000   3.30000000    51.6712496355
  0.90000000   3.30000000    57.5367708590
  1.00000000   3.30000000    63.1714610273
  1.10000000   3.30000000    68.5409979910
  1.20000000   3.30000000    73.6108912451
  1.30000000   3.30000000    78.3478117660
  1.40000000   3.30000000    82.7212166893
  1.50000000   3.30000000    86.7051585216
  1.60000000   3.30000000    90.2801036383
  1.70000000   3.30000000    93.4345373432
  1.80000000   3.30000000    96.1661242736
  1.90000000   3.30000000    98.4822370988
  2.00000000   3.30000000   100.3997584550
  2.10000000   3.30000000   101.9441774391
  2.20000000   3.30000000   103.1481108162
  2.30000000   3.30000000   104.0494526523
  2.40000000   3.30000000   104.6893794754
  2.50000000   3.30000000   105.1104143969
  2.60000000   3.30000000   105.3546993040
  2.70000000   3.30000000   105.4625598926
  2.80000000   3.30000000   105.4713901426
  2.90000000   3.30000000   105.4148396941
  3.00000000   3.30000000   105.3222613283
  3.10000000   3.30000000   105.2183641578
  3.20000000   3.30000000   105.1230170994
  3.30000000   3.30000000   105.0511527775
  3.40000000   3.30000000   105.0127309651
  3.50000000   3.30000000   105.0127309651

  0.00000000   3.40000000     0.0000000000
  0.10000000   3.40000000     6.6574638789
  0.20000000   3.40000000    13.2943926587
  0.30000000   3.40000000    19.8897575335
  0.40000000   3.40000000    26.4215654837
  0.50000000   3.40000000    32.8664375421
  0.60000000   3.40000000    39.1992658490
  0.70000000   3.40000000    45.3929853557
  0.80000000   3.40000000    51.4185020942
  0.90000000   3.40000000    57.2448243231
  1.00000000   3.40000000    62.8394429787
  1.10000000   3.40000000    68.1690004280
  1.20000000   3.40000000    73.2002681936
  1.30000000   3.40000000    77.9014227271
  1.40000000   3.40000000    82.2435638091
  1.50000000   3.40000000    86.2023676075
  1.60000000   3.40000000    89.7597163557
  1.70000000   3.40000000    92.9051138608
  1.80000000   3.40000000    95.6366954884
  1.90000000   3.40000000    97.9616807442
  2.00000000   3.40000000    99.8961914890
  2.10000000   3.40000000   101.4644519191
  2.20000000   3.40000000   102.6974744656
  2.30000000   3.40000000   103.6313976634
  2.40000000   3.40000000   104.3056661775
  2.50000000   3.40000000   104.7612301251
  2.60000000   3.40000000   105.0389013073
  2.70000000   3.40000000   105.1779527003
  2.80000000   3.40000000   105.2149977663
  2.90000000   3.40000000   105.1831461923
  3.00000000   3.40000000   105.1114058683
  3.10000000   3.40000000   105.0242867091
  3.20000000   3.40000000   104.9415577803
  3.30000000   3.40000000   104.8781119632
  3.40000000   3.40000000   104.8438993177
  3.50000000   3.40000000   104.8438993177

  0.00000000   3.50000000     0.0000000000
  0.10000000   3.50000000     6.6574638789
  0.20000000   3.50000000    13.2943926587
  0.30000000   3.50000000    19.8897575335
  0.40000000   3.50000000    26.4215654837
  0.50000000   3.50000000    32.8664375421
  0.60000000   3.50000000    39.1992658490
  0.70000000   3.50000000    45.3929853557
  0.80000000   3.50000000    51.4185020942
  0.90000000   3.50000000    57.2448243231
  1.00000000   3.50000000    62.8394429787
  1.10000000   3.50000000    68.1690004280
  1.20000000   3.50000000    73.2002681936
  1.30000000   3.50000000    77.9014227271
  1.40000000   3.50000000    82.2435638091
  1.50000000   3.50000000    86.2023676075
  1.60000000   3.50000000    89.7597163557
  1.70000000   3.50000000    92.9051138608
  1.80000000   3.50000000    95.6366954884
  1.90000000   3.50000000    97.9616807442
  2.00000000   3.50000000    99.8961914890
  2.10000000   3.50000000   101.4644519191
  2.20000000   3.50000000   102.6974744656
  2.30000000   3.50000000   103.6313976634
  2.40000000   3.50000000   104.3056661775
  2.50000000   3.50000000   104.7612301251
  2.60000000   3.50000000   105.0389013073
  2.70000000   3.50000000   105.1779527003
  2.80000000   3.50000000   105.2149977663
  2.90000000   3.50000000   105.1831461923
  3.00000000   3.50000000   105.1114058683
  3.10000000   3.50000000   105.0242867091
  3.20000000   3.50000000   104.9415577803
  3.30000000   3.50000000   104.8781119632
  3.40000000   3.50000000   104.8438993177
  3.50000000   3.50000000   104.8438993177

