  0.00000000   0.00000000     0.0000000000
  0.10000000   0.00000000     6.1894050224
  0.20000000   0.00000000    12.3586905993
  0.30000000   0.00000000    18.4871984126
  0.40000000   0.00000000    24.5532174688
  0.50000000   0.00000000    30.5335229841
  0.60000000   0.00000000    36.4030002714
  0.70000000   0.00000000    42.1343922498
  0.80000000   0.00000000    47.6982155890
  0.90000000   0.00000000    53.0628953518
  1.00000000   0.00000000    58.1951680800
  1.10000000   0.00000000    63.0607956197
  1.20000000   0.00000000    67.6256124181
  1.30000000   0.00000000    71.8568956138
  1.40000000   0.00000000    75.7249995668
  1.50000000   0.00000000    79.2051403103
  1.60000000   0.00000000    82.2791610625
  1.70000000   0.00000000    84.9370739783
  1.80000000   0.00000000    87.1781709607
  1.90000000   0.00000000    89.0115372097
  2.00000000   0.00000000    90.4558801757
  2.10000000   0.00000000    91.5386866144
  2.20000000   0.00000000    92.2948159628
  2.30000000   0.00000000    92.7647070402
  2.40000000   0.00000000    92.9924031219
  2.50000000   0.00000000    93.0235883511
  2.60000000   0.00000000    92.9037867366
  2.70000000   0.00000000    92.6768200918
  2.80000000   0.00000000    92.3835671198
  2.90000000   0.00000000    92.0610222222
  3.00000000   0.00000000    91.7416228920
  3.10000000   0.00000000    91.4527986758
  3.20000000   0.00000000    91.2166896641
  3.30000000   0.00000000    91.0499852070
  3.40000000   0.00000000    90.9638408012
  3.50000000   0.00000000    90.9638408012

  0.00000000   0.10000000     0.0000000000
  0.10000000   0.10000000     6.1894050224
  0.20000000   0.10000000    12.3586905993
  0.30000000   0.10000000    18.4871984126
  0.40000000   0.10000000    24.5532174688
  0.50000000   0.10000000    30.5335229841
  0.60000000   0.10000000    36.4030002714
  0.70000000   0.10000000    42.1343922498
  0.80000000   0.10000000    47.6982155890
  0.90000000   0.10000000    53.0628953518
  1.00000000   0.10000000    58.1951680800
  1.10000000   0.10000000    63.0607956197
  1.20000000   0.10000000    67.6256124181
  1.30000000   0.10000000    71.8568956138
  1.40000000   0.10000000    75.7249995668
  1.50000000   0.10000000    79.2051403103
  1.60000000   0.10000000    82.2791610625
  1.70000000   0.10000000    84.9370739783
  1.80000000   0.10000000    87.1781709607
  1.90000000   0.10000000    89.0115372097
  2.00000000   0.10000000    90.4558801757
  2.10000000   0.10000000    91.5386866144
  2.20000000   0.10000000    92.2948159628
  2.30000000   0.10000000    92.7647070402
  2.40000000   0.10000000    92.9924031219
  2.50000000   0.10000000    93.0235883511
  2.60000000   0.10000000    92.9037867366
  2.70000000   0.10000000    92.6768200918
  2.80000000   0.10000000    92.3835671198
  2.90000000   0.10000000    92.0610222222
  3.00000000   0.10000000    91.7416228920
  3.10000000   0.10000000    91.4527986758
  3.20000000   0.10000000    91.2166896641
  3.30000000   0.10000000    91.0499852070
  3.40000000   0.10000000    90.9638408012
  3.50000000   0.10000000    90.9638408012

  0.00000000   0.20000000     0.0000000000
  0.10000000   0.20000000     6.2189257478
  0.20000000   0.20000000    12.4182592426
  0.30000000   0.20000000    18.5778452464
  0.40000000   0.20000000    24.6764250786
  0.50000000   0.20000000    30.6911439793
  0.60000000   0.20000000    36.5971371734
  0.70000000   0.20000000    42.3672328039
  0.80000000   0.20000000    47.9718186191
  0.90000000   0.20000000    53.3789265012
  1.00000000   0.20000000    58.5545929874
  1.10000000   0.20000000    63.4635493239
  1.20000000   0.20000000    68.0702782425
  1.30000000   0.20000000    72.3404403529
  1.40000000   0.20000000    76.2426210643
  1.50000000   0.20000000    79.7502810906
  1.60000000   0.20000000    82.8437242552
  1.70000000   0.20000000    85.5118437049
  1.80000000   0.20000000    87.7533971985
  1.90000000   0.20000000    89.5776065641
  2.00000000   0.20000000    91.0039738737
  2.10000000   0.20000000    92.0613309163
  2.20000000   0.20000000    92.7862575121
  2.30000000   0.20000000    93.2210855549
  2.40000000   0.20000000    93.4117342727
  2.50000000   0.20000000    93.4055984276
  2.60000000   0.20000000    93.2496541251
  2.70000000   0.20000000    92.9888771871
  2.80000000   0.20000000    92.6650060739
  2.90000000   0.20000000    92.3156336141
  3.00000000   0.20000000    91.9735829104
  3.10000000   0.20000000    91.6665093215
  3.20000000   0.20000000    91.4166690350
  3.30000000   0.20000000    91.2408002758
  3.40000000   0.20000000    91.1500728737
  3.50000000   0.20000000    91.1500728737

  0.00000000   0.30000000     0.0000000000
  0.10000000   0.30000000     6.2773947208
  0.20000000   0.30000000    12.5362749339
  0.30000000   0.30000000    18.7575175414
  0.40000000   0.30000000    24.9207993069
  0.50000000   0.30000000    31.0040428775
  0.60000000   0.30000000    36.9829273899
  0.70000000   0.30000000    42.8305008305
  0.80000000   0.30000000    48.5169431797
  0.90000000   0.30000000    54.0095431186
  1.00000000   0.30000000    59.2729616406
  1.10000000   0.30000000    64.2698607991
  1.20000000   0.30000000    68.9619651945
  1.30000000   0.30000000    73.3115923762
  1.40000000   0.30000000    77.2836261146
  1.50000000   0.30000000    80.8478169857
  1.60000000   0.30000000    83.9811878170
  1.70000000   0.30000000    86.6702314293
  1.80000000   0.30000000    88.9125524525
  1.90000000   0.30000000    90.7176592385
  2.00000000   0.30000000    92.1067498395
  2.10000000   0.30000000    93.1115197349
  2.20000000   0.30000000    93.7721897167
  2.30000000   0.30000000    94.1350650515
  2.40000000   0.30000000    94.2499621018
  2.50000000   0.30000000    94.1677874449
  2.60000000   0.30000000    93.9384584256
  2.70000000   0.30000000    93.6092531337
  2.80000000   0.30000000    93.2235949705
  2.90000000   0.30000000    92.8202240201
  3.00000000   0.30000000    92.4326807160
  3.10000000   0.30000000    92.0890214834
  3.20000000   0.30000000    91.8116918475
  3.30000000   0.30000000    91.6174949513
  3.40000000   0.30000000    91.5176072796
  3.50000000   0.30000000    91.5176072796

  0.00000000   0.40000000     0.0000000000
  0.10000000   0.40000000     6.3636446151
  0.20000000   0.40000000    12.7104471425
  0.30000000   0.40000000    19.0228952566
  0.40000000   0.40000000    25.2821444214
  0.50000000   0.40000000    31.4673762472
  0.60000000   0.40000000    37.5551977135
  0.70000000   0.40000000    43.5191141561
  0.80000000   0.40000000    49.3291271531
  0.90000000   0.40000000    54.9515295993
  1.00000000   0.40000000    60.3489946917
  1.10000000   0.40000000    65.4810742603
  1.20000000   0.40000000    70.3052283053
  1.30000000   0.40000000    74.7784825828
  1.40000000   0.40000000    78.8597420197
  1.50000000   0.40000000    82.5126596873
  1.60000000   0.40000000    85.7087898259
  1.70000000   0.40000000    88.4305809545
  1.80000000   0.40000000    90.6736761682
  1.90000000   0.40000000    92.4480507936
  2.00000000   0.40000000    93.7777408573
  2.10000000   0.40000000    94.6992109157
  2.20000000   0.40000000    95.2586836123
  2.30000000   0.40000000    95.5089205152
  2.40000000   0.40000000    95.5059596825
  2.50000000   0.40000000    95.3062001123
  2.60000000   0.40000000    94.9640532131
  2.70000000   0.40000000    94.5302217460
  2.80000000   0.40000000    94.0505566558
  2.90000000   0.40000000    93.5653839560
  3.00000000   0.40000000    93.1091780576
  3.10000000   0.40000000    92.7104660916
  3.20000000   0.40000000    92.3918683536
  3.30000000   0.40000000    92.1702024219
  3.40000000   0.40000000    92.0565996386
  3.50000000   0.40000000    92.0565996386

  0.00000000   0.50000000     0.0000000000
  0.10000000   0.50000000     6.4758711820
  0.20000000   0.50000000    12.9372266635
  0.30000000   0.50000000    19.3688118001
  0.40000000   0.50000000    25.7538894328
  0.50000000   0.50000000    32.0734914915
  0.60000000   0.50000000    38.3056744236
  0.70000000   0.50000000    44.4248032109
  0.80000000   0.50000000    50.4009116417
  0.90000000   0.50000000    56.1992203427
  1.00000000   0.50000000    61.7799347610
  1.10000000   0.50000000    67.0984917733
  1.20000000   0.50000000    72.1064580889
  1.30000000   0.50000000    76.7532863582
  1.40000000   0.50000000    80.9890647959
  1.50000000   0.50000000    84.7682234166
  1.60000000   0.50000000    88.0538728945
  1.70000000   0.50000000    90.8221225820
  1.80000000   0.50000000    93.0655039191
  1.90000000   0.50000000    94.7946988890
  2.00000000   0.50000000    96.0381605477
  2.10000000   0.50000000    96.8397210618
  2.20000000   0.50000000    97.2547356499
  2.30000000   0.50000000    97.3455851948
  2.40000000   0.50000000    97.1773387601
  2.50000000   0.50000000    96.8141289296
  2.60000000   0.50000000    96.3164771524
  2.70000000   0.50000000    95.7395552039
  2.80000000   0.50000000    95.1322238792
  2.90000000   0.50000000    94.5366411411
  3.00000000   0.50000000    93.9882410724
  3.10000000   0.50000000    93.5159226876
  3.20000000   0.50000000    93.1423300748
  3.30000000   0.50000000    92.8841437585
  3.40000000   0.50000000    92.7523320440
  3.50000000   0.50000000    92.7523320440

  0.00000000   0.60000000     0.0000000000
  0.10000000   0.60000000     6.6115770086
  0.20000000   0.60000000    13.2116842169
  0.30000000   0.60000000    19.7880499255
  0.40000000   0.60000000    26.3267770579
  0.50000000   0.60000000    32.8114801082
  0.60000000   0.60000000    39.2223738248
  0.70000000   0.60000000    45.5353209190
  0.80000000   0.60000000    51.7208751707
  0.90000000   0.60000000    57.7433999344
  1.00000000   0.60000000    63.5604080749
  1.10000000   0.60000000    69.1223522560
  1.20000000   0.60000000    74.3731867322
  1.30000000   0.60000000    79.2520826913
  1.40000000   0.60000000    83.6966491149
  1.50000000   0.60000000    87.6477940145
  1.60000000   0.60000000    91.0558982206
  1.70000000   0.60000000    93.8873242121
  1.80000000   0.60000000    96.1297586681
  1.90000000   0.60000000    97.7949392476
  2.00000000   0.60000000    98.9180718875
  2.10000000   0.60000000    99.5541312622
  2.20000000   0.60000000    99.7720023392
  2.30000000   0.60000000    99.6479088199
  2.40000000   0.60000000    99.2594556532
  2.50000000   0.60000000    98.6810632643
  2.60000000   0.60000000    97.9809865281
  2.70000000   0.60000000    97.2197203091
  2.80000000   0.60000000    96.4494308012
  2.90000000   0.60000000    95.7140441772
  3.00000000   0.60000000    95.0496932434
  3.10000000   0.60000000    94.4853088918
  3.20000000   0.60000000    94.0432203303
  3.30000000   0.60000000    93.7396843749
  3.40000000   0.60000000    93.5853019626
  3.50000000   0.60000000    93.5853019626

  0.00000000   0.70000000     0.0000000000
  0.10000000   0.70000000     6.7675102028
  0.20000000   0.70000000    13.5273747750
  0.30000000   0.70000000    20.2711062094
  0.40000000   0.70000000    26.9884907258
  0.50000000   0.70000000    33.6666211226
  0.60000000   0.70000000    40.2888120830
  0.70000000   0.70000000    46.8333775272
  0.80000000   0.70000000    53.2722768564
  0.90000000   0.70000000    59.5696904360
  1.00000000   0.70000000    65.6806722090
  1.10000000   0.70000000    71.5501645050
  1.20000000   0.70000000    77.1128391881
  1.30000000   0.70000000    82.2944201484
  1.40000000   0.70000000    87.0152351992
  1.50000000   0.70000000    91.1965560276
  1.60000000   0.70000000    94.7695747739
  1.70000000   0.70000000    97.6855975460
  1.80000000   0.70000000    99.9247451565
  1.90000000   0.70000000   101.5003672541
  2.00000000   0.70000000   102.4580600145
  2.10000000   0.70000000   102.8697054486
  2.20000000   0.70000000   102.8241705980
  2.30000000   0.70000000   102.4173456093
  2.40000000   0.70000000   101.7437970455
  2.50000000   0.70000000   100.8910772413
  2.60000000   0.70000000    99.9366398361
  2.70000000   0.70000000    98.9467547284
  2.80000000   0.70000000    97.9767015236
  2.90000000   0.70000000    97.0716393669
  3.00000000   0.70000000    96.2677337171
  3.10000000   0.70000000    95.5932865149
  3.20000000   0.70000000    95.0697351151
  3.30000000   0.70000000    94.7124610998
  3.40000000   0.70000000    94.5313910931
  3.50000000   0.70000000    94.5313910931

  0.00000000   0.80000000     0.0000000000
  0.10000000   0.80000000     6.9396109255
  0.20000000   0.80000000    13.8762135429
  0.30000000   0.80000000    20.8059614326
  0.40000000   0.80000000    27.7232667124
  0.50000000   0.80000000    34.6197644752
  0.60000000   0.80000000    41.4830775069
  0.70000000   0.80000000    48.2953171627
  0.80000000   0.80000000    55.0312754546
  0.90000000   0.80000000    61.6563102070
  1.00000000   0.80000000    68.1240286581
  1.10000000   0.80000000    74.3740625154
  1.20000000   0.80000000    80.3305358091
  1.30000000   0.80000000    85.9022436532
  1.40000000   0.80000000    90.9859748261
  1.50000000   0.80000000    95.4744729612
  1.60000000   0.80000000    99.2696267443
  1.70000000   0.80000000   102.2990424087
  1.80000000   0.80000000   104.5308845869
  1.90000000   0.80000000   105.9810755112
  2.00000000   0.80000000   106.7114928946
  2.10000000   0.80000000   106.8201125123
  2.20000000   0.80000000   106.4255993353
  2.30000000   0.80000000   105.6516925199
  2.40000000   0.80000000   104.6154442262
  2.50000000   0.80000000   103.4204633468
  2.60000000   0.80000000   102.1543421309
  2.70000000   0.80000000   100.8888036490
  2.80000000   0.80000000    99.6812612676
  2.90000000   0.80000000    98.5768877694
  3.00000000   0.80000000    97.6106753431
  3.10000000   0.80000000    96.8092371169
  3.20000000   0.80000000    96.1922628867
  3.30000000   0.80000000    95.7736238351
  3.40000000   0.80000000    95.5621556006
  3.50000000   0.80000000    95.5621556006

  0.00000000   0.90000000     0.0000000000
  0.10000000   0.90000000     7.1229830714
  0.20000000   0.90000000    14.2483983144
  0.30000000   0.90000000    21.3779102496
  0.40000000   0.90000000    28.5115614470
  0.50000000   0.90000000    35.6467382047
  0.60000000   0.90000000    42.7768497166
  0.70000000   0.90000000    49.8896005100
  0.80000000   0.90000000    56.9647276472
  0.90000000   0.90000000    63.9710943409
  1.00000000   0.90000000    70.8631129540
  1.10000000   0.90000000    77.5766836725
  1.20000000   0.90000000    84.0252715244
  1.30000000   0.90000000    90.0975111001
  1.40000000   0.90000000    95.6588004762
  1.50000000   0.90000000   100.5602873853
  1.60000000   0.90000000   104.6581032762
  1.70000000   0.90000000   107.8414102365
  1.80000000   0.90000000   110.0592678165
  1.90000000   0.90000000   111.3319614931
  2.00000000   0.90000000   111.7474256121
  2.10000000   0.90000000   111.4449937357
  2.20000000   0.90000000   110.5885549437
  2.30000000   0.90000000   109.3412521344
  2.40000000   0.90000000   107.8491748809
  2.50000000   0.90000000   106.2343745672
  2.60000000   0.90000000   104.5942696682
  2.70000000   0.90000000   103.0043374361
  2.80000000   0.90000000   101.5219397174
  2.90000000   0.90000000   100.1901086561
  3.00000000   0.90000000    99.0407857975
  3.10000000   0.90000000    98.0973804960
  3.20000000   0.90000000    97.3766850281
  3.30000000   0.90000000    96.8902446694
  3.40000000   0.90000000    96.6452856353
  3.50000000   0.90000000    96.6452856353

  0.00000000   1.00000000     0.0000000000
  0.10000000   1.00000000     7.3119118667
  0.20000000   1.00000000    14.6324219923
  0.30000000   1.00000000    21.9695192158
  0.40000000   1.00000000    29.3298727937
  0.50000000   1.00000000    36.7179067218
  0.60000000   1.00000000    44.1345162558
  0.70000000   1.00000000    51.5752416265
  0.80000000   1.00000000    59.0276628374
  0.90000000   1.00000000    66.4677309150
  1.00000000   1.00000000    73.8547500254
  1.10000000   1.00000000    81.1248604349
  1.20000000   1.00000000    88.1833424024
  1.30000000   1.00000000    94.8971874705
  1.40000000   1.00000000   101.0915629778
  1.50000000   1.00000000   106.5569583567
  1.60000000   1.00000000   111.0758812578
  1.70000000   1.00000000   114.4723384565
  1.80000000   1.00000000   116.6650515709
  1.90000000   1.00000000   117.6822506720
  2.00000000   1.00000000   117.6540765412
  2.10000000   1.00000000   116.7878677905
  2.20000000   1.00000000   115.3177852637
  2.30000000   1.00000000   113.4624124577
  2.40000000   1.00000000   111.4036075295
  2.50000000   1.00000000   109.2822369215
  2.60000000   1.00000000   107.2026690439
  2.70000000   1.00000000   105.2401595839
  2.80000000   1.00000000   103.4481143530
  2.90000000   1.00000000   101.8640920380
  3.00000000   1.00000000   100.5143526237
  3.10000000   1.00000000    99.4171308106
  3.20000000   1.00000000    98.5849098847
  3.30000000   1.00000000    98.0259517077
  3.40000000   1.00000000    97.7452836523
  3.50000000   1.00000000    97.7452836523

  0.00000000   1.10000000     0.0000000000
  0.10000000   1.10000000     7.4999502111
  0.20000000   1.10000000    15.0152240745
  0.30000000   1.10000000    22.5607959802
  0.40000000   1.10000000    30.1508405978
  0.50000000   1.10000000    37.7980601268
  0.60000000   1.10000000    45.5126241122
  0.70000000   1.10000000    53.3004839447
  0.80000000   1.10000000    61.1607118339
  0.90000000   1.10000000    69.0813610613
  1.00000000   1.10000000    77.0331615484
  1.10000000   1.10000000    84.9602364028
  1.20000000   1.10000000    92.7671937683
  1.30000000   1.10000000   100.3030506021
  1.40000000   1.10000000   107.3457843547
  1.50000000   1.10000000   113.5987708152
  1.60000000   1.10000000   118.7216833830
  1.70000000   1.10000000   122.4204108113
  1.80000000   1.10000000   124.5687110701
  1.90000000   1.10000000   125.2103929106
  2.00000000   1.10000000   124.5423885070
  2.10000000   1.10000000   122.8901342935
  2.20000000   1.10000000   120.6000999870
  2.30000000   1.10000000   117.9670948643
  2.40000000   1.10000000   115.2126927043
  2.50000000   1.10000000   112.4918219141
  2.60000000   1.10000000   109.9082127330
  2.70000000   1.10000000   107.5294822840
  2.80000000   1.10000000   105.3989608890
  2.90000000   1.10000000   103.5440980076
  3.00000000   1.10000000   101.9821329011
  3.10000000   1.10000000   100.7238030951
  3.20000000   1.10000000    99.7757171777
  3.30000000   1.10000000    99.1418418282
  3.40000000   1.10000000    98.8244046570
  3.50000000   1.10000000    98.8244046570

  0.00000000   1.20000000     0.0000000000
  0.10000000   1.20000000     7.6800945413
  0.20000000   1.20000000    15.3825287045
  0.30000000   1.20000000    23.1296548406
  0.40000000   1.20000000    30.9437695847
  0.50000000   1.20000000    38.8468596887
  0.60000000   1.20000000    46.8600053015
  0.70000000   1.20000000    55.0021866156
  0.80000000   1.20000000    63.2880745634
  0.90000000   1.20000000    71.7241094323
  1.00000000   1.20000000    80.3017327846
  1.10000000   1.20000000    88.9859920225
  1.20000000   1.20000000    97.6969798724
  1.30000000   1.20000000   106.2813318549
  1.40000000   1.20000000   114.4736291867
  1.50000000   1.20000000   121.8595633923
  1.60000000   1.20000000   127.8864658135
  1.70000000   1.20000000   132.0208662095
  1.80000000   1.20000000   134.0896665972
  1.90000000   1.20000000   134.1692791689
  2.00000000   1.20000000   132.5478852107
  2.10000000   1.20000000   129.7760437312
  2.20000000   1.20000000   126.3846815985
  2.30000000   1.20000000   122.7659087751
  2.40000000   1.20000000   119.1740272144
  2.50000000   1.20000000   115.7622855769
  2.60000000   1.20000000   112.6184809366
  2.70000000   1.20000000   109.7906170975
  2.80000000   1.20000000   107.3034386476
  2.90000000   1.20000000   105.1685407778
  3.00000000   1.20000000   103.3903806028
  3.10000000   1.20000000   101.9697874073
  3.20000000   1.20000000   100.9059810130
  3.30000000   1.20000000   100.1977113479
  3.40000000   1.20000000    99.8438841424
  3.50000000   1.20000000    99.8438841424

  0.00000000   1.30000000     0.0000000000
  0.10000000   1.30000000     7.8450638536
  0.20000000   1.30000000    15.7194029182
  0.30000000   1.30000000    23.6527487469
  0.40000000   1.30000000    31.6757074530
  0.50000000   1.30000000    39.8200820901
  0.60000000   1.30000000    48.1189937055
  0.70000000   1.30000000    56.6066019159
  0.80000000   1.30000000    65.3170449692
  0.90000000   1.30000000    74.2818768957
  1.00000000   1.30000000    83.5246223419
  1.10000000   1.30000000    93.0498203941
  1.20000000   1.30000000   102.8216067430
  1.30000000   1.30000000   112.7229697041
  1.40000000   1.30000000   122.4821900888
  1.50000000   1.30000000   131.5571797774
  1.60000000   1.30000000   139.0259913799
  1.70000000   1.30000000   143.7753223596
  1.80000000   1.30000000   145.6965548160
  1.90000000   1.30000000   144.9366735938
  2.00000000   1.30000000   141.8243292007
  2.10000000   1.30000000   137.4164230712
  2.20000000   1.30000000   132.5466510540
  2.30000000   1.30000000   127.7027249413
  2.40000000   1.30000000   123.1344443879
  2.50000000   1.30000000   118.9574688690
  2.60000000   1.30000000   115.2178088808
  2.70000000   1.30000000   111.9271979628
  2.80000000   1.30000000   109.0816062542
  2.90000000   1.30000000   106.6707121371
  3.00000000   1.30000000   104.6826458527
  3.10000000   1.30000000   103.1062867673
  3.20000000   1.30000000   101.9323101936
  3.30000000   1.30000000   101.1536128666
  3.40000000   1.30000000   100.7654486720
  3.50000000   1.30000000   100.7654486720

  0.00000000   1.40000000     0.0000000000
  0.10000000   1.40000000     7.9876810357
  0.20000000   1.40000000    16.0110402077
  0.30000000   1.40000000    24.1066934758
  0.40000000   1.40000000    32.3131573686
  0.50000000   1.40000000    40.6718528988
  0.60000000   1.40000000    49.2281443172
  0.70000000   1.40000000    58.0323533886
  0.80000000   1.40000000    67.1405734261
  0.90000000   1.40000000    76.6148460449
  1.00000000   1.40000000    86.5216742964
  1.10000000   1.40000000    96.9264660157
  1.20000000   1.40000000   107.8781456195
  1.30000000   1.40000000   119.3696977211
  1.40000000   1.40000000   131.2390049156
  1.50000000   1.40000000   142.9262096105
  1.60000000   1.40000000   152.9525243490
  1.70000000   1.40000000   158.4300610284
  1.80000000   1.40000000   160.0644420533
  1.90000000   1.40000000   158.1476705244
  2.00000000   1.40000000   152.5023228109
  2.10000000   1.40000000   145.6414311884
  2.20000000   1.40000000   138.8227794991
  2.30000000   1.40000000   132.5206996268
  2.40000000   1.40000000   126.8762134405
  2.50000000   1.40000000   121.9026339336
  2.60000000   1.40000000   117.5686758908
  2.70000000   1.40000000   113.8312187546
  2.80000000   1.40000000   110.6479511518
  2.90000000   1.40000000   107.9818727976
  3.00000000   1.40000000   105.8024805224
  3.10000000   1.40000000   104.0856517630
  3.20000000   1.40000000   102.8130889768
  3.30000000   1.40000000   101.9716981129
  3.40000000   1.40000000   101.5530601417
  3.50000000   1.40000000   101.5530601417

  0.00000000   1.50000000     0.0000000000
  0.10000000   1.50000000     8.1013353072
  0.20000000   1.50000000    16.2437295057
  0.30000000   1.50000000    24.4696352444
  0.40000000   1.50000000    32.8243889925
  0.50000000   1.50000000    41.3579023986
  0.60000000   1.50000000    50.1266766918
  0.70000000   1.50000000    59.1962861817
  0.80000000   1.50000000    68.6445017931
  0.90000000   1.50000000    78.5652343820
  1.00000000   1.50000000    89.0734125622
  1.10000000   1.50000000   100.3105931123
  1.20000000   1.50000000   112.4498514509
  1.30000000   1.50000000   125.6932867908
  1.40000000   1.50000000   140.2311168939
  1.50000000   1.50000000   156.0073657870
  1.60000000   1.50000000   171.4779117107
  1.70000000   1.50000000   176.9804896938
  1.80000000   1.50000000   178.0425308057
  1.90000000   1.50000000   175.1579494404
  2.00000000   1.50000000   164.4848614812
  2.10000000   1.50000000   153.9336802764
  2.20000000   1.50000000   144.7120996528
  2.30000000   1.50000000   136.8299498172
  2.40000000   1.50000000   130.1135119220
  2.50000000   1.50000000   124.3905287388
  2.60000000   1.50000000   119.5196385059
  2.70000000   1.50000000   115.3902380129
  2.80000000   1.50000000   111.9172570018
  2.90000000   1.50000000   109.0358545150
  3.00000000   1.50000000   106.6970303132
  3.10000000   1.50000000   104.8642309026
  3.20000000   1.50000000   103.5108184749
  3.30000000   1.50000000   102.6182442878
  3.40000000   1.50000000   102.1747919405
  3.50000000   1.50000000   102.1747919405

  0.00000000   1.60000000     0.0000000000
  0.10000000   1.60000000     8.1804808584
  0.20000000   1.60000000    16.4059166305
  0.30000000   1.60000000    24.7230143529
  0.40000000   1.60000000    33.1821444245
  0.50000000   1.60000000    41.8395958475
  0.60000000   1.60000000    50.7604186905
  0.70000000   1.60000000    60.0222029689
  0.80000000   1.60000000    69.7203293341
  0.90000000   1.60000000    79.9755594598
  1.00000000   1.60000000    90.9454758801
  1.10000000   1.60000000   102.8427046202
  1.20000000   1.60000000   115.9667433416
  1.30000000   1.60000000   130.7694488996
  1.40000000   1.60000000   148.0274106669
  1.50000000   1.60000000   169.4303771320
  1.60000000   1.60000000   200.0000000000
  1.70000000   1.60000000   200.0000000000
  1.80000000   1.60000000   200.0000000000
  1.90000000   1.60000000   200.0000000000
  2.00000000   1.60000000   176.4148655490
  2.10000000   1.60000000   160.9921663506
  2.20000000   1.60000000   149.3820312295
  2.30000000   1.60000000   140.1152114081
  2.40000000   1.60000000   132.5183890639
  2.50000000   1.60000000   126.2044955475
  2.60000000   1.60000000   120.9223930164
  2.70000000   1.60000000   116.4993474424
  2.80000000   1.60000000   112.8129276566
  2.90000000   1.60000000   109.7749094412
  3.00000000   1.60000000   107.3212391796
  3.10000000   1.60000000   105.4054986561
  3.20000000   1.60000000   103.9945608622
  3.30000000   1.60000000   103.0656952856
  3.40000000   1.60000000   102.6046834934
  3.50000000   1.60000000   102.6046834934

  0.00000000   1.70000000     0.0000000000
  0.10000000   1.70000000     8.2211070543
  0.20000000   1.70000000    16.4892171254
  0.30000000   1.70000000    24.8532830335
  0.40000000   1.70000000    33.3663530554
  0.50000000   1.70000000    42.0881448450
  0.60000000   1.70000000    51.0883637546
  0.70000000   1.70000000    60.4512382150
  0.80000000   1.70000000    70.2820240253
  0.90000000   1.70000000    80.7167246913
  1.00000000   1.70000000    91.9371478068
  1.10000000   1.70000000   104.1948990715
  1.20000000   1.70000000   117.8500614997
  1.30000000   1.70000000   133.4313738021
  1.40000000   1.70000000   151.7125429840
  1.50000000   1.70000000   173.7085670161
  1.60000000   1.70000000   200.0000000000
  1.70000000   1.70000000   200.0000000000
  1.80000000   1.70000000   200.0000000000
  1.90000000   1.70000000   200.0000000000
  2.00000000   1.70000000   180.2314642687
  2.10000000   1.70000000   164.3220572177
  2.20000000   1.70000000   151.8208862656
  2.30000000   1.70000000   141.8667128020
  2.40000000   1.70000000   133.7973413872
  2.50000000   1.70000000   127.1617778514
  2.60000000   1.70000000   121.6569866463
  2.70000000   1.70000000   117.0764350297
  2.80000000   1.70000000   113.2765831587
  2.90000000   1.70000000   110.1559673423
  3.00000000   1.70000000   107.6420899355
  3.10000000   1.70000000   105.6830633987
  3.20000000   1.70000000   104.2422010417
  3.30000000   1.70000000   103.2944979480
  3.40000000   1.70000000   102.8243831514
  3.50000000   1.70000000   102.8243831514

  0.00000000   1.80000000     0.0000000000
  0.10000000   1.80000000     8.2211070543
  0.20000000   1.80000000    16.4892171254
  0.30000000   1.80000000    24.8532830335
  0.40000000   1.80000000    33.3663530554
  0.50000000   1.80000000    42.0881448450
  0.60000000   1.80000000    51.0883637546
  0.70000000   1.80000000    60.4512382150
  0.80000000   1.80000000    70.2820240253
  0.90000000   1.80000000    80.7167246913
  1.00000000   1.80000000    91.9371478068
  1.10000000   1.80000000   104.1948990715
  1.20000000   1.80000000   117.8500614997
  1.30000000   1.80000000   133.4313738021
  1.40000000   1.80000000   151.7125429840
  1.50000000   1.80000000   173.7085670161
  1.60000000   1.80000000   200.0000000000
  1.70000000   1.80000000   200.0000000000
  1.80000000   1.80000000   200.0000000000
  1.90000000   1.80000000   200.0000000000
  2.00000000   1.80000000   180.2314642687
  2.10000000   1.80000000   164.3220572177
  2.20000000   1.80000000   151.8208862656
  2.30000000   1.80000000   141.8667128020
  2.40000000   1.80000000   133.7973413872
  2.50000000   1.80000000   127.1617778514
  2.60000000   1.80000000   121.6569866463
  2.70000000   1.80000000   117.0764350297
  2.80000000   1.80000000   113.2765831587
  2.90000000   1.80000000   110.1559673423
  3.00000000   1.80000000   107.6420899355
  3.10000000   1.80000000   105.6830633987
  3.20000000   1.80000000   104.2422010417
  3.30000000   1.80000000   103.2944979480
  3.40000000   1.80000000   102.8243831514
  3.50000000   1.80000000   102.8243831514

  0.00000000   1.90000000     0.0000000000
  0.10000000   1.90000000     8.1804808584
  0.20000000   1.90000000    16.4059166305
  0.30000000   1.90000000    24.7230143529
  0.40000000   1.90000000    33.1821444245
  0.50000000   1.90000000    41.8395958475
  0.60000000   1.90000000    50.7604186905
  0.70000000   1.90000000    60.0222029689
  0.80000000   1.90000000    69.7203293341
  0.90000000   1.90000000    79.9755594598
  1.00000000   1.90000000    90.9454758801
  1.10000000   1.90000000   102.8427046202
  1.20000000   1.90000000   115.9667433416
  1.30000000   1.90000000   130.7694488996
  1.40000000   1.90000000   148.0274106669
  1.50000000   1.90000000   169.4303771320
  1.60000000   1.90000000   200.0000000000
  1.70000000   1.90000000   200.0000000000
  1.80000000   1.90000000   200.0000000000
  1.90000000   1.90000000   200.0000000000
  2.00000000   1.90000000   176.4148655490
  2.10000000   1.90000000   160.9921663506
  2.20000000   1.90000000   149.3820312295
  2.30000000   1.90000000   140.1152114081
  2.40000000   1.90000000   132.5183890639
  2.50000000   1.90000000   126.2044955475
  2.60000000   1.90000000   120.9223930164
  2.70000000   1.90000000   116.4993474424
  2.80000000   1.90000000   112.8129276566
  2.90000000   1.90000000   109.7749094412
  3.00000000   1.90000000   107.3212391796
  3.10000000   1.90000000   105.4054986561
  3.20000000   1.90000000   103.9945608622
  3.30000000   1.90000000   103.0656952856
  3.40000000   1.90000000   102.6046834934
  3.50000000   1.90000000   102.6046834934

  0.00000000   2.00000000     0.0000000000
  0.10000000   2.00000000     8.1013353072
  0.20000000   2.00000000    16.2437295057
  0.30000000   2.00000000    24.4696352444
  0.40000000   2.00000000    32.8243889925
  0.50000000   2.00000000    41.3579023986
  0.60000000   2.00000000    50.1266766918
  0.70000000   2.00000000    59.1962861817
  0.80000000   2.00000000    68.6445017931
  0.90000000   2.00000000    78.5652343820
  1.00000000   2.00000000    89.0734125622
  1.10000000   2.00000000   100.3105931123
  1.20000000   2.00000000   112.4498514509
  1.30000000   2.00000000   125.6932867908
  1.40000000   2.00000000   140.2311168939
  1.50000000   2.00000000   156.0073657870
  1.60000000   2.00000000   171.4779117107
  1.70000000   2.00000000   176.9804896938
  1.80000000   2.00000000   178.0425308057
  1.90000000   2.00000000   175.1579494404
  2.00000000   2.00000000   164.4848614812
  2.10000000   2.00000000   153.9336802764
  2.20000000   2.00000000   144.7120996528
  2.30000000   2.00000000   136.8299498172
  2.40000000   2.00000000   130.1135119220
  2.50000000   2.00000000   124.3905287388
  2.60000000   2.00000000   119.5196385059
  2.70000000   2.00000000   115.3902380129
  2.80000000   2.00000000   111.9172570018
  2.90000000   2.00000000   109.0358545150
  3.00000000   2.00000000   106.6970303132
  3.10000000   2.00000000   104.8642309026
  3.20000000   2.00000000   103.5108184749
  3.30000000   2.00000000   102.6182442878
  3.40000000   2.00000000   102.1747919405
  3.50000000   2.00000000   102.1747919405

  0.00000000   2.10000000     0.0000000000
  0.10000000   2.10000000     7.9876810357
  0.20000000   2.10000000    16.0110402077
  0.30000000   2.10000000    24.1066934758
  0.40000000   2.10000000    32.3131573686
  0.50000000   2.10000000    40.6718528988
  0.60000000   2.10000000    49.2281443172
  0.70000000   2.10000000    58.0323533886
  0.80000000   2.10000000    67.1405734261
  0.90000000   2.10000000    76.6148460449
  1.00000000   2.10000000    86.5216742964
  1.10000000   2.10000000    96.9264660157
  1.20000000   2.10000000   107.8781456195
  1.30000000   2.10000000   119.3696977211
  1.40000000   2.10000000   131.2390049156
  1.50000000   2.10000000   142.9262096105
  1.60000000   2.10000000   152.9525243490
  1.70000000   2.10000000   158.4300610284
  1.80000000   2.10000000   160.0644420533
  1.90000000   2.10000000   158.1476705244
  2.00000000   2.10000000   152.5023228109
  2.10000000   2.10000000   145.6414311884
  2.20000000   2.10000000   138.8227794991
  2.30000000   2.10000000   132.5206996268
  2.40000000   2.10000000   126.8762134405
  2.50000000   2.10000000   121.9026339336
  2.60000000   2.10000000   117.5686758908
  2.70000000   2.10000000   113.8312187546
  2.80000000   2.10000000   110.6479511518
  2.90000000   2.10000000   107.9818727976
  3.00000000   2.10000000   105.8024805224
  3.10000000   2.10000000   104.0856517630
  3.20000000   2.10000000   102.8130889768
  3.30000000   2.10000000   101.9716981129
  3.40000000   2.10000000   101.5530601417
  3.50000000   2.10000000   101.5530601417

  0.00000000   2.20000000     0.0000000000
  0.10000000   2.20000000     7.8450638536
  0.20000000   2.20000000    15.7194029182
  0.30000000   2.20000000    23.6527487469
  0.40000000   2.20000000    31.6757074530
  0.50000000   2.20000000    39.8200820901
  0.60000000   2.20000000    48.1189937055
  0.70000000   2.20000000    56.6066019159
  0.80000000   2.20000000    65.3170449692
  0.90000000   2.20000000    74.2818768957
  1.00000000   2.20000000    83.5246223419
  1.10000000   2.20000000    93.0498203941
  1.20000000   2.20000000   102.8216067430
  1.30000000   2.20000000   112.7229697041
  1.40000000   2.20000000   122.4821900888
  1.50000000   2.20000000   131.5571797774
  1.60000000   2.20000000   139.0259913799
  1.70000000   2.20000000   143.7753223596
  1.80000000   2.20000000   145.6965548160
  1.90000000   2.20000000   144.9366735938
  2.00000000   2.20000000   141.8243292007
  2.10000000   2.20000000   137.4164230712
  2.20000000   2.20000000   132.5466510540
  2.30000000   2.20000000   127.7027249413
  2.40000000   2.20000000   123.1344443879
  2.50000000   2.20000000   118.9574688690
  2.60000000   2.20000000   115.2178088808
  2.70000000   2.20000000   111.9271979628
  2.80000000   2.20000000   109.0816062542
  2.90000000   2.20000000   106.6707121371
  3.00000000   2.20000000   104.6826458527
  3.10000000   2.20000000   103.1062867673
  3.20000000   2.20000000   101.9323101936
  3.30000000   2.20000000   101.1536128666
  3.40000000   2.20000000   100.7654486720
  3.50000000   2.20000000   100.7654486720

  0.00000000   2.30000000     0.0000000000
  0.10000000   2.30000000     7.6800945413
  0.20000000   2.30000000    15.3825287045
  0.30000000   2.30000000    23.1296548406
  0.40000000   2.30000000    30.9437695847
  0.50000000   2.30000000    38.8468596887
  0.60000000   2.30000000    46.8600053015
  0.70000000   2.30000000    55.0021866156
  0.80000000   2.30000000    63.2880745634
  0.90000000   2.30000000    71.7241094323
  1.00000000   2.30000000    80.3017327846
  1.10000000   2.30000000    88.9859920225
  1.20000000   2.30000000    97.6969798724
  1.30000000   2.30000000   106.2813318549
  1.40000000   2.30000000   114.4736291867
  1.50000000   2.30000000   121.8595633923
  1.60000000   2.30000000   127.8864658135
  1.70000000   2.30000000   132.0208662095
  1.80000000   2.30000000   134.0896665972
  1.90000000   2.30000000   134.1692791689
  2.00000000   2.30000000   132.5478852107
  2.10000000   2.30000000   129.7760437312
  2.20000000   2.30000000   126.3846815985
  2.30000000   2.30000000   122.7659087751
  2.40000000   2.30000000   119.1740272144
  2.50000000   2.30000000   115.7622855769
  2.60000000   2.30000000   112.6184809366
  2.70000000   2.30000000   109.7906170975
  2.80000000   2.30000000   107.3034386476
  2.90000000   2.30000000   105.1685407778
  3.00000000   2.30000000   103.3903806028
  3.10000000   2.30000000   101.9697874073
  3.20000000   2.30000000   100.9059810130
  3.30000000   2.30000000   100.1977113479
  3.40000000   2.30000000    99.8438841424
  3.50000000   2.30000000    99.8438841424

  0.00000000   2.40000000     0.0000000000
  0.10000000   2.40000000     7.4999502111
  0.20000000   2.40000000    15.0152240745
  0.30000000   2.40000000    22.5607959802
  0.40000000   2.40000000    30.1508405978
  0.50000000   2.40000000    37.7980601268
  0.60000000   2.40000000    45.5126241122
  0.70000000   2.40000000    53.3004839447
  0.80000000   2.40000000    61.1607118339
  0.90000000   2.40000000    69.0813610613
  1.00000000   2.40000000    77.0331615484
  1.10000000   2.40000000    84.9602364028
  1.20000000   2.40000000    92.7671937683
  1.30000000   2.40000000   100.3030506021
  1.40000000   2.40000000   107.3457843547
  1.50000000   2.40000000   113.5987708152
  1.60000000   2.40000000   118.7216833830
  1.70000000   2.40000000   122.4204108113
  1.80000000   2.40000000   124.5687110701
  1.90000000   2.40000000   125.2103929106
  2.00000000   2.40000000   124.5423885070
  2.10000000   2.40000000   122.8901342935
  2.20000000   2.40000000   120.6000999870
  2.30000000   2.40000000   117.9670948643
  2.40000000   2.40000000   115.2126927043
  2.50000000   2.40000000   112.4918219141
  2.60000000   2.40000000   109.9082127330
  2.70000000   2.40000000   107.5294822840
  2.80000000   2.40000000   105.3989608890
  2.90000000   2.40000000   103.5440980076
  3.00000000   2.40000000   101.9821329011
  3.10000000   2.40000000   100.7238030951
  3.20000000   2.40000000    99.7757171777
  3.30000000   2.40000000    99.1418418282
  3.40000000   2.40000000    98.8244046570
  3.50000000   2.40000000    98.8244046570

  0.00000000   2.50000000     0.0000000000
  0.10000000   2.50000000     7.3119118667
  0.20000000   2.50000000    14.6324219923
  0.30000000   2.50000000    21.9695192158
  0.40000000   2.50000000    29.3298727937
  0.50000000   2.50000000    36.7179067218
  0.60000000   2.50000000    44.1345162558
  0.70000000   2.50000000    51.5752416265
  0.80000000   2.50000000    59.0276628374
  0.90000000   2.50000000    66.4677309150
  1.00000000   2.50000000    73.8547500254
  1.10000000   2.50000000    81.1248604349
  1.20000000   2.50000000    88.1833424024
  1.30000000   2.50000000    94.8971874705
  1.40000000   2.50000000   101.0915629778
  1.50000000   2.50000000   106.5569583567
  1.60000000   2.50000000   111.0758812578
  1.70000000   2.50000000   114.4723384565
  1.80000000   2.50000000   116.6650515709
  1.90000000   2.50000000   117.6822506720
  2.00000000   2.50000000   117.6540765412
  2.10000000   2.50000000   116.7878677905
  2.20000000   2.50000000   115.3177852637
  2.30000000   2.50000000   113.4624124577
  2.40000000   2.50000000   111.4036075295
  2.50000000   2.50000000   109.2822369215
  2.60000000   2.50000000   107.2026690439
  2.70000000   2.50000000   105.2401595839
  2.80000000   2.50000000   103.4481143530
  2.90000000   2.50000000   101.8640920380
  3.00000000   2.50000000   100.5143526237
  3.10000000   2.50000000    99.4171308106
  3.20000000   2.50000000    98.5849098847
  3.30000000   2.50000000    98.0259517077
  3.40000000   2.50000000    97.7452836523
  3.50000000   2.50000000    97.7452836523

  0.00000000   2.60000000     0.0000000000
  0.10000000   2.60000000     7.1229830714
  0.20000000   2.60000000    14.2483983144
  0.30000000   2.60000000    21.3779102496
  0.40000000   2.60000000    28.5115614470
  0.50000000   2.60000000    35.6467382047
  0.60000000   2.60000000    42.7768497166
  0.70000000   2.60000000    49.8896005100
  0.80000000   2.60000000    56.9647276472
  0.90000000   2.60000000    63.9710943409
  1.00000000   2.60000000    70.8631129540
  1.10000000   2.60000000    77.5766836725
  1.20000000   2.60000000    84.0252715244
  1.30000000   2.60000000    90.0975111001
  1.40000000   2.60000000    95.6588004762
  1.50000000   2.60000000   100.5602873853
  1.60000000   2.60000000   104.6581032762
  1.70000000   2.60000000   107.8414102365
  1.80000000   2.60000000   110.0592678165
  1.90000000   2.60000000   111.3319614931
  2.00000000   2.60000000   111.7474256121
  2.10000000   2.60000000   111.4449937357
  2.20000000   2.60000000   110.5885549437
  2.30000000   2.60000000   109.3412521344
  2.40000000   2.60000000   107.8491748809
  2.50000000   2.60000000   106.2343745672
  2.60000000   2.60000000   104.5942696682
  2.70000000   2.60000000   103.0043374361
  2.80000000   2.60000000   101.5219397174
  2.90000000   2.60000000   100.1901086561
  3.00000000   2.60000000    99.0407857975
  3.10000000   2.60000000    98.0973804960
  3.20000000   2.60000000    97.3766850281
  3.30000000   2.60000000    96.8902446694
  3.40000000   2.60000000    96.6452856353
  3.50000000   2.60000000    96.6452856353

  0.00000000   2.70000000     0.0000000000
  0.10000000   2.70000000     6.9396109255
  0.20000000   2.70000000    13.8762135429
  0.30000000   2.70000000    20.8059614326
  0.40000000   2.70000000    27.7232667124
  0.50000000   2.70000000    34.6197644752
  0.60000000   2.70000000    41.4830775069
  0.70000000   2.70000000    48.2953171627
  0.80000000   2.70000000    55.0312754546
  0.90000000   2.70000000    61.6563102070
  1.00000000   2.70000000    68.1240286581
  1.10000000   2.70000000    74.3740625154
  1.20000000   2.70000000    80.3305358091
  1.30000000   2.70000000    85.9022436532
  1.40000000   2.70000000    90.9859748261
  1.50000000   2.70000000    95.4744729612
  1.60000000   2.70000000    99.2696267443
  1.70000000   2.70000000   102.2990424087
  1.80000000   2.70000000   104.5308845869
  1.90000000   2.70000000   105.9810755112
  2.00000000   2.70000000   106.7114928946
  2.10000000   2.70000000   106.8201125123
  2.20000000   2.70000000   106.4255993353
  2.30000000   2.70000000   105.6516925199
  2.40000000   2.70000000   104.6154442262
  2.50000000   2.70000000   103.4204633468
  2.60000000   2.70000000   102.1543421309
  2.70000000   2.70000000   100.8888036490
  2.80000000   2.70000000    99.6812612676
  2.90000000   2.70000000    98.5768877694
  3.00000000   2.70000000    97.6106753431
  3.10000000   2.70000000    96.8092371169
  3.20000000   2.70000000    96.1922628867
  3.30000000   2.70000000    95.7736238351
  3.40000000   2.70000000    95.5621556006
  3.50000000   2.70000000    95.5621556006

  0.00000000   2.80000000     0.0000000000
  0.10000000   2.80000000     6.7675102028
  0.20000000   2.80000000    13.5273747750
  0.30000000   2.80000000    20.2711062094
  0.40000000   2.80000000    26.9884907258
  0.50000000   2.80000000    33.6666211226
  0.60000000   2.80000000    40.2888120830
  0.70000000   2.80000000    46.8333775272
  0.80000000   2.80000000    53.2722768564
  0.90000000   2.80000000    59.5696904360
  1.00000000   2.80000000    65.6806722090
  1.10000000   2.80000000    71.5501645050
  1.20000000   2.80000000    77.1128391881
  1.30000000   2.80000000    82.2944201484
  1.40000000   2.80000000    87.0152351992
  1.50000000   2.80000000    91.1965560276
  1.60000000   2.80000000    94.7695747739
  1.70000000   2.80000000    97.6855975460
  1.80000000   2.80000000    99.9247451565
  1.90000000   2.80000000   101.5003672541
  2.00000000   2.80000000   102.4580600145
  2.10000000   2.80000000   102.8697054486
  2.20000000   2.80000000   102.8241705980
  2.30000000   2.80000000   102.4173456093
  2.40000000   2.80000000   101.7437970455
  2.50000000   2.80000000   100.8910772413
  2.60000000   2.80000000    99.9366398361
  2.70000000   2.80000000    98.9467547284
  2.80000000   2.80000000    97.9767015236
  2.90000000   2.80000000    97.0716393669
  3.00000000   2.80000000    96.2677337171
  3.10000000   2.80000000    95.5932865149
  3.20000000   2.80000000    95.0697351151
  3.30000000   2.80000000    94.7124610998
  3.40000000   2.80000000    94.5313910931
  3.50000000   2.80000000    94.5313910931

  0.00000000   2.90000000     0.0000000000
  0.10000000   2.90000000     6.6115770086
  0.20000000   2.90000000    13.2116842169
  0.30000000   2.90000000    19.7880499255
  0.40000000   2.90000000    26.3267770579
  0.50000000   2.90000000    32.8114801082
  0.60000000   2.90000000    39.2223738248
  0.70000000   2.90000000    45.5353209190
  0.80000000   2.90000000    51.7208751707
  0.90000000   2.90000000    57.7433999344
  1.00000000   2.90000000    63.5604080749
  1.10000000   2.90000000    69.1223522560
  1.20000000   2.90000000    74.3731867322
  1.30000000   2.90000000    79.2520826913
  1.40000000   2.90000000    83.6966491149
  1.50000000   2.90000000    87.6477940145
  1.60000000   2.90000000    91.0558982206
  1.70000000   2.90000000    93.8873242121
  1.80000000   2.90000000    96.1297586681
  1.90000000   2.90000000    97.7949392476
  2.00000000   2.90000000    98.9180718875
  2.10000000   2.90000000    99.5541312622
  2.20000000   2.90000000    99.7720023392
  2.30000000   2.90000000    99.6479088199
  2.40000000   2.90000000    99.2594556532
  2.50000000   2.90000000    98.6810632643
  2.60000000   2.90000000    97.9809865281
  2.70000000   2.90000000    97.2197203091
  2.80000000   2.90000000    96.4494308012
  2.90000000   2.90000000    95.7140441772
  3.00000000   2.90000000    95.0496932434
  3.10000000   2.90000000    94.4853088918
  3.20000000   2.90000000    94.0432203303
  3.30000000   2.90000000    93.7396843749
  3.40000000   2.90000000    93.5853019626
  3.50000000   2.90000000    93.5853019626

  0.00000000   3.00000000     0.0000000000
  0.10000000   3.00000000     6.4758711820
  0.20000000   3.00000000    12.9372266635
  0.30000000   3.00000000    19.3688118001
  0.40000000   3.00000000    25.7538894328
  0.50000000   3.00000000    32.0734914915
  0.60000000   3.00000000    38.3056744236
  0.70000000   3.00000000    44.4248032109
  0.80000000   3.00000000    50.4009116417
  0.90000000   3.00000000    56.1992203427
  1.00000000   3.00000000    61.7799347610
  1.10000000   3.00000000    67.0984917733
  1.20000000   3.00000000    72.1064580889
  1.30000000   3.00000000    76.7532863582
  1.40000000   3.00000000    80.9890647959
  1.50000000   3.00000000    84.7682234166
  1.60000000   3.00000000    88.0538728945
  1.70000000   3.00000000    90.8221225820
  1.80000000   3.00000000    93.0655039191
  1.90000000   3.00000000    94.7946988890
  2.00000000   3.00000000    96.0381605477
  2.10000000   3.00000000    96.8397210618
  2.20000000   3.00000000    97.2547356499
  2.30000000   3.00000000    97.3455851948
  2.40000000   3.00000000    97.1773387601
  2.50000000   3.00000000    96.8141289296
  2.60000000   3.00000000    96.3164771524
  2.70000000   3.00000000    95.7395552039
  2.80000000   3.00000000    95.1322238792
  2.90000000   3.00000000    94.5366411411
  3.00000000   3.00000000    93.9882410724
  3.10000000   3.00000000    93.5159226876
  3.20000000   3.00000000    93.1423300748
  3.30000000   3.00000000    92.8841437585
  3.40000000   3.00000000    92.7523320440
  3.50000000   3.00000000    92.7523320440

  0.00000000   3.10000000     0.0000000000
  0.10000000   3.10000000     6.3636446151
  0.20000000   3.10000000    12.7104471425
  0.30000000   3.10000000    19.0228952566
  0.40000000   3.10000000    25.2821444214
  0.50000000   3.10000000    31.4673762472
  0.60000000   3.10000000    37.5551977135
  0.70000000   3.10000000    43.5191141561
  0.80000000   3.10000000    49.3291271531
  0.90000000   3.10000000    54.9515295993
  1.00000000   3.10000000    60.3489946917
  1.10000000   3.10000000    65.4810742603
  1.20000000   3.10000000    70.3052283053
  1.30000000   3.10000000    74.7784825828
  1.40000000   3.10000000    78.8597420197
  1.50000000   3.10000000    82.5126596873
  1.60000000   3.10000000    85.7087898259
  1.70000000   3.10000000    88.4305809545
  1.80000000   3.10000000    90.6736761682
  1.90000000   3.10000000    92.4480507936
  2.00000000   3.10000000    93.7777408573
  2.10000000   3.10000000    94.6992109157
  2.20000000   3.10000000    95.2586836123
  2.30000000   3.10000000    95.5089205152
  2.40000000   3.10000000    95.5059596825
  2.50000000   3.10000000    95.3062001123
  2.60000000   3.10000000    94.9640532131
  2.70000000   3.10000000    94.5302217460
  2.80000000   3.10000000    94.0505566558
  2.90000000   3.10000000    93.5653839560
  3.00000000   3.10000000    93.1091780576
  3.10000000   3.10000000    92.7104660916
  3.20000000   3.10000000    92.3918683536
  3.30000000   3.10000000    92.1702024219
  3.40000000   3.10000000    92.0565996386
  3.50000000   3.10000000    92.0565996386

  0.00000000   3.20000000     0.0000000000
  0.10000000   3.20000000     6.2773947208
  0.20000000   3.20000000    12.5362749339
  0.30000000   3.20000000    18.7575175414
  0.40000000   3.20000000    24.9207993069
  0.50000000   3.20000000    31.0040428775
  0.60000000   3.20000000    36.9829273899
  0.70000000   3.20000000    42.8305008305
  0.80000000   3.20000000    48.5169431797
  0.90000000   3.20000000    54.0095431186
  1.00000000   3.20000000    59.2729616406
  1.10000000   3.20000000    64.2698607991
  1.20000000   3.20000000    68.9619651945
  1.30000000   3.20000000    73.3115923762
  1.40000000   3.20000000    77.2836261146
  1.50000000   3.20000000    80.8478169857
  1.60000000   3.20000000    83.9811878170
  1.70000000   3.20000000    86.6702314293
  1.80000000   3.20000000    88.9125524525
  1.90000000   3.20000000    90.7176592385
  2.00000000   3.20000000    92.1067498395
  2.10000000   3.20000000    93.1115197349
  2.20000000   3.20000000    93.7721897167
  2.30000000   3.20000000    94.1350650515
  2.40000000   3.20000000    94.2499621018
  2.50000000   3.20000000    94.1677874449
  2.60000000   3.20000000    93.9384584256
  2.70000000   3.20000000    93.6092531337
  2.80000000   3.20000000    93.2235949705
  2.90000000   3.20000000    92.8202240201
  3.00000000   3.20000000    92.4326807160
  3.10000000   3.20000000    92.0890214834
  3.20000000   3.20000000    91.8116918475
  3.30000000   3.20000000    91.6174949513
  3.40000000   3.20000000    91.5176072796
  3.50000000   3.20000000    91.5176072796

  0.00000000   3.30000000     0.0000000000
  0.10000000   3.30000000     6.2189257478
  0.20000000   3.30000000    12.4182592426
  0.30000000   3.30000000    18.5778452464
  0.40000000   3.30000000    24.6764250786
  0.50000000   3.30000000    30.6911439793
  0.60000000   3.30000000    36.5971371734
  0.70000000   3.30000000    42.3672328039
  0.80000000   3.30000000    47.9718186191
  0.90000000   3.30000000    53.3789265012
  1.00000000   3.30000000    58.5545929874
  1.10000000   3.30000000    63.4635493239
  1.20000000   3.30000000    68.0702782425
  1.30000000   3.30000000    72.3404403529
  1.40000000   3.30000000    76.2426210643
  1.50000000   3.30000000    79.7502810906
  1.60000000   3.30000000    82.8437242552
  1.70000000   3.30000000    85.5118437049
  1.80000000   3.30000000    87.7533971985
  1.90000000   3.30000000    89.5776065641
  2.00000000   3.30000000    91.0039738737
  2.10000000   3.30000000    92.0613309163
  2.20000000   3.30000000    92.7862575121
  2.30000000   3.30000000    93.2210855549
  2.40000000   3.30000000    93.4117342727
  2.50000000   3.30000000    93.4055984276
  2.60000000   3.30000000    93.2496541251
  2.70000000   3.30000000    92.9888771871
  2.80000000   3.30000000    92.6650060739
  2.90000000   3.30000000    92.3156336141
  3.00000000   3.30000000    91.9735829104
  3.10000000   3.30000000    91.6665093215
  3.20000000   3.30000000    91.4166690350
  3.30000000   3.30000000    91.2408002758
  3.40000000   3.30000000    91.1500728737
  3.50000000   3.30000000    91.1500728737

  0.00000000   3.40000000     0.0000000000
  0.10000000   3.40000000     6.1894050224
  0.20000000   3.40000000    12.3586905993
  0.30000000   3.40000000    18.4871984126
  0.40000000   3.40000000    24.5532174688
  0.50000000   3.40000000    30.5335229841
  0.60000000   3.40000000    36.4030002714
  0.70000000   3.40000000    42.1343922498
  0.80000000   3.40000000    47.6982155890
  0.90000000   3.40000000    53.0628953518
  1.00000000   3.40000000    58.1951680800
  1.10000000   3.40000000    63.0607956197
  1.20000000   3.40000000    67.6256124181
  1.30000000   3.40000000    71.8568956138
  1.40000000   3.40000000    75.7249995668
  1.50000000   3.40000000    79.2051403103
  1.60000000   3.40000000    82.2791610625
  1.70000000   3.40000000    84.9370739783
  1.80000000   3.40000000    87.1781709607
  1.90000000   3.40000000    89.0115372097
  2.00000000   3.40000000    90.4558801757
  2.10000000   3.40000000    91.5386866144
  2.20000000   3.40000000    92.2948159628
  2.30000000   3.40000000    92.7647070402
  2.40000000   3.40000000    92.9924031219
  2.50000000   3.40000000    93.0235883511
  2.60000000   3.40000000    92.9037867366
  2.70000000   3.40000000    92.6768200918
  2.80000000   3.40000000    92.3835671198
  2.90000000   3.40000000    92.0610222222
  3.00000000   3.40000000    91.7416228920
  3.10000000   3.40000000    91.4527986758
  3.20000000   3.40000000    91.2166896641
  3.30000000   3.40000000    91.0499852070
  3.40000000   3.40000000    90.9638408012
  3.50000000   3.40000000    90.9638408012

  0.00000000   3.50000000     0.0000000000
  0.10000000   3.50000000     6.1894050224
  0.20000000   3.50000000    12.3586905993
  0.30000000   3.50000000    18.4871984126
  0.40000000   3.50000000    24.5532174688
  0.50000000   3.50000000    30.5335229841
  0.60000000   3.50000000    36.4030002714
  0.70000000   3.50000000    42.1343922498
  0.80000000   3.50000000    47.6982155890
  0.90000000   3.50000000    53.0628953518
  1.00000000   3.50000000    58.1951680800
  1.10000000   3.50000000    63.0607956197
  1.20000000   3.50000000    67.6256124181
  1.30000000   3.50000000    71.8568956138
  1.40000000   3.50000000    75.7249995668
  1.50000000   3.50000000    79.2051403103
  1.60000000   3.50000000    82.2791610625
  1.70000000   3.50000000    84.9370739783
  1.80000000   3.50000000    87.1781709607
  1.90000000   3.50000000    89.0115372097
  2.00000000   3.50000000    90.4558801757
  2.10000000   3.50000000    91.5386866144
  2.20000000   3.50000000    92.2948159628
  2.30000000   3.50000000    92.7647070402
  2.40000000   3.50000000    92.9924031219
  2.50000000   3.50000000    93.0235883511
  2.60000000   3.50000000    92.9037867366
  2.70000000   3.50000000    92.6768200918
  2.80000000   3.50000000    92.3835671198
  2.90000000   3.50000000    92.0610222222
  3.00000000   3.50000000    91.7416228920
  3.10000000   3.50000000    91.4527986758
  3.20000000   3.50000000    91.2166896641
  3.30000000   3.50000000    91.0499852070
  3.40000000   3.50000000    90.9638408012
  3.50000000   3.50000000    90.9638408012

