  0.00000000   0.00000000     0.0000000000
  0.10000000   0.00000000     2.1658551530
  0.20000000   0.00000000     4.3372768388
  0.30000000   0.00000000     6.5183927907
  0.40000000   0.00000000     8.7109447652
  0.50000000   0.00000000    10.9125729097
  0.60000000   0.00000000    13.1165327264
  0.70000000   0.00000000    15.3100096596
  0.80000000   0.00000000    17.4746787918
  0.90000000   0.00000000    19.5854649994
  1.00000000   0.00000000    21.6121343904
  1.10000000   0.00000000    23.5189551324
  1.20000000   0.00000000    25.2674192344
  1.30000000   0.00000000    26.8170892085
  1.40000000   0.00000000    28.1292164501
  1.50000000   0.00000000    29.1685663008
  1.60000000   0.00000000    29.9071097295
  1.70000000   0.00000000    30.3259546346
  1.80000000   0.00000000    30.4178020715
  1.90000000   0.00000000    30.1878346729
  2.00000000   0.00000000    29.6538675757
  2.10000000   0.00000000    28.8456367124
  2.20000000   0.00000000    27.8026288164
  2.30000000   0.00000000    26.5722832955
  2.40000000   0.00000000    25.2065351534
  2.50000000   0.00000000    23.7600290477
  2.60000000   0.00000000    22.2866374493
  2.70000000   0.00000000    20.8385005987
  2.80000000   0.00000000    19.4632866726
  2.90000000   0.00000000    18.2042026692
  3.00000000   0.00000000    17.0981681755
  3.10000000   0.00000000    16.1764539381
  3.20000000   0.00000000    15.4636129099
  3.30000000   0.00000000    14.9782527589
  3.40000000   0.00000000    14.7325008340
  3.50000000   0.00000000    14.7325008340

  0.00000000   0.10000000     0.0000000000
  0.10000000   0.10000000     2.1658551530
  0.20000000   0.10000000     4.3372768388
  0.30000000   0.10000000     6.5183927907
  0.40000000   0.10000000     8.7109447652
  0.50000000   0.10000000    10.9125729097
  0.60000000   0.10000000    13.1165327264
  0.70000000   0.10000000    15.3100096596
  0.80000000   0.10000000    17.4746787918
  0.90000000   0.10000000    19.5854649994
  1.00000000   0.10000000    21.6121343904
  1.10000000   0.10000000    23.5189551324
  1.20000000   0.10000000    25.2674192344
  1.30000000   0.10000000    26.8170892085
  1.40000000   0.10000000    28.1292164501
  1.50000000   0.10000000    29.1685663008
  1.60000000   0.10000000    29.9071097295
  1.70000000   0.10000000    30.3259546346
  1.80000000   0.10000000    30.4178020715
  1.90000000   0.10000000    30.1878346729
  2.00000000   0.10000000    29.6538675757
  2.10000000   0.10000000    28.8456367124
  2.20000000   0.10000000    27.8026288164
  2.30000000   0.10000000    26.5722832955
  2.40000000   0.10000000    25.2065351534
  2.50000000   0.10000000    23.7600290477
  2.60000000   0.10000000    22.2866374493
  2.70000000   0.10000000    20.8385005987
  2.80000000   0.10000000    19.4632866726
  2.90000000   0.10000000    18.2042026692
  3.00000000   0.10000000    17.0981681755
  3.10000000   0.10000000    16.1764539381
  3.20000000   0.10000000    15.4636129099
  3.30000000   0.10000000    14.9782527589
  3.40000000   0.10000000    14.7325008340
  3.50000000   0.10000000    14.7325008340

  0.00000000   0.20000000     0.0000000000
  0.10000000   0.20000000     2.2093644527
  0.20000000   0.20000000     4.4250312825
  0.30000000   0.20000000     6.6522669607
  0.40000000   0.20000000     8.8929999195
  0.50000000   0.20000000    11.1461959950
  0.60000000   0.20000000    13.4046157745
  0.70000000   0.20000000    15.6566308518
  0.80000000   0.20000000    17.8825846105
  0.90000000   0.20000000    20.0580252691
  1.00000000   0.20000000    22.1504066075
  1.10000000   0.20000000    24.1236644588
  1.20000000   0.20000000    25.9360313831
  1.30000000   0.20000000    27.5456947598
  1.40000000   0.20000000    28.9101885385
  1.50000000   0.20000000    29.9923766170
  1.60000000   0.20000000    30.7611370340
  1.70000000   0.20000000    31.1962128801
  1.80000000   0.20000000    31.2891078713
  1.90000000   0.20000000    31.0451074108
  2.00000000   0.20000000    30.4833130799
  2.10000000   0.20000000    29.6350438469
  2.20000000   0.20000000    28.5429834580
  2.30000000   0.20000000    27.2567312548
  2.40000000   0.20000000    25.8320785345
  2.50000000   0.20000000    24.3253745473
  2.60000000   0.20000000    22.7939492752
  2.70000000   0.20000000    21.2907063021
  2.80000000   0.20000000    19.8659101679
  2.90000000   0.20000000    18.5627036140
  3.00000000   0.20000000    17.4197341883
  3.10000000   0.20000000    16.4677908769
  3.20000000   0.20000000    15.7324494996
  3.30000000   0.20000000    15.2318391151
  3.40000000   0.20000000    14.9785580747
  3.50000000   0.20000000    14.9785580747

  0.00000000   0.30000000     0.0000000000
  0.10000000   0.30000000     2.2954452451
  0.20000000   0.30000000     4.5991384744
  0.30000000   0.30000000     6.9173481926
  0.40000000   0.30000000     9.2545591418
  0.50000000   0.30000000    11.6095423526
  0.60000000   0.30000000    13.9777002351
  0.70000000   0.30000000    16.3457272213
  0.80000000   0.30000000    18.6959240173
  0.90000000   0.30000000    21.0003278747
  1.00000000   0.30000000    23.2267586340
  1.10000000   0.30000000    25.3335666388
  1.20000000   0.30000000    27.2771224209
  1.30000000   0.30000000    29.0083232719
  1.40000000   0.30000000    30.4809462222
  1.50000000   0.30000000    31.6504541656
  1.60000000   0.30000000    32.4818422663
  1.70000000   0.30000000    32.9500532816
  1.80000000   0.30000000    33.0450336924
  1.90000000   0.30000000    32.7721558257
  2.00000000   0.30000000    32.1524904424
  2.10000000   0.30000000    31.2223439580
  2.20000000   0.30000000    30.0287451150
  2.30000000   0.30000000    28.6289281398
  2.40000000   0.30000000    27.0830121381
  2.50000000   0.30000000    25.4549624700
  2.60000000   0.30000000    23.8047135925
  2.70000000   0.30000000    22.1912252105
  2.80000000   0.30000000    20.6653684803
  2.90000000   0.30000000    19.2744671350
  3.00000000   0.30000000    18.0564612646
  3.10000000   0.30000000    17.0447366857
  3.20000000   0.30000000    16.2637763941
  3.30000000   0.30000000    15.7331010463
  3.40000000   0.30000000    15.4645693020
  3.50000000   0.30000000    15.4645693020

  0.00000000   0.40000000     0.0000000000
  0.10000000   0.40000000     2.4226270963
  0.20000000   0.40000000     4.8558490628
  0.30000000   0.40000000     7.3094467673
  0.40000000   0.40000000     9.7887087126
  0.50000000   0.40000000    12.2964975425
  0.60000000   0.40000000    14.8271100161
  0.70000000   0.40000000    17.3709558135
  0.80000000   0.40000000    19.9068062919
  0.90000000   0.40000000    22.4086875543
  1.00000000   0.40000000    24.8378367753
  1.10000000   0.40000000    27.1514443244
  1.20000000   0.40000000    29.2959951575
  1.30000000   0.40000000    31.2175054466
  1.40000000   0.40000000    32.8577832778
  1.50000000   0.40000000    34.1652707851
  1.60000000   0.40000000    35.0945097291
  1.70000000   0.40000000    35.6152243531
  1.80000000   0.40000000    35.7131932584
  1.90000000   0.40000000    35.3940872196
  2.00000000   0.40000000    34.6834078656
  2.10000000   0.40000000    33.6233103636
  2.20000000   0.40000000    32.2715783403
  2.30000000   0.40000000    30.6932090432
  2.40000000   0.40000000    28.9606907672
  2.50000000   0.40000000    27.1438181945
  2.60000000   0.40000000    25.3129868769
  2.70000000   0.40000000    23.5295643886
  2.80000000   0.40000000    21.8518380247
  2.90000000   0.40000000    20.3267729434
  3.00000000   0.40000000    18.9970137769
  3.10000000   0.40000000    17.8943045750
  3.20000000   0.40000000    17.0458222342
  3.30000000   0.40000000    16.4695255667
  3.40000000   0.40000000    16.1784916206
  3.50000000   0.40000000    16.1784916206

  0.00000000   0.50000000     0.0000000000
  0.10000000   0.50000000     2.5879703983
  0.20000000   0.50000000     5.1906299747
  0.30000000   0.50000000     7.8201174120
  0.40000000   0.50000000    10.4870227545
  0.50000000   0.50000000    13.1944332860
  0.60000000   0.50000000    15.9422144288
  0.70000000   0.50000000    18.7183116826
  0.80000000   0.50000000    21.5057741296
  0.90000000   0.50000000    24.2725590355
  1.00000000   0.50000000    26.9807629360
  1.10000000   0.50000000    29.5768318441
  1.20000000   0.50000000    32.0027415170
  1.30000000   0.50000000    34.1890164679
  1.40000000   0.50000000    36.0677027807
  1.50000000   0.50000000    37.5700662279
  1.60000000   0.50000000    38.6399237753
  1.70000000   0.50000000    39.2351510390
  1.80000000   0.50000000    39.3369779260
  1.90000000   0.50000000    38.9512470372
  2.00000000   0.50000000    38.1087928429
  2.10000000   0.50000000    36.8639794658
  2.20000000   0.50000000    35.2861817768
  2.30000000   0.50000000    33.4580119545
  2.40000000   0.50000000    31.4627873846
  2.50000000   0.50000000    29.3864096642
  2.60000000   0.50000000    27.3051824151
  2.70000000   0.50000000    25.2921196610
  2.80000000   0.50000000    23.4065006039
  2.90000000   0.50000000    21.7026626535
  3.00000000   0.50000000    20.2213797389
  3.10000000   0.50000000    18.9986803889
  3.20000000   0.50000000    18.0592064814
  3.30000000   0.50000000    17.4231209220
  3.40000000   0.50000000    17.1018530207
  3.50000000   0.50000000    17.1018530207

  0.00000000   0.60000000     0.0000000000
  0.10000000   0.60000000     2.7882409444
  0.20000000   0.60000000     5.5954785433
  0.30000000   0.60000000     8.4399708806
  0.40000000   0.60000000    11.3344030780
  0.50000000   0.60000000    14.2890544758
  0.60000000   0.60000000    17.3032157597
  0.70000000   0.60000000    20.3716497775
  0.80000000   0.60000000    23.4732253169
  0.90000000   0.60000000    26.5799002850
  1.00000000   0.60000000    29.6443139268
  1.10000000   0.60000000    32.6108441116
  1.20000000   0.60000000    35.4049172807
  1.30000000   0.60000000    37.9464865303
  1.40000000   0.60000000    40.1445742449
  1.50000000   0.60000000    41.9135797936
  1.60000000   0.60000000    43.1748658662
  1.70000000   0.60000000    43.8727985333
  1.80000000   0.60000000    43.9790890899
  1.90000000   0.60000000    43.5000510085
  2.00000000   0.60000000    42.4764693178
  2.10000000   0.60000000    40.9771908382
  2.20000000   0.60000000    39.0945080691
  2.30000000   0.60000000    36.9290226849
  2.40000000   0.60000000    34.5876827695
  2.50000000   0.60000000    32.1684059484
  2.60000000   0.60000000    29.7649381386
  2.70000000   0.60000000    27.4542899451
  2.80000000   0.60000000    25.3065187462
  2.90000000   0.60000000    23.3745164447
  3.00000000   0.60000000    21.7051366436
  3.10000000   0.60000000    20.3308981441
  3.20000000   0.60000000    19.2796512031
  3.30000000   0.60000000    18.5685115403
  3.40000000   0.60000000    18.2102989492
  3.50000000   0.60000000    18.2102989492

  0.00000000   0.70000000     0.0000000000
  0.10000000   0.70000000     3.0181915131
  0.20000000   0.70000000     6.0618943013
  0.30000000   0.70000000     9.1536466631
  0.40000000   0.70000000    12.3144706287
  0.50000000   0.70000000    15.5564315338
  0.60000000   0.70000000    18.8879361149
  0.70000000   0.70000000    22.3023862344
  0.80000000   0.70000000    25.7863412515
  0.90000000   0.70000000    29.3055430913
  1.00000000   0.70000000    32.8150455743
  1.10000000   0.70000000    36.2450169985
  1.20000000   0.70000000    39.5129688538
  1.30000000   0.70000000    42.5135826865
  1.40000000   0.70000000    45.1350371915
  1.50000000   0.70000000    47.2582789486
  1.60000000   0.70000000    48.7786570585
  1.70000000   0.70000000    49.6145938067
  1.80000000   0.70000000    49.7258770026
  1.90000000   0.70000000    49.1190864043
  2.00000000   0.70000000    47.8480313276
  2.10000000   0.70000000    46.0080119312
  2.20000000   0.70000000    43.7184845346
  2.30000000   0.70000000    41.1140741499
  2.40000000   0.70000000    38.3239789353
  2.50000000   0.70000000    35.4722097635
  2.60000000   0.70000000    32.6623101124
  2.70000000   0.70000000    29.9867480753
  2.80000000   0.70000000    27.5157047266
  2.90000000   0.70000000    25.3101345021
  3.00000000   0.70000000    23.4125611668
  3.10000000   0.70000000    21.8595088455
  3.20000000   0.70000000    20.6740557189
  3.30000000   0.70000000    19.8751887860
  3.40000000   0.70000000    19.4728354020
  3.50000000   0.70000000    19.4728354020

  0.00000000   0.80000000     0.0000000000
  0.10000000   0.80000000     3.2723954158
  0.20000000   0.80000000     6.5769052976
  0.30000000   0.80000000     9.9449709157
  0.40000000   0.80000000    13.4018900858
  0.50000000   0.80000000    16.9704778946
  0.60000000   0.80000000    20.6609264117
  0.70000000   0.80000000    24.4777542653
  0.80000000   0.80000000    28.4056991121
  0.90000000   0.80000000    32.4185794765
  1.00000000   0.80000000    36.4627567959
  1.10000000   0.80000000    40.4671001038
  1.20000000   0.80000000    44.3274834343
  1.30000000   0.80000000    47.9196832367
  1.40000000   0.80000000    51.0922787885
  1.50000000   0.80000000    53.6884804713
  1.60000000   0.80000000    55.5562091746
  1.70000000   0.80000000    56.5793755295
  1.80000000   0.80000000    56.6957825144
  1.90000000   0.80000000    55.9126493722
  2.00000000   0.80000000    54.3064074260
  2.10000000   0.80000000    52.0080798427
  2.20000000   0.80000000    49.1850916456
  2.30000000   0.80000000    46.0111123459
  2.40000000   0.80000000    42.6556378295
  2.50000000   0.80000000    39.2633163057
  2.60000000   0.80000000    35.9604307568
  2.70000000   0.80000000    32.8431328776
  2.80000000   0.80000000    29.9919869725
  2.90000000   0.80000000    27.4630951446
  3.00000000   0.80000000    25.3032956426
  3.10000000   0.80000000    23.5422668106
  3.20000000   0.80000000    22.2048698944
  3.30000000   0.80000000    21.3048851443
  3.40000000   0.80000000    20.8529198627
  3.50000000   0.80000000    20.8529198627

  0.00000000   0.90000000     0.0000000000
  0.10000000   0.90000000     3.5430472461
  0.20000000   0.90000000     7.1271848113
  0.30000000   0.90000000    10.7905073241
  0.40000000   0.90000000    14.5698131250
  0.50000000   0.90000000    18.4926266379
  0.60000000   0.90000000    22.5826626355
  0.70000000   0.90000000    26.8470658311
  0.80000000   0.90000000    31.2840255136
  0.90000000   0.90000000    35.8658411339
  1.00000000   0.90000000    40.5467798111
  1.10000000   0.90000000    45.2436006236
  1.20000000   0.90000000    49.8433209572
  1.30000000   0.90000000    54.1867887341
  1.40000000   0.90000000    58.0827272823
  1.50000000   0.90000000    61.3094616540
  1.60000000   0.90000000    63.6508646088
  1.70000000   0.90000000    64.9293035081
  1.80000000   0.90000000    65.0507791007
  1.90000000   0.90000000    64.0229586194
  2.00000000   0.90000000    61.9555160872
  2.10000000   0.90000000    59.0416333093
  2.20000000   0.90000000    55.5139800922
  2.30000000   0.90000000    51.6116369829
  2.40000000   0.90000000    47.5454370764
  2.50000000   0.90000000    43.4958438618
  2.60000000   0.90000000    39.6001143142
  2.70000000   0.90000000    35.9679704919
  2.80000000   0.90000000    32.6750124319
  2.90000000   0.90000000    29.7810860504
  3.00000000   0.90000000    27.3235551607
  3.10000000   0.90000000    25.3327448259
  3.20000000   0.90000000    23.8252882000
  3.30000000   0.90000000    22.8149686930
  3.40000000   0.90000000    22.3078489758
  3.50000000   0.90000000    22.3078489758

  0.00000000   1.00000000     0.0000000000
  0.10000000   1.00000000     3.8223030064
  0.20000000   1.00000000     7.6945149020
  0.30000000   1.00000000    11.6661511692
  0.40000000   1.00000000    15.7810909069
  0.50000000   1.00000000    20.0813544638
  0.60000000   1.00000000    24.5968524555
  0.70000000   1.00000000    29.3518459746
  0.80000000   1.00000000    34.3496882359
  0.90000000   1.00000000    39.5794918377
  1.00000000   1.00000000    44.9957955341
  1.10000000   1.00000000    50.5225075014
  1.20000000   1.00000000    56.0287420920
  1.30000000   1.00000000    61.3309060274
  1.40000000   1.00000000    66.1755838532
  1.50000000   1.00000000    70.2592286517
  1.60000000   1.00000000    73.2555065233
  1.70000000   1.00000000    74.8908623405
  1.80000000   1.00000000    75.0167280025
  1.90000000   1.00000000    73.6417501041
  2.00000000   1.00000000    70.9312790464
  2.10000000   1.00000000    67.1756726335
  2.20000000   1.00000000    62.7181319437
  2.30000000   1.00000000    57.8807078928
  2.40000000   1.00000000    52.9369383037
  2.50000000   1.00000000    48.0934643932
  2.60000000   1.00000000    43.5066158488
  2.70000000   1.00000000    39.2815211428
  2.80000000   1.00000000    35.4953977668
  2.90000000   1.00000000    32.1948089849
  3.00000000   1.00000000    29.4147984414
  3.10000000   1.00000000    27.1733597464
  3.20000000   1.00000000    25.4851299723
  3.30000000   1.00000000    24.3558460982
  3.40000000   1.00000000    23.7906210748
  3.50000000   1.00000000    23.7906210748

  0.00000000   1.10000000     0.0000000000
  0.10000000   1.10000000     4.1000139930
  0.20000000   1.10000000     8.2607360572
  0.30000000   1.10000000    12.5405085218
  0.40000000   1.10000000    16.9972956109
  0.50000000   1.10000000    21.6815690242
  0.60000000   1.10000000    26.6415712212
  0.70000000   1.10000000    31.9112416069
  0.80000000   1.10000000    37.5164972812
  0.90000000   1.10000000    43.4574131159
  1.00000000   1.10000000    49.7114045515
  1.10000000   1.10000000    56.2074432717
  1.20000000   1.10000000    62.8204493056
  1.30000000   1.10000000    69.3366809404
  1.40000000   1.10000000    75.4428399826
  1.50000000   1.10000000    80.7097297946
  1.60000000   1.10000000    84.6405246214
  1.70000000   1.10000000    86.7850835344
  1.80000000   1.10000000    86.9140864739
  1.90000000   1.10000000    85.0373343014
  2.00000000   1.10000000    81.4032573602
  2.10000000   1.10000000    76.4791745838
  2.20000000   1.10000000    70.7792795957
  2.30000000   1.10000000    64.7512623147
  2.40000000   1.10000000    58.7297033032
  2.50000000   1.10000000    52.9521840339
  2.60000000   1.10000000    47.5713239744
  2.70000000   1.10000000    42.6887177504
  2.80000000   1.10000000    38.3617098759
  2.90000000   1.10000000    34.6282603196
  3.00000000   1.10000000    31.5049660251
  3.10000000   1.10000000    29.0036764104
  3.20000000   1.10000000    27.1263300854
  3.30000000   1.10000000    25.8754964500
  3.40000000   1.10000000    25.2499649688
  3.50000000   1.10000000    25.2499649688

  0.00000000   1.20000000     0.0000000000
  0.10000000   1.20000000     4.3663902049
  0.20000000   1.20000000     8.8035416469
  0.30000000   1.20000000    13.3825009910
  0.40000000   1.20000000    18.1706992620
  0.50000000   1.20000000    23.2358625781
  0.60000000   1.20000000    28.6377448523
  0.70000000   1.20000000    34.4341559543
  0.80000000   1.20000000    40.6677437695
  0.90000000   1.20000000    47.3706760103
  1.00000000   1.20000000    54.5436945052
  1.10000000   1.20000000    62.1516249357
  1.20000000   1.20000000    70.0861978787
  1.30000000   1.20000000    78.1375327503
  1.40000000   1.20000000    85.9302318961
  1.50000000   1.20000000    92.8796283476
  1.60000000   1.20000000    98.1929663582
  1.70000000   1.20000000   101.0804230846
  1.80000000   1.20000000   101.2098900539
  1.90000000   1.20000000    98.5937088416
  2.00000000   1.20000000    93.5863150549
  2.10000000   1.20000000    86.9946101327
  2.20000000   1.20000000    79.6273574386
  2.30000000   1.20000000    72.0877263342
  2.40000000   1.20000000    64.7725626131
  2.50000000   1.20000000    57.9171349534
  2.60000000   1.20000000    51.6584351613
  2.70000000   1.20000000    46.0646763166
  2.80000000   1.20000000    41.1717717762
  2.90000000   1.20000000    36.9889851813
  3.00000000   1.20000000    33.5190121257
  3.10000000   1.20000000    30.7544926616
  3.20000000   1.20000000    28.6901248341
  3.30000000   1.20000000    27.3177244924
  3.40000000   1.20000000    26.6331350232
  3.50000000   1.20000000    26.6331350232

  0.00000000   1.30000000     0.0000000000
  0.10000000   1.30000000     4.6101029285
  0.20000000   1.30000000     9.3018781814
  0.30000000   1.30000000    14.1559666790
  0.40000000   1.30000000    19.2544597563
  0.50000000   1.30000000    24.6762818880
  0.60000000   1.30000000    30.5025437837
  0.70000000   1.30000000    36.8082986540
  0.80000000   1.30000000    43.6688625921
  0.90000000   1.30000000    51.1466187693
  1.00000000   1.30000000    59.2929264316
  1.10000000   1.30000000    68.1228808458
  1.20000000   1.30000000    77.5958361402
  1.30000000   1.30000000    87.5502526724
  1.40000000   1.30000000    97.6118997046
  1.50000000   1.30000000   107.0265563033
  1.60000000   1.30000000   114.5094385690
  1.70000000   1.30000000   118.4710913869
  1.80000000   1.30000000   118.5959615103
  1.90000000   1.30000000   114.9012348815
  2.00000000   1.30000000   107.7326724754
  2.10000000   1.30000000    98.6918655922
  2.20000000   1.30000000    89.0760713785
  2.30000000   1.30000000    79.6565627508
  2.40000000   1.30000000    70.8297933993
  2.50000000   1.30000000    62.7835889102
  2.60000000   1.30000000    55.5893593532
  2.70000000   1.30000000    49.2665926345
  2.80000000   1.30000000    43.8033147206
  2.90000000   1.30000000    39.1807606515
  3.00000000   1.30000000    35.3726287993
  3.10000000   1.30000000    32.3575690652
  3.20000000   1.30000000    30.1140341913
  3.30000000   1.30000000    28.6276458120
  3.40000000   1.30000000    27.8869267046
  3.50000000   1.30000000    27.8869267046

  0.00000000   1.40000000     0.0000000000
  0.10000000   1.40000000     4.8210108973
  0.20000000   1.40000000     9.7328712681
  0.30000000   1.40000000    14.8276884091
  0.40000000   1.40000000    20.1972349041
  0.50000000   1.40000000    25.9371424636
  0.60000000   1.40000000    32.1428578988
  0.70000000   1.40000000    38.9163028840
  0.80000000   1.40000000    46.3596349300
  0.90000000   1.40000000    54.5825324092
  1.00000000   1.40000000    63.6918889541
  1.10000000   1.40000000    73.7922425188
  1.20000000   1.40000000    84.9569196621
  1.30000000   1.40000000    97.1828164595
  1.40000000   1.40000000   110.2501115695
  1.50000000   1.40000000   123.4015650461
  1.60000000   1.40000000   134.6289312566
  1.70000000   1.40000000   139.9773528749
  1.80000000   1.40000000   140.0871208193
  1.90000000   1.40000000   134.9855404146
  2.00000000   1.40000000   124.0846216979
  2.10000000   1.40000000   111.3290162838
  2.20000000   1.40000000    98.7307155879
  2.30000000   1.40000000    87.0631471697
  2.40000000   1.40000000    76.5692756602
  2.50000000   1.40000000    67.2804960447
  2.60000000   1.40000000    59.1557424190
  2.70000000   1.40000000    52.1273190686
  2.80000000   1.40000000    46.1294217599
  2.90000000   1.40000000    41.0987689319
  3.00000000   1.40000000    36.9845670250
  3.10000000   1.40000000    33.7423669810
  3.20000000   1.40000000    31.3398487451
  3.30000000   1.40000000    29.7513147395
  3.40000000   1.40000000    28.9612370071
  3.50000000   1.40000000    28.9612370071

  0.00000000   1.50000000     0.0000000000
  0.10000000   1.50000000     4.9889237238
  0.20000000   1.50000000    10.0770481631
  0.30000000   1.50000000    15.3641910947
  0.40000000   1.50000000    20.9536942583
  0.50000000   1.50000000    26.9514155523
  0.60000000   1.50000000    33.4713652789
  0.70000000   1.50000000    40.6341401516
  0.80000000   1.50000000    48.5756972597
  0.90000000   1.50000000    57.4467655028
  1.00000000   1.50000000    67.4250857276
  1.10000000   1.50000000    78.7169599306
  1.20000000   1.50000000    91.5702097922
  1.30000000   1.50000000   106.2663926685
  1.40000000   1.50000000   123.0744769201
  1.50000000   1.50000000   141.9401289522
  1.60000000   1.50000000   160.8423397979
  1.70000000   1.50000000   166.9268327620
  1.80000000   1.50000000   167.0001363612
  1.90000000   1.50000000   161.1029191110
  2.00000000   1.50000000   142.5661363152
  2.10000000   1.50000000   124.1333305801
  2.20000000   1.50000000   107.8223076063
  2.30000000   1.50000000    93.7073852925
  2.40000000   1.50000000    81.5466202696
  2.50000000   1.50000000    71.0891490018
  2.60000000   1.50000000    62.1216799573
  2.70000000   1.50000000    54.4762605119
  2.80000000   1.50000000    48.0183201334
  2.90000000   1.50000000    42.6451612867
  3.00000000   1.50000000    38.2747800527
  3.10000000   1.50000000    34.8463849298
  3.20000000   1.50000000    32.3127078281
  3.30000000   1.50000000    30.6414701406
  3.40000000   1.50000000    29.8109224109
  3.50000000   1.50000000    29.8109224109

  0.00000000   1.60000000     0.0000000000
  0.10000000   1.60000000     5.1059623124
  0.20000000   1.60000000    10.3167073775
  0.30000000   1.60000000    15.7390025288
  0.40000000   1.60000000    21.4825007435
  0.50000000   1.60000000    27.6637326274
  0.60000000   1.60000000    34.4071645220
  0.70000000   1.60000000    41.8524468742
  0.80000000   1.60000000    50.1579795929
  0.90000000   1.60000000    59.5142481335
  1.00000000   1.60000000    70.1554902807
  1.10000000   1.60000000    82.3880071051
  1.20000000   1.60000000    96.6297656052
  1.30000000   1.60000000   113.5031493162
  1.40000000   1.60000000   134.0668777517
  1.50000000   1.60000000   160.6211730262
  1.60000000   1.60000000   200.0000000000
  1.70000000   1.60000000   200.0000000000
  1.80000000   1.60000000   200.0000000000
  1.90000000   1.60000000   200.0000000000
  2.00000000   1.60000000   161.1544893263
  2.10000000   1.60000000   135.0939934602
  2.20000000   1.60000000   115.0573475074
  2.30000000   1.60000000    98.7850216991
  2.40000000   1.60000000    85.2522557207
  2.50000000   1.60000000    73.8707106215
  2.60000000   1.60000000    64.2586751635
  2.70000000   1.60000000    56.1498254378
  2.80000000   1.60000000    49.3542210159
  2.90000000   1.60000000    43.7310271398
  3.00000000   1.60000000    39.1771595229
  3.10000000   1.60000000    35.6149016113
  3.20000000   1.60000000    32.9885767356
  3.30000000   1.60000000    31.2583155061
  3.40000000   1.60000000    30.3993606978
  3.50000000   1.60000000    30.3993606978

  0.00000000   1.70000000     0.0000000000
  0.10000000   1.70000000     5.1659814572
  0.20000000   1.70000000    10.4399031969
  0.30000000   1.70000000    15.9315200114
  0.40000000   1.70000000    21.7549428227
  0.50000000   1.70000000    28.0309232194
  0.60000000   1.70000000    34.8914760168
  0.70000000   1.70000000    42.4845876653
  0.80000000   1.70000000    50.9836255747
  0.90000000   1.70000000    60.5990161654
  1.00000000   1.70000000    71.5996116385
  1.10000000   1.70000000    84.3437462983
  1.20000000   1.70000000    99.3325152595
  1.30000000   1.70000000   117.2890249857
  1.40000000   1.70000000   139.2592209364
  1.50000000   1.70000000   166.5943594976
  1.60000000   1.70000000   200.0000000000
  1.70000000   1.70000000   200.0000000000
  1.80000000   1.70000000   200.0000000000
  1.90000000   1.70000000   200.0000000000
  2.00000000   1.70000000   167.1012003347
  2.10000000   1.70000000   140.2715528511
  2.20000000   1.70000000   118.8413132571
  2.30000000   1.70000000   101.4960963454
  2.40000000   1.70000000    87.2251313811
  2.50000000   1.70000000    75.3406000013
  2.60000000   1.70000000    65.3787414976
  2.70000000   1.70000000    57.0218843957
  2.80000000   1.70000000    50.0462864679
  2.90000000   1.70000000    44.2917946291
  3.00000000   1.70000000    39.6413001761
  3.10000000   1.70000000    36.0096043267
  3.20000000   1.70000000    33.3347934369
  3.30000000   1.70000000    31.5741189356
  3.40000000   1.70000000    30.7003351352
  3.50000000   1.70000000    30.7003351352

  0.00000000   1.80000000     0.0000000000
  0.10000000   1.80000000     5.1659814572
  0.20000000   1.80000000    10.4399031969
  0.30000000   1.80000000    15.9315200114
  0.40000000   1.80000000    21.7549428227
  0.50000000   1.80000000    28.0309232194
  0.60000000   1.80000000    34.8914760168
  0.70000000   1.80000000    42.4845876653
  0.80000000   1.80000000    50.9836255747
  0.90000000   1.80000000    60.5990161654
  1.00000000   1.80000000    71.5996116385
  1.10000000   1.80000000    84.3437462983
  1.20000000   1.80000000    99.3325152595
  1.30000000   1.80000000   117.2890249857
  1.40000000   1.80000000   139.2592209364
  1.50000000   1.80000000   166.5943594976
  1.60000000   1.80000000   200.0000000000
  1.70000000   1.80000000   200.0000000000
  1.80000000   1.80000000   200.0000000000
  1.90000000   1.80000000   200.0000000000
  2.00000000   1.80000000   167.1012003347
  2.10000000   1.80000000   140.2715528511
  2.20000000   1.80000000   118.8413132571
  2.30000000   1.80000000   101.4960963454
  2.40000000   1.80000000    87.2251313811
  2.50000000   1.80000000    75.3406000013
  2.60000000   1.80000000    65.3787414976
  2.70000000   1.80000000    57.0218843957
  2.80000000   1.80000000    50.0462864679
  2.90000000   1.80000000    44.2917946291
  3.00000000   1.80000000    39.6413001761
  3.10000000   1.80000000    36.0096043267
  3.20000000   1.80000000    33.3347934369
  3.30000000   1.80000000    31.5741189356
  3.40000000   1.80000000    30.7003351352
  3.50000000   1.80000000    30.7003351352

  0.00000000   1.90000000     0.0000000000
  0.10000000   1.90000000     5.1059623124
  0.20000000   1.90000000    10.3167073775
  0.30000000   1.90000000    15.7390025288
  0.40000000   1.90000000    21.4825007435
  0.50000000   1.90000000    27.6637326274
  0.60000000   1.90000000    34.4071645220
  0.70000000   1.90000000    41.8524468742
  0.80000000   1.90000000    50.1579795929
  0.90000000   1.90000000    59.5142481335
  1.00000000   1.90000000    70.1554902807
  1.10000000   1.90000000    82.3880071051
  1.20000000   1.90000000    96.6297656052
  1.30000000   1.90000000   113.5031493162
  1.40000000   1.90000000   134.0668777517
  1.50000000   1.90000000   160.6211730262
  1.60000000   1.90000000   200.0000000000
  1.70000000   1.90000000   200.0000000000
  1.80000000   1.90000000   200.0000000000
  1.90000000   1.90000000   200.0000000000
  2.00000000   1.90000000   161.1544893263
  2.10000000   1.90000000   135.0939934602
  2.20000000   1.90000000   115.0573475074
  2.30000000   1.90000000    98.7850216991
  2.40000000   1.90000000    85.2522557207
  2.50000000   1.90000000    73.8707106215
  2.60000000   1.90000000    64.2586751635
  2.70000000   1.90000000    56.1498254378
  2.80000000   1.90000000    49.3542210159
  2.90000000   1.90000000    43.7310271398
  3.00000000   1.90000000    39.1771595229
  3.10000000   1.90000000    35.6149016113
  3.20000000   1.90000000    32.9885767356
  3.30000000   1.90000000    31.2583155061
  3.40000000   1.90000000    30.3993606978
  3.50000000   1.90000000    30.3993606978

  0.00000000   2.00000000     0.0000000000
  0.10000000   2.00000000     4.9889237238
  0.20000000   2.00000000    10.0770481631
  0.30000000   2.00000000    15.3641910947
  0.40000000   2.00000000    20.9536942583
  0.50000000   2.00000000    26.9514155523
  0.60000000   2.00000000    33.4713652789
  0.70000000   2.00000000    40.6341401516
  0.80000000   2.00000000    48.5756972597
  0.90000000   2.00000000    57.4467655028
  1.00000000   2.00000000    67.4250857276
  1.10000000   2.00000000    78.7169599306
  1.20000000   2.00000000    91.5702097922
  1.30000000   2.00000000   106.2663926685
  1.40000000   2.00000000   123.0744769201
  1.50000000   2.00000000   141.9401289522
  1.60000000   2.00000000   160.8423397979
  1.70000000   2.00000000   166.9268327620
  1.80000000   2.00000000   167.0001363612
  1.90000000   2.00000000   161.1029191110
  2.00000000   2.00000000   142.5661363152
  2.10000000   2.00000000   124.1333305801
  2.20000000   2.00000000   107.8223076063
  2.30000000   2.00000000    93.7073852925
  2.40000000   2.00000000    81.5466202696
  2.50000000   2.00000000    71.0891490018
  2.60000000   2.00000000    62.1216799573
  2.70000000   2.00000000    54.4762605119
  2.80000000   2.00000000    48.0183201334
  2.90000000   2.00000000    42.6451612867
  3.00000000   2.00000000    38.2747800527
  3.10000000   2.00000000    34.8463849298
  3.20000000   2.00000000    32.3127078281
  3.30000000   2.00000000    30.6414701406
  3.40000000   2.00000000    29.8109224109
  3.50000000   2.00000000    29.8109224109

  0.00000000   2.10000000     0.0000000000
  0.10000000   2.10000000     4.8210108973
  0.20000000   2.10000000     9.7328712681
  0.30000000   2.10000000    14.8276884091
  0.40000000   2.10000000    20.1972349041
  0.50000000   2.10000000    25.9371424636
  0.60000000   2.10000000    32.1428578988
  0.70000000   2.10000000    38.9163028840
  0.80000000   2.10000000    46.3596349300
  0.90000000   2.10000000    54.5825324092
  1.00000000   2.10000000    63.6918889541
  1.10000000   2.10000000    73.7922425188
  1.20000000   2.10000000    84.9569196621
  1.30000000   2.10000000    97.1828164595
  1.40000000   2.10000000   110.2501115695
  1.50000000   2.10000000   123.4015650461
  1.60000000   2.10000000   134.6289312566
  1.70000000   2.10000000   139.9773528749
  1.80000000   2.10000000   140.0871208193
  1.90000000   2.10000000   134.9855404146
  2.00000000   2.10000000   124.0846216979
  2.10000000   2.10000000   111.3290162838
  2.20000000   2.10000000    98.7307155879
  2.30000000   2.10000000    87.0631471697
  2.40000000   2.10000000    76.5692756602
  2.50000000   2.10000000    67.2804960447
  2.60000000   2.10000000    59.1557424190
  2.70000000   2.10000000    52.1273190686
  2.80000000   2.10000000    46.1294217599
  2.90000000   2.10000000    41.0987689319
  3.00000000   2.10000000    36.9845670250
  3.10000000   2.10000000    33.7423669810
  3.20000000   2.10000000    31.3398487451
  3.30000000   2.10000000    29.7513147395
  3.40000000   2.10000000    28.9612370071
  3.50000000   2.10000000    28.9612370071

  0.00000000   2.20000000     0.0000000000
  0.10000000   2.20000000     4.6101029285
  0.20000000   2.20000000     9.3018781814
  0.30000000   2.20000000    14.1559666790
  0.40000000   2.20000000    19.2544597563
  0.50000000   2.20000000    24.6762818880
  0.60000000   2.20000000    30.5025437837
  0.70000000   2.20000000    36.8082986540
  0.80000000   2.20000000    43.6688625921
  0.90000000   2.20000000    51.1466187693
  1.00000000   2.20000000    59.2929264316
  1.10000000   2.20000000    68.1228808458
  1.20000000   2.20000000    77.5958361402
  1.30000000   2.20000000    87.5502526724
  1.40000000   2.20000000    97.6118997046
  1.50000000   2.20000000   107.0265563033
  1.60000000   2.20000000   114.5094385690
  1.70000000   2.20000000   118.4710913869
  1.80000000   2.20000000   118.5959615103
  1.90000000   2.20000000   114.9012348815
  2.00000000   2.20000000   107.7326724754
  2.10000000   2.20000000    98.6918655922
  2.20000000   2.20000000    89.0760713785
  2.30000000   2.20000000    79.6565627508
  2.40000000   2.20000000    70.8297933993
  2.50000000   2.20000000    62.7835889102
  2.60000000   2.20000000    55.5893593532
  2.70000000   2.20000000    49.2665926345
  2.80000000   2.20000000    43.8033147206
  2.90000000   2.20000000    39.1807606515
  3.00000000   2.20000000    35.3726287993
  3.10000000   2.20000000    32.3575690652
  3.20000000   2.20000000    30.1140341913
  3.30000000   2.20000000    28.6276458120
  3.40000000   2.20000000    27.8869267046
  3.50000000   2.20000000    27.8869267046

  0.00000000   2.30000000     0.0000000000
  0.10000000   2.30000000     4.3663902049
  0.20000000   2.30000000     8.8035416469
  0.30000000   2.30000000    13.3825009910
  0.40000000   2.30000000    18.1706992620
  0.50000000   2.30000000    23.2358625781
  0.60000000   2.30000000    28.6377448523
  0.70000000   2.30000000    34.4341559543
  0.80000000   2.30000000    40.6677437695
  0.90000000   2.30000000    47.3706760103
  1.00000000   2.30000000    54.5436945052
  1.10000000   2.30000000    62.1516249357
  1.20000000   2.30000000    70.0861978787
  1.30000000   2.30000000    78.1375327503
  1.40000000   2.30000000    85.9302318961
  1.50000000   2.30000000    92.8796283476
  1.60000000   2.30000000    98.1929663582
  1.70000000   2.30000000   101.0804230846
  1.80000000   2.30000000   101.2098900539
  1.90000000   2.30000000    98.5937088416
  2.00000000   2.30000000    93.5863150549
  2.10000000   2.30000000    86.9946101327
  2.20000000   2.30000000    79.6273574386
  2.30000000   2.30000000    72.0877263342
  2.40000000   2.30000000    64.7725626131
  2.50000000   2.30000000    57.9171349534
  2.60000000   2.30000000    51.6584351613
  2.70000000   2.30000000    46.0646763166
  2.80000000   2.30000000    41.1717717762
  2.90000000   2.30000000    36.9889851813
  3.00000000   2.30000000    33.5190121257
  3.10000000   2.30000000    30.7544926616
  3.20000000   2.30000000    28.6901248341
  3.30000000   2.30000000    27.3177244924
  3.40000000   2.30000000    26.6331350232
  3.50000000   2.30000000    26.6331350232

  0.00000000   2.40000000     0.0000000000
  0.10000000   2.40000000     4.1000139930
  0.20000000   2.40000000     8.2607360572
  0.30000000   2.40000000    12.5405085218
  0.40000000   2.40000000    16.9972956109
  0.50000000   2.40000000    21.6815690242
  0.60000000   2.40000000    26.6415712212
  0.70000000   2.40000000    31.9112416069
  0.80000000   2.40000000    37.5164972812
  0.90000000   2.40000000    43.4574131159
  1.00000000   2.40000000    49.7114045515
  1.10000000   2.40000000    56.2074432717
  1.20000000   2.40000000    62.8204493056
  1.30000000   2.40000000    69.3366809404
  1.40000000   2.40000000    75.4428399826
  1.50000000   2.40000000    80.7097297946
  1.60000000   2.40000000    84.6405246214
  1.70000000   2.40000000    86.7850835344
  1.80000000   2.40000000    86.9140864739
  1.90000000   2.40000000    85.0373343014
  2.00000000   2.40000000    81.4032573602
  2.10000000   2.40000000    76.4791745838
  2.20000000   2.40000000    70.7792795957
  2.30000000   2.40000000    64.7512623147
  2.40000000   2.40000000    58.7297033032
  2.50000000   2.40000000    52.9521840339
  2.60000000   2.40000000    47.5713239744
  2.70000000   2.40000000    42.6887177504
  2.80000000   2.40000000    38.3617098759
  2.90000000   2.40000000    34.6282603196
  3.00000000   2.40000000    31.5049660251
  3.10000000   2.40000000    29.0036764104
  3.20000000   2.40000000    27.1263300854
  3.30000000   2.40000000    25.8754964500
  3.40000000   2.40000000    25.2499649688
  3.50000000   2.40000000    25.2499649688

  0.00000000   2.50000000     0.0000000000
  0.10000000   2.50000000     3.8223030064
  0.20000000   2.50000000     7.6945149020
  0.30000000   2.50000000    11.6661511692
  0.40000000   2.50000000    15.7810909069
  0.50000000   2.50000000    20.0813544638
  0.60000000   2.50000000    24.5968524555
  0.70000000   2.50000000    29.3518459746
  0.80000000   2.50000000    34.3496882359
  0.90000000   2.50000000    39.5794918377
  1.00000000   2.50000000    44.9957955341
  1.10000000   2.50000000    50.5225075014
  1.20000000   2.50000000    56.0287420920
  1.30000000   2.50000000    61.3309060274
  1.40000000   2.50000000    66.1755838532
  1.50000000   2.50000000    70.2592286517
  1.60000000   2.50000000    73.2555065233
  1.70000000   2.50000000    74.8908623405
  1.80000000   2.50000000    75.0167280025
  1.90000000   2.50000000    73.6417501041
  2.00000000   2.50000000    70.9312790464
  2.10000000   2.50000000    67.1756726335
  2.20000000   2.50000000    62.7181319437
  2.30000000   2.50000000    57.8807078928
  2.40000000   2.50000000    52.9369383037
  2.50000000   2.50000000    48.0934643932
  2.60000000   2.50000000    43.5066158488
  2.70000000   2.50000000    39.2815211428
  2.80000000   2.50000000    35.4953977668
  2.90000000   2.50000000    32.1948089849
  3.00000000   2.50000000    29.4147984414
  3.10000000   2.50000000    27.1733597464
  3.20000000   2.50000000    25.4851299723
  3.30000000   2.50000000    24.3558460982
  3.40000000   2.50000000    23.7906210748
  3.50000000   2.50000000    23.7906210748

  0.00000000   2.60000000     0.0000000000
  0.10000000   2.60000000     3.5430472461
  0.20000000   2.60000000     7.1271848113
  0.30000000   2.60000000    10.7905073241
  0.40000000   2.60000000    14.5698131250
  0.50000000   2.60000000    18.4926266379
  0.60000000   2.60000000    22.5826626355
  0.70000000   2.60000000    26.8470658311
  0.80000000   2.60000000    31.2840255136
  0.90000000   2.60000000    35.8658411339
  1.00000000   2.60000000    40.5467798111
  1.10000000   2.60000000    45.2436006236
  1.20000000   2.60000000    49.8433209572
  1.30000000   2.60000000    54.1867887341
  1.40000000   2.60000000    58.0827272823
  1.50000000   2.60000000    61.3094616540
  1.60000000   2.60000000    63.6508646088
  1.70000000   2.60000000    64.9293035081
  1.80000000   2.60000000    65.0507791007
  1.90000000   2.60000000    64.0229586194
  2.00000000   2.60000000    61.9555160872
  2.10000000   2.60000000    59.0416333093
  2.20000000   2.60000000    55.5139800922
  2.30000000   2.60000000    51.6116369829
  2.40000000   2.60000000    47.5454370764
  2.50000000   2.60000000    43.4958438618
  2.60000000   2.60000000    39.6001143142
  2.70000000   2.60000000    35.9679704919
  2.80000000   2.60000000    32.6750124319
  2.90000000   2.60000000    29.7810860504
  3.00000000   2.60000000    27.3235551607
  3.10000000   2.60000000    25.3327448259
  3.20000000   2.60000000    23.8252882000
  3.30000000   2.60000000    22.8149686930
  3.40000000   2.60000000    22.3078489758
  3.50000000   2.60000000    22.3078489758

  0.00000000   2.70000000     0.0000000000
  0.10000000   2.70000000     3.2723954158
  0.20000000   2.70000000     6.5769052976
  0.30000000   2.70000000     9.9449709157
  0.40000000   2.70000000    13.4018900858
  0.50000000   2.70000000    16.9704778946
  0.60000000   2.70000000    20.6609264117
  0.70000000   2.70000000    24.4777542653
  0.80000000   2.70000000    28.4056991121
  0.90000000   2.70000000    32.4185794765
  1.00000000   2.70000000    36.4627567959
  1.10000000   2.70000000    40.4671001038
  1.20000000   2.70000000    44.3274834343
  1.30000000   2.70000000    47.9196832367
  1.40000000   2.70000000    51.0922787885
  1.50000000   2.70000000    53.6884804713
  1.60000000   2.70000000    55.5562091746
  1.70000000   2.70000000    56.5793755295
  1.80000000   2.70000000    56.6957825144
  1.90000000   2.70000000    55.9126493722
  2.00000000   2.70000000    54.3064074260
  2.10000000   2.70000000    52.0080798427
  2.20000000   2.70000000    49.1850916456
  2.30000000   2.70000000    46.0111123459
  2.40000000   2.70000000    42.6556378295
  2.50000000   2.70000000    39.2633163057
  2.60000000   2.70000000    35.9604307568
  2.70000000   2.70000000    32.8431328776
  2.80000000   2.70000000    29.9919869725
  2.90000000   2.70000000    27.4630951446
  3.00000000   2.70000000    25.3032956426
  3.10000000   2.70000000    23.5422668106
  3.20000000   2.70000000    22.2048698944
  3.30000000   2.70000000    21.3048851443
  3.40000000   2.70000000    20.8529198627
  3.50000000   2.70000000    20.8529198627

  0.00000000   2.80000000     0.0000000000
  0.10000000   2.80000000     3.0181915131
  0.20000000   2.80000000     6.0618943013
  0.30000000   2.80000000     9.1536466631
  0.40000000   2.80000000    12.3144706287
  0.50000000   2.80000000    15.5564315338
  0.60000000   2.80000000    18.8879361149
  0.70000000   2.80000000    22.3023862344
  0.80000000   2.80000000    25.7863412515
  0.90000000   2.80000000    29.3055430913
  1.00000000   2.80000000    32.8150455743
  1.10000000   2.80000000    36.2450169985
  1.20000000   2.80000000    39.5129688538
  1.30000000   2.80000000    42.5135826865
  1.40000000   2.80000000    45.1350371915
  1.50000000   2.80000000    47.2582789486
  1.60000000   2.80000000    48.7786570585
  1.70000000   2.80000000    49.6145938067
  1.80000000   2.80000000    49.7258770026
  1.90000000   2.80000000    49.1190864043
  2.00000000   2.80000000    47.8480313276
  2.10000000   2.80000000    46.0080119312
  2.20000000   2.80000000    43.7184845346
  2.30000000   2.80000000    41.1140741499
  2.40000000   2.80000000    38.3239789353
  2.50000000   2.80000000    35.4722097635
  2.60000000   2.80000000    32.6623101124
  2.70000000   2.80000000    29.9867480753
  2.80000000   2.80000000    27.5157047266
  2.90000000   2.80000000    25.3101345021
  3.00000000   2.80000000    23.4125611668
  3.10000000   2.80000000    21.8595088455
  3.20000000   2.80000000    20.6740557189
  3.30000000   2.80000000    19.8751887860
  3.40000000   2.80000000    19.4728354020
  3.50000000   2.80000000    19.4728354020

  0.00000000   2.90000000     0.0000000000
  0.10000000   2.90000000     2.7882409444
  0.20000000   2.90000000     5.5954785433
  0.30000000   2.90000000     8.4399708806
  0.40000000   2.90000000    11.3344030780
  0.50000000   2.90000000    14.2890544758
  0.60000000   2.90000000    17.3032157597
  0.70000000   2.90000000    20.3716497775
  0.80000000   2.90000000    23.4732253169
  0.90000000   2.90000000    26.5799002850
  1.00000000   2.90000000    29.6443139268
  1.10000000   2.90000000    32.6108441116
  1.20000000   2.90000000    35.4049172807
  1.30000000   2.90000000    37.9464865303
  1.40000000   2.90000000    40.1445742449
  1.50000000   2.90000000    41.9135797936
  1.60000000   2.90000000    43.1748658662
  1.70000000   2.90000000    43.8727985333
  1.80000000   2.90000000    43.9790890899
  1.90000000   2.90000000    43.5000510085
  2.00000000   2.90000000    42.4764693178
  2.10000000   2.90000000    40.9771908382
  2.20000000   2.90000000    39.0945080691
  2.30000000   2.90000000    36.9290226849
  2.40000000   2.90000000    34.5876827695
  2.50000000   2.90000000    32.1684059484
  2.60000000   2.90000000    29.7649381386
  2.70000000   2.90000000    27.4542899451
  2.80000000   2.90000000    25.3065187462
  2.90000000   2.90000000    23.3745164447
  3.00000000   2.90000000    21.7051366436
  3.10000000   2.90000000    20.3308981441
  3.20000000   2.90000000    19.2796512031
  3.30000000   2.90000000    18.5685115403
  3.40000000   2.90000000    18.2102989492
  3.50000000   2.90000000    18.2102989492

  0.00000000   3.00000000     0.0000000000
  0.10000000   3.00000000     2.5879703983
  0.20000000   3.00000000     5.1906299747
  0.30000000   3.00000000     7.8201174120
  0.40000000   3.00000000    10.4870227545
  0.50000000   3.00000000    13.1944332860
  0.60000000   3.00000000    15.9422144288
  0.70000000   3.00000000    18.7183116826
  0.80000000   3.00000000    21.5057741296
  0.90000000   3.00000000    24.2725590355
  1.00000000   3.00000000    26.9807629360
  1.10000000   3.00000000    29.5768318441
  1.20000000   3.00000000    32.0027415170
  1.30000000   3.00000000    34.1890164679
  1.40000000   3.00000000    36.0677027807
  1.50000000   3.00000000    37.5700662279
  1.60000000   3.00000000    38.6399237753
  1.70000000   3.00000000    39.2351510390
  1.80000000   3.00000000    39.3369779260
  1.90000000   3.00000000    38.9512470372
  2.00000000   3.00000000    38.1087928429
  2.10000000   3.00000000    36.8639794658
  2.20000000   3.00000000    35.2861817768
  2.30000000   3.00000000    33.4580119545
  2.40000000   3.00000000    31.4627873846
  2.50000000   3.00000000    29.3864096642
  2.60000000   3.00000000    27.3051824151
  2.70000000   3.00000000    25.2921196610
  2.80000000   3.00000000    23.4065006039
  2.90000000   3.00000000    21.7026626535
  3.00000000   3.00000000    20.2213797389
  3.10000000   3.00000000    18.9986803889
  3.20000000   3.00000000    18.0592064814
  3.30000000   3.00000000    17.4231209220
  3.40000000   3.00000000    17.1018530207
  3.50000000   3.00000000    17.1018530207

  0.00000000   3.10000000     0.0000000000
  0.10000000   3.10000000     2.4226270963
  0.20000000   3.10000000     4.8558490628
  0.30000000   3.10000000     7.3094467673
  0.40000000   3.10000000     9.7887087126
  0.50000000   3.10000000    12.2964975425
  0.60000000   3.10000000    14.8271100161
  0.70000000   3.10000000    17.3709558135
  0.80000000   3.10000000    19.9068062919
  0.90000000   3.10000000    22.4086875543
  1.00000000   3.10000000    24.8378367753
  1.10000000   3.10000000    27.1514443244
  1.20000000   3.10000000    29.2959951575
  1.30000000   3.10000000    31.2175054466
  1.40000000   3.10000000    32.8577832778
  1.50000000   3.10000000    34.1652707851
  1.60000000   3.10000000    35.0945097291
  1.70000000   3.10000000    35.6152243531
  1.80000000   3.10000000    35.7131932584
  1.90000000   3.10000000    35.3940872196
  2.00000000   3.10000000    34.6834078656
  2.10000000   3.10000000    33.6233103636
  2.20000000   3.10000000    32.2715783403
  2.30000000   3.10000000    30.6932090432
  2.40000000   3.10000000    28.9606907672
  2.50000000   3.10000000    27.1438181945
  2.60000000   3.10000000    25.3129868769
  2.70000000   3.10000000    23.5295643886
  2.80000000   3.10000000    21.8518380247
  2.90000000   3.10000000    20.3267729434
  3.00000000   3.10000000    18.9970137769
  3.10000000   3.10000000    17.8943045750
  3.20000000   3.10000000    17.0458222342
  3.30000000   3.10000000    16.4695255667
  3.40000000   3.10000000    16.1784916206
  3.50000000   3.10000000    16.1784916206

  0.00000000   3.20000000     0.0000000000
  0.10000000   3.20000000     2.2954452451
  0.20000000   3.20000000     4.5991384744
  0.30000000   3.20000000     6.9173481926
  0.40000000   3.20000000     9.2545591418
  0.50000000   3.20000000    11.6095423526
  0.60000000   3.20000000    13.9777002351
  0.70000000   3.20000000    16.3457272213
  0.80000000   3.20000000    18.6959240173
  0.90000000   3.20000000    21.0003278747
  1.00000000   3.20000000    23.2267586340
  1.10000000   3.20000000    25.3335666388
  1.20000000   3.20000000    27.2771224209
  1.30000000   3.20000000    29.0083232719
  1.40000000   3.20000000    30.4809462222
  1.50000000   3.20000000    31.6504541656
  1.60000000   3.20000000    32.4818422663
  1.70000000   3.20000000    32.9500532816
  1.80000000   3.20000000    33.0450336924
  1.90000000   3.20000000    32.7721558257
  2.00000000   3.20000000    32.1524904424
  2.10000000   3.20000000    31.2223439580
  2.20000000   3.20000000    30.0287451150
  2.30000000   3.20000000    28.6289281398
  2.40000000   3.20000000    27.0830121381
  2.50000000   3.20000000    25.4549624700
  2.60000000   3.20000000    23.8047135925
  2.70000000   3.20000000    22.1912252105
  2.80000000   3.20000000    20.6653684803
  2.90000000   3.20000000    19.2744671350
  3.00000000   3.20000000    18.0564612646
  3.10000000   3.20000000    17.0447366857
  3.20000000   3.20000000    16.2637763941
  3.30000000   3.20000000    15.7331010463
  3.40000000   3.20000000    15.4645693020
  3.50000000   3.20000000    15.4645693020

  0.00000000   3.30000000     0.0000000000
  0.10000000   3.30000000     2.2093644527
  0.20000000   3.30000000     4.4250312825
  0.30000000   3.30000000     6.6522669607
  0.40000000   3.30000000     8.8929999195
  0.50000000   3.30000000    11.1461959950
  0.60000000   3.30000000    13.4046157745
  0.70000000   3.30000000    15.6566308518
  0.80000000   3.30000000    17.8825846105
  0.90000000   3.30000000    20.0580252691
  1.00000000   3.30000000    22.1504066075
  1.10000000   3.30000000    24.1236644588
  1.20000000   3.30000000    25.9360313831
  1.30000000   3.30000000    27.5456947598
  1.40000000   3.30000000    28.9101885385
  1.50000000   3.30000000    29.9923766170
  1.60000000   3.30000000    30.7611370340
  1.70000000   3.30000000    31.1962128801
  1.80000000   3.30000000    31.2891078713
  1.90000000   3.30000000    31.0451074108
  2.00000000   3.30000000    30.4833130799
  2.10000000   3.30000000    29.6350438469
  2.20000000   3.30000000    28.5429834580
  2.30000000   3.30000000    27.2567312548
  2.40000000   3.30000000    25.8320785345
  2.50000000   3.30000000    24.3253745473
  2.60000000   3.30000000    22.7939492752
  2.70000000   3.30000000    21.2907063021
  2.80000000   3.30000000    19.8659101679
  2.90000000   3.30000000    18.5627036140
  3.00000000   3.30000000    17.4197341883
  3.10000000   3.30000000    16.4677908769
  3.20000000   3.30000000    15.7324494996
  3.30000000   3.30000000    15.2318391151
  3.40000000   3.30000000    14.9785580747
  3.50000000   3.30000000    14.9785580747

  0.00000000   3.40000000     0.0000000000
  0.10000000   3.40000000     2.1658551530
  0.20000000   3.40000000     4.3372768388
  0.30000000   3.40000000     6.5183927907
  0.40000000   3.40000000     8.7109447652
  0.50000000   3.40000000    10.9125729097
  0.60000000   3.40000000    13.1165327264
  0.70000000   3.40000000    15.3100096596
  0.80000000   3.40000000    17.4746787918
  0.90000000   3.40000000    19.5854649994
  1.00000000   3.40000000    21.6121343904
  1.10000000   3.40000000    23.5189551324
  1.20000000   3.40000000    25.2674192344
  1.30000000   3.40000000    26.8170892085
  1.40000000   3.40000000    28.1292164501
  1.50000000   3.40000000    29.1685663008
  1.60000000   3.40000000    29.9071097295
  1.70000000   3.40000000    30.3259546346
  1.80000000   3.40000000    30.4178020715
  1.90000000   3.40000000    30.1878346729
  2.00000000   3.40000000    29.6538675757
  2.10000000   3.40000000    28.8456367124
  2.20000000   3.40000000    27.8026288164
  2.30000000   3.40000000    26.5722832955
  2.40000000   3.40000000    25.2065351534
  2.50000000   3.40000000    23.7600290477
  2.60000000   3.40000000    22.2866374493
  2.70000000   3.40000000    20.8385005987
  2.80000000   3.40000000    19.4632866726
  2.90000000   3.40000000    18.2042026692
  3.00000000   3.40000000    17.0981681755
  3.10000000   3.40000000    16.1764539381
  3.20000000   3.40000000    15.4636129099
  3.30000000   3.40000000    14.9782527589
  3.40000000   3.40000000    14.7325008340
  3.50000000   3.40000000    14.7325008340

  0.00000000   3.50000000     0.0000000000
  0.10000000   3.50000000     2.1658551530
  0.20000000   3.50000000     4.3372768388
  0.30000000   3.50000000     6.5183927907
  0.40000000   3.50000000     8.7109447652
  0.50000000   3.50000000    10.9125729097
  0.60000000   3.50000000    13.1165327264
  0.70000000   3.50000000    15.3100096596
  0.80000000   3.50000000    17.4746787918
  0.90000000   3.50000000    19.5854649994
  1.00000000   3.50000000    21.6121343904
  1.10000000   3.50000000    23.5189551324
  1.20000000   3.50000000    25.2674192344
  1.30000000   3.50000000    26.8170892085
  1.40000000   3.50000000    28.1292164501
  1.50000000   3.50000000    29.1685663008
  1.60000000   3.50000000    29.9071097295
  1.70000000   3.50000000    30.3259546346
  1.80000000   3.50000000    30.4178020715
  1.90000000   3.50000000    30.1878346729
  2.00000000   3.50000000    29.6538675757
  2.10000000   3.50000000    28.8456367124
  2.20000000   3.50000000    27.8026288164
  2.30000000   3.50000000    26.5722832955
  2.40000000   3.50000000    25.2065351534
  2.50000000   3.50000000    23.7600290477
  2.60000000   3.50000000    22.2866374493
  2.70000000   3.50000000    20.8385005987
  2.80000000   3.50000000    19.4632866726
  2.90000000   3.50000000    18.2042026692
  3.00000000   3.50000000    17.0981681755
  3.10000000   3.50000000    16.1764539381
  3.20000000   3.50000000    15.4636129099
  3.30000000   3.50000000    14.9782527589
  3.40000000   3.50000000    14.7325008340
  3.50000000   3.50000000    14.7325008340

