  0.00000000   0.00000000     0.0000000000
  0.10000000   0.00000000     6.7604779309
  0.20000000   0.00000000    13.5003647238
  0.30000000   0.00000000    20.1985848254
  0.40000000   0.00000000    26.8331166550
  0.50000000   0.00000000    33.3805789326
  0.60000000   0.00000000    39.8158944655
  0.70000000   0.00000000    46.1120666608
  0.80000000   0.00000000    52.2401099950
  0.90000000   0.00000000    58.1691799824
  1.00000000   0.00000000    63.8669482789
  1.10000000   0.00000000    69.3002612018
  1.20000000   0.00000000    74.4361018553
  1.30000000   0.00000000    79.2428448971
  1.40000000   0.00000000    83.6917491449
  1.50000000   0.00000000    87.7585815262
  1.60000000   0.00000000    91.4252167066
  1.70000000   0.00000000    94.6810247525
  1.80000000   0.00000000    97.5238589690
  1.90000000   0.00000000    99.9604952833
  2.00000000   0.00000000   102.0064484967
  2.10000000   0.00000000   103.6851823374
  2.20000000   0.00000000   105.0268165363
  2.30000000   0.00000000   106.0664945547
  2.40000000   0.00000000   106.8425988050
  2.50000000   0.00000000   107.3949869788
  2.60000000   0.00000000   107.7633840187
  2.70000000   0.00000000   107.9860138525
  2.80000000   0.00000000   108.0985061576
  2.90000000   0.00000000   108.1330743258
  3.00000000   0.00000000   108.1179346263
  3.10000000   0.00000000   108.0769227567
  3.20000000   0.00000000   108.0292600068
  3.30000000   0.00000000   107.9894240571
  3.40000000   0.00000000   107.9670862806
  3.50000000   0.00000000   107.9670862806

  0.00000000   0.10000000     0.0000000000
  0.10000000   0.10000000     6.7604779309
  0.20000000   0.10000000    13.5003647238
  0.30000000   0.10000000    20.1985848254
  0.40000000   0.10000000    26.8331166550
  0.50000000   0.10000000    33.3805789326
  0.60000000   0.10000000    39.8158944655
  0.70000000   0.10000000    46.1120666608
  0.80000000   0.10000000    52.2401099950
  0.90000000   0.10000000    58.1691799824
  1.00000000   0.10000000    63.8669482789
  1.10000000   0.10000000    69.3002612018
  1.20000000   0.10000000    74.4361018553
  1.30000000   0.10000000    79.2428448971
  1.40000000   0.10000000    83.6917491449
  1.50000000   0.10000000    87.7585815262
  1.60000000   0.10000000    91.4252167066
  1.70000000   0.10000000    94.6810247525
  1.80000000   0.10000000    97.5238589690
  1.90000000   0.10000000    99.9604952833
  2.00000000   0.10000000   102.0064484967
  2.10000000   0.10000000   103.6851823374
  2.20000000   0.10000000   105.0268165363
  2.30000000   0.10000000   106.0664945547
  2.40000000   0.10000000   106.8425988050
  2.50000000   0.10000000   107.3949869788
  2.60000000   0.10000000   107.7633840187
  2.70000000   0.10000000   107.9860138525
  2.80000000   0.10000000   108.0985061576
  2.90000000   0.10000000   108.1330743258
  3.00000000   0.10000000   108.1179346263
  3.10000000   0.10000000   108.0769227567
  3.20000000   0.10000000   108.0292600068
  3.30000000   0.10000000   107.9894240571
  3.40000000   0.10000000   107.9670862806
  3.50000000   0.10000000   107.9670862806

  0.00000000   0.20000000     0.0000000000
  0.10000000   0.20000000     6.7872289174
  0.20000000   0.20000000    13.5543480502
  0.30000000   0.20000000    20.2807409463
  0.40000000   0.20000000    26.9447982619
  0.50000000   0.20000000    33.5234750517
  0.60000000   0.20000000    39.9919196809
  0.70000000   0.20000000    46.3232093958
  0.80000000   0.20000000    52.4882353743
  0.90000000   0.20000000    58.4557869883
  1.00000000   0.20000000    64.1928882993
  1.10000000   0.20000000    69.6654357797
  1.20000000   0.20000000    74.8391704617
  1.30000000   0.20000000    79.6809862532
  1.40000000   0.20000000    84.1605274906
  1.50000000   0.20000000    88.2519668157
  1.60000000   0.20000000    91.9357906468
  1.70000000   0.20000000    95.2003730380
  1.80000000   0.20000000    98.0431108194
  1.90000000   0.20000000   100.4709368739
  2.00000000   0.20000000   102.5001193377
  2.10000000   0.20000000   104.1553690451
  2.20000000   0.20000000   105.4683842408
  2.30000000   0.20000000   106.4760332669
  2.40000000   0.20000000   107.2183982772
  2.50000000   0.20000000   107.7368792552
  2.60000000   0.20000000   108.0725040108
  2.70000000   0.20000000   108.2645265862
  2.80000000   0.20000000   108.3493394972
  2.90000000   0.20000000   108.3596830393
  3.00000000   0.20000000   108.3241092919
  3.10000000   0.20000000   108.2666472147
  3.20000000   0.20000000   108.2066143297
  3.30000000   0.20000000   108.1585260271
  3.40000000   0.20000000   108.1320623666
  3.50000000   0.20000000   108.1320623666

  0.00000000   0.30000000     0.0000000000
  0.10000000   0.30000000     6.8402195046
  0.20000000   0.30000000    13.6613136822
  0.30000000   0.30000000    20.4436084124
  0.40000000   0.30000000    27.1663474256
  0.50000000   0.30000000    33.8071929474
  0.60000000   0.30000000    40.3417851364
  0.70000000   0.30000000    46.7433942058
  0.80000000   0.30000000    52.9827105044
  0.90000000   0.30000000    59.0278300145
  1.00000000   0.30000000    64.8445029818
  1.10000000   0.30000000    70.3967170388
  1.20000000   0.30000000    75.6476767251
  1.30000000   0.30000000    80.5612109768
  1.40000000   0.30000000    85.1035829343
  1.50000000   0.30000000    89.2455925792
  1.60000000   0.30000000    92.9647652984
  1.70000000   0.30000000    96.2473371621
  1.80000000   0.30000000    99.0897190165
  1.90000000   0.30000000   101.4991749298
  2.00000000   0.30000000   103.4935818777
  2.10000000   0.30000000   105.1003061986
  2.20000000   0.30000000   106.3543866645
  2.30000000   0.30000000   107.2963110449
  2.40000000   0.30000000   107.9696913667
  2.50000000   0.30000000   108.4190923291
  2.60000000   0.30000000   108.6881791785
  2.70000000   0.30000000   108.8182593501
  2.80000000   0.30000000   108.8472186402
  2.90000000   0.30000000   108.8088055250
  3.00000000   0.30000000   108.7321946189
  3.10000000   0.30000000   108.6417555277
  3.20000000   0.30000000   108.5569595181
  3.30000000   0.30000000   108.4923677745
  3.40000000   0.30000000   108.4576579193
  3.50000000   0.30000000   108.4576579193

  0.00000000   0.40000000     0.0000000000
  0.10000000   0.40000000     6.9184058319
  0.20000000   0.40000000    13.8192150019
  0.30000000   0.40000000    20.6842251027
  0.40000000   0.40000000    27.4940295157
  0.50000000   0.40000000    34.2274371817
  0.60000000   0.40000000    40.8609291576
  0.70000000   0.40000000    47.3681824283
  0.80000000   0.40000000    53.7197078094
  0.90000000   0.40000000    59.8826690591
  1.00000000   0.40000000    65.8209720773
  1.10000000   0.40000000    71.4957310444
  1.20000000   0.40000000    76.8662228182
  1.30000000   0.40000000    81.8914179311
  1.40000000   0.40000000    86.5321103385
  1.50000000   0.40000000    90.7535495966
  1.60000000   0.40000000    94.5283193467
  1.70000000   0.40000000    97.8390496383
  1.80000000   0.40000000   100.6804724836
  1.90000000   0.40000000   103.0603973925
  2.00000000   0.40000000   104.9993957235
  2.10000000   0.40000000   106.5292571048
  2.20000000   0.40000000   107.6905256861
  2.30000000   0.40000000   108.5295678119
  2.40000000   0.40000000   109.0956270953
  2.50000000   0.40000000   109.4382137144
  2.60000000   0.40000000   109.6050183542
  2.70000000   0.40000000   109.6403984813
  2.80000000   0.40000000   109.5843864968
  2.90000000   0.40000000   109.4721193692
  3.00000000   0.40000000   109.3335761722
  3.10000000   0.40000000   109.1935189012
  3.20000000   0.40000000   109.0715507354
  3.30000000   0.40000000   108.9822268143
  3.40000000   0.40000000   108.9351714812
  3.50000000   0.40000000   108.9351714812

  0.00000000   0.50000000     0.0000000000
  0.10000000   0.50000000     7.0201717947
  0.20000000   0.50000000    14.0248751799
  0.30000000   0.50000000    20.9979724267
  0.40000000   0.50000000    27.9219826094
  0.50000000   0.50000000    34.7774025708
  0.60000000   0.50000000    41.5420307337
  0.70000000   0.50000000    48.1903162671
  0.80000000   0.50000000    54.6927781253
  0.90000000   0.50000000    61.0155691094
  1.00000000   0.50000000    67.1202987977
  1.10000000   0.50000000    72.9642709913
  1.20000000   0.50000000    78.5013238527
  1.30000000   0.50000000    83.6834608508
  1.40000000   0.50000000    88.4633948068
  1.50000000   0.50000000    92.7979631281
  1.60000000   0.50000000    96.6521057341
  1.70000000   0.50000000   100.0027919424
  1.80000000   0.50000000   102.8420881168
  1.90000000   0.50000000   105.1786396639
  2.00000000   0.50000000   107.0372163691
  2.10000000   0.50000000   108.4564419761
  2.20000000   0.50000000   109.4852343548
  2.30000000   0.50000000   110.1787114350
  2.40000000   0.50000000   110.5942828152
  2.50000000   0.50000000   110.7884128554
  2.60000000   0.50000000   110.8142559407
  2.70000000   0.50000000   110.7201401154
  2.80000000   0.50000000   110.5487493387
  2.90000000   0.50000000   110.3368131329
  3.00000000   0.50000000   110.1151235879
  3.10000000   0.50000000   109.9087343750
  3.20000000   0.50000000   109.7372357737
  3.30000000   0.50000000   109.6150340885
  3.40000000   0.50000000   109.5515901648
  3.50000000   0.50000000   109.5515901648

  0.00000000   0.60000000     0.0000000000
  0.10000000   0.60000000     7.1432757020
  0.20000000   0.60000000    14.2738722396
  0.30000000   0.60000000    21.3783828281
  0.40000000   0.60000000    28.4419250878
  0.50000000   0.60000000    35.4473559225
  0.60000000   0.60000000    42.3744407722
  0.70000000   0.60000000    49.1989843129
  0.80000000   0.60000000    55.8919560710
  0.90000000   0.60000000    62.4186860965
  1.00000000   0.60000000    68.7382662045
  1.10000000   0.60000000    74.8033704754
  1.20000000   0.60000000    80.5607923491
  1.30000000   0.60000000    85.9530519007
  1.40000000   0.60000000    90.9213938223
  1.50000000   0.60000000    95.4102910915
  1.60000000   0.60000000    99.3731320959
  1.70000000   0.60000000   102.7781660756
  1.80000000   0.60000000   105.6133053521
  1.90000000   0.60000000   107.8884621659
  2.00000000   0.60000000   109.6348332350
  2.10000000   0.60000000   110.9013775422
  2.20000000   0.60000000   111.7494084580
  2.30000000   0.60000000   112.2466225153
  2.40000000   0.60000000   112.4617464265
  2.50000000   0.60000000   112.4604776125
  2.60000000   0.60000000   112.3028679742
  2.70000000   0.60000000   112.0419571440
  2.80000000   0.60000000   111.7233216425
  2.90000000   0.60000000   111.3852055386
  3.00000000   0.60000000   111.0589626822
  3.10000000   0.60000000   110.7696200789
  3.20000000   0.60000000   110.5364412467
  3.30000000   0.60000000   110.3734194721
  3.40000000   0.60000000   110.2896642980
  3.50000000   0.60000000   110.2896642980

  0.00000000   0.70000000     0.0000000000
  0.10000000   0.70000000     7.2847916387
  0.20000000   0.70000000    14.5604098444
  0.30000000   0.70000000    21.8169163803
  0.40000000   0.70000000    29.0428037120
  0.50000000   0.70000000    36.2241130766
  0.60000000   0.70000000    43.3434429610
  0.70000000   0.70000000    50.3788287161
  0.80000000   0.70000000    57.3025005041
  0.90000000   0.70000000    64.0795758604
  1.00000000   0.70000000    70.6668262488
  1.10000000   0.70000000    77.0117835619
  1.20000000   0.70000000    83.0526203612
  1.30000000   0.70000000    88.7194117393
  1.40000000   0.70000000    93.9374698908
  1.50000000   0.70000000    98.6332545065
  1.60000000   0.70000000   102.7426889951
  1.70000000   0.70000000   106.2205198195
  1.80000000   0.70000000   109.0481696458
  1.90000000   0.70000000   111.2375115940
  2.00000000   0.70000000   112.8296461204
  2.10000000   0.70000000   113.8892077979
  2.20000000   0.70000000   114.4957920796
  2.30000000   0.70000000   114.7349318698
  2.40000000   0.70000000   114.6906313856
  2.50000000   0.70000000   114.4403399194
  2.60000000   0.70000000   114.0522819619
  2.70000000   0.70000000   113.5845761354
  2.80000000   0.70000000   113.0854870148
  2.90000000   0.70000000   112.5942671910
  3.00000000   0.70000000   112.1422151755
  3.10000000   0.70000000   111.7537239856
  3.20000000   0.70000000   111.4472025597
  3.30000000   0.70000000   111.2358191230
  3.40000000   0.70000000   111.1280522950
  3.50000000   0.70000000   111.1280522950

  0.00000000   0.80000000     0.0000000000
  0.10000000   0.80000000     7.4410575035
  0.20000000   0.80000000    14.8771974908
  0.30000000   0.80000000    22.3027409469
  0.40000000   0.80000000    29.7104249096
  0.50000000   0.80000000    37.0904567863
  0.60000000   0.80000000    44.4293822864
  0.70000000   0.80000000    51.7087078635
  0.80000000   0.80000000    58.9032358714
  0.90000000   0.80000000    65.9791159289
  1.00000000   0.80000000    72.8917120250
  1.10000000   0.80000000    79.5835622696
  1.20000000   0.80000000    85.9829947730
  1.30000000   0.80000000    92.0043524184
  1.40000000   0.80000000    97.5511584955
  1.50000000   0.80000000   102.5235992159
  1.60000000   0.80000000   106.8308244947
  1.70000000   0.80000000   110.4062614530
  1.80000000   0.80000000   113.2210818774
  1.90000000   0.80000000   115.2903254099
  2.00000000   0.80000000   116.6706387756
  2.10000000   0.80000000   117.4508244513
  2.20000000   0.80000000   117.7376801624
  2.30000000   0.80000000   117.6419261241
  2.40000000   0.80000000   117.2677527646
  2.50000000   0.80000000   116.7069186287
  2.60000000   0.80000000   116.0365989363
  2.70000000   0.80000000   115.3196484389
  2.80000000   0.80000000   114.6060991840
  2.90000000   0.80000000   113.9350881508
  3.00000000   0.80000000   113.3367552278
  3.10000000   0.80000000   112.8338940246
  3.20000000   0.80000000   112.4432813732
  3.30000000   0.80000000   112.1766843330
  3.40000000   0.80000000   112.0415730196
  3.50000000   0.80000000   112.0415730196

  0.00000000   0.90000000     0.0000000000
  0.10000000   0.90000000     7.6076456176
  0.20000000   0.90000000    15.2153723477
  0.30000000   0.90000000    22.8225648446
  0.40000000   0.90000000    30.4271340341
  0.50000000   0.90000000    38.0245717486
  0.60000000   0.90000000    45.6067383285
  0.70000000   0.90000000    53.1602709525
  0.80000000   0.90000000    60.6644940731
  0.90000000   0.90000000    68.0887318053
  1.00000000   0.90000000    75.3890007115
  1.10000000   0.90000000    82.5042612797
  1.20000000   0.90000000    89.3528183583
  1.30000000   0.90000000    95.8301773320
  1.40000000   0.90000000   101.8106631776
  1.50000000   0.90000000   107.1559684640
  1.60000000   0.90000000   111.7332346335
  1.70000000   0.90000000   115.4411646415
  1.80000000   0.90000000   118.2345880118
  1.90000000   0.90000000   120.1339607870
  2.00000000   0.90000000   121.2208686961
  2.10000000   0.90000000   121.6223406671
  2.20000000   0.90000000   121.4863178728
  2.30000000   0.90000000   120.9590157672
  2.40000000   0.90000000   120.1705704098
  2.50000000   0.90000000   119.2290693854
  2.60000000   0.90000000   118.2202598760
  2.70000000   0.90000000   117.2101360844
  2.80000000   0.90000000   116.2484873876
  2.90000000   0.90000000   115.3723695166
  3.00000000   0.90000000   114.6090584055
  3.10000000   0.90000000   113.9783757203
  3.20000000   0.90000000   113.4944262973
  3.30000000   0.90000000   113.1668393965
  3.40000000   0.90000000   113.0016087496
  3.50000000   0.90000000   113.0016087496

  0.00000000   1.00000000     0.0000000000
  0.10000000   1.00000000     7.7793752782
  0.20000000   1.00000000    15.5645031375
  0.30000000   1.00000000    23.3605862860
  0.40000000   1.00000000    31.1716335339
  0.50000000   1.00000000    38.9996146294
  0.60000000   1.00000000    46.8432808849
  0.70000000   1.00000000    54.6964794984
  0.80000000   1.00000000    62.5457412416
  0.90000000   1.00000000    70.3668778393
  1.00000000   1.00000000    78.1203250184
  1.10000000   1.00000000    85.7450989141
  1.20000000   1.00000000    93.1516777569
  1.30000000   1.00000000   100.2151851459
  1.40000000   1.00000000   106.7722967149
  1.50000000   1.00000000   112.6282446221
  1.60000000   1.00000000   117.5821686673
  1.70000000   1.00000000   121.4735860044
  1.80000000   1.00000000   124.2315460891
  1.90000000   1.00000000   125.8864190555
  2.00000000   1.00000000   126.5603454316
  2.10000000   1.00000000   126.4429754483
  2.20000000   1.00000000   125.7458554371
  2.30000000   1.00000000   124.6648626515
  2.40000000   1.00000000   123.3618712893
  2.50000000   1.00000000   121.9614351207
  2.60000000   1.00000000   120.5551561855
  2.70000000   1.00000000   119.2085143587
  2.80000000   1.00000000   117.9675005468
  2.90000000   1.00000000   116.8640683954
  3.00000000   1.00000000   115.9202518679
  3.10000000   1.00000000   115.1511227695
  3.20000000   1.00000000   114.5668422667
  3.30000000   1.00000000   114.1740400371
  3.40000000   1.00000000   113.9767032279
  3.50000000   1.00000000   113.9767032279

  0.00000000   1.10000000     0.0000000000
  0.10000000   1.10000000     7.9503884207
  0.20000000   1.10000000    15.9127217422
  0.30000000   1.10000000    23.8986363278
  0.40000000   1.10000000    31.9190568947
  0.50000000   1.10000000    39.9835854399
  0.60000000   1.10000000    48.0995281027
  0.70000000   1.10000000    56.2703372739
  0.80000000   1.10000000    64.4931423207
  0.90000000   1.10000000    72.7548988183
  1.00000000   1.10000000    81.0265181417
  1.10000000   1.10000000    89.2542219930
  1.20000000   1.10000000    97.3475354007
  1.30000000   1.10000000   105.1643819385
  1.40000000   1.10000000   112.4969085140
  1.50000000   1.10000000   119.0686960223
  1.60000000   1.10000000   124.5645938298
  1.70000000   1.10000000   128.7159470902
  1.80000000   1.10000000   131.4143491096
  1.90000000   1.10000000   132.7096571182
  2.00000000   1.10000000   132.7887386790
  2.10000000   1.10000000   131.9492839752
  2.20000000   1.10000000   130.5037604628
  2.30000000   1.10000000   128.7157907059
  2.40000000   1.10000000   126.7820836847
  2.50000000   1.10000000   124.8391100911
  2.60000000   1.10000000   122.9773555896
  2.70000000   1.10000000   121.2550436701
  2.80000000   1.10000000   119.7088321850
  2.90000000   1.10000000   118.3613921800
  3.00000000   1.10000000   117.2265104718
  3.10000000   1.10000000   116.3124216496
  3.20000000   1.10000000   115.6239376555
  3.30000000   1.10000000   115.1637809951
  3.40000000   1.10000000   114.9333935602
  3.50000000   1.10000000   114.9333935602

  0.00000000   1.20000000     0.0000000000
  0.10000000   1.20000000     8.1143080003
  0.20000000   1.20000000    16.2470269106
  0.30000000   1.20000000    24.4165954091
  0.40000000   1.20000000    32.6414316030
  0.50000000   1.20000000    40.9397107847
  0.60000000   1.20000000    49.3288221056
  0.70000000   1.20000000    57.8242664878
  0.80000000   1.20000000    66.4376025176
  0.90000000   1.20000000    75.1727888434
  1.00000000   1.20000000    84.0198604073
  1.10000000   1.20000000    92.9442745592
  1.20000000   1.20000000   101.8695614096
  1.30000000   1.20000000   110.6507165115
  1.40000000   1.20000000   119.0383013790
  1.50000000   1.20000000   126.6446309584
  1.60000000   1.20000000   132.9553110027
  1.70000000   1.20000000   137.4800398967
  1.80000000   1.20000000   140.0751338780
  1.90000000   1.20000000   140.8312570453
  2.00000000   1.20000000   140.0260811291
  2.10000000   1.20000000   138.1610766745
  2.20000000   1.20000000   135.7128803861
  2.30000000   1.20000000   133.0305853888
  2.40000000   1.20000000   130.3387858422
  2.50000000   1.20000000   127.7714120072
  2.60000000   1.20000000   125.4039633654
  2.70000000   1.20000000   123.2766058227
  2.80000000   1.20000000   121.4090105839
  2.90000000   1.20000000   119.8094096578
  3.00000000   1.20000000   118.4799715254
  3.10000000   1.20000000   117.4199353901
  3.20000000   1.20000000   116.6274101041
  3.30000000   1.20000000   116.1003878087
  3.40000000   1.20000000   115.8372990948
  3.50000000   1.20000000   115.8372990948

  0.00000000   1.30000000     0.0000000000
  0.10000000   1.30000000     8.2644919511
  0.20000000   1.30000000    16.5537921992
  0.30000000   1.30000000    24.8931493354
  0.40000000   1.30000000    33.3086566490
  0.50000000   1.30000000    41.8275661797
  0.60000000   1.30000000    50.4784134439
  0.70000000   1.30000000    59.2907653298
  0.80000000   1.30000000    68.2942343310
  0.90000000   1.30000000    77.5160795904
  1.00000000   1.30000000    86.9760985897
  1.10000000   1.30000000    96.6763385246
  1.20000000   1.30000000   106.5809791781
  1.30000000   1.30000000   116.5780782034
  1.40000000   1.30000000   126.4105978012
  1.50000000   1.30000000   135.5683391370
  1.60000000   1.30000000   143.1872794311
  1.70000000   1.30000000   148.2334161719
  1.80000000   1.30000000   150.6403809650
  1.90000000   1.30000000   150.5871422821
  2.00000000   1.30000000   148.4052704093
  2.10000000   1.30000000   145.0481101623
  2.20000000   1.30000000   141.2585806709
  2.30000000   1.30000000   137.4677276802
  2.40000000   1.30000000   133.8938679714
  2.50000000   1.30000000   130.6359446393
  2.60000000   1.30000000   127.7312371948
  2.70000000   1.30000000   125.1869274425
  2.80000000   1.30000000   122.9965872132
  2.90000000   1.30000000   121.1485954473
  3.00000000   1.30000000   119.6303416224
  3.10000000   1.30000000   118.4302520368
  3.20000000   1.30000000   117.5387056819
  3.30000000   1.30000000   116.9484001302
  3.40000000   1.30000000   116.6544628746
  3.50000000   1.30000000   116.6544628746

  0.00000000   1.40000000     0.0000000000
  0.10000000   1.40000000     8.3943824360
  0.20000000   1.40000000    16.8194835294
  0.30000000   1.40000000    25.3069104239
  0.40000000   1.40000000    33.8900701522
  0.50000000   1.40000000    42.6051188323
  0.60000000   1.40000000    51.4919419270
  0.70000000   1.40000000    60.5951092352
  0.80000000   1.40000000    69.9646377351
  0.90000000   1.40000000    79.6561492272
  1.00000000   1.40000000    89.7294520518
  1.10000000   1.40000000   100.2432732102
  1.20000000   1.40000000   111.2406969781
  1.30000000   1.40000000   122.7118709925
  1.40000000   1.40000000   134.5003827490
  1.50000000   1.40000000   146.0745290327
  1.60000000   1.40000000   156.0374449024
  1.70000000   1.40000000   161.6746781771
  1.80000000   1.40000000   163.7199378919
  1.90000000   1.40000000   162.5335861585
  2.00000000   1.40000000   158.0319539338
  2.10000000   1.40000000   152.4513243141
  2.20000000   1.40000000   146.9013493480
  2.30000000   1.40000000   141.7952596589
  2.40000000   1.40000000   137.2513922154
  2.50000000   1.40000000   133.2758076977
  2.60000000   1.40000000   129.8359022362
  2.70000000   1.40000000   126.8893341915
  2.80000000   1.40000000   124.3951310251
  2.90000000   1.40000000   122.3175994552
  3.00000000   1.40000000   120.6273142122
  3.10000000   1.40000000   119.3009666982
  3.20000000   1.40000000   118.3208359489
  3.30000000   1.40000000   117.6742107140
  3.40000000   1.40000000   117.3529019557
  3.50000000   1.40000000   117.3529019557

  0.00000000   1.50000000     0.0000000000
  0.10000000   1.50000000     8.4979309753
  0.20000000   1.50000000    17.0315503720
  0.30000000   1.50000000    25.6378597817
  0.40000000   1.50000000    34.3565768873
  0.50000000   1.50000000    43.2317258774
  0.60000000   1.50000000    52.3135289015
  0.70000000   1.50000000    61.6607343276
  0.80000000   1.50000000    71.3435406746
  0.90000000   1.50000000    81.4472813064
  1.00000000   1.50000000    92.0769705940
  1.10000000   1.50000000   103.3625037795
  1.20000000   1.50000000   115.4630993657
  1.30000000   1.50000000   128.5645865720
  1.40000000   1.50000000   142.8399694969
  1.50000000   1.50000000   158.2262164700
  1.60000000   1.50000000   173.2469365480
  1.70000000   1.50000000   178.7433686706
  1.80000000   1.50000000   180.0711226733
  1.90000000   1.50000000   177.8433966464
  2.00000000   1.50000000   168.7983346126
  2.10000000   1.50000000   159.8987031520
  2.20000000   1.50000000   152.1890500321
  2.30000000   1.50000000   145.6625904619
  2.40000000   1.50000000   140.1548133890
  2.50000000   1.50000000   135.5052039025
  2.60000000   1.50000000   131.5823317215
  2.70000000   1.50000000   128.2832317182
  2.80000000   1.50000000   125.5284899067
  2.90000000   1.50000000   123.2573648691
  3.00000000   1.50000000   121.4237784196
  3.10000000   1.50000000   119.9932238665
  3.20000000   1.50000000   118.9404635790
  3.30000000   1.50000000   118.2478684453
  3.40000000   1.50000000   117.9042758148
  3.50000000   1.50000000   117.9042758148

  0.00000000   1.60000000     0.0000000000
  0.10000000   1.60000000     8.5700581248
  0.20000000   1.60000000    17.1794046659
  0.30000000   1.60000000    25.8689752142
  0.40000000   1.60000000    34.6831482264
  0.50000000   1.60000000    43.6718619657
  0.60000000   1.60000000    52.8932799945
  0.70000000   1.60000000    62.4173321026
  0.80000000   1.60000000    72.3306320057
  0.90000000   1.60000000    82.7435855452
  1.00000000   1.60000000    93.8011053891
  1.10000000   1.60000000   105.6996853193
  1.20000000   1.60000000   118.7172389055
  1.30000000   1.60000000   133.2745342699
  1.40000000   1.60000000   150.0970132796
  1.50000000   1.60000000   170.7675595212
  1.60000000   1.60000000   200.0000000000
  1.70000000   1.60000000   200.0000000000
  1.80000000   1.60000000   200.0000000000
  1.90000000   1.60000000   200.0000000000
  2.00000000   1.60000000   179.4666630330
  2.10000000   1.60000000   166.2216722286
  2.20000000   1.60000000   156.3757904390
  2.30000000   1.60000000   148.6084262687
  2.40000000   1.60000000   142.3105971808
  2.50000000   1.60000000   137.1302511178
  2.60000000   1.60000000   132.8378580062
  2.70000000   1.60000000   129.2748253150
  2.80000000   1.60000000   126.3282366042
  2.90000000   1.60000000   123.9163551320
  3.00000000   1.60000000   121.9795722392
  3.10000000   1.60000000   120.4745068623
  3.20000000   1.60000000   119.3700796404
  3.30000000   1.60000000   118.6448950077
  3.40000000   1.60000000   118.2855359546
  3.50000000   1.60000000   118.2855359546

  0.00000000   1.70000000     0.0000000000
  0.10000000   1.70000000     8.6070877134
  0.20000000   1.70000000    17.2553568330
  0.30000000   1.70000000    25.9878202317
  0.40000000   1.70000000    34.8513366642
  0.50000000   1.70000000    43.8990253732
  0.60000000   1.70000000    53.1933767643
  0.70000000   1.70000000    62.8105020186
  0.80000000   1.70000000    72.8462271670
  0.90000000   1.70000000    83.4252034852
  1.00000000   1.70000000    94.7150297145
  1.10000000   1.70000000   106.9487834026
  1.20000000   1.70000000   120.4614024361
  1.30000000   1.70000000   135.7464345318
  1.40000000   1.70000000   153.5284319999
  1.50000000   1.70000000   174.7615246089
  1.60000000   1.70000000   200.0000000000
  1.70000000   1.70000000   200.0000000000
  1.80000000   1.70000000   200.0000000000
  1.90000000   1.70000000   200.0000000000
  2.00000000   1.70000000   182.8801923179
  2.10000000   1.70000000   169.2030428744
  2.20000000   1.70000000   158.5609562776
  2.30000000   1.70000000   150.1782006808
  2.40000000   1.70000000   143.4567045011
  2.50000000   1.70000000   137.9876693970
  2.60000000   1.70000000   133.4952852269
  2.70000000   1.70000000   129.7907469254
  2.80000000   1.70000000   126.7422347458
  2.90000000   1.70000000   124.2561378997
  3.00000000   1.70000000   122.2652651528
  3.10000000   1.70000000   120.7213191072
  3.20000000   1.70000000   119.5900180777
  3.30000000   1.70000000   118.8479191819
  3.40000000   1.70000000   118.4803874146
  3.50000000   1.70000000   118.4803874146

  0.00000000   1.80000000     0.0000000000
  0.10000000   1.80000000     8.6070877134
  0.20000000   1.80000000    17.2553568330
  0.30000000   1.80000000    25.9878202317
  0.40000000   1.80000000    34.8513366642
  0.50000000   1.80000000    43.8990253732
  0.60000000   1.80000000    53.1933767643
  0.70000000   1.80000000    62.8105020186
  0.80000000   1.80000000    72.8462271670
  0.90000000   1.80000000    83.4252034852
  1.00000000   1.80000000    94.7150297145
  1.10000000   1.80000000   106.9487834026
  1.20000000   1.80000000   120.4614024361
  1.30000000   1.80000000   135.7464345318
  1.40000000   1.80000000   153.5284319999
  1.50000000   1.80000000   174.7615246089
  1.60000000   1.80000000   200.0000000000
  1.70000000   1.80000000   200.0000000000
  1.80000000   1.80000000   200.0000000000
  1.90000000   1.80000000   200.0000000000
  2.00000000   1.80000000   182.8801923179
  2.10000000   1.80000000   169.2030428744
  2.20000000   1.80000000   158.5609562776
  2.30000000   1.80000000   150.1782006808
  2.40000000   1.80000000   143.4567045011
  2.50000000   1.80000000   137.9876693970
  2.60000000   1.80000000   133.4952852269
  2.70000000   1.80000000   129.7907469254
  2.80000000   1.80000000   126.7422347458
  2.90000000   1.80000000   124.2561378997
  3.00000000   1.80000000   122.2652651528
  3.10000000   1.80000000   120.7213191072
  3.20000000   1.80000000   119.5900180777
  3.30000000   1.80000000   118.8479191819
  3.40000000   1.80000000   118.4803874146
  3.50000000   1.80000000   118.4803874146

  0.00000000   1.90000000     0.0000000000
  0.10000000   1.90000000     8.5700581248
  0.20000000   1.90000000    17.1794046659
  0.30000000   1.90000000    25.8689752142
  0.40000000   1.90000000    34.6831482264
  0.50000000   1.90000000    43.6718619657
  0.60000000   1.90000000    52.8932799945
  0.70000000   1.90000000    62.4173321026
  0.80000000   1.90000000    72.3306320057
  0.90000000   1.90000000    82.7435855452
  1.00000000   1.90000000    93.8011053891
  1.10000000   1.90000000   105.6996853193
  1.20000000   1.90000000   118.7172389055
  1.30000000   1.90000000   133.2745342699
  1.40000000   1.90000000   150.0970132796
  1.50000000   1.90000000   170.7675595212
  1.60000000   1.90000000   200.0000000000
  1.70000000   1.90000000   200.0000000000
  1.80000000   1.90000000   200.0000000000
  1.90000000   1.90000000   200.0000000000
  2.00000000   1.90000000   179.4666630330
  2.10000000   1.90000000   166.2216722286
  2.20000000   1.90000000   156.3757904390
  2.30000000   1.90000000   148.6084262687
  2.40000000   1.90000000   142.3105971808
  2.50000000   1.90000000   137.1302511178
  2.60000000   1.90000000   132.8378580062
  2.70000000   1.90000000   129.2748253150
  2.80000000   1.90000000   126.3282366042
  2.90000000   1.90000000   123.9163551320
  3.00000000   1.90000000   121.9795722392
  3.10000000   1.90000000   120.4745068623
  3.20000000   1.90000000   119.3700796404
  3.30000000   1.90000000   118.6448950077
  3.40000000   1.90000000   118.2855359546
  3.50000000   1.90000000   118.2855359546

  0.00000000   2.00000000     0.0000000000
  0.10000000   2.00000000     8.4979309753
  0.20000000   2.00000000    17.0315503720
  0.30000000   2.00000000    25.6378597817
  0.40000000   2.00000000    34.3565768873
  0.50000000   2.00000000    43.2317258774
  0.60000000   2.00000000    52.3135289015
  0.70000000   2.00000000    61.6607343276
  0.80000000   2.00000000    71.3435406746
  0.90000000   2.00000000    81.4472813064
  1.00000000   2.00000000    92.0769705940
  1.10000000   2.00000000   103.3625037795
  1.20000000   2.00000000   115.4630993657
  1.30000000   2.00000000   128.5645865720
  1.40000000   2.00000000   142.8399694969
  1.50000000   2.00000000   158.2262164700
  1.60000000   2.00000000   173.2469365480
  1.70000000   2.00000000   178.7433686706
  1.80000000   2.00000000   180.0711226733
  1.90000000   2.00000000   177.8433966464
  2.00000000   2.00000000   168.7983346126
  2.10000000   2.00000000   159.8987031520
  2.20000000   2.00000000   152.1890500321
  2.30000000   2.00000000   145.6625904619
  2.40000000   2.00000000   140.1548133890
  2.50000000   2.00000000   135.5052039025
  2.60000000   2.00000000   131.5823317215
  2.70000000   2.00000000   128.2832317182
  2.80000000   2.00000000   125.5284899067
  2.90000000   2.00000000   123.2573648691
  3.00000000   2.00000000   121.4237784196
  3.10000000   2.00000000   119.9932238665
  3.20000000   2.00000000   118.9404635790
  3.30000000   2.00000000   118.2478684453
  3.40000000   2.00000000   117.9042758148
  3.50000000   2.00000000   117.9042758148

  0.00000000   2.10000000     0.0000000000
  0.10000000   2.10000000     8.3943824360
  0.20000000   2.10000000    16.8194835294
  0.30000000   2.10000000    25.3069104239
  0.40000000   2.10000000    33.8900701522
  0.50000000   2.10000000    42.6051188323
  0.60000000   2.10000000    51.4919419270
  0.70000000   2.10000000    60.5951092352
  0.80000000   2.10000000    69.9646377351
  0.90000000   2.10000000    79.6561492272
  1.00000000   2.10000000    89.7294520518
  1.10000000   2.10000000   100.2432732102
  1.20000000   2.10000000   111.2406969781
  1.30000000   2.10000000   122.7118709925
  1.40000000   2.10000000   134.5003827490
  1.50000000   2.10000000   146.0745290327
  1.60000000   2.10000000   156.0374449024
  1.70000000   2.10000000   161.6746781771
  1.80000000   2.10000000   163.7199378919
  1.90000000   2.10000000   162.5335861585
  2.00000000   2.10000000   158.0319539338
  2.10000000   2.10000000   152.4513243141
  2.20000000   2.10000000   146.9013493480
  2.30000000   2.10000000   141.7952596589
  2.40000000   2.10000000   137.2513922154
  2.50000000   2.10000000   133.2758076977
  2.60000000   2.10000000   129.8359022362
  2.70000000   2.10000000   126.8893341915
  2.80000000   2.10000000   124.3951310251
  2.90000000   2.10000000   122.3175994552
  3.00000000   2.10000000   120.6273142122
  3.10000000   2.10000000   119.3009666982
  3.20000000   2.10000000   118.3208359489
  3.30000000   2.10000000   117.6742107140
  3.40000000   2.10000000   117.3529019557
  3.50000000   2.10000000   117.3529019557

  0.00000000   2.20000000     0.0000000000
  0.10000000   2.20000000     8.2644919511
  0.20000000   2.20000000    16.5537921992
  0.30000000   2.20000000    24.8931493354
  0.40000000   2.20000000    33.3086566490
  0.50000000   2.20000000    41.8275661797
  0.60000000   2.20000000    50.4784134439
  0.70000000   2.20000000    59.2907653298
  0.80000000   2.20000000    68.2942343310
  0.90000000   2.20000000    77.5160795904
  1.00000000   2.20000000    86.9760985897
  1.10000000   2.20000000    96.6763385246
  1.20000000   2.20000000   106.5809791781
  1.30000000   2.20000000   116.5780782034
  1.40000000   2.20000000   126.4105978012
  1.50000000   2.20000000   135.5683391370
  1.60000000   2.20000000   143.1872794311
  1.70000000   2.20000000   148.2334161719
  1.80000000   2.20000000   150.6403809650
  1.90000000   2.20000000   150.5871422821
  2.00000000   2.20000000   148.4052704093
  2.10000000   2.20000000   145.0481101623
  2.20000000   2.20000000   141.2585806709
  2.30000000   2.20000000   137.4677276802
  2.40000000   2.20000000   133.8938679714
  2.50000000   2.20000000   130.6359446393
  2.60000000   2.20000000   127.7312371948
  2.70000000   2.20000000   125.1869274425
  2.80000000   2.20000000   122.9965872132
  2.90000000   2.20000000   121.1485954473
  3.00000000   2.20000000   119.6303416224
  3.10000000   2.20000000   118.4302520368
  3.20000000   2.20000000   117.5387056819
  3.30000000   2.20000000   116.9484001302
  3.40000000   2.20000000   116.6544628746
  3.50000000   2.20000000   116.6544628746

  0.00000000   2.30000000     0.0000000000
  0.10000000   2.30000000     8.1143080003
  0.20000000   2.30000000    16.2470269106
  0.30000000   2.30000000    24.4165954091
  0.40000000   2.30000000    32.6414316030
  0.50000000   2.30000000    40.9397107847
  0.60000000   2.30000000    49.3288221056
  0.70000000   2.30000000    57.8242664878
  0.80000000   2.30000000    66.4376025176
  0.90000000   2.30000000    75.1727888434
  1.00000000   2.30000000    84.0198604073
  1.10000000   2.30000000    92.9442745592
  1.20000000   2.30000000   101.8695614096
  1.30000000   2.30000000   110.6507165115
  1.40000000   2.30000000   119.0383013790
  1.50000000   2.30000000   126.6446309584
  1.60000000   2.30000000   132.9553110027
  1.70000000   2.30000000   137.4800398967
  1.80000000   2.30000000   140.0751338780
  1.90000000   2.30000000   140.8312570453
  2.00000000   2.30000000   140.0260811291
  2.10000000   2.30000000   138.1610766745
  2.20000000   2.30000000   135.7128803861
  2.30000000   2.30000000   133.0305853888
  2.40000000   2.30000000   130.3387858422
  2.50000000   2.30000000   127.7714120072
  2.60000000   2.30000000   125.4039633654
  2.70000000   2.30000000   123.2766058227
  2.80000000   2.30000000   121.4090105839
  2.90000000   2.30000000   119.8094096578
  3.00000000   2.30000000   118.4799715254
  3.10000000   2.30000000   117.4199353901
  3.20000000   2.30000000   116.6274101041
  3.30000000   2.30000000   116.1003878087
  3.40000000   2.30000000   115.8372990948
  3.50000000   2.30000000   115.8372990948

  0.00000000   2.40000000     0.0000000000
  0.10000000   2.40000000     7.9503884207
  0.20000000   2.40000000    15.9127217422
  0.30000000   2.40000000    23.8986363278
  0.40000000   2.40000000    31.9190568947
  0.50000000   2.40000000    39.9835854399
  0.60000000   2.40000000    48.0995281027
  0.70000000   2.40000000    56.2703372739
  0.80000000   2.40000000    64.4931423207
  0.90000000   2.40000000    72.7548988183
  1.00000000   2.40000000    81.0265181417
  1.10000000   2.40000000    89.2542219930
  1.20000000   2.40000000    97.3475354007
  1.30000000   2.40000000   105.1643819385
  1.40000000   2.40000000   112.4969085140
  1.50000000   2.40000000   119.0686960223
  1.60000000   2.40000000   124.5645938298
  1.70000000   2.40000000   128.7159470902
  1.80000000   2.40000000   131.4143491096
  1.90000000   2.40000000   132.7096571182
  2.00000000   2.40000000   132.7887386790
  2.10000000   2.40000000   131.9492839752
  2.20000000   2.40000000   130.5037604628
  2.30000000   2.40000000   128.7157907059
  2.40000000   2.40000000   126.7820836847
  2.50000000   2.40000000   124.8391100911
  2.60000000   2.40000000   122.9773555896
  2.70000000   2.40000000   121.2550436701
  2.80000000   2.40000000   119.7088321850
  2.90000000   2.40000000   118.3613921800
  3.00000000   2.40000000   117.2265104718
  3.10000000   2.40000000   116.3124216496
  3.20000000   2.40000000   115.6239376555
  3.30000000   2.40000000   115.1637809951
  3.40000000   2.40000000   114.9333935602
  3.50000000   2.40000000   114.9333935602

  0.00000000   2.50000000     0.0000000000
  0.10000000   2.50000000     7.7793752782
  0.20000000   2.50000000    15.5645031375
  0.30000000   2.50000000    23.3605862860
  0.40000000   2.50000000    31.1716335339
  0.50000000   2.50000000    38.9996146294
  0.60000000   2.50000000    46.8432808849
  0.70000000   2.50000000    54.6964794984
  0.80000000   2.50000000    62.5457412416
  0.90000000   2.50000000    70.3668778393
  1.00000000   2.50000000    78.1203250184
  1.10000000   2.50000000    85.7450989141
  1.20000000   2.50000000    93.1516777569
  1.30000000   2.50000000   100.2151851459
  1.40000000   2.50000000   106.7722967149
  1.50000000   2.50000000   112.6282446221
  1.60000000   2.50000000   117.5821686673
  1.70000000   2.50000000   121.4735860044
  1.80000000   2.50000000   124.2315460891
  1.90000000   2.50000000   125.8864190555
  2.00000000   2.50000000   126.5603454316
  2.10000000   2.50000000   126.4429754483
  2.20000000   2.50000000   125.7458554371
  2.30000000   2.50000000   124.6648626515
  2.40000000   2.50000000   123.3618712893
  2.50000000   2.50000000   121.9614351207
  2.60000000   2.50000000   120.5551561855
  2.70000000   2.50000000   119.2085143587
  2.80000000   2.50000000   117.9675005468
  2.90000000   2.50000000   116.8640683954
  3.00000000   2.50000000   115.9202518679
  3.10000000   2.50000000   115.1511227695
  3.20000000   2.50000000   114.5668422667
  3.30000000   2.50000000   114.1740400371
  3.40000000   2.50000000   113.9767032279
  3.50000000   2.50000000   113.9767032279

  0.00000000   2.60000000     0.0000000000
  0.10000000   2.60000000     7.6076456176
  0.20000000   2.60000000    15.2153723477
  0.30000000   2.60000000    22.8225648446
  0.40000000   2.60000000    30.4271340341
  0.50000000   2.60000000    38.0245717486
  0.60000000   2.60000000    45.6067383285
  0.70000000   2.60000000    53.1602709525
  0.80000000   2.60000000    60.6644940731
  0.90000000   2.60000000    68.0887318053
  1.00000000   2.60000000    75.3890007115
  1.10000000   2.60000000    82.5042612797
  1.20000000   2.60000000    89.3528183583
  1.30000000   2.60000000    95.8301773320
  1.40000000   2.60000000   101.8106631776
  1.50000000   2.60000000   107.1559684640
  1.60000000   2.60000000   111.7332346335
  1.70000000   2.60000000   115.4411646415
  1.80000000   2.60000000   118.2345880118
  1.90000000   2.60000000   120.1339607870
  2.00000000   2.60000000   121.2208686961
  2.10000000   2.60000000   121.6223406671
  2.20000000   2.60000000   121.4863178728
  2.30000000   2.60000000   120.9590157672
  2.40000000   2.60000000   120.1705704098
  2.50000000   2.60000000   119.2290693854
  2.60000000   2.60000000   118.2202598760
  2.70000000   2.60000000   117.2101360844
  2.80000000   2.60000000   116.2484873876
  2.90000000   2.60000000   115.3723695166
  3.00000000   2.60000000   114.6090584055
  3.10000000   2.60000000   113.9783757203
  3.20000000   2.60000000   113.4944262973
  3.30000000   2.60000000   113.1668393965
  3.40000000   2.60000000   113.0016087496
  3.50000000   2.60000000   113.0016087496

  0.00000000   2.70000000     0.0000000000
  0.10000000   2.70000000     7.4410575035
  0.20000000   2.70000000    14.8771974908
  0.30000000   2.70000000    22.3027409469
  0.40000000   2.70000000    29.7104249096
  0.50000000   2.70000000    37.0904567863
  0.60000000   2.70000000    44.4293822864
  0.70000000   2.70000000    51.7087078635
  0.80000000   2.70000000    58.9032358714
  0.90000000   2.70000000    65.9791159289
  1.00000000   2.70000000    72.8917120250
  1.10000000   2.70000000    79.5835622696
  1.20000000   2.70000000    85.9829947730
  1.30000000   2.70000000    92.0043524184
  1.40000000   2.70000000    97.5511584955
  1.50000000   2.70000000   102.5235992159
  1.60000000   2.70000000   106.8308244947
  1.70000000   2.70000000   110.4062614530
  1.80000000   2.70000000   113.2210818774
  1.90000000   2.70000000   115.2903254099
  2.00000000   2.70000000   116.6706387756
  2.10000000   2.70000000   117.4508244513
  2.20000000   2.70000000   117.7376801624
  2.30000000   2.70000000   117.6419261241
  2.40000000   2.70000000   117.2677527646
  2.50000000   2.70000000   116.7069186287
  2.60000000   2.70000000   116.0365989363
  2.70000000   2.70000000   115.3196484389
  2.80000000   2.70000000   114.6060991840
  2.90000000   2.70000000   113.9350881508
  3.00000000   2.70000000   113.3367552278
  3.10000000   2.70000000   112.8338940246
  3.20000000   2.70000000   112.4432813732
  3.30000000   2.70000000   112.1766843330
  3.40000000   2.70000000   112.0415730196
  3.50000000   2.70000000   112.0415730196

  0.00000000   2.80000000     0.0000000000
  0.10000000   2.80000000     7.2847916387
  0.20000000   2.80000000    14.5604098444
  0.30000000   2.80000000    21.8169163803
  0.40000000   2.80000000    29.0428037120
  0.50000000   2.80000000    36.2241130766
  0.60000000   2.80000000    43.3434429610
  0.70000000   2.80000000    50.3788287161
  0.80000000   2.80000000    57.3025005041
  0.90000000   2.80000000    64.0795758604
  1.00000000   2.80000000    70.6668262488
  1.10000000   2.80000000    77.0117835619
  1.20000000   2.80000000    83.0526203612
  1.30000000   2.80000000    88.7194117393
  1.40000000   2.80000000    93.9374698908
  1.50000000   2.80000000    98.6332545065
  1.60000000   2.80000000   102.7426889951
  1.70000000   2.80000000   106.2205198195
  1.80000000   2.80000000   109.0481696458
  1.90000000   2.80000000   111.2375115940
  2.00000000   2.80000000   112.8296461204
  2.10000000   2.80000000   113.8892077979
  2.20000000   2.80000000   114.4957920796
  2.30000000   2.80000000   114.7349318698
  2.40000000   2.80000000   114.6906313856
  2.50000000   2.80000000   114.4403399194
  2.60000000   2.80000000   114.0522819619
  2.70000000   2.80000000   113.5845761354
  2.80000000   2.80000000   113.0854870148
  2.90000000   2.80000000   112.5942671910
  3.00000000   2.80000000   112.1422151755
  3.10000000   2.80000000   111.7537239856
  3.20000000   2.80000000   111.4472025597
  3.30000000   2.80000000   111.2358191230
  3.40000000   2.80000000   111.1280522950
  3.50000000   2.80000000   111.1280522950

  0.00000000   2.90000000     0.0000000000
  0.10000000   2.90000000     7.1432757020
  0.20000000   2.90000000    14.2738722396
  0.30000000   2.90000000    21.3783828281
  0.40000000   2.90000000    28.4419250878
  0.50000000   2.90000000    35.4473559225
  0.60000000   2.90000000    42.3744407722
  0.70000000   2.90000000    49.1989843129
  0.80000000   2.90000000    55.8919560710
  0.90000000   2.90000000    62.4186860965
  1.00000000   2.90000000    68.7382662045
  1.10000000   2.90000000    74.8033704754
  1.20000000   2.90000000    80.5607923491
  1.30000000   2.90000000    85.9530519007
  1.40000000   2.90000000    90.9213938223
  1.50000000   2.90000000    95.4102910915
  1.60000000   2.90000000    99.3731320959
  1.70000000   2.90000000   102.7781660756
  1.80000000   2.90000000   105.6133053521
  1.90000000   2.90000000   107.8884621659
  2.00000000   2.90000000   109.6348332350
  2.10000000   2.90000000   110.9013775422
  2.20000000   2.90000000   111.7494084580
  2.30000000   2.90000000   112.2466225153
  2.40000000   2.90000000   112.4617464265
  2.50000000   2.90000000   112.4604776125
  2.60000000   2.90000000   112.3028679742
  2.70000000   2.90000000   112.0419571440
  2.80000000   2.90000000   111.7233216425
  2.90000000   2.90000000   111.3852055386
  3.00000000   2.90000000   111.0589626822
  3.10000000   2.90000000   110.7696200789
  3.20000000   2.90000000   110.5364412467
  3.30000000   2.90000000   110.3734194721
  3.40000000   2.90000000   110.2896642980
  3.50000000   2.90000000   110.2896642980

  0.00000000   3.00000000     0.0000000000
  0.10000000   3.00000000     7.0201717947
  0.20000000   3.00000000    14.0248751799
  0.30000000   3.00000000    20.9979724267
  0.40000000   3.00000000    27.9219826094
  0.50000000   3.00000000    34.7774025708
  0.60000000   3.00000000    41.5420307337
  0.70000000   3.00000000    48.1903162671
  0.80000000   3.00000000    54.6927781253
  0.90000000   3.00000000    61.0155691094
  1.00000000   3.00000000    67.1202987977
  1.10000000   3.00000000    72.9642709913
  1.20000000   3.00000000    78.5013238527
  1.30000000   3.00000000    83.6834608508
  1.40000000   3.00000000    88.4633948068
  1.50000000   3.00000000    92.7979631281
  1.60000000   3.00000000    96.6521057341
  1.70000000   3.00000000   100.0027919424
  1.80000000   3.00000000   102.8420881168
  1.90000000   3.00000000   105.1786396639
  2.00000000   3.00000000   107.0372163691
  2.10000000   3.00000000   108.4564419761
  2.20000000   3.00000000   109.4852343548
  2.30000000   3.00000000   110.1787114350
  2.40000000   3.00000000   110.5942828152
  2.50000000   3.00000000   110.7884128554
  2.60000000   3.00000000   110.8142559407
  2.70000000   3.00000000   110.7201401154
  2.80000000   3.00000000   110.5487493387
  2.90000000   3.00000000   110.3368131329
  3.00000000   3.00000000   110.1151235879
  3.10000000   3.00000000   109.9087343750
  3.20000000   3.00000000   109.7372357737
  3.30000000   3.00000000   109.6150340885
  3.40000000   3.00000000   109.5515901648
  3.50000000   3.00000000   109.5515901648

  0.00000000   3.10000000     0.0000000000
  0.10000000   3.10000000     6.9184058319
  0.20000000   3.10000000    13.8192150019
  0.30000000   3.10000000    20.6842251027
  0.40000000   3.10000000    27.4940295157
  0.50000000   3.10000000    34.2274371817
  0.60000000   3.10000000    40.8609291576
  0.70000000   3.10000000    47.3681824283
  0.80000000   3.10000000    53.7197078094
  0.90000000   3.10000000    59.8826690591
  1.00000000   3.10000000    65.8209720773
  1.10000000   3.10000000    71.4957310444
  1.20000000   3.10000000    76.8662228182
  1.30000000   3.10000000    81.8914179311
  1.40000000   3.10000000    86.5321103385
  1.50000000   3.10000000    90.7535495966
  1.60000000   3.10000000    94.5283193467
  1.70000000   3.10000000    97.8390496383
  1.80000000   3.10000000   100.6804724836
  1.90000000   3.10000000   103.0603973925
  2.00000000   3.10000000   104.9993957235
  2.10000000   3.10000000   106.5292571048
  2.20000000   3.10000000   107.6905256861
  2.30000000   3.10000000   108.5295678119
  2.40000000   3.10000000   109.0956270953
  2.50000000   3.10000000   109.4382137144
  2.60000000   3.10000000   109.6050183542
  2.70000000   3.10000000   109.6403984813
  2.80000000   3.10000000   109.5843864968
  2.90000000   3.10000000   109.4721193692
  3.00000000   3.10000000   109.3335761722
  3.10000000   3.10000000   109.1935189012
  3.20000000   3.10000000   109.0715507354
  3.30000000   3.10000000   108.9822268143
  3.40000000   3.10000000   108.9351714812
  3.50000000   3.10000000   108.9351714812

  0.00000000   3.20000000     0.0000000000
  0.10000000   3.20000000     6.8402195046
  0.20000000   3.20000000    13.6613136822
  0.30000000   3.20000000    20.4436084124
  0.40000000   3.20000000    27.1663474256
  0.50000000   3.20000000    33.8071929474
  0.60000000   3.20000000    40.3417851364
  0.70000000   3.20000000    46.7433942058
  0.80000000   3.20000000    52.9827105044
  0.90000000   3.20000000    59.0278300145
  1.00000000   3.20000000    64.8445029818
  1.10000000   3.20000000    70.3967170388
  1.20000000   3.20000000    75.6476767251
  1.30000000   3.20000000    80.5612109768
  1.40000000   3.20000000    85.1035829343
  1.50000000   3.20000000    89.2455925792
  1.60000000   3.20000000    92.9647652984
  1.70000000   3.20000000    96.2473371621
  1.80000000   3.20000000    99.0897190165
  1.90000000   3.20000000   101.4991749298
  2.00000000   3.20000000   103.4935818777
  2.10000000   3.20000000   105.1003061986
  2.20000000   3.20000000   106.3543866645
  2.30000000   3.20000000   107.2963110449
  2.40000000   3.20000000   107.9696913667
  2.50000000   3.20000000   108.4190923291
  2.60000000   3.20000000   108.6881791785
  2.70000000   3.20000000   108.8182593501
  2.80000000   3.20000000   108.8472186402
  2.90000000   3.20000000   108.8088055250
  3.00000000   3.20000000   108.7321946189
  3.10000000   3.20000000   108.6417555277
  3.20000000   3.20000000   108.5569595181
  3.30000000   3.20000000   108.4923677745
  3.40000000   3.20000000   108.4576579193
  3.50000000   3.20000000   108.4576579193

  0.00000000   3.30000000     0.0000000000
  0.10000000   3.30000000     6.7872289174
  0.20000000   3.30000000    13.5543480502
  0.30000000   3.30000000    20.2807409463
  0.40000000   3.30000000    26.9447982619
  0.50000000   3.30000000    33.5234750517
  0.60000000   3.30000000    39.9919196809
  0.70000000   3.30000000    46.3232093958
  0.80000000   3.30000000    52.4882353743
  0.90000000   3.30000000    58.4557869883
  1.00000000   3.30000000    64.1928882993
  1.10000000   3.30000000    69.6654357797
  1.20000000   3.30000000    74.8391704617
  1.30000000   3.30000000    79.6809862532
  1.40000000   3.30000000    84.1605274906
  1.50000000   3.30000000    88.2519668157
  1.60000000   3.30000000    91.9357906468
  1.70000000   3.30000000    95.2003730380
  1.80000000   3.30000000    98.0431108194
  1.90000000   3.30000000   100.4709368739
  2.00000000   3.30000000   102.5001193377
  2.10000000   3.30000000   104.1553690451
  2.20000000   3.30000000   105.4683842408
  2.30000000   3.30000000   106.4760332669
  2.40000000   3.30000000   107.2183982772
  2.50000000   3.30000000   107.7368792552
  2.60000000   3.30000000   108.0725040108
  2.70000000   3.30000000   108.2645265862
  2.80000000   3.30000000   108.3493394972
  2.90000000   3.30000000   108.3596830393
  3.00000000   3.30000000   108.3241092919
  3.10000000   3.30000000   108.2666472147
  3.20000000   3.30000000   108.2066143297
  3.30000000   3.30000000   108.1585260271
  3.40000000   3.30000000   108.1320623666
  3.50000000   3.30000000   108.1320623666

  0.00000000   3.40000000     0.0000000000
  0.10000000   3.40000000     6.7604779309
  0.20000000   3.40000000    13.5003647238
  0.30000000   3.40000000    20.1985848254
  0.40000000   3.40000000    26.8331166550
  0.50000000   3.40000000    33.3805789326
  0.60000000   3.40000000    39.8158944655
  0.70000000   3.40000000    46.1120666608
  0.80000000   3.40000000    52.2401099950
  0.90000000   3.40000000    58.1691799824
  1.00000000   3.40000000    63.8669482789
  1.10000000   3.40000000    69.3002612018
  1.20000000   3.40000000    74.4361018553
  1.30000000   3.40000000    79.2428448971
  1.40000000   3.40000000    83.6917491449
  1.50000000   3.40000000    87.7585815262
  1.60000000   3.40000000    91.4252167066
  1.70000000   3.40000000    94.6810247525
  1.80000000   3.40000000    97.5238589690
  1.90000000   3.40000000    99.9604952833
  2.00000000   3.40000000   102.0064484967
  2.10000000   3.40000000   103.6851823374
  2.20000000   3.40000000   105.0268165363
  2.30000000   3.40000000   106.0664945547
  2.40000000   3.40000000   106.8425988050
  2.50000000   3.40000000   107.3949869788
  2.60000000   3.40000000   107.7633840187
  2.70000000   3.40000000   107.9860138525
  2.80000000   3.40000000   108.0985061576
  2.90000000   3.40000000   108.1330743258
  3.00000000   3.40000000   108.1179346263
  3.10000000   3.40000000   108.0769227567
  3.20000000   3.40000000   108.0292600068
  3.30000000   3.40000000   107.9894240571
  3.40000000   3.40000000   107.9670862806
  3.50000000   3.40000000   107.9670862806

  0.00000000   3.50000000     0.0000000000
  0.10000000   3.50000000     6.7604779309
  0.20000000   3.50000000    13.5003647238
  0.30000000   3.50000000    20.1985848254
  0.40000000   3.50000000    26.8331166550
  0.50000000   3.50000000    33.3805789326
  0.60000000   3.50000000    39.8158944655
  0.70000000   3.50000000    46.1120666608
  0.80000000   3.50000000    52.2401099950
  0.90000000   3.50000000    58.1691799824
  1.00000000   3.50000000    63.8669482789
  1.10000000   3.50000000    69.3002612018
  1.20000000   3.50000000    74.4361018553
  1.30000000   3.50000000    79.2428448971
  1.40000000   3.50000000    83.6917491449
  1.50000000   3.50000000    87.7585815262
  1.60000000   3.50000000    91.4252167066
  1.70000000   3.50000000    94.6810247525
  1.80000000   3.50000000    97.5238589690
  1.90000000   3.50000000    99.9604952833
  2.00000000   3.50000000   102.0064484967
  2.10000000   3.50000000   103.6851823374
  2.20000000   3.50000000   105.0268165363
  2.30000000   3.50000000   106.0664945547
  2.40000000   3.50000000   106.8425988050
  2.50000000   3.50000000   107.3949869788
  2.60000000   3.50000000   107.7633840187
  2.70000000   3.50000000   107.9860138525
  2.80000000   3.50000000   108.0985061576
  2.90000000   3.50000000   108.1330743258
  3.00000000   3.50000000   108.1179346263
  3.10000000   3.50000000   108.0769227567
  3.20000000   3.50000000   108.0292600068
  3.30000000   3.50000000   107.9894240571
  3.40000000   3.50000000   107.9670862806
  3.50000000   3.50000000   107.9670862806

