  0.00000000   0.00000000     0.0000000000
  0.10000000   0.00000000     1.3058999716
  0.20000000   0.00000000     2.6251513336
  0.30000000   0.00000000     3.9693555298
  0.40000000   0.00000000     5.3479520853
  0.50000000   0.00000000     6.7653520787
  0.60000000   0.00000000     8.2219489303
  0.70000000   0.00000000     9.7105615401
  0.80000000   0.00000000    11.2188878613
  0.90000000   0.00000000    12.7259060769
  1.00000000   0.00000000    14.2057495669
  1.10000000   0.00000000    15.6248418466
  1.20000000   0.00000000    16.9470381935
  1.30000000   0.00000000    18.1321303170
  1.40000000   0.00000000    19.1417257235
  1.50000000   0.00000000    19.9392189508
  1.60000000   0.00000000    20.4952584905
  1.70000000   0.00000000    20.7885091186
  1.80000000   0.00000000    20.8090889336
  1.90000000   0.00000000    20.5590598982
  2.00000000   0.00000000    20.0525747240
  2.10000000   0.00000000    19.3155647892
  2.20000000   0.00000000    18.3826009913
  2.30000000   0.00000000    17.2962907383
  2.40000000   0.00000000    16.1021141610
  2.50000000   0.00000000    14.8485603307
  2.60000000   0.00000000    13.5815374685
  2.70000000   0.00000000    12.3458675452
  2.80000000   0.00000000    11.1803727557
  2.90000000   0.00000000    10.1205482650
  3.00000000   0.00000000     9.1947740229
  3.10000000   0.00000000     8.4274261343
  3.20000000   0.00000000     7.8362652460
  3.30000000   0.00000000     7.4351092861
  3.40000000   0.00000000     7.2323174642
  3.50000000   0.00000000     7.2323174642

  0.00000000   0.10000000     0.0000000000
  0.10000000   0.10000000     1.3058999716
  0.20000000   0.10000000     2.6251513336
  0.30000000   0.10000000     3.9693555298
  0.40000000   0.10000000     5.3479520853
  0.50000000   0.10000000     6.7653520787
  0.60000000   0.10000000     8.2219489303
  0.70000000   0.10000000     9.7105615401
  0.80000000   0.10000000    11.2188878613
  0.90000000   0.10000000    12.7259060769
  1.00000000   0.10000000    14.2057495669
  1.10000000   0.10000000    15.6248418466
  1.20000000   0.10000000    16.9470381935
  1.30000000   0.10000000    18.1321303170
  1.40000000   0.10000000    19.1417257235
  1.50000000   0.10000000    19.9392189508
  1.60000000   0.10000000    20.4952584905
  1.70000000   0.10000000    20.7885091186
  1.80000000   0.10000000    20.8090889336
  1.90000000   0.10000000    20.5590598982
  2.00000000   0.10000000    20.0525747240
  2.10000000   0.10000000    19.3155647892
  2.20000000   0.10000000    18.3826009913
  2.30000000   0.10000000    17.2962907383
  2.40000000   0.10000000    16.1021141610
  2.50000000   0.10000000    14.8485603307
  2.60000000   0.10000000    13.5815374685
  2.70000000   0.10000000    12.3458675452
  2.80000000   0.10000000    11.1803727557
  2.90000000   0.10000000    10.1205482650
  3.00000000   0.10000000     9.1947740229
  3.10000000   0.10000000     8.4274261343
  3.20000000   0.10000000     7.8362652460
  3.30000000   0.10000000     7.4351092861
  3.40000000   0.10000000     7.2323174642
  3.50000000   0.10000000     7.2323174642

  0.00000000   0.20000000     0.0000000000
  0.10000000   0.20000000     1.3467175398
  0.20000000   0.20000000     2.7074784369
  0.30000000   0.20000000     4.0958227241
  0.40000000   0.20000000     5.5204855083
  0.50000000   0.20000000     6.9887435834
  0.60000000   0.20000000     8.4988489339
  0.70000000   0.20000000    10.0468873558
  0.80000000   0.20000000    11.6169999633
  0.90000000   0.20000000    13.1911325480
  1.00000000   0.20000000    14.7385515059
  1.10000000   0.20000000    16.2276386030
  1.20000000   0.20000000    17.6164142332
  1.30000000   0.20000000    18.8652324805
  1.40000000   0.20000000    19.9297398508
  1.50000000   0.20000000    20.7727943825
  1.60000000   0.20000000    21.3604004138
  1.70000000   0.20000000    21.6705408312
  1.80000000   0.20000000    21.6915665639
  1.90000000   0.20000000    21.4256162613
  2.00000000   0.20000000    20.8886541246
  2.10000000   0.20000000    20.1074663450
  2.20000000   0.20000000    19.1213264368
  2.30000000   0.20000000    17.9736114648
  2.40000000   0.20000000    16.7158522888
  2.50000000   0.20000000    15.3963130160
  2.60000000   0.20000000    14.0668794342
  2.70000000   0.20000000    12.7709031941
  2.80000000   0.20000000    11.5522955982
  2.90000000   0.20000000    10.4442665932
  3.00000000   0.20000000     9.4790838019
  3.10000000   0.20000000     8.6787650712
  3.20000000   0.20000000     8.0636769792
  3.30000000   0.20000000     7.6459085358
  3.40000000   0.20000000     7.4351256220
  3.50000000   0.20000000     7.4351256220

  0.00000000   0.30000000     0.0000000000
  0.10000000   0.30000000     1.4273768393
  0.20000000   0.30000000     2.8715051770
  0.30000000   0.30000000     4.3460013374
  0.40000000   0.30000000     5.8645030575
  0.50000000   0.30000000     7.4315676136
  0.60000000   0.30000000     9.0517181790
  0.70000000   0.30000000    10.7155063373
  0.80000000   0.30000000    12.4134654417
  0.90000000   0.30000000    14.1192603541
  1.00000000   0.30000000    15.8071626347
  1.10000000   0.30000000    17.4348321448
  1.20000000   0.30000000    18.9626415420
  1.30000000   0.30000000    20.3388026512
  1.40000000   0.30000000    21.5184683038
  1.50000000   0.30000000    22.4532457407
  1.60000000   0.30000000    23.1072546678
  1.70000000   0.30000000    23.4515111613
  1.80000000   0.30000000    23.4734414778
  1.90000000   0.30000000    23.1752265814
  2.00000000   0.30000000    22.5740673488
  2.10000000   0.30000000    21.7038148510
  2.20000000   0.30000000    20.6060170056
  2.30000000   0.30000000    19.3354435936
  2.40000000   0.30000000    17.9446704326
  2.50000000   0.30000000    16.4943283515
  2.60000000   0.30000000    15.0347540500
  2.70000000   0.30000000    13.6203767300
  2.80000000   0.30000000    12.2912494104
  2.90000000   0.30000000    11.0894074642
  3.00000000   0.30000000    10.0422971060
  3.10000000   0.30000000     9.1782631229
  3.20000000   0.30000000     8.5134388454
  3.30000000   0.30000000     8.0637137628
  3.40000000   0.30000000     7.8363182725
  3.50000000   0.30000000     7.8363182725

  0.00000000   0.40000000     0.0000000000
  0.10000000   0.40000000     1.5471660388
  0.20000000   0.40000000     3.1133257050
  0.30000000   0.40000000     4.7179282267
  0.40000000   0.40000000     6.3728776019
  0.50000000   0.40000000     8.0912726575
  0.60000000   0.40000000     9.8718247549
  0.70000000   0.40000000    11.7148041578
  0.80000000   0.40000000    13.6008419254
  0.90000000   0.40000000    15.5123403570
  1.00000000   0.40000000    17.4096472211
  1.10000000   0.40000000    19.2558216253
  1.20000000   0.40000000    20.9939027123
  1.30000000   0.40000000    22.5727076678
  1.40000000   0.40000000    23.9288669591
  1.50000000   0.40000000    25.0107605857
  1.60000000   0.40000000    25.7674708552
  1.70000000   0.40000000    26.1666514685
  1.80000000   0.40000000    26.1898631098
  1.90000000   0.40000000    25.8395083294
  2.00000000   0.40000000    25.1387837582
  2.10000000   0.40000000    24.1254018362
  2.20000000   0.40000000    22.8561184352
  2.30000000   0.40000000    21.3896031338
  2.40000000   0.40000000    19.7972162679
  2.50000000   0.40000000    18.1399587938
  2.60000000   0.40000000    16.4859205779
  2.70000000   0.40000000    14.8855471672
  2.80000000   0.40000000    13.3934740257
  2.90000000   0.40000000    12.0449880934
  3.00000000   0.40000000    10.8784292706
  3.10000000   0.40000000     9.9150903853
  3.20000000   0.40000000     9.1783297832
  3.30000000   0.40000000     8.6788680233
  3.40000000   0.40000000     8.4275449669
  3.50000000   0.40000000     8.4275449669

  0.00000000   0.50000000     0.0000000000
  0.10000000   0.50000000     1.7029996812
  0.20000000   0.50000000     3.4305571088
  0.30000000   0.50000000     5.2027881485
  0.40000000   0.50000000     7.0413391439
  0.50000000   0.50000000     8.9548532964
  0.60000000   0.50000000    10.9544601476
  0.70000000   0.50000000    13.0307925305
  0.80000000   0.50000000    15.1771111111
  0.90000000   0.50000000    17.3608472303
  1.00000000   0.50000000    19.5519006574
  1.10000000   0.50000000    21.6929312449
  1.20000000   0.50000000    23.7302674705
  1.30000000   0.50000000    25.5879911541
  1.40000000   0.50000000    27.1988563583
  1.50000000   0.50000000    28.4865900431
  1.60000000   0.50000000    29.3930139166
  1.70000000   0.50000000    29.8696467558
  1.80000000   0.50000000    29.8945508407
  1.90000000   0.50000000    29.4702111704
  2.00000000   0.50000000    28.6239121255
  2.10000000   0.50000000    27.4096898557
  2.20000000   0.50000000    25.8922945562
  2.30000000   0.50000000    24.1553200461
  2.40000000   0.50000000    22.2750423904
  2.50000000   0.50000000    20.3376301969
  2.60000000   0.50000000    18.4094053004
  2.70000000   0.50000000    16.5619052403
  2.80000000   0.50000000    14.8423987633
  2.90000000   0.50000000    13.3022184123
  3.00000000   0.50000000    11.9700922298
  3.10000000   0.50000000    10.8785432481
  3.20000000   0.50000000    10.0424762538
  3.30000000   0.50000000     9.4792976861
  3.40000000   0.50000000     9.1950027723
  3.50000000   0.50000000     9.1950027723

  0.00000000   0.60000000     0.0000000000
  0.10000000   0.60000000     1.8929944043
  0.20000000   0.60000000     3.8147605752
  0.30000000   0.60000000     5.7951405801
  0.40000000   0.60000000     7.8540821255
  0.50000000   0.60000000    10.0142853739
  0.60000000   0.60000000    12.2792190221
  0.70000000   0.60000000    14.6555745841
  0.80000000   0.60000000    17.1228041835
  0.90000000   0.60000000    19.6626909885
  1.00000000   0.60000000    22.2245156257
  1.10000000   0.60000000    24.7588222981
  1.20000000   0.60000000    27.1839019108
  1.30000000   0.60000000    29.4213605447
  1.40000000   0.60000000    31.3705557093
  1.50000000   0.60000000    32.9436375904
  1.60000000   0.60000000    34.0524769409
  1.70000000   0.60000000    34.6374714467
  1.80000000   0.60000000    34.6643213336
  1.90000000   0.60000000    34.1358545752
  2.00000000   0.60000000    33.0919270281
  2.10000000   0.60000000    31.5984631995
  2.20000000   0.60000000    29.7504307305
  2.30000000   0.60000000    27.6440308867
  2.40000000   0.60000000    25.3893466314
  2.50000000   0.60000000    23.0765250593
  2.60000000   0.60000000    20.8005924814
  2.70000000   0.60000000    18.6273987945
  2.80000000   0.60000000    16.6258951110
  2.90000000   0.60000000    14.8361763416
  3.00000000   0.60000000    13.3024099338
  3.10000000   0.60000000    12.0452900801
  3.20000000   0.60000000    11.0897703635
  3.30000000   0.60000000    10.4446603746
  3.40000000   0.60000000    10.1209548684
  3.50000000   0.60000000    10.1209548684

  0.00000000   0.70000000     0.0000000000
  0.10000000   0.70000000     2.1115705720
  0.20000000   0.70000000     4.2604876696
  0.30000000   0.70000000     6.4787105461
  0.40000000   0.70000000     8.8005723743
  0.50000000   0.70000000    11.2444207406
  0.60000000   0.70000000    13.8321363903
  0.70000000   0.70000000    16.5596018716
  0.80000000   0.70000000    19.4252742432
  0.90000000   0.70000000    22.3929436352
  1.00000000   0.70000000    25.4260018405
  1.10000000   0.70000000    28.4478536444
  1.20000000   0.70000000    31.3791218776
  1.30000000   0.70000000    34.1034039291
  1.40000000   0.70000000    36.5064607392
  1.50000000   0.70000000    38.4561844319
  1.60000000   0.70000000    39.8421627819
  1.70000000   0.70000000    40.5723412459
  1.80000000   0.70000000    40.6014335198
  1.90000000   0.70000000    39.9323891858
  2.00000000   0.70000000    38.6168554740
  2.10000000   0.70000000    36.7534739014
  2.20000000   0.70000000    34.4604806902
  2.30000000   0.70000000    31.8787044670
  2.40000000   0.70000000    29.1332243424
  2.50000000   0.70000000    26.3527961218
  2.60000000   0.70000000    23.6321824989
  2.70000000   0.70000000    21.0653542219
  2.80000000   0.70000000    18.7101515605
  2.90000000   0.70000000    16.6262149708
  3.00000000   0.70000000    14.8429029937
  3.10000000   0.70000000    13.3940792710
  3.20000000   0.70000000    12.2919057257
  3.30000000   0.70000000    11.5529756083
  3.40000000   0.70000000    11.1810614731
  3.50000000   0.70000000    11.1810614731

  0.00000000   0.80000000     0.0000000000
  0.10000000   0.80000000     2.3549550250
  0.20000000   0.80000000     4.7538687880
  0.30000000   0.80000000     7.2421134850
  0.40000000   0.80000000     9.8538374687
  0.50000000   0.80000000    12.6266407293
  0.60000000   0.80000000    15.5757793705
  0.70000000   0.80000000    18.7196895274
  0.80000000   0.80000000    22.0435522110
  0.90000000   0.80000000    25.5320223340
  1.00000000   0.80000000    29.1264259988
  1.10000000   0.80000000    32.7609932778
  1.20000000   0.80000000    36.3206019031
  1.30000000   0.80000000    39.6792624735
  1.40000000   0.80000000    42.6696492469
  1.50000000   0.80000000    45.1270262524
  1.60000000   0.80000000    46.8829523082
  1.70000000   0.80000000    47.8123878907
  1.80000000   0.80000000    47.8437929178
  1.90000000   0.80000000    46.9805528686
  2.00000000   0.80000000    45.3008578094
  2.10000000   0.80000000    42.9372780613
  2.20000000   0.80000000    40.0664050648
  2.30000000   0.80000000    36.8629441771
  2.40000000   0.80000000    33.5055683896
  2.50000000   0.80000000    30.1344655154
  2.60000000   0.80000000    26.8809962361
  2.70000000   0.80000000    23.8310375305
  2.80000000   0.80000000    21.0658858394
  2.90000000   0.80000000    18.6282371171
  3.00000000   0.80000000    16.5629094718
  3.10000000   0.80000000    14.8866315505
  3.20000000   0.80000000    13.6214946456
  3.30000000   0.80000000    12.7720311084
  3.40000000   0.80000000    12.3469973265
  3.50000000   0.80000000    12.3469973265

  0.00000000   0.90000000     0.0000000000
  0.10000000   0.90000000     2.6147440889
  0.20000000   0.90000000     5.2848811103
  0.30000000   0.90000000     8.0601713703
  0.40000000   0.90000000    10.9932280645
  0.50000000   0.90000000    14.1196953225
  0.60000000   0.90000000    17.4790331102
  0.70000000   0.90000000    21.0820216504
  0.80000000   0.90000000    24.9403270423
  0.90000000   0.90000000    29.0242621115
  1.00000000   0.90000000    33.2965078256
  1.10000000   0.90000000    37.6649171695
  1.20000000   0.90000000    42.0169187338
  1.30000000   0.90000000    46.1767780253
  1.40000000   0.90000000    49.9441714128
  1.50000000   0.90000000    53.0753705937
  1.60000000   0.90000000    55.3395184950
  1.70000000   0.90000000    56.5403623909
  1.80000000   0.90000000    56.5741721150
  1.90000000   0.90000000    55.4445130896
  2.00000000   0.90000000    53.2627267566
  2.10000000   0.90000000    50.2329111939
  2.20000000   0.90000000    46.5951601558
  2.30000000   0.90000000    42.6035691797
  2.40000000   0.90000000    38.4713731417
  2.50000000   0.90000000    34.3891998802
  2.60000000   0.90000000    30.4882225547
  2.70000000   0.90000000    26.8818735025
  2.80000000   0.90000000    23.6335690841
  2.90000000   0.90000000    20.8022528991
  3.00000000   0.90000000    18.4111922523
  3.10000000   0.90000000    16.4877516427
  3.20000000   0.90000000    15.0365864310
  3.30000000   0.90000000    14.0686998518
  3.40000000   0.90000000    13.5833476604
  3.50000000   0.90000000    13.5833476604

  0.00000000   1.00000000     0.0000000000
  0.10000000   1.00000000     2.8847172519
  0.20000000   1.00000000     5.8338238706
  0.30000000   1.00000000     8.9133921262
  0.40000000   1.00000000    12.1786759905
  0.50000000   1.00000000    15.6889533577
  0.60000000   1.00000000    19.4814344485
  0.70000000   1.00000000    23.5963622116
  0.80000000   1.00000000    28.0391207102
  0.90000000   1.00000000    32.8107611185
  1.00000000   1.00000000    37.8609110147
  1.10000000   1.00000000    43.1177527335
  1.20000000   1.00000000    48.4363443257
  1.30000000   1.00000000    53.6257837899
  1.40000000   1.00000000    58.4080074658
  1.50000000   1.00000000    62.4596943933
  1.60000000   1.00000000    65.4244671071
  1.70000000   1.00000000    67.0074494152
  1.80000000   1.00000000    67.0434458099
  1.90000000   1.00000000    65.5365655638
  2.00000000   1.00000000    62.6600474609
  2.10000000   1.00000000    58.7175946130
  2.20000000   1.00000000    54.0751023902
  2.30000000   1.00000000    49.0675007819
  2.40000000   1.00000000    43.9862736535
  2.50000000   1.00000000    39.0391553152
  2.60000000   1.00000000    34.3906321632
  2.70000000   1.00000000    30.1367401198
  2.80000000   1.00000000    26.3555259821
  2.90000000   1.00000000    23.0794606273
  3.00000000   1.00000000    20.3406258814
  3.10000000   1.00000000    18.1429341663
  3.20000000   1.00000000    16.4972546009
  3.30000000   1.00000000    15.3991896475
  3.40000000   1.00000000    14.8514082258
  3.50000000   1.00000000    14.8514082258

  0.00000000   1.10000000     0.0000000000
  0.10000000   1.10000000     3.1538469411
  0.20000000   1.10000000     6.3854552663
  0.30000000   1.10000000     9.7677162960
  0.40000000   1.10000000    13.3769889598
  0.50000000   1.10000000    17.2748152083
  0.60000000   1.10000000    21.5275315891
  0.70000000   1.10000000    26.1755703520
  0.80000000   1.10000000    31.2602431775
  0.90000000   1.10000000    36.7819436894
  1.00000000   1.10000000    42.7272851041
  1.10000000   1.10000000    49.0167337384
  1.20000000   1.10000000    55.5231326747
  1.30000000   1.10000000    62.0111677754
  1.40000000   1.10000000    68.1479816397
  1.50000000   1.10000000    73.4665849327
  1.60000000   1.10000000    77.4343038435
  1.70000000   1.10000000    79.5622340449
  1.80000000   1.10000000    79.6000991959
  1.90000000   1.10000000    77.5523967289
  2.00000000   1.10000000    73.6786505560
  2.10000000   1.10000000    68.4768305869
  2.20000000   1.10000000    62.4899941231
  2.30000000   1.10000000    56.1969942095
  2.40000000   1.10000000    49.9455756107
  2.50000000   1.10000000    43.9885780614
  2.60000000   1.10000000    38.4750600045
  2.70000000   1.10000000    33.5100157048
  2.80000000   1.10000000    29.1380178101
  2.90000000   1.10000000    25.3942332224
  3.00000000   1.10000000    22.2798729269
  3.10000000   1.10000000    19.8019273703
  3.20000000   1.10000000    17.9492478586
  3.30000000   1.10000000    16.7203235551
  3.40000000   1.10000000    16.1065261064
  3.50000000   1.10000000    16.1065261064

  0.00000000   1.20000000     0.0000000000
  0.10000000   1.20000000     3.4136601992
  0.20000000   1.20000000     6.9154728078
  0.30000000   1.20000000    10.5956635248
  0.40000000   1.20000000    14.5362810324
  0.50000000   1.20000000    18.8247226243
  0.60000000   1.20000000    23.5316267103
  0.70000000   1.20000000    28.7330887251
  0.80000000   1.20000000    34.4776352415
  0.90000000   1.20000000    40.8115229915
  1.00000000   1.20000000    47.7341820775
  1.10000000   1.20000000    55.2157886433
  1.20000000   1.20000000    63.1350325634
  1.30000000   1.20000000    71.2704256161
  1.40000000   1.20000000    79.2123865719
  1.50000000   1.20000000    86.3350186615
  1.60000000   1.20000000    91.7830075069
  1.70000000   1.20000000    94.7084869093
  1.80000000   1.20000000    94.7473417747
  1.90000000   1.20000000    91.9050564945
  2.00000000   1.20000000    86.5560589805
  2.10000000   1.20000000    79.5577720194
  2.20000000   1.20000000    71.7756564015
  2.30000000   1.20000000    63.8483223778
  2.40000000   1.20000000    56.2006308127
  2.50000000   1.20000000    49.0733810420
  2.60000000   1.20000000    42.6107209331
  2.70000000   1.20000000    36.8706957303
  2.80000000   1.20000000    31.8866254320
  2.90000000   1.20000000    27.6518516056
  3.00000000   1.20000000    24.1629083838
  3.10000000   1.20000000    21.3969087809
  3.20000000   1.20000000    19.3424903134
  3.30000000   1.20000000    17.9804604382
  3.40000000   1.20000000    17.3030354985
  3.50000000   1.20000000    17.3030354985

  0.00000000   1.30000000     0.0000000000
  0.10000000   1.30000000     3.6517777483
  0.20000000   1.30000000     7.4049296327
  0.30000000   1.30000000    11.3577809782
  0.40000000   1.30000000    15.6131391474
  0.50000000   1.30000000    20.2647464546
  0.60000000   1.30000000    25.4140669113
  0.70000000   1.30000000    31.1471690939
  0.80000000   1.30000000    37.5573781938
  0.90000000   1.30000000    44.7129008531
  1.00000000   1.30000000    52.6776694630
  1.10000000   1.30000000    61.4644907582
  1.20000000   1.30000000    71.0337139065
  1.30000000   1.30000000    81.2049854071
  1.40000000   1.30000000    91.5772656329
  1.50000000   1.30000000   101.3359058866
  1.60000000   1.30000000   109.1064316027
  1.70000000   1.30000000   113.1852685304
  1.80000000   1.30000000   113.2235350092
  1.90000000   1.30000000   109.2282341538
  2.00000000   1.30000000   101.5614106183
  2.10000000   1.30000000    91.9347145360
  2.20000000   1.30000000    81.7322694808
  2.30000000   1.30000000    71.7812485786
  2.40000000   1.30000000    62.4991758554
  2.50000000   1.30000000    54.0864068180
  2.60000000   1.30000000    46.6075261605
  2.70000000   1.30000000    40.0791164363
  2.80000000   1.30000000    34.4730624133
  2.90000000   1.30000000    29.7626218079
  3.00000000   1.30000000    25.9039668432
  3.10000000   1.30000000    22.8672685910
  3.20000000   1.30000000    20.6167085185
  3.30000000   1.30000000    19.1316873290
  3.40000000   1.30000000    18.3927866159
  3.50000000   1.30000000    18.3927866159

  0.00000000   1.40000000     0.0000000000
  0.10000000   1.40000000     3.8589324838
  0.20000000   1.40000000     7.8288035651
  0.30000000   1.40000000    12.0230638158
  0.40000000   1.40000000    16.5515390505
  0.50000000   1.40000000    21.5314705685
  0.60000000   1.40000000    27.0736104857
  0.70000000   1.40000000    33.3004521164
  0.80000000   1.40000000    40.3259401861
  0.90000000   1.40000000    48.2775561189
  1.00000000   1.40000000    57.2693304761
  1.10000000   1.40000000    67.4180496836
  1.20000000   1.40000000    78.7962659785
  1.30000000   1.40000000    91.3994467892
  1.40000000   1.40000000   104.9826616189
  1.50000000   1.40000000   118.7328667176
  1.60000000   1.40000000   130.5014023511
  1.70000000   1.40000000   136.0744864850
  1.80000000   1.40000000   136.1087250091
  1.90000000   1.40000000   130.6144017346
  2.00000000   1.40000000   118.9552151652
  2.10000000   1.40000000   105.3461651717
  2.20000000   1.40000000    91.9429932397
  2.30000000   1.40000000    79.5717002438
  2.40000000   1.40000000    68.4943010411
  2.50000000   1.40000000    58.7369751952
  2.60000000   1.40000000    50.2530311810
  2.70000000   1.40000000    42.9573171129
  2.80000000   1.40000000    36.7729373015
  2.90000000   1.40000000    31.6170688193
  3.00000000   1.40000000    27.4273594681
  3.10000000   1.40000000    24.1421723238
  3.20000000   1.40000000    21.7198394613
  3.30000000   1.40000000    20.1229531959
  3.40000000   1.40000000    19.3307747328
  3.50000000   1.40000000    19.3307747328

  0.00000000   1.50000000     0.0000000000
  0.10000000   1.50000000     4.0239566428
  0.20000000   1.50000000     8.1688288929
  0.30000000   1.50000000    12.5548959529
  0.40000000   1.50000000    17.3077424933
  0.50000000   1.50000000    22.5518279472
  0.60000000   1.50000000    28.4230677586
  0.70000000   1.50000000    35.0583207304
  0.80000000   1.50000000    42.6142074879
  0.90000000   1.50000000    51.2551943574
  1.00000000   1.50000000    61.1778104830
  1.10000000   1.50000000    72.5999773225
  1.20000000   1.50000000    85.7862784418
  1.30000000   1.50000000   101.0280063199
  1.40000000   1.50000000   118.6043418836
  1.50000000   1.50000000   138.4434484740
  1.60000000   1.50000000   158.3868926559
  1.70000000   1.50000000   164.7773779441
  1.80000000   1.50000000   164.8006062528
  1.90000000   1.50000000   158.4709168648
  2.00000000   1.50000000   138.6510468434
  2.10000000   1.50000000   118.9666658616
  2.20000000   1.50000000   101.5816237193
  2.30000000   1.50000000    86.5822376767
  2.40000000   1.50000000    73.7083374276
  2.50000000   1.50000000    62.6913384578
  2.60000000   1.50000000    53.2942150499
  2.70000000   1.50000000    45.3316289343
  2.80000000   1.50000000    38.6463356877
  2.90000000   1.50000000    33.1198708814
  3.00000000   1.50000000    28.6502692964
  3.10000000   1.50000000    25.1637030418
  3.20000000   1.50000000    22.5977987292
  3.30000000   1.50000000    20.9115540198
  3.40000000   1.50000000    20.0750421207
  3.50000000   1.50000000    20.0750421207

  0.00000000   1.60000000     0.0000000000
  0.10000000   1.60000000     4.1394237415
  0.20000000   1.60000000     8.4056068232
  0.30000000   1.60000000    12.9278110434
  0.40000000   1.60000000    17.8365838122
  0.50000000   1.60000000    23.2708398750
  0.60000000   1.60000000    29.3744306268
  0.70000000   1.60000000    36.3087349995
  0.80000000   1.60000000    44.2500136371
  0.90000000   1.60000000    53.4098893354
  1.00000000   1.60000000    64.0402028880
  1.10000000   1.60000000    76.4700086210
  1.20000000   1.60000000    91.1399415551
  1.30000000   1.60000000   108.7072926785
  1.40000000   1.60000000   130.2854365378
  1.50000000   1.60000000   158.3040314108
  1.60000000   1.60000000   200.0000000000
  1.70000000   1.60000000   200.0000000000
  1.80000000   1.60000000   200.0000000000
  1.90000000   1.60000000   200.0000000000
  2.00000000   1.60000000   158.4841367309
  2.10000000   1.60000000   130.6413214411
  2.20000000   1.60000000   109.2656262043
  2.30000000   1.60000000    91.9491543888
  2.40000000   1.60000000    77.6000034648
  2.50000000   1.60000000    65.5852229173
  2.60000000   1.60000000    55.4925388188
  2.70000000   1.60000000    47.0268298056
  2.80000000   1.60000000    39.9763319744
  2.90000000   1.60000000    34.1772083774
  3.00000000   1.60000000    29.5090519925
  3.10000000   1.60000000    25.8760912208
  3.20000000   1.60000000    23.2099992512
  3.30000000   1.60000000    21.4591138640
  3.40000000   1.60000000    20.5919068930
  3.50000000   1.60000000    20.5919068930

  0.00000000   1.70000000     0.0000000000
  0.10000000   1.70000000     4.1985908619
  0.20000000   1.70000000     8.5276870784
  0.30000000   1.70000000    13.1192523851
  0.40000000   1.70000000    18.1097903926
  0.50000000   1.70000000    23.6414316147
  0.60000000   1.70000000    29.8679616361
  0.70000000   1.70000000    36.9577127857
  0.80000000   1.70000000    45.1052329474
  0.90000000   1.70000000    54.5410342708
  1.00000000   1.70000000    65.5562854981
  1.10000000   1.70000000    78.5328986983
  1.20000000   1.70000000    94.0021073068
  1.30000000   1.70000000   112.7256972522
  1.40000000   1.70000000   135.8043359241
  1.50000000   1.70000000   164.6552839084
  1.60000000   1.70000000   200.0000000000
  1.70000000   1.70000000   200.0000000000
  1.80000000   1.70000000   200.0000000000
  1.90000000   1.70000000   200.0000000000
  2.00000000   1.70000000   164.8280099498
  2.10000000   1.70000000   136.1573866248
  2.20000000   1.70000000   113.2861538463
  2.30000000   1.70000000    94.8178072007
  2.40000000   1.70000000    79.6738200036
  2.50000000   1.70000000    67.1172614294
  2.60000000   1.70000000    56.6459486800
  2.70000000   1.70000000    47.9122890972
  2.80000000   1.70000000    40.6659755379
  2.90000000   1.70000000    34.7247768445
  3.00000000   1.70000000    29.9510962316
  3.10000000   1.70000000    26.2430028635
  3.20000000   1.70000000    23.5238427091
  3.30000000   1.70000000    21.7400759239
  3.40000000   1.70000000    20.8566236103
  3.50000000   1.70000000    20.8566236103

  0.00000000   1.80000000     0.0000000000
  0.10000000   1.80000000     4.1985908619
  0.20000000   1.80000000     8.5276870784
  0.30000000   1.80000000    13.1192523851
  0.40000000   1.80000000    18.1097903926
  0.50000000   1.80000000    23.6414316147
  0.60000000   1.80000000    29.8679616361
  0.70000000   1.80000000    36.9577127857
  0.80000000   1.80000000    45.1052329474
  0.90000000   1.80000000    54.5410342708
  1.00000000   1.80000000    65.5562854981
  1.10000000   1.80000000    78.5328986983
  1.20000000   1.80000000    94.0021073068
  1.30000000   1.80000000   112.7256972522
  1.40000000   1.80000000   135.8043359241
  1.50000000   1.80000000   164.6552839084
  1.60000000   1.80000000   200.0000000000
  1.70000000   1.80000000   200.0000000000
  1.80000000   1.80000000   200.0000000000
  1.90000000   1.80000000   200.0000000000
  2.00000000   1.80000000   164.8280099498
  2.10000000   1.80000000   136.1573866248
  2.20000000   1.80000000   113.2861538463
  2.30000000   1.80000000    94.8178072007
  2.40000000   1.80000000    79.6738200036
  2.50000000   1.80000000    67.1172614294
  2.60000000   1.80000000    56.6459486800
  2.70000000   1.80000000    47.9122890972
  2.80000000   1.80000000    40.6659755379
  2.90000000   1.80000000    34.7247768445
  3.00000000   1.80000000    29.9510962316
  3.10000000   1.80000000    26.2430028635
  3.20000000   1.80000000    23.5238427091
  3.30000000   1.80000000    21.7400759239
  3.40000000   1.80000000    20.8566236103
  3.50000000   1.80000000    20.8566236103

  0.00000000   1.90000000     0.0000000000
  0.10000000   1.90000000     4.1394237415
  0.20000000   1.90000000     8.4056068232
  0.30000000   1.90000000    12.9278110434
  0.40000000   1.90000000    17.8365838122
  0.50000000   1.90000000    23.2708398750
  0.60000000   1.90000000    29.3744306268
  0.70000000   1.90000000    36.3087349995
  0.80000000   1.90000000    44.2500136371
  0.90000000   1.90000000    53.4098893354
  1.00000000   1.90000000    64.0402028880
  1.10000000   1.90000000    76.4700086210
  1.20000000   1.90000000    91.1399415551
  1.30000000   1.90000000   108.7072926785
  1.40000000   1.90000000   130.2854365378
  1.50000000   1.90000000   158.3040314108
  1.60000000   1.90000000   200.0000000000
  1.70000000   1.90000000   200.0000000000
  1.80000000   1.90000000   200.0000000000
  1.90000000   1.90000000   200.0000000000
  2.00000000   1.90000000   158.4841367309
  2.10000000   1.90000000   130.6413214411
  2.20000000   1.90000000   109.2656262043
  2.30000000   1.90000000    91.9491543888
  2.40000000   1.90000000    77.6000034648
  2.50000000   1.90000000    65.5852229173
  2.60000000   1.90000000    55.4925388188
  2.70000000   1.90000000    47.0268298056
  2.80000000   1.90000000    39.9763319744
  2.90000000   1.90000000    34.1772083774
  3.00000000   1.90000000    29.5090519925
  3.10000000   1.90000000    25.8760912208
  3.20000000   1.90000000    23.2099992512
  3.30000000   1.90000000    21.4591138640
  3.40000000   1.90000000    20.5919068930
  3.50000000   1.90000000    20.5919068930

  0.00000000   2.00000000     0.0000000000
  0.10000000   2.00000000     4.0239566428
  0.20000000   2.00000000     8.1688288929
  0.30000000   2.00000000    12.5548959529
  0.40000000   2.00000000    17.3077424933
  0.50000000   2.00000000    22.5518279472
  0.60000000   2.00000000    28.4230677586
  0.70000000   2.00000000    35.0583207304
  0.80000000   2.00000000    42.6142074879
  0.90000000   2.00000000    51.2551943574
  1.00000000   2.00000000    61.1778104830
  1.10000000   2.00000000    72.5999773225
  1.20000000   2.00000000    85.7862784418
  1.30000000   2.00000000   101.0280063199
  1.40000000   2.00000000   118.6043418836
  1.50000000   2.00000000   138.4434484740
  1.60000000   2.00000000   158.3868926559
  1.70000000   2.00000000   164.7773779441
  1.80000000   2.00000000   164.8006062528
  1.90000000   2.00000000   158.4709168648
  2.00000000   2.00000000   138.6510468434
  2.10000000   2.00000000   118.9666658616
  2.20000000   2.00000000   101.5816237193
  2.30000000   2.00000000    86.5822376767
  2.40000000   2.00000000    73.7083374276
  2.50000000   2.00000000    62.6913384578
  2.60000000   2.00000000    53.2942150499
  2.70000000   2.00000000    45.3316289343
  2.80000000   2.00000000    38.6463356877
  2.90000000   2.00000000    33.1198708814
  3.00000000   2.00000000    28.6502692964
  3.10000000   2.00000000    25.1637030418
  3.20000000   2.00000000    22.5977987292
  3.30000000   2.00000000    20.9115540198
  3.40000000   2.00000000    20.0750421207
  3.50000000   2.00000000    20.0750421207

  0.00000000   2.10000000     0.0000000000
  0.10000000   2.10000000     3.8589324838
  0.20000000   2.10000000     7.8288035651
  0.30000000   2.10000000    12.0230638158
  0.40000000   2.10000000    16.5515390505
  0.50000000   2.10000000    21.5314705685
  0.60000000   2.10000000    27.0736104857
  0.70000000   2.10000000    33.3004521164
  0.80000000   2.10000000    40.3259401861
  0.90000000   2.10000000    48.2775561189
  1.00000000   2.10000000    57.2693304761
  1.10000000   2.10000000    67.4180496836
  1.20000000   2.10000000    78.7962659785
  1.30000000   2.10000000    91.3994467892
  1.40000000   2.10000000   104.9826616189
  1.50000000   2.10000000   118.7328667176
  1.60000000   2.10000000   130.5014023511
  1.70000000   2.10000000   136.0744864850
  1.80000000   2.10000000   136.1087250091
  1.90000000   2.10000000   130.6144017346
  2.00000000   2.10000000   118.9552151652
  2.10000000   2.10000000   105.3461651717
  2.20000000   2.10000000    91.9429932397
  2.30000000   2.10000000    79.5717002438
  2.40000000   2.10000000    68.4943010411
  2.50000000   2.10000000    58.7369751952
  2.60000000   2.10000000    50.2530311810
  2.70000000   2.10000000    42.9573171129
  2.80000000   2.10000000    36.7729373015
  2.90000000   2.10000000    31.6170688193
  3.00000000   2.10000000    27.4273594681
  3.10000000   2.10000000    24.1421723238
  3.20000000   2.10000000    21.7198394613
  3.30000000   2.10000000    20.1229531959
  3.40000000   2.10000000    19.3307747328
  3.50000000   2.10000000    19.3307747328

  0.00000000   2.20000000     0.0000000000
  0.10000000   2.20000000     3.6517777483
  0.20000000   2.20000000     7.4049296327
  0.30000000   2.20000000    11.3577809782
  0.40000000   2.20000000    15.6131391474
  0.50000000   2.20000000    20.2647464546
  0.60000000   2.20000000    25.4140669113
  0.70000000   2.20000000    31.1471690939
  0.80000000   2.20000000    37.5573781938
  0.90000000   2.20000000    44.7129008531
  1.00000000   2.20000000    52.6776694630
  1.10000000   2.20000000    61.4644907582
  1.20000000   2.20000000    71.0337139065
  1.30000000   2.20000000    81.2049854071
  1.40000000   2.20000000    91.5772656329
  1.50000000   2.20000000   101.3359058866
  1.60000000   2.20000000   109.1064316027
  1.70000000   2.20000000   113.1852685304
  1.80000000   2.20000000   113.2235350092
  1.90000000   2.20000000   109.2282341538
  2.00000000   2.20000000   101.5614106183
  2.10000000   2.20000000    91.9347145360
  2.20000000   2.20000000    81.7322694808
  2.30000000   2.20000000    71.7812485786
  2.40000000   2.20000000    62.4991758554
  2.50000000   2.20000000    54.0864068180
  2.60000000   2.20000000    46.6075261605
  2.70000000   2.20000000    40.0791164363
  2.80000000   2.20000000    34.4730624133
  2.90000000   2.20000000    29.7626218079
  3.00000000   2.20000000    25.9039668432
  3.10000000   2.20000000    22.8672685910
  3.20000000   2.20000000    20.6167085185
  3.30000000   2.20000000    19.1316873290
  3.40000000   2.20000000    18.3927866159
  3.50000000   2.20000000    18.3927866159

  0.00000000   2.30000000     0.0000000000
  0.10000000   2.30000000     3.4136601992
  0.20000000   2.30000000     6.9154728078
  0.30000000   2.30000000    10.5956635248
  0.40000000   2.30000000    14.5362810324
  0.50000000   2.30000000    18.8247226243
  0.60000000   2.30000000    23.5316267103
  0.70000000   2.30000000    28.7330887251
  0.80000000   2.30000000    34.4776352415
  0.90000000   2.30000000    40.8115229915
  1.00000000   2.30000000    47.7341820775
  1.10000000   2.30000000    55.2157886433
  1.20000000   2.30000000    63.1350325634
  1.30000000   2.30000000    71.2704256161
  1.40000000   2.30000000    79.2123865719
  1.50000000   2.30000000    86.3350186615
  1.60000000   2.30000000    91.7830075069
  1.70000000   2.30000000    94.7084869093
  1.80000000   2.30000000    94.7473417747
  1.90000000   2.30000000    91.9050564945
  2.00000000   2.30000000    86.5560589805
  2.10000000   2.30000000    79.5577720194
  2.20000000   2.30000000    71.7756564015
  2.30000000   2.30000000    63.8483223778
  2.40000000   2.30000000    56.2006308127
  2.50000000   2.30000000    49.0733810420
  2.60000000   2.30000000    42.6107209331
  2.70000000   2.30000000    36.8706957303
  2.80000000   2.30000000    31.8866254320
  2.90000000   2.30000000    27.6518516056
  3.00000000   2.30000000    24.1629083838
  3.10000000   2.30000000    21.3969087809
  3.20000000   2.30000000    19.3424903134
  3.30000000   2.30000000    17.9804604382
  3.40000000   2.30000000    17.3030354985
  3.50000000   2.30000000    17.3030354985

  0.00000000   2.40000000     0.0000000000
  0.10000000   2.40000000     3.1538469411
  0.20000000   2.40000000     6.3854552663
  0.30000000   2.40000000     9.7677162960
  0.40000000   2.40000000    13.3769889598
  0.50000000   2.40000000    17.2748152083
  0.60000000   2.40000000    21.5275315891
  0.70000000   2.40000000    26.1755703520
  0.80000000   2.40000000    31.2602431775
  0.90000000   2.40000000    36.7819436894
  1.00000000   2.40000000    42.7272851041
  1.10000000   2.40000000    49.0167337384
  1.20000000   2.40000000    55.5231326747
  1.30000000   2.40000000    62.0111677754
  1.40000000   2.40000000    68.1479816397
  1.50000000   2.40000000    73.4665849327
  1.60000000   2.40000000    77.4343038435
  1.70000000   2.40000000    79.5622340449
  1.80000000   2.40000000    79.6000991959
  1.90000000   2.40000000    77.5523967289
  2.00000000   2.40000000    73.6786505560
  2.10000000   2.40000000    68.4768305869
  2.20000000   2.40000000    62.4899941231
  2.30000000   2.40000000    56.1969942095
  2.40000000   2.40000000    49.9455756107
  2.50000000   2.40000000    43.9885780614
  2.60000000   2.40000000    38.4750600045
  2.70000000   2.40000000    33.5100157048
  2.80000000   2.40000000    29.1380178101
  2.90000000   2.40000000    25.3942332224
  3.00000000   2.40000000    22.2798729269
  3.10000000   2.40000000    19.8019273703
  3.20000000   2.40000000    17.9492478586
  3.30000000   2.40000000    16.7203235551
  3.40000000   2.40000000    16.1065261064
  3.50000000   2.40000000    16.1065261064

  0.00000000   2.50000000     0.0000000000
  0.10000000   2.50000000     2.8847172519
  0.20000000   2.50000000     5.8338238706
  0.30000000   2.50000000     8.9133921262
  0.40000000   2.50000000    12.1786759905
  0.50000000   2.50000000    15.6889533577
  0.60000000   2.50000000    19.4814344485
  0.70000000   2.50000000    23.5963622116
  0.80000000   2.50000000    28.0391207102
  0.90000000   2.50000000    32.8107611185
  1.00000000   2.50000000    37.8609110147
  1.10000000   2.50000000    43.1177527335
  1.20000000   2.50000000    48.4363443257
  1.30000000   2.50000000    53.6257837899
  1.40000000   2.50000000    58.4080074658
  1.50000000   2.50000000    62.4596943933
  1.60000000   2.50000000    65.4244671071
  1.70000000   2.50000000    67.0074494152
  1.80000000   2.50000000    67.0434458099
  1.90000000   2.50000000    65.5365655638
  2.00000000   2.50000000    62.6600474609
  2.10000000   2.50000000    58.7175946130
  2.20000000   2.50000000    54.0751023902
  2.30000000   2.50000000    49.0675007819
  2.40000000   2.50000000    43.9862736535
  2.50000000   2.50000000    39.0391553152
  2.60000000   2.50000000    34.3906321632
  2.70000000   2.50000000    30.1367401198
  2.80000000   2.50000000    26.3555259821
  2.90000000   2.50000000    23.0794606273
  3.00000000   2.50000000    20.3406258814
  3.10000000   2.50000000    18.1429341663
  3.20000000   2.50000000    16.4972546009
  3.30000000   2.50000000    15.3991896475
  3.40000000   2.50000000    14.8514082258
  3.50000000   2.50000000    14.8514082258

  0.00000000   2.60000000     0.0000000000
  0.10000000   2.60000000     2.6147440889
  0.20000000   2.60000000     5.2848811103
  0.30000000   2.60000000     8.0601713703
  0.40000000   2.60000000    10.9932280645
  0.50000000   2.60000000    14.1196953225
  0.60000000   2.60000000    17.4790331102
  0.70000000   2.60000000    21.0820216504
  0.80000000   2.60000000    24.9403270423
  0.90000000   2.60000000    29.0242621115
  1.00000000   2.60000000    33.2965078256
  1.10000000   2.60000000    37.6649171695
  1.20000000   2.60000000    42.0169187338
  1.30000000   2.60000000    46.1767780253
  1.40000000   2.60000000    49.9441714128
  1.50000000   2.60000000    53.0753705937
  1.60000000   2.60000000    55.3395184950
  1.70000000   2.60000000    56.5403623909
  1.80000000   2.60000000    56.5741721150
  1.90000000   2.60000000    55.4445130896
  2.00000000   2.60000000    53.2627267566
  2.10000000   2.60000000    50.2329111939
  2.20000000   2.60000000    46.5951601558
  2.30000000   2.60000000    42.6035691797
  2.40000000   2.60000000    38.4713731417
  2.50000000   2.60000000    34.3891998802
  2.60000000   2.60000000    30.4882225547
  2.70000000   2.60000000    26.8818735025
  2.80000000   2.60000000    23.6335690841
  2.90000000   2.60000000    20.8022528991
  3.00000000   2.60000000    18.4111922523
  3.10000000   2.60000000    16.4877516427
  3.20000000   2.60000000    15.0365864310
  3.30000000   2.60000000    14.0686998518
  3.40000000   2.60000000    13.5833476604
  3.50000000   2.60000000    13.5833476604

  0.00000000   2.70000000     0.0000000000
  0.10000000   2.70000000     2.3549550250
  0.20000000   2.70000000     4.7538687880
  0.30000000   2.70000000     7.2421134850
  0.40000000   2.70000000     9.8538374687
  0.50000000   2.70000000    12.6266407293
  0.60000000   2.70000000    15.5757793705
  0.70000000   2.70000000    18.7196895274
  0.80000000   2.70000000    22.0435522110
  0.90000000   2.70000000    25.5320223340
  1.00000000   2.70000000    29.1264259988
  1.10000000   2.70000000    32.7609932778
  1.20000000   2.70000000    36.3206019031
  1.30000000   2.70000000    39.6792624735
  1.40000000   2.70000000    42.6696492469
  1.50000000   2.70000000    45.1270262524
  1.60000000   2.70000000    46.8829523082
  1.70000000   2.70000000    47.8123878907
  1.80000000   2.70000000    47.8437929178
  1.90000000   2.70000000    46.9805528686
  2.00000000   2.70000000    45.3008578094
  2.10000000   2.70000000    42.9372780613
  2.20000000   2.70000000    40.0664050648
  2.30000000   2.70000000    36.8629441771
  2.40000000   2.70000000    33.5055683896
  2.50000000   2.70000000    30.1344655154
  2.60000000   2.70000000    26.8809962361
  2.70000000   2.70000000    23.8310375305
  2.80000000   2.70000000    21.0658858394
  2.90000000   2.70000000    18.6282371171
  3.00000000   2.70000000    16.5629094718
  3.10000000   2.70000000    14.8866315505
  3.20000000   2.70000000    13.6214946456
  3.30000000   2.70000000    12.7720311084
  3.40000000   2.70000000    12.3469973265
  3.50000000   2.70000000    12.3469973265

  0.00000000   2.80000000     0.0000000000
  0.10000000   2.80000000     2.1115705720
  0.20000000   2.80000000     4.2604876696
  0.30000000   2.80000000     6.4787105461
  0.40000000   2.80000000     8.8005723743
  0.50000000   2.80000000    11.2444207406
  0.60000000   2.80000000    13.8321363903
  0.70000000   2.80000000    16.5596018716
  0.80000000   2.80000000    19.4252742432
  0.90000000   2.80000000    22.3929436352
  1.00000000   2.80000000    25.4260018405
  1.10000000   2.80000000    28.4478536444
  1.20000000   2.80000000    31.3791218776
  1.30000000   2.80000000    34.1034039291
  1.40000000   2.80000000    36.5064607392
  1.50000000   2.80000000    38.4561844319
  1.60000000   2.80000000    39.8421627819
  1.70000000   2.80000000    40.5723412459
  1.80000000   2.80000000    40.6014335198
  1.90000000   2.80000000    39.9323891858
  2.00000000   2.80000000    38.6168554740
  2.10000000   2.80000000    36.7534739014
  2.20000000   2.80000000    34.4604806902
  2.30000000   2.80000000    31.8787044670
  2.40000000   2.80000000    29.1332243424
  2.50000000   2.80000000    26.3527961218
  2.60000000   2.80000000    23.6321824989
  2.70000000   2.80000000    21.0653542219
  2.80000000   2.80000000    18.7101515605
  2.90000000   2.80000000    16.6262149708
  3.00000000   2.80000000    14.8429029937
  3.10000000   2.80000000    13.3940792710
  3.20000000   2.80000000    12.2919057257
  3.30000000   2.80000000    11.5529756083
  3.40000000   2.80000000    11.1810614731
  3.50000000   2.80000000    11.1810614731

  0.00000000   2.90000000     0.0000000000
  0.10000000   2.90000000     1.8929944043
  0.20000000   2.90000000     3.8147605752
  0.30000000   2.90000000     5.7951405801
  0.40000000   2.90000000     7.8540821255
  0.50000000   2.90000000    10.0142853739
  0.60000000   2.90000000    12.2792190221
  0.70000000   2.90000000    14.6555745841
  0.80000000   2.90000000    17.1228041835
  0.90000000   2.90000000    19.6626909885
  1.00000000   2.90000000    22.2245156257
  1.10000000   2.90000000    24.7588222981
  1.20000000   2.90000000    27.1839019108
  1.30000000   2.90000000    29.4213605447
  1.40000000   2.90000000    31.3705557093
  1.50000000   2.90000000    32.9436375904
  1.60000000   2.90000000    34.0524769409
  1.70000000   2.90000000    34.6374714467
  1.80000000   2.90000000    34.6643213336
  1.90000000   2.90000000    34.1358545752
  2.00000000   2.90000000    33.0919270281
  2.10000000   2.90000000    31.5984631995
  2.20000000   2.90000000    29.7504307305
  2.30000000   2.90000000    27.6440308867
  2.40000000   2.90000000    25.3893466314
  2.50000000   2.90000000    23.0765250593
  2.60000000   2.90000000    20.8005924814
  2.70000000   2.90000000    18.6273987945
  2.80000000   2.90000000    16.6258951110
  2.90000000   2.90000000    14.8361763416
  3.00000000   2.90000000    13.3024099338
  3.10000000   2.90000000    12.0452900801
  3.20000000   2.90000000    11.0897703635
  3.30000000   2.90000000    10.4446603746
  3.40000000   2.90000000    10.1209548684
  3.50000000   2.90000000    10.1209548684

  0.00000000   3.00000000     0.0000000000
  0.10000000   3.00000000     1.7029996812
  0.20000000   3.00000000     3.4305571088
  0.30000000   3.00000000     5.2027881485
  0.40000000   3.00000000     7.0413391439
  0.50000000   3.00000000     8.9548532964
  0.60000000   3.00000000    10.9544601476
  0.70000000   3.00000000    13.0307925305
  0.80000000   3.00000000    15.1771111111
  0.90000000   3.00000000    17.3608472303
  1.00000000   3.00000000    19.5519006574
  1.10000000   3.00000000    21.6929312449
  1.20000000   3.00000000    23.7302674705
  1.30000000   3.00000000    25.5879911541
  1.40000000   3.00000000    27.1988563583
  1.50000000   3.00000000    28.4865900431
  1.60000000   3.00000000    29.3930139166
  1.70000000   3.00000000    29.8696467558
  1.80000000   3.00000000    29.8945508407
  1.90000000   3.00000000    29.4702111704
  2.00000000   3.00000000    28.6239121255
  2.10000000   3.00000000    27.4096898557
  2.20000000   3.00000000    25.8922945562
  2.30000000   3.00000000    24.1553200461
  2.40000000   3.00000000    22.2750423904
  2.50000000   3.00000000    20.3376301969
  2.60000000   3.00000000    18.4094053004
  2.70000000   3.00000000    16.5619052403
  2.80000000   3.00000000    14.8423987633
  2.90000000   3.00000000    13.3022184123
  3.00000000   3.00000000    11.9700922298
  3.10000000   3.00000000    10.8785432481
  3.20000000   3.00000000    10.0424762538
  3.30000000   3.00000000     9.4792976861
  3.40000000   3.00000000     9.1950027723
  3.50000000   3.00000000     9.1950027723

  0.00000000   3.10000000     0.0000000000
  0.10000000   3.10000000     1.5471660388
  0.20000000   3.10000000     3.1133257050
  0.30000000   3.10000000     4.7179282267
  0.40000000   3.10000000     6.3728776019
  0.50000000   3.10000000     8.0912726575
  0.60000000   3.10000000     9.8718247549
  0.70000000   3.10000000    11.7148041578
  0.80000000   3.10000000    13.6008419254
  0.90000000   3.10000000    15.5123403570
  1.00000000   3.10000000    17.4096472211
  1.10000000   3.10000000    19.2558216253
  1.20000000   3.10000000    20.9939027123
  1.30000000   3.10000000    22.5727076678
  1.40000000   3.10000000    23.9288669591
  1.50000000   3.10000000    25.0107605857
  1.60000000   3.10000000    25.7674708552
  1.70000000   3.10000000    26.1666514685
  1.80000000   3.10000000    26.1898631098
  1.90000000   3.10000000    25.8395083294
  2.00000000   3.10000000    25.1387837582
  2.10000000   3.10000000    24.1254018362
  2.20000000   3.10000000    22.8561184352
  2.30000000   3.10000000    21.3896031338
  2.40000000   3.10000000    19.7972162679
  2.50000000   3.10000000    18.1399587938
  2.60000000   3.10000000    16.4859205779
  2.70000000   3.10000000    14.8855471672
  2.80000000   3.10000000    13.3934740257
  2.90000000   3.10000000    12.0449880934
  3.00000000   3.10000000    10.8784292706
  3.10000000   3.10000000     9.9150903853
  3.20000000   3.10000000     9.1783297832
  3.30000000   3.10000000     8.6788680233
  3.40000000   3.10000000     8.4275449669
  3.50000000   3.10000000     8.4275449669

  0.00000000   3.20000000     0.0000000000
  0.10000000   3.20000000     1.4273768393
  0.20000000   3.20000000     2.8715051770
  0.30000000   3.20000000     4.3460013374
  0.40000000   3.20000000     5.8645030575
  0.50000000   3.20000000     7.4315676136
  0.60000000   3.20000000     9.0517181790
  0.70000000   3.20000000    10.7155063373
  0.80000000   3.20000000    12.4134654417
  0.90000000   3.20000000    14.1192603541
  1.00000000   3.20000000    15.8071626347
  1.10000000   3.20000000    17.4348321448
  1.20000000   3.20000000    18.9626415420
  1.30000000   3.20000000    20.3388026512
  1.40000000   3.20000000    21.5184683038
  1.50000000   3.20000000    22.4532457407
  1.60000000   3.20000000    23.1072546678
  1.70000000   3.20000000    23.4515111613
  1.80000000   3.20000000    23.4734414778
  1.90000000   3.20000000    23.1752265814
  2.00000000   3.20000000    22.5740673488
  2.10000000   3.20000000    21.7038148510
  2.20000000   3.20000000    20.6060170056
  2.30000000   3.20000000    19.3354435936
  2.40000000   3.20000000    17.9446704326
  2.50000000   3.20000000    16.4943283515
  2.60000000   3.20000000    15.0347540500
  2.70000000   3.20000000    13.6203767300
  2.80000000   3.20000000    12.2912494104
  2.90000000   3.20000000    11.0894074642
  3.00000000   3.20000000    10.0422971060
  3.10000000   3.20000000     9.1782631229
  3.20000000   3.20000000     8.5134388454
  3.30000000   3.20000000     8.0637137628
  3.40000000   3.20000000     7.8363182725
  3.50000000   3.20000000     7.8363182725

  0.00000000   3.30000000     0.0000000000
  0.10000000   3.30000000     1.3467175398
  0.20000000   3.30000000     2.7074784369
  0.30000000   3.30000000     4.0958227241
  0.40000000   3.30000000     5.5204855083
  0.50000000   3.30000000     6.9887435834
  0.60000000   3.30000000     8.4988489339
  0.70000000   3.30000000    10.0468873558
  0.80000000   3.30000000    11.6169999633
  0.90000000   3.30000000    13.1911325480
  1.00000000   3.30000000    14.7385515059
  1.10000000   3.30000000    16.2276386030
  1.20000000   3.30000000    17.6164142332
  1.30000000   3.30000000    18.8652324805
  1.40000000   3.30000000    19.9297398508
  1.50000000   3.30000000    20.7727943825
  1.60000000   3.30000000    21.3604004138
  1.70000000   3.30000000    21.6705408312
  1.80000000   3.30000000    21.6915665639
  1.90000000   3.30000000    21.4256162613
  2.00000000   3.30000000    20.8886541246
  2.10000000   3.30000000    20.1074663450
  2.20000000   3.30000000    19.1213264368
  2.30000000   3.30000000    17.9736114648
  2.40000000   3.30000000    16.7158522888
  2.50000000   3.30000000    15.3963130160
  2.60000000   3.30000000    14.0668794342
  2.70000000   3.30000000    12.7709031941
  2.80000000   3.30000000    11.5522955982
  2.90000000   3.30000000    10.4442665932
  3.00000000   3.30000000     9.4790838019
  3.10000000   3.30000000     8.6787650712
  3.20000000   3.30000000     8.0636769792
  3.30000000   3.30000000     7.6459085358
  3.40000000   3.30000000     7.4351256220
  3.50000000   3.30000000     7.4351256220

  0.00000000   3.40000000     0.0000000000
  0.10000000   3.40000000     1.3058999716
  0.20000000   3.40000000     2.6251513336
  0.30000000   3.40000000     3.9693555298
  0.40000000   3.40000000     5.3479520853
  0.50000000   3.40000000     6.7653520787
  0.60000000   3.40000000     8.2219489303
  0.70000000   3.40000000     9.7105615401
  0.80000000   3.40000000    11.2188878613
  0.90000000   3.40000000    12.7259060769
  1.00000000   3.40000000    14.2057495669
  1.10000000   3.40000000    15.6248418466
  1.20000000   3.40000000    16.9470381935
  1.30000000   3.40000000    18.1321303170
  1.40000000   3.40000000    19.1417257235
  1.50000000   3.40000000    19.9392189508
  1.60000000   3.40000000    20.4952584905
  1.70000000   3.40000000    20.7885091186
  1.80000000   3.40000000    20.8090889336
  1.90000000   3.40000000    20.5590598982
  2.00000000   3.40000000    20.0525747240
  2.10000000   3.40000000    19.3155647892
  2.20000000   3.40000000    18.3826009913
  2.30000000   3.40000000    17.2962907383
  2.40000000   3.40000000    16.1021141610
  2.50000000   3.40000000    14.8485603307
  2.60000000   3.40000000    13.5815374685
  2.70000000   3.40000000    12.3458675452
  2.80000000   3.40000000    11.1803727557
  2.90000000   3.40000000    10.1205482650
  3.00000000   3.40000000     9.1947740229
  3.10000000   3.40000000     8.4274261343
  3.20000000   3.40000000     7.8362652460
  3.30000000   3.40000000     7.4351092861
  3.40000000   3.40000000     7.2323174642
  3.50000000   3.40000000     7.2323174642

  0.00000000   3.50000000     0.0000000000
  0.10000000   3.50000000     1.3058999716
  0.20000000   3.50000000     2.6251513336
  0.30000000   3.50000000     3.9693555298
  0.40000000   3.50000000     5.3479520853
  0.50000000   3.50000000     6.7653520787
  0.60000000   3.50000000     8.2219489303
  0.70000000   3.50000000     9.7105615401
  0.80000000   3.50000000    11.2188878613
  0.90000000   3.50000000    12.7259060769
  1.00000000   3.50000000    14.2057495669
  1.10000000   3.50000000    15.6248418466
  1.20000000   3.50000000    16.9470381935
  1.30000000   3.50000000    18.1321303170
  1.40000000   3.50000000    19.1417257235
  1.50000000   3.50000000    19.9392189508
  1.60000000   3.50000000    20.4952584905
  1.70000000   3.50000000    20.7885091186
  1.80000000   3.50000000    20.8090889336
  1.90000000   3.50000000    20.5590598982
  2.00000000   3.50000000    20.0525747240
  2.10000000   3.50000000    19.3155647892
  2.20000000   3.50000000    18.3826009913
  2.30000000   3.50000000    17.2962907383
  2.40000000   3.50000000    16.1021141610
  2.50000000   3.50000000    14.8485603307
  2.60000000   3.50000000    13.5815374685
  2.70000000   3.50000000    12.3458675452
  2.80000000   3.50000000    11.1803727557
  2.90000000   3.50000000    10.1205482650
  3.00000000   3.50000000     9.1947740229
  3.10000000   3.50000000     8.4274261343
  3.20000000   3.50000000     7.8362652460
  3.30000000   3.50000000     7.4351092861
  3.40000000   3.50000000     7.2323174642
  3.50000000   3.50000000     7.2323174642

