  0.00000000   0.00000000     0.0000000000
  0.10000000   0.00000000     5.0409536858
  0.20000000   0.00000000    10.0647753232
  0.30000000   0.00000000    15.0536462132
  0.40000000   0.00000000    19.9884039886
  0.50000000   0.00000000    24.8479513797
  0.60000000   0.00000000    29.6087650233
  0.70000000   0.00000000    34.2445562222
  0.80000000   0.00000000    38.7261291818
  0.90000000   0.00000000    43.0215039997
  1.00000000   0.00000000    47.0963532133
  1.10000000   0.00000000    50.9148122642
  1.20000000   0.00000000    54.4406804006
  1.30000000   0.00000000    57.6390124690
  1.40000000   0.00000000    60.4780249673
  1.50000000   0.00000000    62.9311965040
  1.60000000   0.00000000    64.9793582128
  1.70000000   0.00000000    66.6125454291
  1.80000000   0.00000000    67.8313586552
  1.90000000   0.00000000    68.6476410314
  2.00000000   0.00000000    69.0843558085
  2.10000000   0.00000000    69.1746730084
  2.20000000   0.00000000    68.9603801938
  2.30000000   0.00000000    68.4898206767
  2.40000000   0.00000000    67.8155977650
  2.50000000   0.00000000    66.9922724287
  2.60000000   0.00000000    66.0742382322
  2.70000000   0.00000000    65.1138888666
  2.80000000   0.00000000    64.1601363820
  2.90000000   0.00000000    63.2572782414
  3.00000000   0.00000000    62.4441837784
  3.10000000   0.00000000    61.7537419811
  3.20000000   0.00000000    61.2125144762
  3.30000000   0.00000000    60.8405319625
  3.40000000   0.00000000    60.6511878155
  3.50000000   0.00000000    60.6511878155

  0.00000000   0.10000000     0.0000000000
  0.10000000   0.10000000     5.0409536858
  0.20000000   0.10000000    10.0647753232
  0.30000000   0.10000000    15.0536462132
  0.40000000   0.10000000    19.9884039886
  0.50000000   0.10000000    24.8479513797
  0.60000000   0.10000000    29.6087650233
  0.70000000   0.10000000    34.2445562222
  0.80000000   0.10000000    38.7261291818
  0.90000000   0.10000000    43.0215039997
  1.00000000   0.10000000    47.0963532133
  1.10000000   0.10000000    50.9148122642
  1.20000000   0.10000000    54.4406804006
  1.30000000   0.10000000    57.6390124690
  1.40000000   0.10000000    60.4780249673
  1.50000000   0.10000000    62.9311965040
  1.60000000   0.10000000    64.9793582128
  1.70000000   0.10000000    66.6125454291
  1.80000000   0.10000000    67.8313586552
  1.90000000   0.10000000    68.6476410314
  2.00000000   0.10000000    69.0843558085
  2.10000000   0.10000000    69.1746730084
  2.20000000   0.10000000    68.9603801938
  2.30000000   0.10000000    68.4898206767
  2.40000000   0.10000000    67.8155977650
  2.50000000   0.10000000    66.9922724287
  2.60000000   0.10000000    66.0742382322
  2.70000000   0.10000000    65.1138888666
  2.80000000   0.10000000    64.1601363820
  2.90000000   0.10000000    63.2572782414
  3.00000000   0.10000000    62.4441837784
  3.10000000   0.10000000    61.7537419811
  3.20000000   0.10000000    61.2125144762
  3.30000000   0.10000000    60.8405319625
  3.40000000   0.10000000    60.6511878155
  3.50000000   0.10000000    60.6511878155

  0.00000000   0.20000000     0.0000000000
  0.10000000   0.20000000     5.0758656051
  0.20000000   0.20000000    10.1352114851
  0.30000000   0.20000000    15.1608026345
  0.40000000   0.20000000    20.1340038343
  0.50000000   0.20000000    25.0341477313
  0.60000000   0.20000000    29.8380061966
  0.70000000   0.20000000    34.5193922264
  0.80000000   0.20000000    39.0489697856
  0.90000000   0.20000000    43.3943088625
  1.00000000   0.20000000    47.5202825557
  1.10000000   0.20000000    51.3898376490
  1.20000000   0.20000000    54.9652153592
  1.30000000   0.20000000    58.2095941651
  1.40000000   0.20000000    61.0891332318
  1.50000000   0.20000000    63.5752521592
  1.60000000   0.20000000    65.6469638002
  1.70000000   0.20000000    67.2929564988
  1.80000000   0.20000000    68.5131581003
  1.90000000   0.20000000    69.3195155809
  2.00000000   0.20000000    69.7358710840
  2.10000000   0.20000000    69.7969282233
  2.20000000   0.20000000    69.5464649801
  2.30000000   0.20000000    69.0350360973
  2.40000000   0.20000000    68.3174522727
  2.50000000   0.20000000    67.4503023281
  2.60000000   0.20000000    66.4897112028
  2.70000000   0.20000000    65.4894602696
  2.80000000   0.20000000    64.4995022499
  2.90000000   0.20000000    63.5648687355
  3.00000000   0.20000000    62.7249074927
  3.10000000   0.20000000    62.0127959774
  3.20000000   0.20000000    61.4552488997
  3.30000000   0.20000000    61.0723679805
  3.40000000   0.20000000    60.8775714286
  3.50000000   0.20000000    60.8775714286

  0.00000000   0.30000000     0.0000000000
  0.10000000   0.30000000     5.1449971062
  0.20000000   0.30000000    10.2747247015
  0.30000000   0.30000000    15.3731473936
  0.40000000   0.30000000    20.4227149365
  0.50000000   0.30000000    25.4036685917
  0.60000000   0.30000000    30.2934138531
  0.70000000   0.30000000    35.0660328722
  0.80000000   0.30000000    39.6919576840
  0.90000000   0.30000000    44.1379195012
  1.00000000   0.30000000    48.3672118878
  1.10000000   0.30000000    52.3404092584
  1.20000000   0.30000000    56.0165665228
  1.30000000   0.30000000    59.3549974024
  1.40000000   0.30000000    62.3175510125
  1.50000000   0.30000000    64.8713095547
  1.60000000   0.30000000    66.9914062289
  1.70000000   0.30000000    68.6636497526
  1.80000000   0.30000000    69.8865108882
  1.90000000   0.30000000    70.6721548768
  2.00000000   0.30000000    71.0462947189
  2.10000000   0.30000000    71.0468994626
  2.20000000   0.30000000    70.7219591952
  2.30000000   0.30000000    70.1266700334
  2.40000000   0.30000000    69.3204321255
  2.50000000   0.30000000    68.3639964828
  2.60000000   0.30000000    67.3170011779
  2.70000000   0.30000000    66.2359946255
  2.80000000   0.30000000    65.1729765571
  2.90000000   0.30000000    64.1743851069
  3.00000000   0.30000000    63.2804663625
  3.10000000   0.30000000    62.5249113886
  3.20000000   0.30000000    61.9346939104
  3.30000000   0.30000000    61.5300161608
  3.40000000   0.30000000    61.3243217815
  3.50000000   0.30000000    61.3243217815

  0.00000000   0.40000000     0.0000000000
  0.10000000   0.40000000     5.2469379067
  0.20000000   0.40000000    10.4805461440
  0.30000000   0.40000000    15.6866557446
  0.40000000   0.40000000    20.8494364235
  0.50000000   0.40000000    25.9505895987
  0.60000000   0.40000000    30.9686106508
  0.70000000   0.40000000    35.8781197889
  0.80000000   0.40000000    40.6493701551
  0.90000000   0.40000000    45.2479594640
  1.00000000   0.40000000    49.6349201473
  1.10000000   0.40000000    53.7672520759
  1.20000000   0.40000000    57.5991101602
  1.30000000   0.40000000    61.0836871631
  1.40000000   0.40000000    64.1759002636
  1.50000000   0.40000000    66.8357032989
  1.60000000   0.40000000    69.0317872779
  1.70000000   0.40000000    70.7451051635
  1.80000000   0.40000000    71.9716602882
  1.90000000   0.40000000    72.7239569047
  2.00000000   0.40000000    73.0308378197
  2.10000000   0.40000000    72.9357049983
  2.20000000   0.40000000    72.4934923829
  2.30000000   0.40000000    71.7669425061
  2.40000000   0.40000000    70.8227843411
  2.50000000   0.40000000    69.7282892044
  2.60000000   0.40000000    68.5484645218
  2.70000000   0.40000000    67.3439884658
  2.80000000   0.40000000    66.1698120007
  2.90000000   0.40000000    65.0743336410
  3.00000000   0.40000000    64.0989746934
  3.10000000   0.40000000    63.2780485612
  3.20000000   0.40000000    62.6387835583
  3.30000000   0.40000000    62.2014384249
  3.40000000   0.40000000    61.9794268205
  3.50000000   0.40000000    61.9794268205

  0.00000000   0.50000000     0.0000000000
  0.10000000   0.50000000     5.3795152919
  0.20000000   0.50000000    10.7483946843
  0.30000000   0.50000000    16.0950874779
  0.40000000   0.50000000    21.4062026123
  0.50000000   0.50000000    26.6655956910
  0.60000000   0.50000000    31.8534443625
  0.70000000   0.50000000    36.9453901877
  0.80000000   0.50000000    41.9117421479
  0.90000000   0.50000000    46.7169053472
  1.00000000   0.50000000    51.3190962947
  1.10000000   0.50000000    55.6706213447
  1.20000000   0.50000000    59.7188629262
  1.30000000   0.50000000    63.4083004616
  1.40000000   0.50000000    66.6836385877
  1.50000000   0.50000000    69.4940974096
  1.60000000   0.50000000    71.7984296637
  1.70000000   0.50000000    73.5700065454
  1.80000000   0.50000000    74.8009095959
  1.90000000   0.50000000    75.5041450361
  2.00000000   0.50000000    75.7134105666
  2.10000000   0.50000000    75.4804999021
  2.20000000   0.50000000    74.8709155876
  2.30000000   0.50000000    73.9586503973
  2.40000000   0.50000000    72.8210878711
  2.50000000   0.50000000    71.5346884860
  2.60000000   0.50000000    70.1717819366
  2.70000000   0.50000000    68.7984439201
  2.80000000   0.50000000    67.4733107248
  2.90000000   0.50000000    66.2470584416
  3.00000000   0.50000000    65.1623491795
  3.10000000   0.50000000    64.2540176113
  3.20000000   0.50000000    63.5493906140
  3.30000000   0.50000000    63.0686119207
  3.40000000   0.50000000    62.8249365778
  3.50000000   0.50000000    62.8249365778

  0.00000000   0.60000000     0.0000000000
  0.10000000   0.60000000     5.5397300748
  0.20000000   0.60000000    11.0723488940
  0.30000000   0.60000000    16.5897541937
  0.40000000   0.60000000    22.0818474143
  0.50000000   0.60000000    27.5354703130
  0.60000000   0.60000000    32.9333161686
  0.70000000   0.60000000    38.2527692149
  0.80000000   0.60000000    43.4647835693
  0.90000000   0.60000000    48.5328121831
  1.00000000   0.60000000    53.4120411869
  1.10000000   0.60000000    58.0490923655
  1.20000000   0.60000000    62.3826595500
  1.30000000   0.60000000    66.3454127833
  1.40000000   0.60000000    69.8676801626
  1.50000000   0.60000000    72.8829799301
  1.60000000   0.60000000    75.3351513523
  1.70000000   0.60000000    77.1859204337
  1.80000000   0.60000000    78.4212821100
  1.90000000   0.60000000    79.0549489071
  2.00000000   0.60000000    79.1280293913
  2.10000000   0.60000000    78.7050011393
  2.20000000   0.60000000    77.8670360472
  2.30000000   0.60000000    76.7043415188
  2.40000000   0.60000000    75.3091126549
  2.50000000   0.60000000    73.7700697819
  2.60000000   0.60000000    72.1688313931
  2.70000000   0.60000000    70.5779426992
  2.80000000   0.60000000    69.0601128565
  2.90000000   0.60000000    67.6682678459
  3.00000000   0.60000000    66.4460233768
  3.10000000   0.60000000    65.4283639520
  3.20000000   0.60000000    64.6423240191
  3.30000000   0.60000000    64.1076099914
  3.40000000   0.60000000    63.8370798987
  3.50000000   0.60000000    63.8370798987

  0.00000000   0.70000000     0.0000000000
  0.10000000   0.70000000     5.7236938871
  0.20000000   0.70000000    11.4446933555
  0.30000000   0.70000000    17.1592714804
  0.40000000   0.70000000    22.8615805893
  0.50000000   0.70000000    28.5424918061
  0.60000000   0.70000000    34.1882793775
  0.70000000   0.70000000    39.7791889573
  0.80000000   0.70000000    45.2878222958
  0.90000000   0.70000000    50.6774947218
  1.00000000   0.70000000    55.9006331799
  1.10000000   0.70000000    60.8976413897
  1.20000000   0.70000000    65.5966448527
  1.30000000   0.70000000    69.9149702321
  1.40000000   0.70000000    73.7631032162
  1.50000000   0.70000000    77.0518903956
  1.60000000   0.70000000    79.7027625736
  1.70000000   0.70000000    81.6595348501
  1.80000000   0.70000000    82.8986841582
  1.90000000   0.70000000    83.4349639361
  2.00000000   0.70000000    83.3208455029
  2.10000000   0.70000000    82.6400605512
  2.20000000   0.70000000    81.4969579650
  2.30000000   0.70000000    80.0048295923
  2.40000000   0.70000000    78.2759724896
  2.50000000   0.70000000    76.4148027933
  2.60000000   0.70000000    74.5140516725
  2.70000000   0.70000000    72.6533306796
  2.80000000   0.70000000    70.8992627909
  2.90000000   0.70000000    69.3064237802
  3.00000000   0.70000000    67.9186366607
  3.10000000   0.70000000    66.7702669990
  3.20000000   0.70000000    65.8873972794
  3.30000000   0.70000000    65.2887660572
  3.40000000   0.70000000    64.9864814720
  3.50000000   0.70000000    64.9864814720

  0.00000000   0.80000000     0.0000000000
  0.10000000   0.80000000     5.9265694140
  0.20000000   0.80000000    11.8557953169
  0.30000000   0.80000000    17.7893008503
  0.40000000   0.80000000    23.7265800251
  0.50000000   0.80000000    29.6637362971
  0.60000000   0.80000000    35.5920278693
  0.70000000   0.80000000    41.4960836140
  0.80000000   0.80000000    47.3518188929
  0.90000000   0.80000000    53.1239594262
  1.00000000   0.80000000    58.7633933451
  1.10000000   0.80000000    64.2045660649
  1.20000000   0.80000000    69.3637069003
  1.30000000   0.80000000    74.1389127842
  1.40000000   0.80000000    78.4138270664
  1.50000000   0.80000000    82.0665166412
  1.60000000   0.80000000    84.9844006715
  1.70000000   0.80000000    87.0831948995
  1.80000000   0.80000000    88.3243434290
  1.90000000   0.80000000    88.7241775265
  2.00000000   0.80000000    88.3529268223
  2.10000000   0.80000000    87.3240664114
  2.20000000   0.80000000    85.7766007837
  2.30000000   0.80000000    83.8566261803
  2.40000000   0.80000000    81.7031902865
  2.50000000   0.80000000    79.4400097715
  2.60000000   0.80000000    77.1721523564
  2.70000000   0.80000000    74.9860206086
  2.80000000   0.80000000    72.9510491847
  2.90000000   0.80000000    71.1220792978
  3.00000000   0.80000000    69.5417342977
  3.10000000   0.80000000    68.2425367377
  3.20000000   0.80000000    67.2486084078
  3.30000000   0.80000000    66.5769828351
  3.40000000   0.80000000    66.2385247211
  3.50000000   0.80000000    66.2385247211

  0.00000000   0.90000000     0.0000000000
  0.10000000   0.90000000     6.1425490696
  0.20000000   0.90000000    12.2940205049
  0.30000000   0.90000000    18.4623880937
  0.40000000   0.90000000    24.6536222392
  0.50000000   0.90000000    30.8704544127
  0.60000000   0.90000000    37.1107937225
  0.70000000   0.90000000    43.3657263886
  0.80000000   0.90000000    49.6168720415
  0.90000000   0.90000000    55.8330678544
  1.00000000   0.90000000    61.9662407296
  1.10000000   0.90000000    67.9467827502
  1.20000000   0.90000000    73.6789993512
  1.30000000   0.90000000    79.0382963309
  1.40000000   0.90000000    83.8727427617
  1.50000000   0.90000000    88.0129705735
  1.60000000   0.90000000    91.2936225336
  1.70000000   0.90000000    93.5851078511
  1.80000000   0.90000000    94.8247627982
  1.90000000   0.90000000    95.0315207675
  2.00000000   0.90000000    94.3039078308
  2.10000000   0.90000000    92.8026666898
  2.20000000   0.90000000    90.7196271405
  2.30000000   0.90000000    88.2475302603
  2.40000000   0.90000000    85.5601797829
  2.50000000   0.90000000    82.8036338469
  2.60000000   0.90000000    80.0951088907
  2.70000000   0.90000000    77.5258942197
  2.80000000   0.90000000    75.1657372971
  2.90000000   0.90000000    73.0672288146
  3.00000000   0.90000000    71.2696088868
  3.10000000   0.90000000    69.8017683333
  3.20000000   0.90000000    68.6845243944
  3.30000000   0.90000000    67.9322372395
  3.40000000   0.90000000    67.5539214918
  3.50000000   0.90000000    67.5539214918

  0.00000000   1.00000000     0.0000000000
  0.10000000   1.00000000     6.3648781161
  0.20000000   1.00000000    12.7457726490
  0.30000000   1.00000000    19.1579259150
  0.40000000   1.00000000    25.6149296628
  0.50000000   1.00000000    32.1275893477
  0.60000000   1.00000000    38.7024174467
  0.70000000   1.00000000    45.3394839564
  0.80000000   1.00000000    52.0294382350
  0.90000000   1.00000000    58.7492876911
  1.00000000   1.00000000    65.4567109967
  1.10000000   1.00000000    72.0826150191
  1.20000000   1.00000000    78.5223891260
  1.30000000   1.00000000    84.6273247458
  1.40000000   1.00000000    90.2003324392
  1.50000000   1.00000000    95.0034206941
  1.60000000   1.00000000    98.7870691989
  1.70000000   1.00000000   101.3454679207
  1.80000000   1.00000000   102.5773894421
  1.90000000   1.00000000   102.5063860878
  2.00000000   1.00000000   101.2765374910
  2.10000000   1.00000000    99.1266896060
  2.20000000   1.00000000    96.3312974208
  2.30000000   1.00000000    93.1492030650
  2.40000000   1.00000000    89.7973929192
  2.50000000   1.00000000    86.4450622634
  2.60000000   1.00000000    83.2183845134
  2.70000000   1.00000000    80.2089721624
  2.80000000   1.00000000    77.4823227009
  2.90000000   1.00000000    75.0848795460
  3.00000000   1.00000000    73.0493898340
  3.10000000   1.00000000    71.3987967526
  3.20000000   1.00000000    70.1489342810
  3.30000000   1.00000000    69.3103626279
  3.40000000   1.00000000    68.8895425642
  3.50000000   1.00000000    68.8895425642

  0.00000000   1.10000000     0.0000000000
  0.10000000   1.10000000     6.5859669061
  0.20000000   1.10000000    13.1956745623
  0.30000000   1.10000000    19.8523891976
  0.40000000   1.10000000    26.5783063079
  0.50000000   1.10000000    33.3937253538
  0.60000000   1.10000000    40.3157661219
  0.70000000   1.10000000    47.3564216320
  0.80000000   1.10000000    54.5194793039
  0.90000000   1.10000000    61.7958329213
  1.00000000   1.10000000    69.1563139928
  1.10000000   1.10000000    76.5412234947
  1.20000000   1.10000000    83.8457025169
  1.30000000   1.10000000    90.9015029980
  1.40000000   1.10000000    97.4591785227
  1.50000000   1.10000000   103.1832157820
  1.60000000   1.10000000   107.6851271587
  1.70000000   1.10000000   110.6224914609
  1.80000000   1.10000000   111.8355896322
  1.90000000   1.10000000   111.3569453924
  2.00000000   1.10000000   109.4017519516
  2.10000000   1.10000000   106.3456904239
  2.20000000   1.10000000   102.5965086963
  2.30000000   1.10000000    98.5048365641
  2.40000000   1.10000000    94.3363142110
  2.50000000   1.10000000    90.2781102684
  2.60000000   1.10000000    86.4566284300
  2.70000000   1.10000000    82.9551271371
  2.80000000   1.10000000    79.8276673784
  2.90000000   1.10000000    77.1090579324
  3.00000000   1.10000000    74.8216102034
  3.10000000   1.10000000    72.9795531667
  3.20000000   1.10000000    71.5918859920
  3.30000000   1.10000000    70.6641578563
  3.40000000   1.10000000    70.1995650801
  3.50000000   1.10000000    70.1995650801

  0.00000000   1.20000000     0.0000000000
  0.10000000   1.20000000     6.7975958903
  0.20000000   1.20000000    13.6269826371
  0.30000000   1.20000000    20.5198819070
  0.40000000   1.20000000    27.5077956358
  0.50000000   1.20000000    34.6216331712
  0.60000000   1.20000000    41.8909824625
  0.70000000   1.20000000    49.3426861906
  0.80000000   1.20000000    56.9983232201
  0.90000000   1.20000000    64.8697366085
  1.00000000   1.20000000    72.9514268823
  1.10000000   1.20000000    81.2077164860
  1.20000000   1.20000000    89.5519248566
  1.30000000   1.20000000    97.8142795913
  1.40000000   1.20000000   105.6983073621
  1.50000000   1.20000000   112.7384145334
  1.60000000   1.20000000   118.3088591557
  1.70000000   1.20000000   121.7946491911
  1.80000000   1.20000000   122.9685473016
  1.90000000   1.20000000   121.8817648838
  2.00000000   1.20000000   118.8425479308
  2.10000000   1.20000000   114.4911245664
  2.20000000   1.20000000   109.4568676780
  2.30000000   1.20000000   104.2093008540
  2.40000000   1.20000000    99.0555865974
  2.50000000   1.20000000    94.1827421668
  2.60000000   1.20000000    89.6994650200
  2.70000000   1.20000000    85.6665344273
  2.80000000   1.20000000    82.1164768306
  2.90000000   1.20000000    79.0656504734
  3.00000000   1.20000000    76.5214406327
  3.10000000   1.20000000    74.4864959847
  3.20000000   1.20000000    72.9611632017
  3.30000000   1.20000000    71.9448846705
  3.40000000   1.20000000    71.4369620595
  3.50000000   1.20000000    71.4369620595

  0.00000000   1.30000000     0.0000000000
  0.10000000   1.30000000     6.9912478279
  0.20000000   1.30000000    14.0222330835
  0.30000000   1.30000000    21.1331295768
  0.40000000   1.30000000    28.3649353318
  0.50000000   1.30000000    35.7597704591
  0.60000000   1.30000000    43.3609330696
  0.70000000   1.30000000    51.2125406247
  0.80000000   1.30000000    59.3582743762
  0.90000000   1.30000000    67.8384926484
  1.00000000   1.30000000    76.6840998568
  1.10000000   1.30000000    85.9043265213
  1.20000000   1.30000000    95.4628125246
  1.30000000   1.30000000   105.2321684835
  1.40000000   1.30000000   114.9117355760
  1.50000000   1.30000000   123.8976739778
  1.60000000   1.30000000   131.1571332172
  1.70000000   1.30000000   135.4267676399
  1.80000000   1.30000000   136.5218745717
  1.90000000   1.30000000   134.5341287043
  2.00000000   1.30000000   129.7895737133
  2.10000000   1.30000000   123.5345615821
  2.20000000   1.30000000   116.7677053097
  2.30000000   1.30000000   110.0788524739
  2.40000000   1.30000000   103.7737565406
  2.50000000   1.30000000    97.9969890496
  2.60000000   1.30000000    92.8088846492
  2.70000000   1.30000000    88.2279006590
  2.80000000   1.30000000    84.2528768103
  2.90000000   1.30000000    80.8744576478
  3.00000000   1.30000000    78.0808629046
  3.10000000   1.30000000    75.8606982798
  3.20000000   1.30000000    74.2042731983
  3.30000000   1.30000000    73.1041476253
  3.40000000   1.30000000    72.5553327410
  3.50000000   1.30000000    72.5553327410

  0.00000000   1.40000000     0.0000000000
  0.10000000   1.40000000     7.1585465985
  0.20000000   1.40000000    14.3641613112
  0.30000000   1.40000000    21.6648891661
  0.40000000   1.40000000    29.1107645909
  0.50000000   1.40000000    36.7548617405
  0.60000000   1.40000000    44.6544065366
  0.70000000   1.40000000    52.8718471956
  0.80000000   1.40000000    61.4757392579
  0.90000000   1.40000000    70.5409067021
  1.00000000   1.40000000    80.1468092551
  1.10000000   1.40000000    90.3713901701
  1.20000000   1.40000000   101.2741062333
  1.30000000   1.40000000   112.8523136204
  1.40000000   1.40000000   124.9315602265
  1.50000000   1.40000000   136.8964800678
  1.60000000   1.40000000   147.1102724754
  1.70000000   1.40000000   152.3542716695
  1.80000000   1.40000000   153.2896533350
  1.90000000   1.40000000   150.0912838804
  2.00000000   1.40000000   142.4170707116
  2.10000000   1.40000000   133.2848540165
  2.20000000   1.40000000   124.2211974980
  2.30000000   1.40000000   115.8101846305
  2.40000000   1.40000000   108.2324710817
  2.50000000   1.40000000   101.5128655306
  2.60000000   1.40000000    95.6207864183
  2.70000000   1.40000000    90.5100545794
  2.80000000   1.40000000    86.1343640904
  2.90000000   1.40000000    82.4529004077
  3.00000000   1.40000000    79.4319066926
  3.10000000   1.40000000    77.0446637136
  3.20000000   1.40000000    75.2709016026
  3.30000000   1.40000000    74.0961230048
  3.40000000   1.40000000    73.5110096906
  3.50000000   1.40000000    73.5110096906

  0.00000000   1.50000000     0.0000000000
  0.10000000   1.50000000     7.2917953425
  0.20000000   1.50000000    14.6368128319
  0.30000000   1.50000000    22.0897686961
  0.40000000   1.50000000    29.7084726098
  0.50000000   1.50000000    37.5556648749
  0.60000000   1.50000000    45.7012082878
  0.70000000   1.50000000    54.2248296226
  0.80000000   1.50000000    63.2195692293
  0.90000000   1.50000000    72.7961875257
  1.00000000   1.50000000    83.0886226830
  1.10000000   1.50000000    94.2603554563
  1.20000000   1.50000000   106.5100924119
  1.30000000   1.50000000   120.0696284554
  1.40000000   1.50000000   135.1599965570
  1.50000000   1.50000000   151.7356996723
  1.60000000   1.50000000   168.1187512353
  1.70000000   1.50000000   173.6783581499
  1.80000000   1.50000000   174.2882350587
  1.90000000   1.50000000   170.2386380774
  2.00000000   1.50000000   156.6446666181
  2.10000000   1.50000000   143.1397454634
  2.20000000   1.50000000   131.2258259015
  2.30000000   1.50000000   120.9406479190
  2.40000000   1.50000000   112.0916627945
  2.50000000   1.50000000   104.4833123013
  2.60000000   1.50000000    97.9543332525
  2.70000000   1.50000000    92.3784921222
  2.80000000   1.50000000    87.6588127996
  2.90000000   1.50000000    83.7215151141
  3.00000000   1.50000000    80.5109645931
  3.10000000   1.50000000    77.9857451855
  3.20000000   1.50000000    76.1157369524
  3.30000000   1.50000000    74.8799998838
  3.40000000   1.50000000    74.2653249828
  3.50000000   1.50000000    74.2653249828

  0.00000000   1.60000000     0.0000000000
  0.10000000   1.60000000     7.3845466940
  0.20000000   1.60000000    14.8267697064
  0.30000000   1.60000000    22.3862418187
  0.40000000   1.60000000    30.1265114991
  0.50000000   1.60000000    38.1175656821
  0.60000000   1.60000000    46.4389632023
  0.70000000   1.60000000    55.1840132285
  0.80000000   1.60000000    64.4656207612
  0.90000000   1.60000000    74.4247442250
  1.00000000   1.60000000    85.2431802600
  1.10000000   1.60000000    97.1639191067
  1.20000000   1.60000000   110.5267149884
  1.30000000   1.60000000   125.8412092546
  1.40000000   1.60000000   143.9792866883
  1.50000000   1.60000000   166.8311486914
  1.60000000   1.60000000   200.0000000000
  1.70000000   1.60000000   200.0000000000
  1.80000000   1.60000000   200.0000000000
  1.90000000   1.60000000   200.0000000000
  2.00000000   1.60000000   170.8932911612
  2.10000000   1.60000000   151.5544782044
  2.20000000   1.60000000   136.7895375573
  2.30000000   1.60000000   124.8555880524
  2.40000000   1.60000000   114.9598863729
  2.50000000   1.60000000   106.6495662558
  2.60000000   1.60000000    99.6322454092
  2.70000000   1.60000000    93.7076634970
  2.80000000   1.60000000    88.7344157027
  2.90000000   1.60000000    84.6109647097
  3.00000000   1.60000000    81.2638276859
  3.10000000   1.60000000    78.6399086647
  3.20000000   1.60000000    76.7014082093
  3.30000000   1.60000000    75.4224432121
  3.40000000   1.60000000    74.7868467688
  3.50000000   1.60000000    74.7868467688

  0.00000000   1.70000000     0.0000000000
  0.10000000   1.70000000     7.4321446362
  0.20000000   1.70000000    14.9243057766
  0.30000000   1.70000000    22.5386201528
  0.40000000   1.70000000    30.3416852160
  0.50000000   1.70000000    38.4073845634
  0.60000000   1.70000000    46.8205491475
  0.70000000   1.70000000    55.6819898731
  0.80000000   1.70000000    65.1157341796
  0.90000000   1.70000000    75.2798650306
  1.00000000   1.70000000    86.3833085134
  1.10000000   1.70000000    98.7125688171
  1.20000000   1.70000000   112.6747288665
  1.30000000   1.70000000   128.8641057621
  1.40000000   1.70000000   148.1459773608
  1.50000000   1.70000000   171.6486617962
  1.60000000   1.70000000   200.0000000000
  1.70000000   1.70000000   200.0000000000
  1.80000000   1.70000000   200.0000000000
  1.90000000   1.70000000   200.0000000000
  2.00000000   1.70000000   175.4511774549
  2.10000000   1.70000000   155.5268663394
  2.20000000   1.70000000   139.6973236749
  2.30000000   1.70000000   126.9439416460
  2.40000000   1.70000000   116.4857600554
  2.50000000   1.70000000   107.7929481903
  2.60000000   1.70000000   100.5109802789
  2.70000000   1.70000000    94.3992423842
  2.80000000   1.70000000    89.2911866754
  2.90000000   1.70000000    85.0695341528
  3.00000000   1.70000000    81.6507798584
  3.10000000   1.70000000    78.9753430670
  3.20000000   1.70000000    77.0012096332
  3.30000000   1.70000000    75.6998043863
  3.40000000   1.70000000    75.0533612604
  3.50000000   1.70000000    75.0533612604

  0.00000000   1.80000000     0.0000000000
  0.10000000   1.80000000     7.4321446362
  0.20000000   1.80000000    14.9243057766
  0.30000000   1.80000000    22.5386201528
  0.40000000   1.80000000    30.3416852160
  0.50000000   1.80000000    38.4073845634
  0.60000000   1.80000000    46.8205491475
  0.70000000   1.80000000    55.6819898731
  0.80000000   1.80000000    65.1157341796
  0.90000000   1.80000000    75.2798650306
  1.00000000   1.80000000    86.3833085134
  1.10000000   1.80000000    98.7125688171
  1.20000000   1.80000000   112.6747288665
  1.30000000   1.80000000   128.8641057621
  1.40000000   1.80000000   148.1459773608
  1.50000000   1.80000000   171.6486617962
  1.60000000   1.80000000   200.0000000000
  1.70000000   1.80000000   200.0000000000
  1.80000000   1.80000000   200.0000000000
  1.90000000   1.80000000   200.0000000000
  2.00000000   1.80000000   175.4511774549
  2.10000000   1.80000000   155.5268663394
  2.20000000   1.80000000   139.6973236749
  2.30000000   1.80000000   126.9439416460
  2.40000000   1.80000000   116.4857600554
  2.50000000   1.80000000   107.7929481903
  2.60000000   1.80000000   100.5109802789
  2.70000000   1.80000000    94.3992423842
  2.80000000   1.80000000    89.2911866754
  2.90000000   1.80000000    85.0695341528
  3.00000000   1.80000000    81.6507798584
  3.10000000   1.80000000    78.9753430670
  3.20000000   1.80000000    77.0012096332
  3.30000000   1.80000000    75.6998043863
  3.40000000   1.80000000    75.0533612604
  3.50000000   1.80000000    75.0533612604

  0.00000000   1.90000000     0.0000000000
  0.10000000   1.90000000     7.3845466940
  0.20000000   1.90000000    14.8267697064
  0.30000000   1.90000000    22.3862418187
  0.40000000   1.90000000    30.1265114991
  0.50000000   1.90000000    38.1175656821
  0.60000000   1.90000000    46.4389632023
  0.70000000   1.90000000    55.1840132285
  0.80000000   1.90000000    64.4656207612
  0.90000000   1.90000000    74.4247442250
  1.00000000   1.90000000    85.2431802600
  1.10000000   1.90000000    97.1639191067
  1.20000000   1.90000000   110.5267149884
  1.30000000   1.90000000   125.8412092546
  1.40000000   1.90000000   143.9792866883
  1.50000000   1.90000000   166.8311486914
  1.60000000   1.90000000   200.0000000000
  1.70000000   1.90000000   200.0000000000
  1.80000000   1.90000000   200.0000000000
  1.90000000   1.90000000   200.0000000000
  2.00000000   1.90000000   170.8932911612
  2.10000000   1.90000000   151.5544782044
  2.20000000   1.90000000   136.7895375573
  2.30000000   1.90000000   124.8555880524
  2.40000000   1.90000000   114.9598863729
  2.50000000   1.90000000   106.6495662558
  2.60000000   1.90000000    99.6322454092
  2.70000000   1.90000000    93.7076634970
  2.80000000   1.90000000    88.7344157027
  2.90000000   1.90000000    84.6109647097
  3.00000000   1.90000000    81.2638276859
  3.10000000   1.90000000    78.6399086647
  3.20000000   1.90000000    76.7014082093
  3.30000000   1.90000000    75.4224432121
  3.40000000   1.90000000    74.7868467688
  3.50000000   1.90000000    74.7868467688

  0.00000000   2.00000000     0.0000000000
  0.10000000   2.00000000     7.2917953425
  0.20000000   2.00000000    14.6368128319
  0.30000000   2.00000000    22.0897686961
  0.40000000   2.00000000    29.7084726098
  0.50000000   2.00000000    37.5556648749
  0.60000000   2.00000000    45.7012082878
  0.70000000   2.00000000    54.2248296226
  0.80000000   2.00000000    63.2195692293
  0.90000000   2.00000000    72.7961875257
  1.00000000   2.00000000    83.0886226830
  1.10000000   2.00000000    94.2603554563
  1.20000000   2.00000000   106.5100924119
  1.30000000   2.00000000   120.0696284554
  1.40000000   2.00000000   135.1599965570
  1.50000000   2.00000000   151.7356996723
  1.60000000   2.00000000   168.1187512353
  1.70000000   2.00000000   173.6783581499
  1.80000000   2.00000000   174.2882350587
  1.90000000   2.00000000   170.2386380774
  2.00000000   2.00000000   156.6446666181
  2.10000000   2.00000000   143.1397454634
  2.20000000   2.00000000   131.2258259015
  2.30000000   2.00000000   120.9406479190
  2.40000000   2.00000000   112.0916627945
  2.50000000   2.00000000   104.4833123013
  2.60000000   2.00000000    97.9543332525
  2.70000000   2.00000000    92.3784921222
  2.80000000   2.00000000    87.6588127996
  2.90000000   2.00000000    83.7215151141
  3.00000000   2.00000000    80.5109645931
  3.10000000   2.00000000    77.9857451855
  3.20000000   2.00000000    76.1157369524
  3.30000000   2.00000000    74.8799998838
  3.40000000   2.00000000    74.2653249828
  3.50000000   2.00000000    74.2653249828

  0.00000000   2.10000000     0.0000000000
  0.10000000   2.10000000     7.1585465985
  0.20000000   2.10000000    14.3641613112
  0.30000000   2.10000000    21.6648891661
  0.40000000   2.10000000    29.1107645909
  0.50000000   2.10000000    36.7548617405
  0.60000000   2.10000000    44.6544065366
  0.70000000   2.10000000    52.8718471956
  0.80000000   2.10000000    61.4757392579
  0.90000000   2.10000000    70.5409067021
  1.00000000   2.10000000    80.1468092551
  1.10000000   2.10000000    90.3713901701
  1.20000000   2.10000000   101.2741062333
  1.30000000   2.10000000   112.8523136204
  1.40000000   2.10000000   124.9315602265
  1.50000000   2.10000000   136.8964800678
  1.60000000   2.10000000   147.1102724754
  1.70000000   2.10000000   152.3542716695
  1.80000000   2.10000000   153.2896533350
  1.90000000   2.10000000   150.0912838804
  2.00000000   2.10000000   142.4170707116
  2.10000000   2.10000000   133.2848540165
  2.20000000   2.10000000   124.2211974980
  2.30000000   2.10000000   115.8101846305
  2.40000000   2.10000000   108.2324710817
  2.50000000   2.10000000   101.5128655306
  2.60000000   2.10000000    95.6207864183
  2.70000000   2.10000000    90.5100545794
  2.80000000   2.10000000    86.1343640904
  2.90000000   2.10000000    82.4529004077
  3.00000000   2.10000000    79.4319066926
  3.10000000   2.10000000    77.0446637136
  3.20000000   2.10000000    75.2709016026
  3.30000000   2.10000000    74.0961230048
  3.40000000   2.10000000    73.5110096906
  3.50000000   2.10000000    73.5110096906

  0.00000000   2.20000000     0.0000000000
  0.10000000   2.20000000     6.9912478279
  0.20000000   2.20000000    14.0222330835
  0.30000000   2.20000000    21.1331295768
  0.40000000   2.20000000    28.3649353318
  0.50000000   2.20000000    35.7597704591
  0.60000000   2.20000000    43.3609330696
  0.70000000   2.20000000    51.2125406247
  0.80000000   2.20000000    59.3582743762
  0.90000000   2.20000000    67.8384926484
  1.00000000   2.20000000    76.6840998568
  1.10000000   2.20000000    85.9043265213
  1.20000000   2.20000000    95.4628125246
  1.30000000   2.20000000   105.2321684835
  1.40000000   2.20000000   114.9117355760
  1.50000000   2.20000000   123.8976739778
  1.60000000   2.20000000   131.1571332172
  1.70000000   2.20000000   135.4267676399
  1.80000000   2.20000000   136.5218745717
  1.90000000   2.20000000   134.5341287043
  2.00000000   2.20000000   129.7895737133
  2.10000000   2.20000000   123.5345615821
  2.20000000   2.20000000   116.7677053097
  2.30000000   2.20000000   110.0788524739
  2.40000000   2.20000000   103.7737565406
  2.50000000   2.20000000    97.9969890496
  2.60000000   2.20000000    92.8088846492
  2.70000000   2.20000000    88.2279006590
  2.80000000   2.20000000    84.2528768103
  2.90000000   2.20000000    80.8744576478
  3.00000000   2.20000000    78.0808629046
  3.10000000   2.20000000    75.8606982798
  3.20000000   2.20000000    74.2042731983
  3.30000000   2.20000000    73.1041476253
  3.40000000   2.20000000    72.5553327410
  3.50000000   2.20000000    72.5553327410

  0.00000000   2.30000000     0.0000000000
  0.10000000   2.30000000     6.7975958903
  0.20000000   2.30000000    13.6269826371
  0.30000000   2.30000000    20.5198819070
  0.40000000   2.30000000    27.5077956358
  0.50000000   2.30000000    34.6216331712
  0.60000000   2.30000000    41.8909824625
  0.70000000   2.30000000    49.3426861906
  0.80000000   2.30000000    56.9983232201
  0.90000000   2.30000000    64.8697366085
  1.00000000   2.30000000    72.9514268823
  1.10000000   2.30000000    81.2077164860
  1.20000000   2.30000000    89.5519248566
  1.30000000   2.30000000    97.8142795913
  1.40000000   2.30000000   105.6983073621
  1.50000000   2.30000000   112.7384145334
  1.60000000   2.30000000   118.3088591557
  1.70000000   2.30000000   121.7946491911
  1.80000000   2.30000000   122.9685473016
  1.90000000   2.30000000   121.8817648838
  2.00000000   2.30000000   118.8425479308
  2.10000000   2.30000000   114.4911245664
  2.20000000   2.30000000   109.4568676780
  2.30000000   2.30000000   104.2093008540
  2.40000000   2.30000000    99.0555865974
  2.50000000   2.30000000    94.1827421668
  2.60000000   2.30000000    89.6994650200
  2.70000000   2.30000000    85.6665344273
  2.80000000   2.30000000    82.1164768306
  2.90000000   2.30000000    79.0656504734
  3.00000000   2.30000000    76.5214406327
  3.10000000   2.30000000    74.4864959847
  3.20000000   2.30000000    72.9611632017
  3.30000000   2.30000000    71.9448846705
  3.40000000   2.30000000    71.4369620595
  3.50000000   2.30000000    71.4369620595

  0.00000000   2.40000000     0.0000000000
  0.10000000   2.40000000     6.5859669061
  0.20000000   2.40000000    13.1956745623
  0.30000000   2.40000000    19.8523891976
  0.40000000   2.40000000    26.5783063079
  0.50000000   2.40000000    33.3937253538
  0.60000000   2.40000000    40.3157661219
  0.70000000   2.40000000    47.3564216320
  0.80000000   2.40000000    54.5194793039
  0.90000000   2.40000000    61.7958329213
  1.00000000   2.40000000    69.1563139928
  1.10000000   2.40000000    76.5412234947
  1.20000000   2.40000000    83.8457025169
  1.30000000   2.40000000    90.9015029980
  1.40000000   2.40000000    97.4591785227
  1.50000000   2.40000000   103.1832157820
  1.60000000   2.40000000   107.6851271587
  1.70000000   2.40000000   110.6224914609
  1.80000000   2.40000000   111.8355896322
  1.90000000   2.40000000   111.3569453924
  2.00000000   2.40000000   109.4017519516
  2.10000000   2.40000000   106.3456904239
  2.20000000   2.40000000   102.5965086963
  2.30000000   2.40000000    98.5048365641
  2.40000000   2.40000000    94.3363142110
  2.50000000   2.40000000    90.2781102684
  2.60000000   2.40000000    86.4566284300
  2.70000000   2.40000000    82.9551271371
  2.80000000   2.40000000    79.8276673784
  2.90000000   2.40000000    77.1090579324
  3.00000000   2.40000000    74.8216102034
  3.10000000   2.40000000    72.9795531667
  3.20000000   2.40000000    71.5918859920
  3.30000000   2.40000000    70.6641578563
  3.40000000   2.40000000    70.1995650801
  3.50000000   2.40000000    70.1995650801

  0.00000000   2.50000000     0.0000000000
  0.10000000   2.50000000     6.3648781161
  0.20000000   2.50000000    12.7457726490
  0.30000000   2.50000000    19.1579259150
  0.40000000   2.50000000    25.6149296628
  0.50000000   2.50000000    32.1275893477
  0.60000000   2.50000000    38.7024174467
  0.70000000   2.50000000    45.3394839564
  0.80000000   2.50000000    52.0294382350
  0.90000000   2.50000000    58.7492876911
  1.00000000   2.50000000    65.4567109967
  1.10000000   2.50000000    72.0826150191
  1.20000000   2.50000000    78.5223891260
  1.30000000   2.50000000    84.6273247458
  1.40000000   2.50000000    90.2003324392
  1.50000000   2.50000000    95.0034206941
  1.60000000   2.50000000    98.7870691989
  1.70000000   2.50000000   101.3454679207
  1.80000000   2.50000000   102.5773894421
  1.90000000   2.50000000   102.5063860878
  2.00000000   2.50000000   101.2765374910
  2.10000000   2.50000000    99.1266896060
  2.20000000   2.50000000    96.3312974208
  2.30000000   2.50000000    93.1492030650
  2.40000000   2.50000000    89.7973929192
  2.50000000   2.50000000    86.4450622634
  2.60000000   2.50000000    83.2183845134
  2.70000000   2.50000000    80.2089721624
  2.80000000   2.50000000    77.4823227009
  2.90000000   2.50000000    75.0848795460
  3.00000000   2.50000000    73.0493898340
  3.10000000   2.50000000    71.3987967526
  3.20000000   2.50000000    70.1489342810
  3.30000000   2.50000000    69.3103626279
  3.40000000   2.50000000    68.8895425642
  3.50000000   2.50000000    68.8895425642

  0.00000000   2.60000000     0.0000000000
  0.10000000   2.60000000     6.1425490696
  0.20000000   2.60000000    12.2940205049
  0.30000000   2.60000000    18.4623880937
  0.40000000   2.60000000    24.6536222392
  0.50000000   2.60000000    30.8704544127
  0.60000000   2.60000000    37.1107937225
  0.70000000   2.60000000    43.3657263886
  0.80000000   2.60000000    49.6168720415
  0.90000000   2.60000000    55.8330678544
  1.00000000   2.60000000    61.9662407296
  1.10000000   2.60000000    67.9467827502
  1.20000000   2.60000000    73.6789993512
  1.30000000   2.60000000    79.0382963309
  1.40000000   2.60000000    83.8727427617
  1.50000000   2.60000000    88.0129705735
  1.60000000   2.60000000    91.2936225336
  1.70000000   2.60000000    93.5851078511
  1.80000000   2.60000000    94.8247627982
  1.90000000   2.60000000    95.0315207675
  2.00000000   2.60000000    94.3039078308
  2.10000000   2.60000000    92.8026666898
  2.20000000   2.60000000    90.7196271405
  2.30000000   2.60000000    88.2475302603
  2.40000000   2.60000000    85.5601797829
  2.50000000   2.60000000    82.8036338469
  2.60000000   2.60000000    80.0951088907
  2.70000000   2.60000000    77.5258942197
  2.80000000   2.60000000    75.1657372971
  2.90000000   2.60000000    73.0672288146
  3.00000000   2.60000000    71.2696088868
  3.10000000   2.60000000    69.8017683333
  3.20000000   2.60000000    68.6845243944
  3.30000000   2.60000000    67.9322372395
  3.40000000   2.60000000    67.5539214918
  3.50000000   2.60000000    67.5539214918

  0.00000000   2.70000000     0.0000000000
  0.10000000   2.70000000     5.9265694140
  0.20000000   2.70000000    11.8557953169
  0.30000000   2.70000000    17.7893008503
  0.40000000   2.70000000    23.7265800251
  0.50000000   2.70000000    29.6637362971
  0.60000000   2.70000000    35.5920278693
  0.70000000   2.70000000    41.4960836140
  0.80000000   2.70000000    47.3518188929
  0.90000000   2.70000000    53.1239594262
  1.00000000   2.70000000    58.7633933451
  1.10000000   2.70000000    64.2045660649
  1.20000000   2.70000000    69.3637069003
  1.30000000   2.70000000    74.1389127842
  1.40000000   2.70000000    78.4138270664
  1.50000000   2.70000000    82.0665166412
  1.60000000   2.70000000    84.9844006715
  1.70000000   2.70000000    87.0831948995
  1.80000000   2.70000000    88.3243434290
  1.90000000   2.70000000    88.7241775265
  2.00000000   2.70000000    88.3529268223
  2.10000000   2.70000000    87.3240664114
  2.20000000   2.70000000    85.7766007837
  2.30000000   2.70000000    83.8566261803
  2.40000000   2.70000000    81.7031902865
  2.50000000   2.70000000    79.4400097715
  2.60000000   2.70000000    77.1721523564
  2.70000000   2.70000000    74.9860206086
  2.80000000   2.70000000    72.9510491847
  2.90000000   2.70000000    71.1220792978
  3.00000000   2.70000000    69.5417342977
  3.10000000   2.70000000    68.2425367377
  3.20000000   2.70000000    67.2486084078
  3.30000000   2.70000000    66.5769828351
  3.40000000   2.70000000    66.2385247211
  3.50000000   2.70000000    66.2385247211

  0.00000000   2.80000000     0.0000000000
  0.10000000   2.80000000     5.7236938871
  0.20000000   2.80000000    11.4446933555
  0.30000000   2.80000000    17.1592714804
  0.40000000   2.80000000    22.8615805893
  0.50000000   2.80000000    28.5424918061
  0.60000000   2.80000000    34.1882793775
  0.70000000   2.80000000    39.7791889573
  0.80000000   2.80000000    45.2878222958
  0.90000000   2.80000000    50.6774947218
  1.00000000   2.80000000    55.9006331799
  1.10000000   2.80000000    60.8976413897
  1.20000000   2.80000000    65.5966448527
  1.30000000   2.80000000    69.9149702321
  1.40000000   2.80000000    73.7631032162
  1.50000000   2.80000000    77.0518903956
  1.60000000   2.80000000    79.7027625736
  1.70000000   2.80000000    81.6595348501
  1.80000000   2.80000000    82.8986841582
  1.90000000   2.80000000    83.4349639361
  2.00000000   2.80000000    83.3208455029
  2.10000000   2.80000000    82.6400605512
  2.20000000   2.80000000    81.4969579650
  2.30000000   2.80000000    80.0048295923
  2.40000000   2.80000000    78.2759724896
  2.50000000   2.80000000    76.4148027933
  2.60000000   2.80000000    74.5140516725
  2.70000000   2.80000000    72.6533306796
  2.80000000   2.80000000    70.8992627909
  2.90000000   2.80000000    69.3064237802
  3.00000000   2.80000000    67.9186366607
  3.10000000   2.80000000    66.7702669990
  3.20000000   2.80000000    65.8873972794
  3.30000000   2.80000000    65.2887660572
  3.40000000   2.80000000    64.9864814720
  3.50000000   2.80000000    64.9864814720

  0.00000000   2.90000000     0.0000000000
  0.10000000   2.90000000     5.5397300748
  0.20000000   2.90000000    11.0723488940
  0.30000000   2.90000000    16.5897541937
  0.40000000   2.90000000    22.0818474143
  0.50000000   2.90000000    27.5354703130
  0.60000000   2.90000000    32.9333161686
  0.70000000   2.90000000    38.2527692149
  0.80000000   2.90000000    43.4647835693
  0.90000000   2.90000000    48.5328121831
  1.00000000   2.90000000    53.4120411869
  1.10000000   2.90000000    58.0490923655
  1.20000000   2.90000000    62.3826595500
  1.30000000   2.90000000    66.3454127833
  1.40000000   2.90000000    69.8676801626
  1.50000000   2.90000000    72.8829799301
  1.60000000   2.90000000    75.3351513523
  1.70000000   2.90000000    77.1859204337
  1.80000000   2.90000000    78.4212821100
  1.90000000   2.90000000    79.0549489071
  2.00000000   2.90000000    79.1280293913
  2.10000000   2.90000000    78.7050011393
  2.20000000   2.90000000    77.8670360472
  2.30000000   2.90000000    76.7043415188
  2.40000000   2.90000000    75.3091126549
  2.50000000   2.90000000    73.7700697819
  2.60000000   2.90000000    72.1688313931
  2.70000000   2.90000000    70.5779426992
  2.80000000   2.90000000    69.0601128565
  2.90000000   2.90000000    67.6682678459
  3.00000000   2.90000000    66.4460233768
  3.10000000   2.90000000    65.4283639520
  3.20000000   2.90000000    64.6423240191
  3.30000000   2.90000000    64.1076099914
  3.40000000   2.90000000    63.8370798987
  3.50000000   2.90000000    63.8370798987

  0.00000000   3.00000000     0.0000000000
  0.10000000   3.00000000     5.3795152919
  0.20000000   3.00000000    10.7483946843
  0.30000000   3.00000000    16.0950874779
  0.40000000   3.00000000    21.4062026123
  0.50000000   3.00000000    26.6655956910
  0.60000000   3.00000000    31.8534443625
  0.70000000   3.00000000    36.9453901877
  0.80000000   3.00000000    41.9117421479
  0.90000000   3.00000000    46.7169053472
  1.00000000   3.00000000    51.3190962947
  1.10000000   3.00000000    55.6706213447
  1.20000000   3.00000000    59.7188629262
  1.30000000   3.00000000    63.4083004616
  1.40000000   3.00000000    66.6836385877
  1.50000000   3.00000000    69.4940974096
  1.60000000   3.00000000    71.7984296637
  1.70000000   3.00000000    73.5700065454
  1.80000000   3.00000000    74.8009095959
  1.90000000   3.00000000    75.5041450361
  2.00000000   3.00000000    75.7134105666
  2.10000000   3.00000000    75.4804999021
  2.20000000   3.00000000    74.8709155876
  2.30000000   3.00000000    73.9586503973
  2.40000000   3.00000000    72.8210878711
  2.50000000   3.00000000    71.5346884860
  2.60000000   3.00000000    70.1717819366
  2.70000000   3.00000000    68.7984439201
  2.80000000   3.00000000    67.4733107248
  2.90000000   3.00000000    66.2470584416
  3.00000000   3.00000000    65.1623491795
  3.10000000   3.00000000    64.2540176113
  3.20000000   3.00000000    63.5493906140
  3.30000000   3.00000000    63.0686119207
  3.40000000   3.00000000    62.8249365778
  3.50000000   3.00000000    62.8249365778

  0.00000000   3.10000000     0.0000000000
  0.10000000   3.10000000     5.2469379067
  0.20000000   3.10000000    10.4805461440
  0.30000000   3.10000000    15.6866557446
  0.40000000   3.10000000    20.8494364235
  0.50000000   3.10000000    25.9505895987
  0.60000000   3.10000000    30.9686106508
  0.70000000   3.10000000    35.8781197889
  0.80000000   3.10000000    40.6493701551
  0.90000000   3.10000000    45.2479594640
  1.00000000   3.10000000    49.6349201473
  1.10000000   3.10000000    53.7672520759
  1.20000000   3.10000000    57.5991101602
  1.30000000   3.10000000    61.0836871631
  1.40000000   3.10000000    64.1759002636
  1.50000000   3.10000000    66.8357032989
  1.60000000   3.10000000    69.0317872779
  1.70000000   3.10000000    70.7451051635
  1.80000000   3.10000000    71.9716602882
  1.90000000   3.10000000    72.7239569047
  2.00000000   3.10000000    73.0308378197
  2.10000000   3.10000000    72.9357049983
  2.20000000   3.10000000    72.4934923829
  2.30000000   3.10000000    71.7669425061
  2.40000000   3.10000000    70.8227843411
  2.50000000   3.10000000    69.7282892044
  2.60000000   3.10000000    68.5484645218
  2.70000000   3.10000000    67.3439884658
  2.80000000   3.10000000    66.1698120007
  2.90000000   3.10000000    65.0743336410
  3.00000000   3.10000000    64.0989746934
  3.10000000   3.10000000    63.2780485612
  3.20000000   3.10000000    62.6387835583
  3.30000000   3.10000000    62.2014384249
  3.40000000   3.10000000    61.9794268205
  3.50000000   3.10000000    61.9794268205

  0.00000000   3.20000000     0.0000000000
  0.10000000   3.20000000     5.1449971062
  0.20000000   3.20000000    10.2747247015
  0.30000000   3.20000000    15.3731473936
  0.40000000   3.20000000    20.4227149365
  0.50000000   3.20000000    25.4036685917
  0.60000000   3.20000000    30.2934138531
  0.70000000   3.20000000    35.0660328722
  0.80000000   3.20000000    39.6919576840
  0.90000000   3.20000000    44.1379195012
  1.00000000   3.20000000    48.3672118878
  1.10000000   3.20000000    52.3404092584
  1.20000000   3.20000000    56.0165665228
  1.30000000   3.20000000    59.3549974024
  1.40000000   3.20000000    62.3175510125
  1.50000000   3.20000000    64.8713095547
  1.60000000   3.20000000    66.9914062289
  1.70000000   3.20000000    68.6636497526
  1.80000000   3.20000000    69.8865108882
  1.90000000   3.20000000    70.6721548768
  2.00000000   3.20000000    71.0462947189
  2.10000000   3.20000000    71.0468994626
  2.20000000   3.20000000    70.7219591952
  2.30000000   3.20000000    70.1266700334
  2.40000000   3.20000000    69.3204321255
  2.50000000   3.20000000    68.3639964828
  2.60000000   3.20000000    67.3170011779
  2.70000000   3.20000000    66.2359946255
  2.80000000   3.20000000    65.1729765571
  2.90000000   3.20000000    64.1743851069
  3.00000000   3.20000000    63.2804663625
  3.10000000   3.20000000    62.5249113886
  3.20000000   3.20000000    61.9346939104
  3.30000000   3.20000000    61.5300161608
  3.40000000   3.20000000    61.3243217815
  3.50000000   3.20000000    61.3243217815

  0.00000000   3.30000000     0.0000000000
  0.10000000   3.30000000     5.0758656051
  0.20000000   3.30000000    10.1352114851
  0.30000000   3.30000000    15.1608026345
  0.40000000   3.30000000    20.1340038343
  0.50000000   3.30000000    25.0341477313
  0.60000000   3.30000000    29.8380061966
  0.70000000   3.30000000    34.5193922264
  0.80000000   3.30000000    39.0489697856
  0.90000000   3.30000000    43.3943088625
  1.00000000   3.30000000    47.5202825557
  1.10000000   3.30000000    51.3898376490
  1.20000000   3.30000000    54.9652153592
  1.30000000   3.30000000    58.2095941651
  1.40000000   3.30000000    61.0891332318
  1.50000000   3.30000000    63.5752521592
  1.60000000   3.30000000    65.6469638002
  1.70000000   3.30000000    67.2929564988
  1.80000000   3.30000000    68.5131581003
  1.90000000   3.30000000    69.3195155809
  2.00000000   3.30000000    69.7358710840
  2.10000000   3.30000000    69.7969282233
  2.20000000   3.30000000    69.5464649801
  2.30000000   3.30000000    69.0350360973
  2.40000000   3.30000000    68.3174522727
  2.50000000   3.30000000    67.4503023281
  2.60000000   3.30000000    66.4897112028
  2.70000000   3.30000000    65.4894602696
  2.80000000   3.30000000    64.4995022499
  2.90000000   3.30000000    63.5648687355
  3.00000000   3.30000000    62.7249074927
  3.10000000   3.30000000    62.0127959774
  3.20000000   3.30000000    61.4552488997
  3.30000000   3.30000000    61.0723679805
  3.40000000   3.30000000    60.8775714286
  3.50000000   3.30000000    60.8775714286

  0.00000000   3.40000000     0.0000000000
  0.10000000   3.40000000     5.0409536858
  0.20000000   3.40000000    10.0647753232
  0.30000000   3.40000000    15.0536462132
  0.40000000   3.40000000    19.9884039886
  0.50000000   3.40000000    24.8479513797
  0.60000000   3.40000000    29.6087650233
  0.70000000   3.40000000    34.2445562222
  0.80000000   3.40000000    38.7261291818
  0.90000000   3.40000000    43.0215039997
  1.00000000   3.40000000    47.0963532133
  1.10000000   3.40000000    50.9148122642
  1.20000000   3.40000000    54.4406804006
  1.30000000   3.40000000    57.6390124690
  1.40000000   3.40000000    60.4780249673
  1.50000000   3.40000000    62.9311965040
  1.60000000   3.40000000    64.9793582128
  1.70000000   3.40000000    66.6125454291
  1.80000000   3.40000000    67.8313586552
  1.90000000   3.40000000    68.6476410314
  2.00000000   3.40000000    69.0843558085
  2.10000000   3.40000000    69.1746730084
  2.20000000   3.40000000    68.9603801938
  2.30000000   3.40000000    68.4898206767
  2.40000000   3.40000000    67.8155977650
  2.50000000   3.40000000    66.9922724287
  2.60000000   3.40000000    66.0742382322
  2.70000000   3.40000000    65.1138888666
  2.80000000   3.40000000    64.1601363820
  2.90000000   3.40000000    63.2572782414
  3.00000000   3.40000000    62.4441837784
  3.10000000   3.40000000    61.7537419811
  3.20000000   3.40000000    61.2125144762
  3.30000000   3.40000000    60.8405319625
  3.40000000   3.40000000    60.6511878155
  3.50000000   3.40000000    60.6511878155

  0.00000000   3.50000000     0.0000000000
  0.10000000   3.50000000     5.0409536858
  0.20000000   3.50000000    10.0647753232
  0.30000000   3.50000000    15.0536462132
  0.40000000   3.50000000    19.9884039886
  0.50000000   3.50000000    24.8479513797
  0.60000000   3.50000000    29.6087650233
  0.70000000   3.50000000    34.2445562222
  0.80000000   3.50000000    38.7261291818
  0.90000000   3.50000000    43.0215039997
  1.00000000   3.50000000    47.0963532133
  1.10000000   3.50000000    50.9148122642
  1.20000000   3.50000000    54.4406804006
  1.30000000   3.50000000    57.6390124690
  1.40000000   3.50000000    60.4780249673
  1.50000000   3.50000000    62.9311965040
  1.60000000   3.50000000    64.9793582128
  1.70000000   3.50000000    66.6125454291
  1.80000000   3.50000000    67.8313586552
  1.90000000   3.50000000    68.6476410314
  2.00000000   3.50000000    69.0843558085
  2.10000000   3.50000000    69.1746730084
  2.20000000   3.50000000    68.9603801938
  2.30000000   3.50000000    68.4898206767
  2.40000000   3.50000000    67.8155977650
  2.50000000   3.50000000    66.9922724287
  2.60000000   3.50000000    66.0742382322
  2.70000000   3.50000000    65.1138888666
  2.80000000   3.50000000    64.1601363820
  2.90000000   3.50000000    63.2572782414
  3.00000000   3.50000000    62.4441837784
  3.10000000   3.50000000    61.7537419811
  3.20000000   3.50000000    61.2125144762
  3.30000000   3.50000000    60.8405319625
  3.40000000   3.50000000    60.6511878155
  3.50000000   3.50000000    60.6511878155

