  0.00000000   0.00000000     0.0000000000
  0.10000000   0.00000000     6.3135771826
  0.20000000   0.00000000    12.6068936160
  0.30000000   0.00000000    18.8591622295
  0.40000000   0.00000000    25.0485678769
  0.50000000   0.00000000    31.1518171935
  0.60000000   0.00000000    37.1437717915
  0.70000000   0.00000000    42.9972026287
  0.80000000   0.00000000    48.6827097947
  0.90000000   0.00000000    54.1688565657
  1.00000000   0.00000000    59.4225668240
  1.10000000   0.00000000    64.4098271765
  1.20000000   0.00000000    69.0967160666
  1.30000000   0.00000000    73.4507490337
  1.40000000   0.00000000    77.4424826597
  1.50000000   0.00000000    81.0472643025
  1.60000000   0.00000000    84.2469617257
  1.70000000   0.00000000    87.0314713855
  1.80000000   0.00000000    89.3998024737
  1.90000000   0.00000000    91.3605740758
  2.00000000   0.00000000    92.9318409444
  2.10000000   0.00000000    94.1402613737
  2.20000000   0.00000000    95.0197144312
  2.30000000   0.00000000    95.6095405718
  2.40000000   0.00000000    95.9526068860
  2.50000000   0.00000000    96.0933857099
  2.60000000   0.00000000    96.0761943620
  2.70000000   0.00000000    95.9436896732
  2.80000000   0.00000000    95.7356581140
  2.90000000   0.00000000    95.4880995312
  3.00000000   0.00000000    95.2325736670
  3.10000000   0.00000000    94.9957630976
  3.20000000   0.00000000    94.7992015167
  3.30000000   0.00000000    94.6591189609
  3.40000000   0.00000000    94.5863628019
  3.50000000   0.00000000    94.5863628019

  0.00000000   0.10000000     0.0000000000
  0.10000000   0.10000000     6.3135771826
  0.20000000   0.10000000    12.6068936160
  0.30000000   0.10000000    18.8591622295
  0.40000000   0.10000000    25.0485678769
  0.50000000   0.10000000    31.1518171935
  0.60000000   0.10000000    37.1437717915
  0.70000000   0.10000000    42.9972026287
  0.80000000   0.10000000    48.6827097947
  0.90000000   0.10000000    54.1688565657
  1.00000000   0.10000000    59.4225668240
  1.10000000   0.10000000    64.4098271765
  1.20000000   0.10000000    69.0967160666
  1.30000000   0.10000000    73.4507490337
  1.40000000   0.10000000    77.4424826597
  1.50000000   0.10000000    81.0472643025
  1.60000000   0.10000000    84.2469617257
  1.70000000   0.10000000    87.0314713855
  1.80000000   0.10000000    89.3998024737
  1.90000000   0.10000000    91.3605740758
  2.00000000   0.10000000    92.9318409444
  2.10000000   0.10000000    94.1402613737
  2.20000000   0.10000000    95.0197144312
  2.30000000   0.10000000    95.6095405718
  2.40000000   0.10000000    95.9526068860
  2.50000000   0.10000000    96.0933857099
  2.60000000   0.10000000    96.0761943620
  2.70000000   0.10000000    95.9436896732
  2.80000000   0.10000000    95.7356581140
  2.90000000   0.10000000    95.4880995312
  3.00000000   0.10000000    95.2325736670
  3.10000000   0.10000000    94.9957630976
  3.20000000   0.10000000    94.7992015167
  3.30000000   0.10000000    94.6591189609
  3.40000000   0.10000000    94.5863628019
  3.50000000   0.10000000    94.5863628019

  0.00000000   0.20000000     0.0000000000
  0.10000000   0.20000000     6.3424986989
  0.20000000   0.20000000    12.6652540149
  0.30000000   0.20000000    18.9479725402
  0.40000000   0.20000000    25.1692828523
  0.50000000   0.20000000    31.3062544211
  0.60000000   0.20000000    37.3339935660
  0.70000000   0.20000000    43.2253540928
  0.80000000   0.20000000    48.9508084148
  0.90000000   0.20000000    54.4785325258
  1.00000000   0.20000000    59.7747616052
  1.10000000   0.20000000    64.8044691026
  1.20000000   0.20000000    69.5324053282
  1.30000000   0.20000000    73.9244985307
  1.40000000   0.20000000    77.9495695070
  1.50000000   0.20000000    81.5812448991
  1.60000000   0.20000000    84.7998854579
  1.70000000   0.20000000    87.5942949936
  1.80000000   0.20000000    89.9629650963
  1.90000000   0.20000000    91.9146557545
  2.00000000   0.20000000    93.4682073334
  2.10000000   0.20000000    94.6516020599
  2.20000000   0.20000000    95.5004088205
  2.30000000   0.20000000    96.0558250027
  2.40000000   0.20000000    96.3625557626
  2.50000000   0.20000000    96.4667479185
  2.60000000   0.20000000    96.4141388209
  2.70000000   0.20000000    96.2485127223
  2.80000000   0.20000000    96.0104950254
  2.90000000   0.20000000    95.7366686569
  3.00000000   0.20000000    95.4589682609
  3.10000000   0.20000000    95.2042952401
  3.20000000   0.20000000    94.9942951063
  3.30000000   0.20000000    94.8452443729
  3.40000000   0.20000000    94.7680035246
  3.50000000   0.20000000    94.7680035246

  0.00000000   0.30000000     0.0000000000
  0.10000000   0.30000000     6.3997824986
  0.20000000   0.30000000    12.7808793670
  0.30000000   0.30000000    19.1240100821
  0.40000000   0.30000000    25.4087210456
  0.50000000   0.30000000    31.6128440900
  0.60000000   0.30000000    37.7120183659
  0.70000000   0.30000000    43.6793118128
  0.80000000   0.30000000    49.4849907278
  0.90000000   0.30000000    55.0964986892
  1.00000000   0.30000000    60.4787173776
  1.10000000   0.30000000    65.5945855804
  1.20000000   0.30000000    70.4061432669
  1.30000000   0.30000000    74.8760353901
  1.40000000   0.30000000    78.9694500359
  1.50000000   0.30000000    82.6563761035
  1.60000000   0.30000000    85.9139620237
  1.70000000   0.30000000    88.7286673869
  1.80000000   0.30000000    91.0978663785
  1.90000000   0.30000000    93.0306147933
  2.00000000   0.30000000    94.5474300776
  2.10000000   0.30000000    95.6791131904
  2.20000000   0.30000000    96.4648093775
  2.30000000   0.30000000    96.9496132599
  2.40000000   0.30000000    97.1820482644
  2.50000000   0.30000000    97.2116984399
  2.60000000   0.30000000    97.0871771790
  2.70000000   0.30000000    96.8545175375
  2.80000000   0.30000000    96.5559887368
  2.90000000   0.30000000    96.2292910703
  3.00000000   0.30000000    95.9070561719
  3.10000000   0.30000000    95.6165735084
  3.20000000   0.30000000    95.3796702875
  3.30000000   0.30000000    95.2126838119
  3.40000000   0.30000000    95.1264792664
  3.50000000   0.30000000    95.1264792664

  0.00000000   0.40000000     0.0000000000
  0.10000000   0.40000000     6.4842880257
  0.20000000   0.40000000    12.9515320161
  0.30000000   0.40000000    19.3840324314
  0.40000000   0.40000000    25.7627867061
  0.50000000   0.40000000    32.0668616585
  0.60000000   0.40000000    38.2728056820
  0.70000000   0.40000000    44.3541334043
  0.80000000   0.40000000    50.2809325926
  0.90000000   0.40000000    56.0196649641
  1.00000000   0.40000000    61.5332553615
  1.10000000   0.40000000    66.7815835098
  1.20000000   0.40000000    71.7224972657
  1.30000000   0.40000000    76.3134431173
  1.40000000   0.40000000    80.5137397591
  1.50000000   0.40000000    84.2873961363
  1.60000000   0.40000000    87.6062049881
  1.70000000   0.40000000    90.4526755260
  1.80000000   0.40000000    92.8222806465
  1.90000000   0.40000000    94.7245596353
  2.00000000   0.40000000    96.1828366106
  2.10000000   0.40000000    97.2326071194
  2.20000000   0.40000000    97.9189113692
  2.30000000   0.40000000    98.2931761811
  2.40000000   0.40000000    98.4100198643
  2.50000000   0.40000000    98.3244015082
  2.60000000   0.40000000    98.0893279170
  2.70000000   0.40000000    97.7541764440
  2.80000000   0.40000000    97.3635835042
  2.90000000   0.40000000    96.9567929630
  3.00000000   0.40000000    96.5673425812
  3.10000000   0.40000000    96.2229757225
  3.20000000   0.40000000    95.9456851212
  3.30000000   0.40000000    95.7518181130
  3.40000000   0.40000000    95.6521929677
  3.50000000   0.40000000    95.6521929677

  0.00000000   0.50000000     0.0000000000
  0.10000000   0.50000000     6.5942518036
  0.20000000   0.50000000    13.1737434771
  0.30000000   0.50000000    19.7229917639
  0.40000000   0.50000000    26.2250625800
  0.50000000   0.50000000    32.6608382517
  0.60000000   0.50000000    39.0082884781
  0.70000000   0.50000000    45.2417688705
  0.80000000   0.50000000    51.3313945507
  0.90000000   0.50000000    57.2425683239
  1.00000000   0.50000000    62.9357845073
  1.10000000   0.50000000    68.3668735095
  1.20000000   0.50000000    73.4878879467
  1.30000000   0.50000000    78.2488315001
  1.40000000   0.50000000    82.6003643782
  1.50000000   0.50000000    86.4974464799
  1.60000000   0.50000000    89.9035986311
  1.70000000   0.50000000    92.7951360269
  1.80000000   0.50000000    95.1645152100
  1.90000000   0.50000000    97.0220091330
  2.00000000   0.50000000    98.3953115235
  2.10000000   0.50000000    99.3271704510
  2.20000000   0.50000000    99.8715955828
  2.30000000   0.50000000   100.0894465454
  2.40000000   0.50000000   100.0441869979
  2.50000000   0.50000000    99.7983422491
  2.60000000   0.50000000    99.4108904992
  2.70000000   0.50000000    98.9355710908
  2.80000000   0.50000000    98.4199534422
  2.90000000   0.50000000    97.9050619269
  3.00000000   0.50000000    97.4253625123
  3.10000000   0.50000000    97.0089531641
  3.20000000   0.50000000    96.6778425246
  3.30000000   0.50000000    96.4482382966
  3.40000000   0.50000000    96.3307956035
  3.50000000   0.50000000    96.3307956035

  0.00000000   0.60000000     0.0000000000
  0.10000000   0.60000000     6.7272318305
  0.20000000   0.60000000    13.4426943699
  0.30000000   0.60000000    20.1338332881
  0.40000000   0.60000000    26.7865027698
  0.50000000   0.60000000    33.3841201072
  0.60000000   0.60000000    39.9067723261
  0.70000000   0.60000000    46.3302825334
  0.80000000   0.60000000    52.6252711277
  0.90000000   0.60000000    58.7562915108
  1.00000000   0.60000000    64.6811832548
  1.10000000   0.60000000    70.3508692503
  1.20000000   0.60000000    75.7099119013
  1.30000000   0.60000000    80.6982053295
  1.40000000   0.60000000    85.2541477572
  1.50000000   0.60000000    89.3194258089
  1.60000000   0.60000000    92.8450830695
  1.70000000   0.60000000    95.7979078565
  1.80000000   0.60000000    98.1656592649
  1.90000000   0.60000000    99.9597104258
  2.00000000   0.60000000   101.2144369967
  2.10000000   0.60000000   101.9835557534
  2.20000000   0.60000000   102.3343621874
  2.30000000   0.60000000   102.3412873648
  2.40000000   0.60000000   102.0800691644
  2.50000000   0.60000000   101.6232945119
  2.60000000   0.60000000   101.0374956294
  2.70000000   0.60000000   100.3816038314
  2.80000000   0.60000000    99.7064052886
  2.90000000   0.60000000    99.0546381846
  3.00000000   0.60000000    98.4614377339
  3.10000000   0.60000000    97.9549212059
  3.20000000   0.60000000    97.5567797330
  3.30000000   0.60000000    97.2827995829
  3.40000000   0.60000000    97.1432719120
  3.50000000   0.60000000    97.1432719120

  0.00000000   0.70000000     0.0000000000
  0.10000000   0.70000000     6.8800468040
  0.20000000   0.70000000    13.7520801702
  0.30000000   0.70000000    20.6072622208
  0.40000000   0.70000000    27.4350643384
  0.50000000   0.70000000    34.2223190631
  0.60000000   0.70000000    40.9521563061
  0.70000000   0.70000000    47.6028031854
  0.80000000   0.70000000    54.1462550229
  0.90000000   0.70000000    60.5468761944
  1.00000000   0.70000000    66.7600777442
  1.10000000   0.70000000    72.7313517369
  1.20000000   0.70000000    78.3961210034
  1.30000000   0.70000000    83.6810480430
  1.40000000   0.70000000    88.5075400928
  1.50000000   0.70000000    92.7979959384
  1.60000000   0.70000000    96.4846404002
  1.70000000   0.70000000    99.5195379816
  1.80000000   0.70000000   101.8831118034
  1.90000000   0.70000000   103.5884202866
  2.00000000   0.70000000   104.6801237653
  2.10000000   0.70000000   105.2285810209
  2.20000000   0.70000000   105.3207045207
  2.30000000   0.70000000   105.0501988923
  2.40000000   0.70000000   104.5094024746
  2.50000000   0.70000000   103.7837380561
  2.60000000   0.70000000   102.9487166644
  2.70000000   0.70000000   102.0688953040
  2.80000000   0.70000000   101.1980823817
  2.90000000   0.70000000   100.3802008092
  3.00000000   0.70000000    99.6503995711
  3.10000000   0.70000000    99.0361657949
  3.20000000   0.70000000    98.5583067237
  3.30000000   0.70000000    98.2317440737
  3.40000000   0.70000000    98.0661039731
  3.50000000   0.70000000    98.0661039731

  0.00000000   0.80000000     0.0000000000
  0.10000000   0.80000000     7.0487229963
  0.20000000   0.80000000    14.0939880084
  0.30000000   0.80000000    21.1315163302
  0.40000000   0.80000000    28.1553233932
  0.50000000   0.80000000    35.1567034555
  0.60000000   0.80000000    42.1230171387
  0.70000000   0.80000000    49.0362192816
  0.80000000   0.80000000    55.8710821441
  0.90000000   0.80000000    62.5931169477
  1.00000000   0.80000000    69.1562969318
  1.10000000   0.80000000    75.5008724636
  1.20000000   0.80000000    81.5518702773
  1.30000000   0.80000000    87.2192820613
  1.40000000   0.80000000    92.4013523937
  1.50000000   0.80000000    96.9924366186
  1.60000000   0.80000000   100.8959988260
  1.70000000   0.80000000   104.0409136728
  1.80000000   0.80000000   106.3960120160
  1.90000000   0.80000000   107.9770501845
  2.00000000   0.80000000   108.8448101839
  2.10000000   0.80000000   109.0953303183
  2.20000000   0.80000000   108.8447635950
  2.30000000   0.80000000   108.2140928713
  2.40000000   0.80000000   107.3176490230
  2.50000000   0.80000000   106.2565369928
  2.60000000   0.80000000   105.1161517390
  2.70000000   0.80000000   103.9663498251
  2.80000000   0.80000000   102.8629947956
  2.90000000   0.80000000   101.8499954973
  3.00000000   0.80000000   100.9613306537
  3.10000000   0.80000000   100.2228177132
  3.20000000   0.80000000    99.6535410021
  3.30000000   0.80000000    99.2669352238
  3.40000000   0.80000000    99.0715531444
  3.50000000   0.80000000    99.0715531444

  0.00000000   0.90000000     0.0000000000
  0.10000000   0.90000000     7.2284656548
  0.20000000   0.90000000    14.4588189570
  0.30000000   0.90000000    21.6921961019
  0.40000000   0.90000000    28.9281450457
  0.50000000   0.90000000    36.1636110560
  0.60000000   0.90000000    43.3916401102
  0.70000000   0.90000000    50.5996810687
  0.80000000   0.90000000    57.7673609041
  0.90000000   0.90000000    64.8636255584
  1.00000000   0.90000000    71.8432214751
  1.10000000   0.90000000    78.6427013062
  1.20000000   0.90000000    85.1765705727
  1.30000000   0.90000000    91.3349456436
  1.40000000   0.90000000    96.9851525557
  1.50000000   0.90000000   101.9806175317
  1.60000000   0.90000000   106.1798523313
  1.70000000   0.90000000   109.4740842749
  1.80000000   0.90000000   111.8136291179
  1.90000000   0.90000000   113.2188284671
  2.00000000   0.90000000   113.7762782255
  2.10000000   0.90000000   113.6227011252
  2.20000000   0.90000000   112.9185989937
  2.30000000   0.90000000   111.8235205687
  2.40000000   0.90000000   110.4801718586
  2.50000000   0.90000000   109.0076474999
  2.60000000   0.90000000   107.5009001310
  2.70000000   0.90000000   106.0334087315
  2.80000000   0.90000000   104.6609444229
  2.90000000   0.90000000   103.4252880150
  3.00000000   0.90000000   102.3574075737
  3.10000000   0.90000000   101.4799663266
  3.20000000   0.90000000   100.8091993764
  3.30000000   0.90000000   100.3562557455
  3.40000000   0.90000000   100.1281072671
  3.50000000   0.90000000   100.1281072671

  0.00000000   1.00000000     0.0000000000
  0.10000000   1.00000000     7.4136755360
  0.20000000   1.00000000    14.8352985833
  0.30000000   1.00000000    22.2722209836
  0.40000000   1.00000000    29.7305038133
  0.50000000   1.00000000    37.2140099772
  0.60000000   1.00000000    44.7231437791
  0.70000000   1.00000000    52.2530557507
  0.80000000   1.00000000    59.7910793285
  0.90000000   1.00000000    67.3131200250
  1.00000000   1.00000000    74.7787151982
  1.10000000   1.00000000    82.1246191707
  1.20000000   1.00000000    89.2572308661
  1.30000000   1.00000000    96.0452964033
  1.40000000   1.00000000   102.3164672677
  1.50000000   1.00000000   107.8644147242
  1.60000000   1.00000000   112.4752342503
  1.70000000   1.00000000   115.9762774747
  1.80000000   1.00000000   118.2884949571
  1.90000000   1.00000000   119.4405888576
  2.00000000   1.00000000   119.5610018751
  2.10000000   1.00000000   118.8533055335
  2.20000000   1.00000000   117.5468443270
  2.30000000   1.00000000   115.8553700307
  2.40000000   1.00000000   113.9564942585
  2.50000000   1.00000000   111.9876240794
  2.60000000   1.00000000   110.0504276519
  2.70000000   1.00000000   108.2180998717
  2.80000000   1.00000000   106.5424895140
  2.90000000   1.00000000   105.0599835091
  3.00000000   1.00000000   103.7959624099
  3.10000000   1.00000000   102.7680057695
  3.20000000   1.00000000   101.9881178625
  3.30000000   1.00000000   101.4642250820
  3.40000000   1.00000000   101.2011415546
  3.50000000   1.00000000   101.2011415546

  0.00000000   1.10000000     0.0000000000
  0.10000000   1.10000000     7.5980328915
  0.20000000   1.10000000    15.2106242003
  0.30000000   1.10000000    22.8519927606
  0.40000000   1.10000000    30.5355785244
  0.50000000   1.10000000    38.2733838612
  0.60000000   1.10000000    46.0749330394
  0.70000000   1.10000000    53.9456147461
  0.80000000   1.10000000    61.8840631236
  0.90000000   1.10000000    69.8780804607
  1.00000000   1.10000000    77.8984266919
  1.10000000   1.10000000    85.8896730298
  1.20000000   1.10000000    93.7574877398
  1.30000000   1.10000000   101.3528109601
  1.40000000   1.10000000   108.4566791499
  1.50000000   1.10000000   114.7768264006
  1.60000000   1.10000000   119.9783511277
  1.70000000   1.10000000   123.7726201729
  1.80000000   1.10000000   126.0372223260
  1.90000000   1.10000000   126.8172638907
  2.00000000   1.10000000   126.3075269070
  2.10000000   1.10000000   124.8275227425
  2.20000000   1.10000000   122.7164661903
  2.30000000   1.10000000   120.2625198566
  2.40000000   1.10000000   117.6819670579
  2.50000000   1.10000000   115.1258181709
  2.60000000   1.10000000   112.6950012999
  2.70000000   1.10000000   110.4551547297
  2.80000000   1.10000000   108.4482108663
  2.90000000   1.10000000   106.7006243623
  3.00000000   1.10000000   105.2289207282
  3.10000000   1.10000000   104.0433235878
  3.20000000   1.10000000   103.1500750496
  3.30000000   1.10000000   102.5528893634
  3.40000000   1.10000000   102.2538353964
  3.50000000   1.10000000   102.2538353964

  0.00000000   1.20000000     0.0000000000
  0.10000000   1.20000000     7.7746695896
  0.20000000   1.20000000    15.5707954091
  0.30000000   1.20000000    23.4098506235
  0.40000000   1.20000000    31.3132620957
  0.50000000   1.20000000    39.3021640668
  0.60000000   1.20000000    47.3968136431
  0.70000000   1.20000000    55.6154179847
  0.80000000   1.20000000    63.9719588832
  0.90000000   1.20000000    72.4723288750
  1.00000000   1.20000000    81.1076589425
  1.10000000   1.20000000    89.8430830774
  1.20000000   1.20000000    98.5994379830
  1.30000000   1.20000000   107.2251680526
  1.40000000   1.20000000   115.4583070328
  1.50000000   1.20000000   122.8902901818
  1.60000000   1.20000000   128.9766940337
  1.70000000   1.20000000   133.1933307607
  1.80000000   1.20000000   135.3733998737
  1.90000000   1.20000000   135.5963447276
  2.00000000   1.20000000   134.1480820415
  2.10000000   1.20000000   131.5686733684
  2.20000000   1.20000000   128.3774499909
  2.30000000   1.20000000   124.9573459257
  2.40000000   1.20000000   121.5563379783
  2.50000000   1.20000000   118.3235738452
  2.60000000   1.20000000   115.3442517289
  2.70000000   1.20000000   112.6647300068
  2.80000000   1.20000000   110.3086977388
  2.90000000   1.20000000   108.2870583896
  3.00000000   1.20000000   106.6038044408
  3.10000000   1.20000000   105.2594467490
  3.20000000   1.20000000   104.2529854171
  3.30000000   1.20000000   103.5830220970
  3.40000000   1.20000000   103.2483702506
  3.50000000   1.20000000   103.2483702506

  0.00000000   1.30000000     0.0000000000
  0.10000000   1.30000000     7.9364426849
  0.20000000   1.30000000    15.9011615550
  0.30000000   1.30000000    23.9228866387
  0.40000000   1.30000000    32.0312180478
  0.50000000   1.30000000    40.2569474072
  0.60000000   1.30000000    48.6321806608
  0.70000000   1.30000000    57.1900651921
  0.80000000   1.30000000    65.9637467079
  0.90000000   1.30000000    74.9838421013
  1.00000000   1.30000000    84.2730674732
  1.10000000   1.30000000    93.8354257887
  1.20000000   1.30000000   103.6350693875
  1.30000000   1.30000000   113.5560914088
  1.40000000   1.30000000   123.3299522622
  1.50000000   1.30000000   132.4214500509
  1.60000000   1.30000000   139.9211221459
  1.70000000   1.30000000   144.7327239821
  1.80000000   1.30000000   146.7566510000
  1.90000000   1.30000000   146.1466668778
  2.00000000   1.30000000   143.2319933036
  2.10000000   1.30000000   139.0473806773
  2.20000000   1.30000000   134.4071303231
  2.30000000   1.30000000   129.7868633292
  2.40000000   1.30000000   125.4296777642
  2.50000000   1.30000000   121.4476905409
  2.60000000   1.30000000   117.8850774237
  2.70000000   1.30000000   114.7526301226
  2.80000000   1.30000000   112.0458360201
  2.90000000   1.30000000   109.7541235199
  3.00000000   1.30000000   107.8654896317
  3.10000000   1.30000000   106.3687386616
  3.20000000   1.30000000   105.2545006308
  3.30000000   1.30000000   104.5156435668
  3.40000000   1.30000000   104.1474037630
  3.50000000   1.30000000   104.1474037630

  0.00000000   1.40000000     0.0000000000
  0.10000000   1.40000000     8.0763088602
  0.20000000   1.40000000    16.1871909732
  0.30000000   1.40000000    24.3681477941
  0.40000000   1.40000000    32.6565616071
  0.50000000   1.40000000    41.0926886590
  0.60000000   1.40000000    49.7206861287
  0.70000000   1.40000000    58.5896145744
  0.80000000   1.40000000    67.7542415873
  0.90000000   1.40000000    77.2752152598
  1.00000000   1.40000000    87.2175925510
  1.10000000   1.40000000    97.6453455357
  1.20000000   1.40000000   108.6061515783
  1.30000000   1.40000000   120.0924032744
  1.40000000   1.40000000   131.9432391487
  1.50000000   1.40000000   143.6049001591
  1.60000000   1.40000000   153.6162788783
  1.70000000   1.40000000   159.1268462735
  1.80000000   1.40000000   160.8480979977
  1.90000000   1.40000000   159.0865053178
  2.00000000   1.40000000   153.6845653505
  2.10000000   1.40000000   147.0961418019
  2.20000000   1.40000000   140.5473763550
  2.30000000   1.40000000   134.4995714458
  2.40000000   1.40000000   129.0889336505
  2.50000000   1.40000000   124.3272599956
  2.60000000   1.40000000   120.1830171521
  2.70000000   1.40000000   116.6132837460
  2.80000000   1.40000000   113.5760654689
  2.90000000   1.40000000   111.0346699771
  3.00000000   1.40000000   108.9588501081
  3.10000000   1.40000000   107.3246794838
  3.20000000   1.40000000   106.1140021010
  3.30000000   1.40000000   105.3138198022
  3.40000000   1.40000000   104.9157722472
  3.50000000   1.40000000   104.9157722472

  0.00000000   1.50000000     0.0000000000
  0.10000000   1.50000000     8.1877787841
  0.20000000   1.50000000    16.4154232505
  0.30000000   1.50000000    24.7241764833
  0.40000000   1.50000000    33.1581312838
  0.50000000   1.50000000    41.7659007115
  0.60000000   1.50000000    50.6026069924
  0.70000000   1.50000000    59.7323323862
  0.80000000   1.50000000    69.2312006501
  0.90000000   1.50000000    79.1912653359
  1.00000000   1.50000000    89.7253170596
  1.10000000   1.50000000   100.9724061551
  1.20000000   1.50000000   113.1026377055
  1.30000000   1.50000000   126.3146310436
  1.40000000   1.50000000   140.7949336890
  1.50000000   1.50000000   156.4861060249
  1.60000000   1.50000000   171.8587054062
  1.70000000   1.50000000   177.3590858010
  1.80000000   1.50000000   178.4773073346
  1.90000000   1.50000000   175.7325168118
  2.00000000   1.50000000   165.4065463616
  2.10000000   1.50000000   155.2073112580
  2.20000000   1.50000000   146.3076907505
  2.30000000   1.50000000   138.7140104090
  2.40000000   1.50000000   132.2545605416
  2.50000000   1.50000000   126.7596318461
  2.60000000   1.50000000   122.0900214876
  2.70000000   1.50000000   118.1367930135
  2.80000000   1.50000000   114.8161171209
  2.90000000   1.50000000   112.0640583620
  3.00000000   1.50000000   109.8322672162
  3.10000000   1.50000000   108.0846502208
  3.20000000   1.50000000   106.7948874171
  3.30000000   1.50000000   105.9446408564
  3.40000000   1.50000000   105.5223221441
  3.50000000   1.50000000   105.5223221441

  0.00000000   1.60000000     0.0000000000
  0.10000000   1.60000000     8.2654073719
  0.20000000   1.60000000    16.5745128171
  0.30000000   1.60000000    24.9727449558
  0.40000000   1.60000000    33.5091502994
  0.50000000   1.60000000    42.2386197152
  0.60000000   1.60000000    51.2246936859
  0.70000000   1.60000000    60.5432908956
  0.80000000   1.60000000    70.2878880179
  0.90000000   1.60000000    80.5770071609
  1.00000000   1.60000000    91.5655003128
  1.10000000   1.60000000   103.4625256398
  1.20000000   1.60000000   116.5629481689
  1.30000000   1.60000000   131.3119560815
  1.40000000   1.60000000   148.4751634291
  1.50000000   1.60000000   169.7193622845
  1.60000000   1.60000000   200.0000000000
  1.70000000   1.60000000   200.0000000000
  1.80000000   1.60000000   200.0000000000
  1.90000000   1.60000000   200.0000000000
  2.00000000   1.60000000   177.0664539440
  2.10000000   1.60000000   162.1082416263
  2.20000000   1.60000000   150.8740539117
  2.30000000   1.60000000   141.9264742181
  2.40000000   1.60000000   134.6059808327
  2.50000000   1.60000000   128.5330299587
  2.60000000   1.60000000   123.4611398686
  2.70000000   1.60000000   119.2206344457
  2.80000000   1.60000000   115.6911489287
  2.90000000   1.60000000   112.7858755794
  3.00000000   1.60000000   110.4417373753
  3.10000000   1.60000000   108.6129881019
  3.20000000   1.60000000   107.2669571700
  3.30000000   1.60000000   106.3812137703
  3.40000000   1.60000000   105.9417204870
  3.50000000   1.60000000   105.9417204870

  0.00000000   1.70000000     0.0000000000
  0.10000000   1.70000000     8.3052562112
  0.20000000   1.70000000    16.6562252592
  0.30000000   1.70000000    25.1005453235
  0.40000000   1.70000000    33.6898983344
  0.50000000   1.70000000    42.4825505633
  0.60000000   1.70000000    51.5466271948
  0.70000000   1.70000000    60.9645870670
  0.80000000   1.70000000    70.8396395239
  0.90000000   1.70000000    81.3053342411
  1.00000000   1.70000000    92.5404173245
  1.10000000   1.70000000   104.7925112237
  1.20000000   1.70000000   118.4163001571
  1.30000000   1.70000000   133.9329711298
  1.40000000   1.70000000   152.1056837386
  1.50000000   1.70000000   173.9363767701
  1.60000000   1.70000000   200.0000000000
  1.70000000   1.70000000   200.0000000000
  1.80000000   1.70000000   200.0000000000
  1.90000000   1.70000000   200.0000000000
  2.00000000   1.70000000   180.7967526832
  2.10000000   1.70000000   165.3634785968
  2.20000000   1.70000000   153.2585395603
  2.30000000   1.70000000   143.6390061126
  2.40000000   1.70000000   135.8564282427
  2.50000000   1.70000000   129.4688703749
  2.60000000   1.70000000   124.1791541247
  2.70000000   1.70000000   119.7845716089
  2.80000000   1.70000000   116.1441211626
  2.90000000   1.70000000   113.1580476966
  3.00000000   1.70000000   110.7550145056
  3.10000000   1.70000000   108.8839243868
  3.20000000   1.70000000   107.5086235613
  3.30000000   1.70000000   106.6044554176
  3.40000000   1.70000000   106.1560588092
  3.50000000   1.70000000   106.1560588092

  0.00000000   1.80000000     0.0000000000
  0.10000000   1.80000000     8.3052562112
  0.20000000   1.80000000    16.6562252592
  0.30000000   1.80000000    25.1005453235
  0.40000000   1.80000000    33.6898983344
  0.50000000   1.80000000    42.4825505633
  0.60000000   1.80000000    51.5466271948
  0.70000000   1.80000000    60.9645870670
  0.80000000   1.80000000    70.8396395239
  0.90000000   1.80000000    81.3053342411
  1.00000000   1.80000000    92.5404173245
  1.10000000   1.80000000   104.7925112237
  1.20000000   1.80000000   118.4163001571
  1.30000000   1.80000000   133.9329711298
  1.40000000   1.80000000   152.1056837386
  1.50000000   1.80000000   173.9363767701
  1.60000000   1.80000000   200.0000000000
  1.70000000   1.80000000   200.0000000000
  1.80000000   1.80000000   200.0000000000
  1.90000000   1.80000000   200.0000000000
  2.00000000   1.80000000   180.7967526832
  2.10000000   1.80000000   165.3634785968
  2.20000000   1.80000000   153.2585395603
  2.30000000   1.80000000   143.6390061126
  2.40000000   1.80000000   135.8564282427
  2.50000000   1.80000000   129.4688703749
  2.60000000   1.80000000   124.1791541247
  2.70000000   1.80000000   119.7845716089
  2.80000000   1.80000000   116.1441211626
  2.90000000   1.80000000   113.1580476966
  3.00000000   1.80000000   110.7550145056
  3.10000000   1.80000000   108.8839243868
  3.20000000   1.80000000   107.5086235613
  3.30000000   1.80000000   106.6044554176
  3.40000000   1.80000000   106.1560588092
  3.50000000   1.80000000   106.1560588092

  0.00000000   1.90000000     0.0000000000
  0.10000000   1.90000000     8.2654073719
  0.20000000   1.90000000    16.5745128171
  0.30000000   1.90000000    24.9727449558
  0.40000000   1.90000000    33.5091502994
  0.50000000   1.90000000    42.2386197152
  0.60000000   1.90000000    51.2246936859
  0.70000000   1.90000000    60.5432908956
  0.80000000   1.90000000    70.2878880179
  0.90000000   1.90000000    80.5770071609
  1.00000000   1.90000000    91.5655003128
  1.10000000   1.90000000   103.4625256398
  1.20000000   1.90000000   116.5629481689
  1.30000000   1.90000000   131.3119560815
  1.40000000   1.90000000   148.4751634291
  1.50000000   1.90000000   169.7193622845
  1.60000000   1.90000000   200.0000000000
  1.70000000   1.90000000   200.0000000000
  1.80000000   1.90000000   200.0000000000
  1.90000000   1.90000000   200.0000000000
  2.00000000   1.90000000   177.0664539440
  2.10000000   1.90000000   162.1082416263
  2.20000000   1.90000000   150.8740539117
  2.30000000   1.90000000   141.9264742181
  2.40000000   1.90000000   134.6059808327
  2.50000000   1.90000000   128.5330299587
  2.60000000   1.90000000   123.4611398686
  2.70000000   1.90000000   119.2206344457
  2.80000000   1.90000000   115.6911489287
  2.90000000   1.90000000   112.7858755794
  3.00000000   1.90000000   110.4417373753
  3.10000000   1.90000000   108.6129881019
  3.20000000   1.90000000   107.2669571700
  3.30000000   1.90000000   106.3812137703
  3.40000000   1.90000000   105.9417204870
  3.50000000   1.90000000   105.9417204870

  0.00000000   2.00000000     0.0000000000
  0.10000000   2.00000000     8.1877787841
  0.20000000   2.00000000    16.4154232505
  0.30000000   2.00000000    24.7241764833
  0.40000000   2.00000000    33.1581312838
  0.50000000   2.00000000    41.7659007115
  0.60000000   2.00000000    50.6026069924
  0.70000000   2.00000000    59.7323323862
  0.80000000   2.00000000    69.2312006501
  0.90000000   2.00000000    79.1912653359
  1.00000000   2.00000000    89.7253170596
  1.10000000   2.00000000   100.9724061551
  1.20000000   2.00000000   113.1026377055
  1.30000000   2.00000000   126.3146310436
  1.40000000   2.00000000   140.7949336890
  1.50000000   2.00000000   156.4861060249
  1.60000000   2.00000000   171.8587054062
  1.70000000   2.00000000   177.3590858010
  1.80000000   2.00000000   178.4773073346
  1.90000000   2.00000000   175.7325168118
  2.00000000   2.00000000   165.4065463616
  2.10000000   2.00000000   155.2073112580
  2.20000000   2.00000000   146.3076907505
  2.30000000   2.00000000   138.7140104090
  2.40000000   2.00000000   132.2545605416
  2.50000000   2.00000000   126.7596318461
  2.60000000   2.00000000   122.0900214876
  2.70000000   2.00000000   118.1367930135
  2.80000000   2.00000000   114.8161171209
  2.90000000   2.00000000   112.0640583620
  3.00000000   2.00000000   109.8322672162
  3.10000000   2.00000000   108.0846502208
  3.20000000   2.00000000   106.7948874171
  3.30000000   2.00000000   105.9446408564
  3.40000000   2.00000000   105.5223221441
  3.50000000   2.00000000   105.5223221441

  0.00000000   2.10000000     0.0000000000
  0.10000000   2.10000000     8.0763088602
  0.20000000   2.10000000    16.1871909732
  0.30000000   2.10000000    24.3681477941
  0.40000000   2.10000000    32.6565616071
  0.50000000   2.10000000    41.0926886590
  0.60000000   2.10000000    49.7206861287
  0.70000000   2.10000000    58.5896145744
  0.80000000   2.10000000    67.7542415873
  0.90000000   2.10000000    77.2752152598
  1.00000000   2.10000000    87.2175925510
  1.10000000   2.10000000    97.6453455357
  1.20000000   2.10000000   108.6061515783
  1.30000000   2.10000000   120.0924032744
  1.40000000   2.10000000   131.9432391487
  1.50000000   2.10000000   143.6049001591
  1.60000000   2.10000000   153.6162788783
  1.70000000   2.10000000   159.1268462735
  1.80000000   2.10000000   160.8480979977
  1.90000000   2.10000000   159.0865053178
  2.00000000   2.10000000   153.6845653505
  2.10000000   2.10000000   147.0961418019
  2.20000000   2.10000000   140.5473763550
  2.30000000   2.10000000   134.4995714458
  2.40000000   2.10000000   129.0889336505
  2.50000000   2.10000000   124.3272599956
  2.60000000   2.10000000   120.1830171521
  2.70000000   2.10000000   116.6132837460
  2.80000000   2.10000000   113.5760654689
  2.90000000   2.10000000   111.0346699771
  3.00000000   2.10000000   108.9588501081
  3.10000000   2.10000000   107.3246794838
  3.20000000   2.10000000   106.1140021010
  3.30000000   2.10000000   105.3138198022
  3.40000000   2.10000000   104.9157722472
  3.50000000   2.10000000   104.9157722472

  0.00000000   2.20000000     0.0000000000
  0.10000000   2.20000000     7.9364426849
  0.20000000   2.20000000    15.9011615550
  0.30000000   2.20000000    23.9228866387
  0.40000000   2.20000000    32.0312180478
  0.50000000   2.20000000    40.2569474072
  0.60000000   2.20000000    48.6321806608
  0.70000000   2.20000000    57.1900651921
  0.80000000   2.20000000    65.9637467079
  0.90000000   2.20000000    74.9838421013
  1.00000000   2.20000000    84.2730674732
  1.10000000   2.20000000    93.8354257887
  1.20000000   2.20000000   103.6350693875
  1.30000000   2.20000000   113.5560914088
  1.40000000   2.20000000   123.3299522622
  1.50000000   2.20000000   132.4214500509
  1.60000000   2.20000000   139.9211221459
  1.70000000   2.20000000   144.7327239821
  1.80000000   2.20000000   146.7566510000
  1.90000000   2.20000000   146.1466668778
  2.00000000   2.20000000   143.2319933036
  2.10000000   2.20000000   139.0473806773
  2.20000000   2.20000000   134.4071303231
  2.30000000   2.20000000   129.7868633292
  2.40000000   2.20000000   125.4296777642
  2.50000000   2.20000000   121.4476905409
  2.60000000   2.20000000   117.8850774237
  2.70000000   2.20000000   114.7526301226
  2.80000000   2.20000000   112.0458360201
  2.90000000   2.20000000   109.7541235199
  3.00000000   2.20000000   107.8654896317
  3.10000000   2.20000000   106.3687386616
  3.20000000   2.20000000   105.2545006308
  3.30000000   2.20000000   104.5156435668
  3.40000000   2.20000000   104.1474037630
  3.50000000   2.20000000   104.1474037630

  0.00000000   2.30000000     0.0000000000
  0.10000000   2.30000000     7.7746695896
  0.20000000   2.30000000    15.5707954091
  0.30000000   2.30000000    23.4098506235
  0.40000000   2.30000000    31.3132620957
  0.50000000   2.30000000    39.3021640668
  0.60000000   2.30000000    47.3968136431
  0.70000000   2.30000000    55.6154179847
  0.80000000   2.30000000    63.9719588832
  0.90000000   2.30000000    72.4723288750
  1.00000000   2.30000000    81.1076589425
  1.10000000   2.30000000    89.8430830774
  1.20000000   2.30000000    98.5994379830
  1.30000000   2.30000000   107.2251680526
  1.40000000   2.30000000   115.4583070328
  1.50000000   2.30000000   122.8902901818
  1.60000000   2.30000000   128.9766940337
  1.70000000   2.30000000   133.1933307607
  1.80000000   2.30000000   135.3733998737
  1.90000000   2.30000000   135.5963447276
  2.00000000   2.30000000   134.1480820415
  2.10000000   2.30000000   131.5686733684
  2.20000000   2.30000000   128.3774499909
  2.30000000   2.30000000   124.9573459257
  2.40000000   2.30000000   121.5563379783
  2.50000000   2.30000000   118.3235738452
  2.60000000   2.30000000   115.3442517289
  2.70000000   2.30000000   112.6647300068
  2.80000000   2.30000000   110.3086977388
  2.90000000   2.30000000   108.2870583896
  3.00000000   2.30000000   106.6038044408
  3.10000000   2.30000000   105.2594467490
  3.20000000   2.30000000   104.2529854171
  3.30000000   2.30000000   103.5830220970
  3.40000000   2.30000000   103.2483702506
  3.50000000   2.30000000   103.2483702506

  0.00000000   2.40000000     0.0000000000
  0.10000000   2.40000000     7.5980328915
  0.20000000   2.40000000    15.2106242003
  0.30000000   2.40000000    22.8519927606
  0.40000000   2.40000000    30.5355785244
  0.50000000   2.40000000    38.2733838612
  0.60000000   2.40000000    46.0749330394
  0.70000000   2.40000000    53.9456147461
  0.80000000   2.40000000    61.8840631236
  0.90000000   2.40000000    69.8780804607
  1.00000000   2.40000000    77.8984266919
  1.10000000   2.40000000    85.8896730298
  1.20000000   2.40000000    93.7574877398
  1.30000000   2.40000000   101.3528109601
  1.40000000   2.40000000   108.4566791499
  1.50000000   2.40000000   114.7768264006
  1.60000000   2.40000000   119.9783511277
  1.70000000   2.40000000   123.7726201729
  1.80000000   2.40000000   126.0372223260
  1.90000000   2.40000000   126.8172638907
  2.00000000   2.40000000   126.3075269070
  2.10000000   2.40000000   124.8275227425
  2.20000000   2.40000000   122.7164661903
  2.30000000   2.40000000   120.2625198566
  2.40000000   2.40000000   117.6819670579
  2.50000000   2.40000000   115.1258181709
  2.60000000   2.40000000   112.6950012999
  2.70000000   2.40000000   110.4551547297
  2.80000000   2.40000000   108.4482108663
  2.90000000   2.40000000   106.7006243623
  3.00000000   2.40000000   105.2289207282
  3.10000000   2.40000000   104.0433235878
  3.20000000   2.40000000   103.1500750496
  3.30000000   2.40000000   102.5528893634
  3.40000000   2.40000000   102.2538353964
  3.50000000   2.40000000   102.2538353964

  0.00000000   2.50000000     0.0000000000
  0.10000000   2.50000000     7.4136755360
  0.20000000   2.50000000    14.8352985833
  0.30000000   2.50000000    22.2722209836
  0.40000000   2.50000000    29.7305038133
  0.50000000   2.50000000    37.2140099772
  0.60000000   2.50000000    44.7231437791
  0.70000000   2.50000000    52.2530557507
  0.80000000   2.50000000    59.7910793285
  0.90000000   2.50000000    67.3131200250
  1.00000000   2.50000000    74.7787151982
  1.10000000   2.50000000    82.1246191707
  1.20000000   2.50000000    89.2572308661
  1.30000000   2.50000000    96.0452964033
  1.40000000   2.50000000   102.3164672677
  1.50000000   2.50000000   107.8644147242
  1.60000000   2.50000000   112.4752342503
  1.70000000   2.50000000   115.9762774747
  1.80000000   2.50000000   118.2884949571
  1.90000000   2.50000000   119.4405888576
  2.00000000   2.50000000   119.5610018751
  2.10000000   2.50000000   118.8533055335
  2.20000000   2.50000000   117.5468443270
  2.30000000   2.50000000   115.8553700307
  2.40000000   2.50000000   113.9564942585
  2.50000000   2.50000000   111.9876240794
  2.60000000   2.50000000   110.0504276519
  2.70000000   2.50000000   108.2180998717
  2.80000000   2.50000000   106.5424895140
  2.90000000   2.50000000   105.0599835091
  3.00000000   2.50000000   103.7959624099
  3.10000000   2.50000000   102.7680057695
  3.20000000   2.50000000   101.9881178625
  3.30000000   2.50000000   101.4642250820
  3.40000000   2.50000000   101.2011415546
  3.50000000   2.50000000   101.2011415546

  0.00000000   2.60000000     0.0000000000
  0.10000000   2.60000000     7.2284656548
  0.20000000   2.60000000    14.4588189570
  0.30000000   2.60000000    21.6921961019
  0.40000000   2.60000000    28.9281450457
  0.50000000   2.60000000    36.1636110560
  0.60000000   2.60000000    43.3916401102
  0.70000000   2.60000000    50.5996810687
  0.80000000   2.60000000    57.7673609041
  0.90000000   2.60000000    64.8636255584
  1.00000000   2.60000000    71.8432214751
  1.10000000   2.60000000    78.6427013062
  1.20000000   2.60000000    85.1765705727
  1.30000000   2.60000000    91.3349456436
  1.40000000   2.60000000    96.9851525557
  1.50000000   2.60000000   101.9806175317
  1.60000000   2.60000000   106.1798523313
  1.70000000   2.60000000   109.4740842749
  1.80000000   2.60000000   111.8136291179
  1.90000000   2.60000000   113.2188284671
  2.00000000   2.60000000   113.7762782255
  2.10000000   2.60000000   113.6227011252
  2.20000000   2.60000000   112.9185989937
  2.30000000   2.60000000   111.8235205687
  2.40000000   2.60000000   110.4801718586
  2.50000000   2.60000000   109.0076474999
  2.60000000   2.60000000   107.5009001310
  2.70000000   2.60000000   106.0334087315
  2.80000000   2.60000000   104.6609444229
  2.90000000   2.60000000   103.4252880150
  3.00000000   2.60000000   102.3574075737
  3.10000000   2.60000000   101.4799663266
  3.20000000   2.60000000   100.8091993764
  3.30000000   2.60000000   100.3562557455
  3.40000000   2.60000000   100.1281072671
  3.50000000   2.60000000   100.1281072671

  0.00000000   2.70000000     0.0000000000
  0.10000000   2.70000000     7.0487229963
  0.20000000   2.70000000    14.0939880084
  0.30000000   2.70000000    21.1315163302
  0.40000000   2.70000000    28.1553233932
  0.50000000   2.70000000    35.1567034555
  0.60000000   2.70000000    42.1230171387
  0.70000000   2.70000000    49.0362192816
  0.80000000   2.70000000    55.8710821441
  0.90000000   2.70000000    62.5931169477
  1.00000000   2.70000000    69.1562969318
  1.10000000   2.70000000    75.5008724636
  1.20000000   2.70000000    81.5518702773
  1.30000000   2.70000000    87.2192820613
  1.40000000   2.70000000    92.4013523937
  1.50000000   2.70000000    96.9924366186
  1.60000000   2.70000000   100.8959988260
  1.70000000   2.70000000   104.0409136728
  1.80000000   2.70000000   106.3960120160
  1.90000000   2.70000000   107.9770501845
  2.00000000   2.70000000   108.8448101839
  2.10000000   2.70000000   109.0953303183
  2.20000000   2.70000000   108.8447635950
  2.30000000   2.70000000   108.2140928713
  2.40000000   2.70000000   107.3176490230
  2.50000000   2.70000000   106.2565369928
  2.60000000   2.70000000   105.1161517390
  2.70000000   2.70000000   103.9663498251
  2.80000000   2.70000000   102.8629947956
  2.90000000   2.70000000   101.8499954973
  3.00000000   2.70000000   100.9613306537
  3.10000000   2.70000000   100.2228177132
  3.20000000   2.70000000    99.6535410021
  3.30000000   2.70000000    99.2669352238
  3.40000000   2.70000000    99.0715531444
  3.50000000   2.70000000    99.0715531444

  0.00000000   2.80000000     0.0000000000
  0.10000000   2.80000000     6.8800468040
  0.20000000   2.80000000    13.7520801702
  0.30000000   2.80000000    20.6072622208
  0.40000000   2.80000000    27.4350643384
  0.50000000   2.80000000    34.2223190631
  0.60000000   2.80000000    40.9521563061
  0.70000000   2.80000000    47.6028031854
  0.80000000   2.80000000    54.1462550229
  0.90000000   2.80000000    60.5468761944
  1.00000000   2.80000000    66.7600777442
  1.10000000   2.80000000    72.7313517369
  1.20000000   2.80000000    78.3961210034
  1.30000000   2.80000000    83.6810480430
  1.40000000   2.80000000    88.5075400928
  1.50000000   2.80000000    92.7979959384
  1.60000000   2.80000000    96.4846404002
  1.70000000   2.80000000    99.5195379816
  1.80000000   2.80000000   101.8831118034
  1.90000000   2.80000000   103.5884202866
  2.00000000   2.80000000   104.6801237653
  2.10000000   2.80000000   105.2285810209
  2.20000000   2.80000000   105.3207045207
  2.30000000   2.80000000   105.0501988923
  2.40000000   2.80000000   104.5094024746
  2.50000000   2.80000000   103.7837380561
  2.60000000   2.80000000   102.9487166644
  2.70000000   2.80000000   102.0688953040
  2.80000000   2.80000000   101.1980823817
  2.90000000   2.80000000   100.3802008092
  3.00000000   2.80000000    99.6503995711
  3.10000000   2.80000000    99.0361657949
  3.20000000   2.80000000    98.5583067237
  3.30000000   2.80000000    98.2317440737
  3.40000000   2.80000000    98.0661039731
  3.50000000   2.80000000    98.0661039731

  0.00000000   2.90000000     0.0000000000
  0.10000000   2.90000000     6.7272318305
  0.20000000   2.90000000    13.4426943699
  0.30000000   2.90000000    20.1338332881
  0.40000000   2.90000000    26.7865027698
  0.50000000   2.90000000    33.3841201072
  0.60000000   2.90000000    39.9067723261
  0.70000000   2.90000000    46.3302825334
  0.80000000   2.90000000    52.6252711277
  0.90000000   2.90000000    58.7562915108
  1.00000000   2.90000000    64.6811832548
  1.10000000   2.90000000    70.3508692503
  1.20000000   2.90000000    75.7099119013
  1.30000000   2.90000000    80.6982053295
  1.40000000   2.90000000    85.2541477572
  1.50000000   2.90000000    89.3194258089
  1.60000000   2.90000000    92.8450830695
  1.70000000   2.90000000    95.7979078565
  1.80000000   2.90000000    98.1656592649
  1.90000000   2.90000000    99.9597104258
  2.00000000   2.90000000   101.2144369967
  2.10000000   2.90000000   101.9835557534
  2.20000000   2.90000000   102.3343621874
  2.30000000   2.90000000   102.3412873648
  2.40000000   2.90000000   102.0800691644
  2.50000000   2.90000000   101.6232945119
  2.60000000   2.90000000   101.0374956294
  2.70000000   2.90000000   100.3816038314
  2.80000000   2.90000000    99.7064052886
  2.90000000   2.90000000    99.0546381846
  3.00000000   2.90000000    98.4614377339
  3.10000000   2.90000000    97.9549212059
  3.20000000   2.90000000    97.5567797330
  3.30000000   2.90000000    97.2827995829
  3.40000000   2.90000000    97.1432719120
  3.50000000   2.90000000    97.1432719120

  0.00000000   3.00000000     0.0000000000
  0.10000000   3.00000000     6.5942518036
  0.20000000   3.00000000    13.1737434771
  0.30000000   3.00000000    19.7229917639
  0.40000000   3.00000000    26.2250625800
  0.50000000   3.00000000    32.6608382517
  0.60000000   3.00000000    39.0082884781
  0.70000000   3.00000000    45.2417688705
  0.80000000   3.00000000    51.3313945507
  0.90000000   3.00000000    57.2425683239
  1.00000000   3.00000000    62.9357845073
  1.10000000   3.00000000    68.3668735095
  1.20000000   3.00000000    73.4878879467
  1.30000000   3.00000000    78.2488315001
  1.40000000   3.00000000    82.6003643782
  1.50000000   3.00000000    86.4974464799
  1.60000000   3.00000000    89.9035986311
  1.70000000   3.00000000    92.7951360269
  1.80000000   3.00000000    95.1645152100
  1.90000000   3.00000000    97.0220091330
  2.00000000   3.00000000    98.3953115235
  2.10000000   3.00000000    99.3271704510
  2.20000000   3.00000000    99.8715955828
  2.30000000   3.00000000   100.0894465454
  2.40000000   3.00000000   100.0441869979
  2.50000000   3.00000000    99.7983422491
  2.60000000   3.00000000    99.4108904992
  2.70000000   3.00000000    98.9355710908
  2.80000000   3.00000000    98.4199534422
  2.90000000   3.00000000    97.9050619269
  3.00000000   3.00000000    97.4253625123
  3.10000000   3.00000000    97.0089531641
  3.20000000   3.00000000    96.6778425246
  3.30000000   3.00000000    96.4482382966
  3.40000000   3.00000000    96.3307956035
  3.50000000   3.00000000    96.3307956035

  0.00000000   3.10000000     0.0000000000
  0.10000000   3.10000000     6.4842880257
  0.20000000   3.10000000    12.9515320161
  0.30000000   3.10000000    19.3840324314
  0.40000000   3.10000000    25.7627867061
  0.50000000   3.10000000    32.0668616585
  0.60000000   3.10000000    38.2728056820
  0.70000000   3.10000000    44.3541334043
  0.80000000   3.10000000    50.2809325926
  0.90000000   3.10000000    56.0196649641
  1.00000000   3.10000000    61.5332553615
  1.10000000   3.10000000    66.7815835098
  1.20000000   3.10000000    71.7224972657
  1.30000000   3.10000000    76.3134431173
  1.40000000   3.10000000    80.5137397591
  1.50000000   3.10000000    84.2873961363
  1.60000000   3.10000000    87.6062049881
  1.70000000   3.10000000    90.4526755260
  1.80000000   3.10000000    92.8222806465
  1.90000000   3.10000000    94.7245596353
  2.00000000   3.10000000    96.1828366106
  2.10000000   3.10000000    97.2326071194
  2.20000000   3.10000000    97.9189113692
  2.30000000   3.10000000    98.2931761811
  2.40000000   3.10000000    98.4100198643
  2.50000000   3.10000000    98.3244015082
  2.60000000   3.10000000    98.0893279170
  2.70000000   3.10000000    97.7541764440
  2.80000000   3.10000000    97.3635835042
  2.90000000   3.10000000    96.9567929630
  3.00000000   3.10000000    96.5673425812
  3.10000000   3.10000000    96.2229757225
  3.20000000   3.10000000    95.9456851212
  3.30000000   3.10000000    95.7518181130
  3.40000000   3.10000000    95.6521929677
  3.50000000   3.10000000    95.6521929677

  0.00000000   3.20000000     0.0000000000
  0.10000000   3.20000000     6.3997824986
  0.20000000   3.20000000    12.7808793670
  0.30000000   3.20000000    19.1240100821
  0.40000000   3.20000000    25.4087210456
  0.50000000   3.20000000    31.6128440900
  0.60000000   3.20000000    37.7120183659
  0.70000000   3.20000000    43.6793118128
  0.80000000   3.20000000    49.4849907278
  0.90000000   3.20000000    55.0964986892
  1.00000000   3.20000000    60.4787173776
  1.10000000   3.20000000    65.5945855804
  1.20000000   3.20000000    70.4061432669
  1.30000000   3.20000000    74.8760353901
  1.40000000   3.20000000    78.9694500359
  1.50000000   3.20000000    82.6563761035
  1.60000000   3.20000000    85.9139620237
  1.70000000   3.20000000    88.7286673869
  1.80000000   3.20000000    91.0978663785
  1.90000000   3.20000000    93.0306147933
  2.00000000   3.20000000    94.5474300776
  2.10000000   3.20000000    95.6791131904
  2.20000000   3.20000000    96.4648093775
  2.30000000   3.20000000    96.9496132599
  2.40000000   3.20000000    97.1820482644
  2.50000000   3.20000000    97.2116984399
  2.60000000   3.20000000    97.0871771790
  2.70000000   3.20000000    96.8545175375
  2.80000000   3.20000000    96.5559887368
  2.90000000   3.20000000    96.2292910703
  3.00000000   3.20000000    95.9070561719
  3.10000000   3.20000000    95.6165735084
  3.20000000   3.20000000    95.3796702875
  3.30000000   3.20000000    95.2126838119
  3.40000000   3.20000000    95.1264792664
  3.50000000   3.20000000    95.1264792664

  0.00000000   3.30000000     0.0000000000
  0.10000000   3.30000000     6.3424986989
  0.20000000   3.30000000    12.6652540149
  0.30000000   3.30000000    18.9479725402
  0.40000000   3.30000000    25.1692828523
  0.50000000   3.30000000    31.3062544211
  0.60000000   3.30000000    37.3339935660
  0.70000000   3.30000000    43.2253540928
  0.80000000   3.30000000    48.9508084148
  0.90000000   3.30000000    54.4785325258
  1.00000000   3.30000000    59.7747616052
  1.10000000   3.30000000    64.8044691026
  1.20000000   3.30000000    69.5324053282
  1.30000000   3.30000000    73.9244985307
  1.40000000   3.30000000    77.9495695070
  1.50000000   3.30000000    81.5812448991
  1.60000000   3.30000000    84.7998854579
  1.70000000   3.30000000    87.5942949936
  1.80000000   3.30000000    89.9629650963
  1.90000000   3.30000000    91.9146557545
  2.00000000   3.30000000    93.4682073334
  2.10000000   3.30000000    94.6516020599
  2.20000000   3.30000000    95.5004088205
  2.30000000   3.30000000    96.0558250027
  2.40000000   3.30000000    96.3625557626
  2.50000000   3.30000000    96.4667479185
  2.60000000   3.30000000    96.4141388209
  2.70000000   3.30000000    96.2485127223
  2.80000000   3.30000000    96.0104950254
  2.90000000   3.30000000    95.7366686569
  3.00000000   3.30000000    95.4589682609
  3.10000000   3.30000000    95.2042952401
  3.20000000   3.30000000    94.9942951063
  3.30000000   3.30000000    94.8452443729
  3.40000000   3.30000000    94.7680035246
  3.50000000   3.30000000    94.7680035246

  0.00000000   3.40000000     0.0000000000
  0.10000000   3.40000000     6.3135771826
  0.20000000   3.40000000    12.6068936160
  0.30000000   3.40000000    18.8591622295
  0.40000000   3.40000000    25.0485678769
  0.50000000   3.40000000    31.1518171935
  0.60000000   3.40000000    37.1437717915
  0.70000000   3.40000000    42.9972026287
  0.80000000   3.40000000    48.6827097947
  0.90000000   3.40000000    54.1688565657
  1.00000000   3.40000000    59.4225668240
  1.10000000   3.40000000    64.4098271765
  1.20000000   3.40000000    69.0967160666
  1.30000000   3.40000000    73.4507490337
  1.40000000   3.40000000    77.4424826597
  1.50000000   3.40000000    81.0472643025
  1.60000000   3.40000000    84.2469617257
  1.70000000   3.40000000    87.0314713855
  1.80000000   3.40000000    89.3998024737
  1.90000000   3.40000000    91.3605740758
  2.00000000   3.40000000    92.9318409444
  2.10000000   3.40000000    94.1402613737
  2.20000000   3.40000000    95.0197144312
  2.30000000   3.40000000    95.6095405718
  2.40000000   3.40000000    95.9526068860
  2.50000000   3.40000000    96.0933857099
  2.60000000   3.40000000    96.0761943620
  2.70000000   3.40000000    95.9436896732
  2.80000000   3.40000000    95.7356581140
  2.90000000   3.40000000    95.4880995312
  3.00000000   3.40000000    95.2325736670
  3.10000000   3.40000000    94.9957630976
  3.20000000   3.40000000    94.7992015167
  3.30000000   3.40000000    94.6591189609
  3.40000000   3.40000000    94.5863628019
  3.50000000   3.40000000    94.5863628019

  0.00000000   3.50000000     0.0000000000
  0.10000000   3.50000000     6.3135771826
  0.20000000   3.50000000    12.6068936160
  0.30000000   3.50000000    18.8591622295
  0.40000000   3.50000000    25.0485678769
  0.50000000   3.50000000    31.1518171935
  0.60000000   3.50000000    37.1437717915
  0.70000000   3.50000000    42.9972026287
  0.80000000   3.50000000    48.6827097947
  0.90000000   3.50000000    54.1688565657
  1.00000000   3.50000000    59.4225668240
  1.10000000   3.50000000    64.4098271765
  1.20000000   3.50000000    69.0967160666
  1.30000000   3.50000000    73.4507490337
  1.40000000   3.50000000    77.4424826597
  1.50000000   3.50000000    81.0472643025
  1.60000000   3.50000000    84.2469617257
  1.70000000   3.50000000    87.0314713855
  1.80000000   3.50000000    89.3998024737
  1.90000000   3.50000000    91.3605740758
  2.00000000   3.50000000    92.9318409444
  2.10000000   3.50000000    94.1402613737
  2.20000000   3.50000000    95.0197144312
  2.30000000   3.50000000    95.6095405718
  2.40000000   3.50000000    95.9526068860
  2.50000000   3.50000000    96.0933857099
  2.60000000   3.50000000    96.0761943620
  2.70000000   3.50000000    95.9436896732
  2.80000000   3.50000000    95.7356581140
  2.90000000   3.50000000    95.4880995312
  3.00000000   3.50000000    95.2325736670
  3.10000000   3.50000000    94.9957630976
  3.20000000   3.50000000    94.7992015167
  3.30000000   3.50000000    94.6591189609
  3.40000000   3.50000000    94.5863628019
  3.50000000   3.50000000    94.5863628019

