  0.00000000   0.00000000     0.0000000000
  0.10000000   0.00000000     6.2242893989
  0.20000000   0.00000000    12.4284170070
  0.30000000   0.00000000    18.5916857338
  0.40000000   0.00000000    24.6923528254
  0.50000000   0.00000000    30.7071718672
  0.60000000   0.00000000    36.6110193429
  0.70000000   0.00000000    42.3766440923
  0.80000000   0.00000000    47.9745845344
  0.90000000   0.00000000    53.3733031517
  1.00000000   0.00000000    58.5395880374
  1.10000000   0.00000000    63.4392634266
  1.20000000   0.00000000    68.0382319355
  1.30000000   0.00000000    72.3038376619
  1.40000000   0.00000000    76.2064921729
  1.50000000   0.00000000    79.7214491830
  1.60000000   0.00000000    82.8305600299
  1.70000000   0.00000000    85.5238059946
  1.80000000   0.00000000    87.8004016218
  1.90000000   0.00000000    89.6693036156
  2.00000000   0.00000000    91.1490388993
  2.10000000   0.00000000    92.2668646341
  2.20000000   0.00000000    93.0573682648
  2.30000000   0.00000000    93.5606836476
  2.40000000   0.00000000    93.8205273547
  2.50000000   0.00000000    93.8822468330
  2.60000000   0.00000000    93.7910307833
  2.70000000   0.00000000    93.5903772803
  2.80000000   0.00000000    93.3208615222
  2.90000000   0.00000000    93.0192015614
  3.00000000   0.00000000    92.7175910275
  3.10000000   0.00000000    92.4432519563
  3.20000000   0.00000000    92.2181560017
  3.30000000   0.00000000    92.0588649413
  3.40000000   0.00000000    91.9764487000
  3.50000000   0.00000000    91.9764487000

  0.00000000   0.10000000     0.0000000000
  0.10000000   0.10000000     6.2242893989
  0.20000000   0.10000000    12.4284170070
  0.30000000   0.10000000    18.5916857338
  0.40000000   0.10000000    24.6923528254
  0.50000000   0.10000000    30.7071718672
  0.60000000   0.10000000    36.6110193429
  0.70000000   0.10000000    42.3766440923
  0.80000000   0.10000000    47.9745845344
  0.90000000   0.10000000    53.3733031517
  1.00000000   0.10000000    58.5395880374
  1.10000000   0.10000000    63.4392634266
  1.20000000   0.10000000    68.0382319355
  1.30000000   0.10000000    72.3038376619
  1.40000000   0.10000000    76.2064921729
  1.50000000   0.10000000    79.7214491830
  1.60000000   0.10000000    82.8305600299
  1.70000000   0.10000000    85.5238059946
  1.80000000   0.10000000    87.8004016218
  1.90000000   0.10000000    89.6693036156
  2.00000000   0.10000000    91.1490388993
  2.10000000   0.10000000    92.2668646341
  2.20000000   0.10000000    93.0573682648
  2.30000000   0.10000000    93.5606836476
  2.40000000   0.10000000    93.8205273547
  2.50000000   0.10000000    93.8822468330
  2.60000000   0.10000000    93.7910307833
  2.70000000   0.10000000    93.5903772803
  2.80000000   0.10000000    93.3208615222
  2.90000000   0.10000000    93.0192015614
  3.00000000   0.10000000    92.7175910275
  3.10000000   0.10000000    92.4432519563
  3.20000000   0.10000000    92.2181560017
  3.30000000   0.10000000    92.0588649413
  3.40000000   0.10000000    91.9764487000
  3.50000000   0.10000000    91.9764487000

  0.00000000   0.20000000     0.0000000000
  0.10000000   0.20000000     6.2536419972
  0.20000000   0.20000000    12.4876466431
  0.30000000   0.20000000    18.6818172976
  0.40000000   0.20000000    24.8148611055
  0.50000000   0.20000000    30.8638996787
  0.60000000   0.20000000    36.8040579408
  0.70000000   0.20000000    42.6081693140
  0.80000000   0.20000000    48.2466436250
  0.90000000   0.20000000    53.6875518589
  1.00000000   0.20000000    58.8969852462
  1.10000000   0.20000000    63.8397423431
  1.20000000   0.20000000    68.4803806278
  1.30000000   0.20000000    72.7846358950
  1.40000000   0.20000000    76.7211600185
  1.50000000   0.20000000    80.2634611182
  1.60000000   0.20000000    83.3918601701
  1.70000000   0.20000000    86.0952268583
  1.80000000   0.20000000    88.3722461771
  1.90000000   0.20000000    90.2320126783
  2.00000000   0.20000000    91.6938453462
  2.10000000   0.20000000    92.7863404867
  2.20000000   0.20000000    93.5457973354
  2.30000000   0.20000000    94.0142327218
  2.40000000   0.20000000    94.2372285345
  2.50000000   0.20000000    94.2618327379
  2.60000000   0.20000000    94.1346771298
  2.70000000   0.20000000    93.9004063639
  2.80000000   0.20000000    93.6004495477
  2.90000000   0.20000000    93.2721188750
  3.00000000   0.20000000    92.9479905746
  3.10000000   0.20000000    92.6555105468
  3.20000000   0.20000000    92.4167653361
  3.30000000   0.20000000    92.2483649284
  3.40000000   0.20000000    92.1613932358
  3.50000000   0.20000000    92.1613932358

  0.00000000   0.30000000     0.0000000000
  0.10000000   0.30000000     6.3117784320
  0.20000000   0.30000000    12.6049916651
  0.30000000   0.30000000    18.8604697970
  0.40000000   0.30000000    25.0578505048
  0.50000000   0.30000000    31.1750285711
  0.60000000   0.30000000    37.1876697675
  0.70000000   0.30000000    43.0688257265
  0.80000000   0.30000000    48.7886990248
  0.90000000   0.30000000    54.3146204245
  1.00000000   0.30000000    59.6113118536
  1.10000000   0.30000000    64.6415122972
  1.20000000   0.30000000    69.3670345600
  1.30000000   0.30000000    73.7502880582
  1.40000000   0.30000000    77.7562424015
  1.50000000   0.30000000    81.3547157821
  1.60000000   0.30000000    84.5227674736
  1.70000000   0.30000000    87.2468824723
  1.80000000   0.30000000    89.5246026965
  1.90000000   0.30000000    91.3653117438
  2.00000000   0.30000000    92.7900193263
  2.10000000   0.30000000    93.8301727793
  2.20000000   0.30000000    94.5256942550
  2.30000000   0.30000000    94.9225525760
  2.40000000   0.30000000    95.0702047184
  2.50000000   0.30000000    95.0191895305
  2.60000000   0.30000000    94.8190618256
  2.70000000   0.30000000    94.5167535183
  2.80000000   0.30000000    94.1553671689
  2.90000000   0.30000000    93.7733538297
  3.00000000   0.30000000    93.4040013843
  3.10000000   0.30000000    93.0751531388
  3.20000000   0.30000000    92.8090828483
  3.30000000   0.30000000    92.6224642488
  3.40000000   0.30000000    92.5263873661
  3.50000000   0.30000000    92.5263873661

  0.00000000   0.40000000     0.0000000000
  0.10000000   0.40000000     6.3975388962
  0.20000000   0.40000000    12.7781763776
  0.30000000   0.40000000    19.1243449922
  0.40000000   0.40000000    25.4171533445
  0.50000000   0.40000000    31.6357485109
  0.60000000   0.40000000    37.7567188539
  0.70000000   0.40000000    43.7535704395
  0.80000000   0.40000000    49.5963273503
  0.90000000   0.40000000    55.2513285524
  1.00000000   0.40000000    60.6813167822
  1.10000000   0.40000000    65.8459352346
  1.20000000   0.40000000    70.7027523406
  1.30000000   0.40000000    75.2089119687
  1.40000000   0.40000000    79.3234354522
  1.50000000   0.40000000    83.0100764970
  1.60000000   0.40000000    86.2404573040
  1.70000000   0.40000000    88.9970449481
  1.80000000   0.40000000    91.2754365694
  1.90000000   0.40000000    93.0854874249
  2.00000000   0.40000000    94.4510363230
  2.10000000   0.40000000    95.4082788711
  2.20000000   0.40000000    96.0031090452
  2.30000000   0.40000000    96.2879172733
  2.40000000   0.40000000    96.3183466415
  2.50000000   0.40000000    96.1503956025
  2.60000000   0.40000000    95.8380847906
  2.70000000   0.40000000    95.4317483302
  2.80000000   0.40000000    94.9768993805
  2.90000000   0.40000000    94.5135630967
  3.00000000   0.40000000    94.0759535070
  3.10000000   0.40000000    93.6923799399
  3.20000000   0.40000000    93.3852883098
  3.30000000   0.40000000    93.1713655687
  3.40000000   0.40000000    93.0616560922
  3.50000000   0.40000000    93.0616560922

  0.00000000   0.50000000     0.0000000000
  0.10000000   0.50000000     6.5091305800
  0.20000000   0.50000000    13.0036742455
  0.30000000   0.50000000    19.4683096133
  0.40000000   0.50000000    25.8862418139
  0.50000000   0.50000000    32.2384584501
  0.60000000   0.50000000    38.5029895390
  0.70000000   0.50000000    44.6541955023
  0.80000000   0.50000000    50.6621313764
  0.90000000   0.50000000    56.4920675229
  1.00000000   0.50000000    62.1042894808
  1.10000000   0.50000000    67.4543437872
  1.20000000   0.50000000    72.4939331834
  1.30000000   0.50000000    77.1726648253
  1.40000000   0.50000000    81.4407877829
  1.50000000   0.50000000    85.2528813196
  1.60000000   0.50000000    88.5721722537
  1.70000000   0.50000000    91.3748289983
  1.80000000   0.50000000    93.6533638067
  1.90000000   0.50000000    95.4183460014
  2.00000000   0.50000000    96.6980182055
  2.10000000   0.50000000    97.5359112712
  2.20000000   0.50000000    97.9870061420
  2.30000000   0.50000000    98.1132602265
  2.40000000   0.50000000    97.9792957014
  2.50000000   0.50000000    97.6487976574
  2.60000000   0.50000000    97.1818580115
  2.70000000   0.50000000    96.6332498693
  2.80000000   0.50000000    96.0514747733
  2.90000000   0.50000000    95.4783753734
  3.00000000   0.50000000    94.9491165959
  3.10000000   0.50000000    94.4923747770
  3.20000000   0.50000000    94.1306174392
  3.30000000   0.50000000    93.8803937366
  3.40000000   0.50000000    93.7525849884
  3.50000000   0.50000000    93.7525849884

  0.00000000   0.60000000     0.0000000000
  0.10000000   0.60000000     6.6440716306
  0.20000000   0.60000000    13.2765868207
  0.30000000   0.60000000    19.8851920339
  0.40000000   0.60000000    26.4559179342
  0.50000000   0.60000000    32.9723214259
  0.60000000   0.60000000    39.4145792873
  0.70000000   0.60000000    45.7585413075
  0.80000000   0.60000000    51.9747783098
  0.90000000   0.60000000    58.0277057264
  1.00000000   0.60000000    63.8749270161
  1.10000000   0.60000000    69.4670261469
  1.20000000   0.60000000    74.7481275372
  1.30000000   0.60000000    79.6576051964
  1.40000000   0.60000000    84.1332896822
  1.50000000   0.60000000    88.1163080650
  1.60000000   0.60000000    91.5572279051
  1.70000000   0.60000000    94.4225324565
  1.80000000   0.60000000    96.6999302733
  1.90000000   0.60000000    98.4010588834
  2.00000000   0.60000000    99.5608937344
  2.10000000   0.60000000   100.2340595881
  2.20000000   0.60000000   100.4889986877
  2.30000000   0.60000000   100.4014353566
  2.40000000   0.60000000   100.0484542808
  2.50000000   0.60000000    99.5039651329
  2.60000000   0.60000000    98.8357429389
  2.70000000   0.60000000    98.1038472499
  2.80000000   0.60000000    97.3600601193
  2.90000000   0.60000000    96.6479772267
  3.00000000   0.60000000    96.0034539168
  3.10000000   0.60000000    95.4551949178
  3.20000000   0.60000000    95.0253521004
  3.30000000   0.60000000    94.7300515670
  3.40000000   0.60000000    94.5798082031
  3.50000000   0.60000000    94.5798082031

  0.00000000   0.70000000     0.0000000000
  0.10000000   0.70000000     6.7991299583
  0.20000000   0.70000000    13.5905085256
  0.30000000   0.70000000    20.3655473600
  0.40000000   0.70000000    27.1139419643
  0.50000000   0.70000000    33.8227098279
  0.60000000   0.70000000    40.4751117834
  0.70000000   0.70000000    47.0494355258
  0.80000000   0.70000000    53.5176490405
  0.90000000   0.70000000    59.8439829808
  1.00000000   0.70000000    65.9835905706
  1.10000000   0.70000000    71.8815676060
  1.20000000   0.70000000    77.4727963127
  1.30000000   0.70000000    82.6832636911
  1.40000000   0.70000000    87.4336005959
  1.50000000   0.70000000    91.6453952235
  1.60000000   0.70000000    95.2501301877
  1.70000000   0.70000000    98.1993252947
  1.80000000   0.70000000   100.4731876793
  1.90000000   0.70000000   102.0849871400
  2.00000000   0.70000000   103.0800598530
  2.10000000   0.70000000   103.5298634199
  2.20000000   0.70000000   103.5227200146
  2.30000000   0.70000000   103.1539102630
  2.40000000   0.70000000   102.5173794472
  2.50000000   0.70000000   101.7000861591
  2.60000000   0.70000000   100.7789426935
  2.70000000   0.70000000    99.8197417396
  2.80000000   0.70000000    98.8773533028
  2.90000000   0.70000000    97.9965924611
  3.00000000   0.70000000    97.2133419725
  3.10000000   0.70000000    96.5556772318
  3.20000000   0.70000000    96.0448605164
  3.30000000   0.70000000    95.6961456556
  3.40000000   0.70000000    95.5193758363
  3.50000000   0.70000000    95.5193758363

  0.00000000   0.80000000     0.0000000000
  0.10000000   0.80000000     6.9702698990
  0.20000000   0.80000000    13.9374027918
  0.30000000   0.80000000    20.8974285170
  0.40000000   0.80000000    27.8446455042
  0.50000000   0.80000000    34.7705910509
  0.60000000   0.80000000    41.6628123375
  0.70000000   0.80000000    48.5033750954
  0.80000000   0.80000000    55.2670642292
  0.90000000   0.80000000    61.9192794474
  1.00000000   0.80000000    68.4137296559
  1.10000000   0.80000000    74.6902195424
  1.20000000   0.80000000    80.6731258912
  1.30000000   0.80000000    86.2715794071
  1.40000000   0.80000000    91.3827772032
  1.50000000   0.80000000    95.8999153466
  1.60000000   0.80000000    99.7253248059
  1.70000000   0.80000000   102.7869684378
  1.80000000   0.80000000   105.0531988142
  1.90000000   0.80000000   106.5398934116
  2.00000000   0.80000000   107.3086248912
  2.10000000   0.80000000   107.4568286830
  2.20000000   0.80000000   107.1024686499
  2.30000000   0.80000000   106.3685147331
  2.40000000   0.80000000   105.3712596546
  2.50000000   0.80000000   104.2136138547
  2.60000000   0.80000000   102.9825568442
  2.70000000   0.80000000   101.7492915647
  2.80000000   0.80000000   100.5707996923
  2.90000000   0.80000000    99.4919022482
  3.00000000   0.80000000    98.5473095002
  3.10000000   0.80000000    97.7634134282
  3.20000000   0.80000000    97.1597356069
  3.30000000   0.80000000    96.7500260371
  3.40000000   0.80000000    96.5430418326
  3.50000000   0.80000000    96.5430418326

  0.00000000   0.90000000     0.0000000000
  0.10000000   0.90000000     7.1526237759
  0.20000000   0.90000000    14.3075244728
  0.30000000   0.90000000    21.4662159408
  0.40000000   0.90000000    28.6285996927
  0.50000000   0.90000000    35.7919361009
  0.60000000   0.90000000    42.9495305573
  0.70000000   0.90000000    50.0890141011
  0.80000000   0.90000000    57.1900915388
  0.90000000   0.90000000    64.2216480687
  1.00000000   0.90000000    71.1381889827
  1.10000000   0.90000000    77.8757968159
  1.20000000   0.90000000    84.3482281895
  1.30000000   0.90000000    90.4445330779
  1.40000000   0.90000000    96.0306503958
  1.50000000   0.90000000   100.9583669384
  1.60000000   0.90000000   105.0844820335
  1.70000000   0.90000000   108.2987372644
  1.80000000   0.90000000   110.5505452910
  1.90000000   0.90000000   111.8602085873
  2.00000000   0.90000000   112.3152884163
  2.10000000   0.90000000   112.0543891982
  2.20000000   0.90000000   111.2404539482
  2.30000000   0.90000000   110.0356216593
  2.40000000   0.90000000   108.5850371972
  2.50000000   0.90000000   107.0099266428
  2.60000000   0.90000000   105.4070206638
  2.70000000   0.90000000   103.8512394113
  2.80000000   0.90000000   102.3995016676
  2.90000000   0.90000000   101.0944912694
  3.00000000   0.90000000    99.9678790872
  3.10000000   0.90000000    99.0428671444
  3.20000000   0.90000000    98.3360930492
  3.30000000   0.90000000    97.8589921234
  3.40000000   0.90000000    97.6187200493
  3.50000000   0.90000000    97.6187200493

  0.00000000   1.00000000     0.0000000000
  0.10000000   1.00000000     7.3405092406
  0.20000000   1.00000000    14.6894317274
  0.30000000   1.00000000    22.0545752257
  0.40000000   1.00000000    29.4424360753
  0.50000000   1.00000000    36.8572788000
  0.60000000   1.00000000    44.2998589929
  0.70000000   1.00000000    51.7656059840
  0.80000000   1.00000000    59.2420291929
  0.90000000   1.00000000    66.7050658903
  1.00000000   1.00000000    74.1140848130
  1.10000000   1.00000000    81.4053980533
  1.20000000   1.00000000    88.4845992870
  1.30000000   1.00000000    95.2191721435
  1.40000000   1.00000000   101.4349805419
  1.50000000   1.00000000   106.9234062808
  1.60000000   1.00000000   111.4679629461
  1.70000000   1.00000000   114.8935952083
  1.80000000   1.00000000   117.1196496724
  1.90000000   1.00000000   118.1744895758
  2.00000000   1.00000000   118.1877814049
  2.10000000   1.00000000   117.3658109060
  2.20000000   1.00000000   115.9413926391
  2.30000000   1.00000000   114.1317599277
  2.40000000   1.00000000   112.1175845801
  2.50000000   1.00000000   110.0387671805
  2.60000000   1.00000000   107.9989226354
  2.70000000   1.00000000   106.0727321255
  2.80000000   1.00000000   104.3131677498
  2.90000000   1.00000000   102.7574622271
  3.00000000   1.00000000   101.4316311294
  3.10000000   1.00000000   100.3537273354
  3.20000000   1.00000000    99.5361012991
  3.30000000   1.00000000    98.9869219675
  3.40000000   1.00000000    98.7111576738
  3.50000000   1.00000000    98.7111576738

  0.00000000   1.10000000     0.0000000000
  0.10000000   1.10000000     7.5275149099
  0.20000000   1.10000000    15.0701364027
  0.30000000   1.10000000    22.6426245554
  0.40000000   1.10000000    30.2589457334
  0.50000000   1.10000000    37.9316037362
  0.60000000   1.10000000    45.6705853199
  0.70000000   1.10000000    53.4816824229
  0.80000000   1.10000000    61.3638431777
  0.90000000   1.10000000    69.3050494547
  1.00000000   1.10000000    77.2760390360
  1.10000000   1.10000000    85.2210602959
  1.20000000   1.10000000    93.0450186757
  1.30000000   1.10000000   100.5974704448
  1.40000000   1.10000000   107.6572510340
  1.50000000   1.10000000   113.9289581904
  1.60000000   1.10000000   119.0737861366
  1.70000000   1.10000000   122.7991586734
  1.80000000   1.10000000   124.9799068502
  1.90000000   1.10000000   125.6602026890
  2.00000000   1.10000000   125.0363769872
  2.10000000   1.10000000   123.4322089041
  2.20000000   1.10000000   121.1921394628
  2.30000000   1.10000000   118.6091197434
  2.40000000   1.10000000   115.9032451856
  2.50000000   1.10000000   113.2283499156
  2.60000000   1.10000000   110.6873822749
  2.70000000   1.10000000   108.3474077462
  2.80000000   1.10000000   106.2513675528
  2.90000000   1.10000000   104.4264346465
  3.00000000   1.10000000   102.8896503013
  3.10000000   1.10000000   101.6516097047
  3.20000000   1.10000000   100.7188201436
  3.30000000   1.10000000   100.0951785952
  3.40000000   1.10000000    99.7828689018
  3.50000000   1.10000000    99.7828689018

  0.00000000   1.20000000     0.0000000000
  0.10000000   1.20000000     7.7066752230
  0.20000000   1.20000000    15.4354398916
  0.30000000   1.20000000    23.2083974439
  0.40000000   1.20000000    31.0475983337
  0.50000000   1.20000000    38.9747882166
  0.60000000   1.20000000    47.0108145811
  0.70000000   1.20000000    55.1744393643
  0.80000000   1.20000000    63.4801389981
  0.90000000   1.20000000    71.9341993904
  1.00000000   1.20000000    80.5279744726
  1.10000000   1.20000000    89.2265358711
  1.20000000   1.20000000    97.9501850320
  1.30000000   1.20000000   106.5460651271
  1.40000000   1.20000000   114.7497257498
  1.50000000   1.20000000   122.1484690530
  1.60000000   1.20000000   128.1919374522
  1.70000000   1.20000000   132.3492614657
  1.80000000   1.20000000   134.4491055650
  1.90000000   1.20000000   134.5687289611
  2.00000000   1.20000000   132.9956780917
  2.10000000   1.20000000   130.2775748964
  2.20000000   1.20000000   126.9421028018
  2.30000000   1.20000000   123.3788060380
  2.40000000   1.20000000   119.8402186916
  2.50000000   1.20000000   116.4784441228
  2.60000000   1.20000000   113.3805543502
  2.70000000   1.20000000   110.5940949454
  2.80000000   1.20000000   108.1435171603
  2.90000000   1.20000000   106.0402245637
  3.00000000   1.20000000   104.2885459524
  3.10000000   1.20000000   102.8892230233
  3.20000000   1.20000000   101.8414153363
  3.30000000   1.20000000   101.1438322920
  3.40000000   1.20000000   100.7953544399
  3.50000000   1.20000000   100.7953544399

  0.00000000   1.30000000     0.0000000000
  0.10000000   1.30000000     7.8707478925
  0.20000000   1.30000000    15.7704884370
  0.30000000   1.30000000    23.7286699778
  0.40000000   1.30000000    31.7756143312
  0.50000000   1.30000000    39.9428388809
  0.60000000   1.30000000    48.2631782940
  0.70000000   1.30000000    56.7705068458
  0.80000000   1.30000000    65.4986834103
  0.90000000   1.30000000    74.4789984727
  1.00000000   1.30000000    83.7347497150
  1.10000000   1.30000000    93.2703259490
  1.20000000   1.30000000   103.0498680908
  1.30000000   1.30000000   112.9566749699
  1.40000000   1.30000000   122.7199198714
  1.50000000   1.30000000   131.7994459769
  1.60000000   1.30000000   139.2768058861
  1.70000000   1.30000000   144.0434766447
  1.80000000   1.30000000   145.9933607899
  1.90000000   1.30000000   145.2753355942
  2.00000000   1.30000000   142.2182077469
  2.10000000   1.30000000   137.8726805242
  2.20000000   1.30000000   133.0670245809
  2.30000000   1.30000000   128.2855706390
  2.40000000   1.30000000   123.7762454610
  2.50000000   1.30000000   119.6537195166
  2.60000000   1.30000000   115.9634922170
  2.70000000   1.30000000   112.7170357259
  2.80000000   1.30000000   109.9101872097
  2.90000000   1.30000000   107.5325570057
  3.00000000   1.30000000   105.5722398307
  3.10000000   1.30000000   104.0180955352
  3.20000000   1.30000000   102.8607880168
  3.30000000   1.30000000   102.0932069239
  3.40000000   1.30000000   101.7106018758
  3.50000000   1.30000000   101.7106018758

  0.00000000   1.40000000     0.0000000000
  0.10000000   1.40000000     8.0125933432
  0.20000000   1.40000000    16.0605526019
  0.30000000   1.40000000    24.1801789007
  0.40000000   1.40000000    32.4096685103
  0.50000000   1.40000000    40.7901138713
  0.60000000   1.40000000    49.3665390178
  0.70000000   1.40000000    58.1889107082
  0.80000000   1.40000000    67.3129494692
  0.90000000   1.40000000    76.8003056292
  1.00000000   1.40000000    86.7170765948
  1.10000000   1.40000000    97.1282680474
  1.20000000   1.40000000   108.0824555787
  1.30000000   1.40000000   119.5724592341
  1.40000000   1.40000000   131.4365154672
  1.50000000   1.40000000   143.1164784676
  1.60000000   1.40000000   153.1385186620
  1.70000000   1.40000000   158.6252195301
  1.80000000   1.40000000   160.2838375354
  1.90000000   1.40000000   158.4104135243
  2.00000000   1.40000000   152.8330886565
  2.10000000   1.40000000   146.0483411858
  2.20000000   1.40000000   139.3051040915
  2.30000000   1.40000000   133.0740662736
  2.40000000   1.40000000   127.4949047490
  2.50000000   1.40000000   122.5805107857
  2.60000000   1.40000000   118.2995320536
  2.70000000   1.40000000   114.6089059945
  2.80000000   1.40000000   111.4664120434
  2.90000000   1.40000000   108.8351380519
  3.00000000   1.40000000   106.6846542184
  3.10000000   1.40000000   104.9908944065
  3.20000000   1.40000000   103.7356019201
  3.30000000   1.40000000   102.9057105119
  3.40000000   1.40000000   102.4928182221
  3.50000000   1.40000000   102.4928182221

  0.00000000   1.50000000     0.0000000000
  0.10000000   1.50000000     8.1256348508
  0.20000000   1.50000000    16.2919916346
  0.30000000   1.50000000    24.5411815176
  0.40000000   1.50000000    32.9181900863
  0.50000000   1.50000000    41.4725628899
  0.60000000   1.50000000    50.2604128270
  0.70000000   1.50000000    59.3468944760
  0.80000000   1.50000000    68.8093159947
  0.90000000   1.50000000    78.7410669562
  1.00000000   1.50000000    89.2564765764
  1.10000000   1.50000000   100.4963994461
  1.20000000   1.50000000   112.6330794585
  1.30000000   1.50000000   125.8676421175
  1.40000000   1.50000000   140.3892790759
  1.50000000   1.50000000   156.1416079584
  1.60000000   1.50000000   171.5846276766
  1.70000000   1.50000000   177.0865295961
  1.80000000   1.50000000   178.1642452170
  1.90000000   1.50000000   175.3187296828
  2.00000000   1.50000000   164.7426917156
  2.10000000   1.50000000   154.2898976093
  2.20000000   1.50000000   145.1583054040
  2.30000000   1.50000000   137.3567680467
  2.40000000   1.50000000   130.7121316206
  2.50000000   1.50000000   125.0528543081
  2.60000000   1.50000000   120.2381808371
  2.70000000   1.50000000   116.1579766253
  2.80000000   1.50000000   112.7275208009
  2.90000000   1.50000000   109.8822277331
  3.00000000   1.50000000   107.5732810396
  3.10000000   1.50000000   105.7642574670
  3.20000000   1.50000000   104.4286094149
  3.30000000   1.50000000   103.5478480862
  3.40000000   1.50000000   103.1102935590
  3.50000000   1.50000000   103.1102935590

  0.00000000   1.60000000     0.0000000000
  0.10000000   1.60000000     8.2043548619
  0.20000000   1.60000000    16.4533098490
  0.30000000   1.60000000    24.7932112391
  0.40000000   1.60000000    33.2740560557
  0.50000000   1.60000000    41.9517393417
  0.60000000   1.60000000    50.8908862198
  0.70000000   1.60000000    60.1686167896
  0.80000000   1.60000000    69.8797769445
  0.90000000   1.60000000    80.1445000320
  1.00000000   1.60000000    91.1196031205
  1.10000000   1.60000000   103.0167407316
  1.20000000   1.60000000   116.1341131637
  1.30000000   1.60000000   130.9217100404
  1.40000000   1.60000000   148.1530473073
  1.50000000   1.60000000   169.5114432623
  1.60000000   1.60000000   200.0000000000
  1.70000000   1.60000000   200.0000000000
  1.80000000   1.60000000   200.0000000000
  1.90000000   1.60000000   200.0000000000
  2.00000000   1.60000000   176.5971046313
  2.10000000   1.60000000   161.3042823638
  2.20000000   1.60000000   149.7992429281
  2.30000000   1.60000000   140.6216469058
  2.40000000   1.60000000   133.1020391532
  2.50000000   1.60000000   126.8554589613
  2.60000000   1.60000000   121.6320736608
  2.70000000   1.60000000   117.2600071442
  2.80000000   1.60000000   113.6174085828
  2.90000000   1.60000000   110.6164520953
  3.00000000   1.60000000   108.1933590952
  3.10000000   1.60000000   106.3019009439
  3.20000000   1.60000000   104.9090796062
  3.30000000   1.60000000   103.9922494076
  3.40000000   1.60000000   103.5372432229
  3.50000000   1.60000000   103.5372432229

  0.00000000   1.70000000     0.0000000000
  0.10000000   1.70000000     8.2447629931
  0.20000000   1.70000000    16.5361648766
  0.30000000   1.70000000    24.9227875573
  0.40000000   1.70000000    33.4572940523
  0.50000000   1.70000000    42.1989931252
  0.60000000   1.70000000    51.2171454261
  0.70000000   1.70000000    60.5954819217
  0.80000000   1.70000000    70.4386837598
  0.90000000   1.70000000    80.8820660639
  1.00000000   1.70000000    92.1065782654
  1.10000000   1.70000000   104.3627101206
  1.20000000   1.70000000   118.0090326196
  1.30000000   1.70000000   133.5721697471
  1.40000000   1.70000000   151.8228749548
  1.50000000   1.70000000   173.7724893931
  1.60000000   1.70000000   200.0000000000
  1.70000000   1.70000000   200.0000000000
  1.80000000   1.70000000   200.0000000000
  1.90000000   1.70000000   200.0000000000
  2.00000000   1.70000000   180.3895500139
  2.10000000   1.70000000   164.6132771026
  2.20000000   1.70000000   152.2228776943
  2.30000000   1.70000000   142.3622375923
  2.40000000   1.70000000   134.3730094957
  2.50000000   1.70000000   127.8067361856
  2.60000000   1.70000000   122.3620233296
  2.70000000   1.70000000   117.8334106825
  2.80000000   1.70000000   114.0780707639
  2.90000000   1.70000000   110.9950199506
  3.00000000   1.70000000   108.5120872251
  3.10000000   1.70000000   106.5776077314
  3.20000000   1.70000000   105.1550451664
  3.30000000   1.70000000   104.2194930476
  3.40000000   1.70000000   103.7554397807
  3.50000000   1.70000000   103.7554397807

  0.00000000   1.80000000     0.0000000000
  0.10000000   1.80000000     8.2447629931
  0.20000000   1.80000000    16.5361648766
  0.30000000   1.80000000    24.9227875573
  0.40000000   1.80000000    33.4572940523
  0.50000000   1.80000000    42.1989931252
  0.60000000   1.80000000    51.2171454261
  0.70000000   1.80000000    60.5954819217
  0.80000000   1.80000000    70.4386837598
  0.90000000   1.80000000    80.8820660639
  1.00000000   1.80000000    92.1065782654
  1.10000000   1.80000000   104.3627101206
  1.20000000   1.80000000   118.0090326196
  1.30000000   1.80000000   133.5721697471
  1.40000000   1.80000000   151.8228749548
  1.50000000   1.80000000   173.7724893931
  1.60000000   1.80000000   200.0000000000
  1.70000000   1.80000000   200.0000000000
  1.80000000   1.80000000   200.0000000000
  1.90000000   1.80000000   200.0000000000
  2.00000000   1.80000000   180.3895500139
  2.10000000   1.80000000   164.6132771026
  2.20000000   1.80000000   152.2228776943
  2.30000000   1.80000000   142.3622375923
  2.40000000   1.80000000   134.3730094957
  2.50000000   1.80000000   127.8067361856
  2.60000000   1.80000000   122.3620233296
  2.70000000   1.80000000   117.8334106825
  2.80000000   1.80000000   114.0780707639
  2.90000000   1.80000000   110.9950199506
  3.00000000   1.80000000   108.5120872251
  3.10000000   1.80000000   106.5776077314
  3.20000000   1.80000000   105.1550451664
  3.30000000   1.80000000   104.2194930476
  3.40000000   1.80000000   103.7554397807
  3.50000000   1.80000000   103.7554397807

  0.00000000   1.90000000     0.0000000000
  0.10000000   1.90000000     8.2043548619
  0.20000000   1.90000000    16.4533098490
  0.30000000   1.90000000    24.7932112391
  0.40000000   1.90000000    33.2740560557
  0.50000000   1.90000000    41.9517393417
  0.60000000   1.90000000    50.8908862198
  0.70000000   1.90000000    60.1686167896
  0.80000000   1.90000000    69.8797769445
  0.90000000   1.90000000    80.1445000320
  1.00000000   1.90000000    91.1196031205
  1.10000000   1.90000000   103.0167407316
  1.20000000   1.90000000   116.1341131637
  1.30000000   1.90000000   130.9217100404
  1.40000000   1.90000000   148.1530473073
  1.50000000   1.90000000   169.5114432623
  1.60000000   1.90000000   200.0000000000
  1.70000000   1.90000000   200.0000000000
  1.80000000   1.90000000   200.0000000000
  1.90000000   1.90000000   200.0000000000
  2.00000000   1.90000000   176.5971046313
  2.10000000   1.90000000   161.3042823638
  2.20000000   1.90000000   149.7992429281
  2.30000000   1.90000000   140.6216469058
  2.40000000   1.90000000   133.1020391532
  2.50000000   1.90000000   126.8554589613
  2.60000000   1.90000000   121.6320736608
  2.70000000   1.90000000   117.2600071442
  2.80000000   1.90000000   113.6174085828
  2.90000000   1.90000000   110.6164520953
  3.00000000   1.90000000   108.1933590952
  3.10000000   1.90000000   106.3019009439
  3.20000000   1.90000000   104.9090796062
  3.30000000   1.90000000   103.9922494076
  3.40000000   1.90000000   103.5372432229
  3.50000000   1.90000000   103.5372432229

  0.00000000   2.00000000     0.0000000000
  0.10000000   2.00000000     8.1256348508
  0.20000000   2.00000000    16.2919916346
  0.30000000   2.00000000    24.5411815176
  0.40000000   2.00000000    32.9181900863
  0.50000000   2.00000000    41.4725628899
  0.60000000   2.00000000    50.2604128270
  0.70000000   2.00000000    59.3468944760
  0.80000000   2.00000000    68.8093159947
  0.90000000   2.00000000    78.7410669562
  1.00000000   2.00000000    89.2564765764
  1.10000000   2.00000000   100.4963994461
  1.20000000   2.00000000   112.6330794585
  1.30000000   2.00000000   125.8676421175
  1.40000000   2.00000000   140.3892790759
  1.50000000   2.00000000   156.1416079584
  1.60000000   2.00000000   171.5846276766
  1.70000000   2.00000000   177.0865295961
  1.80000000   2.00000000   178.1642452170
  1.90000000   2.00000000   175.3187296828
  2.00000000   2.00000000   164.7426917156
  2.10000000   2.00000000   154.2898976093
  2.20000000   2.00000000   145.1583054040
  2.30000000   2.00000000   137.3567680467
  2.40000000   2.00000000   130.7121316206
  2.50000000   2.00000000   125.0528543081
  2.60000000   2.00000000   120.2381808371
  2.70000000   2.00000000   116.1579766253
  2.80000000   2.00000000   112.7275208009
  2.90000000   2.00000000   109.8822277331
  3.00000000   2.00000000   107.5732810396
  3.10000000   2.00000000   105.7642574670
  3.20000000   2.00000000   104.4286094149
  3.30000000   2.00000000   103.5478480862
  3.40000000   2.00000000   103.1102935590
  3.50000000   2.00000000   103.1102935590

  0.00000000   2.10000000     0.0000000000
  0.10000000   2.10000000     8.0125933432
  0.20000000   2.10000000    16.0605526019
  0.30000000   2.10000000    24.1801789007
  0.40000000   2.10000000    32.4096685103
  0.50000000   2.10000000    40.7901138713
  0.60000000   2.10000000    49.3665390178
  0.70000000   2.10000000    58.1889107082
  0.80000000   2.10000000    67.3129494692
  0.90000000   2.10000000    76.8003056292
  1.00000000   2.10000000    86.7170765948
  1.10000000   2.10000000    97.1282680474
  1.20000000   2.10000000   108.0824555787
  1.30000000   2.10000000   119.5724592341
  1.40000000   2.10000000   131.4365154672
  1.50000000   2.10000000   143.1164784676
  1.60000000   2.10000000   153.1385186620
  1.70000000   2.10000000   158.6252195301
  1.80000000   2.10000000   160.2838375354
  1.90000000   2.10000000   158.4104135243
  2.00000000   2.10000000   152.8330886565
  2.10000000   2.10000000   146.0483411858
  2.20000000   2.10000000   139.3051040915
  2.30000000   2.10000000   133.0740662736
  2.40000000   2.10000000   127.4949047490
  2.50000000   2.10000000   122.5805107857
  2.60000000   2.10000000   118.2995320536
  2.70000000   2.10000000   114.6089059945
  2.80000000   2.10000000   111.4664120434
  2.90000000   2.10000000   108.8351380519
  3.00000000   2.10000000   106.6846542184
  3.10000000   2.10000000   104.9908944065
  3.20000000   2.10000000   103.7356019201
  3.30000000   2.10000000   102.9057105119
  3.40000000   2.10000000   102.4928182221
  3.50000000   2.10000000   102.4928182221

  0.00000000   2.20000000     0.0000000000
  0.10000000   2.20000000     7.8707478925
  0.20000000   2.20000000    15.7704884370
  0.30000000   2.20000000    23.7286699778
  0.40000000   2.20000000    31.7756143312
  0.50000000   2.20000000    39.9428388809
  0.60000000   2.20000000    48.2631782940
  0.70000000   2.20000000    56.7705068458
  0.80000000   2.20000000    65.4986834103
  0.90000000   2.20000000    74.4789984727
  1.00000000   2.20000000    83.7347497150
  1.10000000   2.20000000    93.2703259490
  1.20000000   2.20000000   103.0498680908
  1.30000000   2.20000000   112.9566749699
  1.40000000   2.20000000   122.7199198714
  1.50000000   2.20000000   131.7994459769
  1.60000000   2.20000000   139.2768058861
  1.70000000   2.20000000   144.0434766447
  1.80000000   2.20000000   145.9933607899
  1.90000000   2.20000000   145.2753355942
  2.00000000   2.20000000   142.2182077469
  2.10000000   2.20000000   137.8726805242
  2.20000000   2.20000000   133.0670245809
  2.30000000   2.20000000   128.2855706390
  2.40000000   2.20000000   123.7762454610
  2.50000000   2.20000000   119.6537195166
  2.60000000   2.20000000   115.9634922170
  2.70000000   2.20000000   112.7170357259
  2.80000000   2.20000000   109.9101872097
  2.90000000   2.20000000   107.5325570057
  3.00000000   2.20000000   105.5722398307
  3.10000000   2.20000000   104.0180955352
  3.20000000   2.20000000   102.8607880168
  3.30000000   2.20000000   102.0932069239
  3.40000000   2.20000000   101.7106018758
  3.50000000   2.20000000   101.7106018758

  0.00000000   2.30000000     0.0000000000
  0.10000000   2.30000000     7.7066752230
  0.20000000   2.30000000    15.4354398916
  0.30000000   2.30000000    23.2083974439
  0.40000000   2.30000000    31.0475983337
  0.50000000   2.30000000    38.9747882166
  0.60000000   2.30000000    47.0108145811
  0.70000000   2.30000000    55.1744393643
  0.80000000   2.30000000    63.4801389981
  0.90000000   2.30000000    71.9341993904
  1.00000000   2.30000000    80.5279744726
  1.10000000   2.30000000    89.2265358711
  1.20000000   2.30000000    97.9501850320
  1.30000000   2.30000000   106.5460651271
  1.40000000   2.30000000   114.7497257498
  1.50000000   2.30000000   122.1484690530
  1.60000000   2.30000000   128.1919374522
  1.70000000   2.30000000   132.3492614657
  1.80000000   2.30000000   134.4491055650
  1.90000000   2.30000000   134.5687289611
  2.00000000   2.30000000   132.9956780917
  2.10000000   2.30000000   130.2775748964
  2.20000000   2.30000000   126.9421028018
  2.30000000   2.30000000   123.3788060380
  2.40000000   2.30000000   119.8402186916
  2.50000000   2.30000000   116.4784441228
  2.60000000   2.30000000   113.3805543502
  2.70000000   2.30000000   110.5940949454
  2.80000000   2.30000000   108.1435171603
  2.90000000   2.30000000   106.0402245637
  3.00000000   2.30000000   104.2885459524
  3.10000000   2.30000000   102.8892230233
  3.20000000   2.30000000   101.8414153363
  3.30000000   2.30000000   101.1438322920
  3.40000000   2.30000000   100.7953544399
  3.50000000   2.30000000   100.7953544399

  0.00000000   2.40000000     0.0000000000
  0.10000000   2.40000000     7.5275149099
  0.20000000   2.40000000    15.0701364027
  0.30000000   2.40000000    22.6426245554
  0.40000000   2.40000000    30.2589457334
  0.50000000   2.40000000    37.9316037362
  0.60000000   2.40000000    45.6705853199
  0.70000000   2.40000000    53.4816824229
  0.80000000   2.40000000    61.3638431777
  0.90000000   2.40000000    69.3050494547
  1.00000000   2.40000000    77.2760390360
  1.10000000   2.40000000    85.2210602959
  1.20000000   2.40000000    93.0450186757
  1.30000000   2.40000000   100.5974704448
  1.40000000   2.40000000   107.6572510340
  1.50000000   2.40000000   113.9289581904
  1.60000000   2.40000000   119.0737861366
  1.70000000   2.40000000   122.7991586734
  1.80000000   2.40000000   124.9799068502
  1.90000000   2.40000000   125.6602026890
  2.00000000   2.40000000   125.0363769872
  2.10000000   2.40000000   123.4322089041
  2.20000000   2.40000000   121.1921394628
  2.30000000   2.40000000   118.6091197434
  2.40000000   2.40000000   115.9032451856
  2.50000000   2.40000000   113.2283499156
  2.60000000   2.40000000   110.6873822749
  2.70000000   2.40000000   108.3474077462
  2.80000000   2.40000000   106.2513675528
  2.90000000   2.40000000   104.4264346465
  3.00000000   2.40000000   102.8896503013
  3.10000000   2.40000000   101.6516097047
  3.20000000   2.40000000   100.7188201436
  3.30000000   2.40000000   100.0951785952
  3.40000000   2.40000000    99.7828689018
  3.50000000   2.40000000    99.7828689018

  0.00000000   2.50000000     0.0000000000
  0.10000000   2.50000000     7.3405092406
  0.20000000   2.50000000    14.6894317274
  0.30000000   2.50000000    22.0545752257
  0.40000000   2.50000000    29.4424360753
  0.50000000   2.50000000    36.8572788000
  0.60000000   2.50000000    44.2998589929
  0.70000000   2.50000000    51.7656059840
  0.80000000   2.50000000    59.2420291929
  0.90000000   2.50000000    66.7050658903
  1.00000000   2.50000000    74.1140848130
  1.10000000   2.50000000    81.4053980533
  1.20000000   2.50000000    88.4845992870
  1.30000000   2.50000000    95.2191721435
  1.40000000   2.50000000   101.4349805419
  1.50000000   2.50000000   106.9234062808
  1.60000000   2.50000000   111.4679629461
  1.70000000   2.50000000   114.8935952083
  1.80000000   2.50000000   117.1196496724
  1.90000000   2.50000000   118.1744895758
  2.00000000   2.50000000   118.1877814049
  2.10000000   2.50000000   117.3658109060
  2.20000000   2.50000000   115.9413926391
  2.30000000   2.50000000   114.1317599277
  2.40000000   2.50000000   112.1175845801
  2.50000000   2.50000000   110.0387671805
  2.60000000   2.50000000   107.9989226354
  2.70000000   2.50000000   106.0727321255
  2.80000000   2.50000000   104.3131677498
  2.90000000   2.50000000   102.7574622271
  3.00000000   2.50000000   101.4316311294
  3.10000000   2.50000000   100.3537273354
  3.20000000   2.50000000    99.5361012991
  3.30000000   2.50000000    98.9869219675
  3.40000000   2.50000000    98.7111576738
  3.50000000   2.50000000    98.7111576738

  0.00000000   2.60000000     0.0000000000
  0.10000000   2.60000000     7.1526237759
  0.20000000   2.60000000    14.3075244728
  0.30000000   2.60000000    21.4662159408
  0.40000000   2.60000000    28.6285996927
  0.50000000   2.60000000    35.7919361009
  0.60000000   2.60000000    42.9495305573
  0.70000000   2.60000000    50.0890141011
  0.80000000   2.60000000    57.1900915388
  0.90000000   2.60000000    64.2216480687
  1.00000000   2.60000000    71.1381889827
  1.10000000   2.60000000    77.8757968159
  1.20000000   2.60000000    84.3482281895
  1.30000000   2.60000000    90.4445330779
  1.40000000   2.60000000    96.0306503958
  1.50000000   2.60000000   100.9583669384
  1.60000000   2.60000000   105.0844820335
  1.70000000   2.60000000   108.2987372644
  1.80000000   2.60000000   110.5505452910
  1.90000000   2.60000000   111.8602085873
  2.00000000   2.60000000   112.3152884163
  2.10000000   2.60000000   112.0543891982
  2.20000000   2.60000000   111.2404539482
  2.30000000   2.60000000   110.0356216593
  2.40000000   2.60000000   108.5850371972
  2.50000000   2.60000000   107.0099266428
  2.60000000   2.60000000   105.4070206638
  2.70000000   2.60000000   103.8512394113
  2.80000000   2.60000000   102.3995016676
  2.90000000   2.60000000   101.0944912694
  3.00000000   2.60000000    99.9678790872
  3.10000000   2.60000000    99.0428671444
  3.20000000   2.60000000    98.3360930492
  3.30000000   2.60000000    97.8589921234
  3.40000000   2.60000000    97.6187200493
  3.50000000   2.60000000    97.6187200493

  0.00000000   2.70000000     0.0000000000
  0.10000000   2.70000000     6.9702698990
  0.20000000   2.70000000    13.9374027918
  0.30000000   2.70000000    20.8974285170
  0.40000000   2.70000000    27.8446455042
  0.50000000   2.70000000    34.7705910509
  0.60000000   2.70000000    41.6628123375
  0.70000000   2.70000000    48.5033750954
  0.80000000   2.70000000    55.2670642292
  0.90000000   2.70000000    61.9192794474
  1.00000000   2.70000000    68.4137296559
  1.10000000   2.70000000    74.6902195424
  1.20000000   2.70000000    80.6731258912
  1.30000000   2.70000000    86.2715794071
  1.40000000   2.70000000    91.3827772032
  1.50000000   2.70000000    95.8999153466
  1.60000000   2.70000000    99.7253248059
  1.70000000   2.70000000   102.7869684378
  1.80000000   2.70000000   105.0531988142
  1.90000000   2.70000000   106.5398934116
  2.00000000   2.70000000   107.3086248912
  2.10000000   2.70000000   107.4568286830
  2.20000000   2.70000000   107.1024686499
  2.30000000   2.70000000   106.3685147331
  2.40000000   2.70000000   105.3712596546
  2.50000000   2.70000000   104.2136138547
  2.60000000   2.70000000   102.9825568442
  2.70000000   2.70000000   101.7492915647
  2.80000000   2.70000000   100.5707996923
  2.90000000   2.70000000    99.4919022482
  3.00000000   2.70000000    98.5473095002
  3.10000000   2.70000000    97.7634134282
  3.20000000   2.70000000    97.1597356069
  3.30000000   2.70000000    96.7500260371
  3.40000000   2.70000000    96.5430418326
  3.50000000   2.70000000    96.5430418326

  0.00000000   2.80000000     0.0000000000
  0.10000000   2.80000000     6.7991299583
  0.20000000   2.80000000    13.5905085256
  0.30000000   2.80000000    20.3655473600
  0.40000000   2.80000000    27.1139419643
  0.50000000   2.80000000    33.8227098279
  0.60000000   2.80000000    40.4751117834
  0.70000000   2.80000000    47.0494355258
  0.80000000   2.80000000    53.5176490405
  0.90000000   2.80000000    59.8439829808
  1.00000000   2.80000000    65.9835905706
  1.10000000   2.80000000    71.8815676060
  1.20000000   2.80000000    77.4727963127
  1.30000000   2.80000000    82.6832636911
  1.40000000   2.80000000    87.4336005959
  1.50000000   2.80000000    91.6453952235
  1.60000000   2.80000000    95.2501301877
  1.70000000   2.80000000    98.1993252947
  1.80000000   2.80000000   100.4731876793
  1.90000000   2.80000000   102.0849871400
  2.00000000   2.80000000   103.0800598530
  2.10000000   2.80000000   103.5298634199
  2.20000000   2.80000000   103.5227200146
  2.30000000   2.80000000   103.1539102630
  2.40000000   2.80000000   102.5173794472
  2.50000000   2.80000000   101.7000861591
  2.60000000   2.80000000   100.7789426935
  2.70000000   2.80000000    99.8197417396
  2.80000000   2.80000000    98.8773533028
  2.90000000   2.80000000    97.9965924611
  3.00000000   2.80000000    97.2133419725
  3.10000000   2.80000000    96.5556772318
  3.20000000   2.80000000    96.0448605164
  3.30000000   2.80000000    95.6961456556
  3.40000000   2.80000000    95.5193758363
  3.50000000   2.80000000    95.5193758363

  0.00000000   2.90000000     0.0000000000
  0.10000000   2.90000000     6.6440716306
  0.20000000   2.90000000    13.2765868207
  0.30000000   2.90000000    19.8851920339
  0.40000000   2.90000000    26.4559179342
  0.50000000   2.90000000    32.9723214259
  0.60000000   2.90000000    39.4145792873
  0.70000000   2.90000000    45.7585413075
  0.80000000   2.90000000    51.9747783098
  0.90000000   2.90000000    58.0277057264
  1.00000000   2.90000000    63.8749270161
  1.10000000   2.90000000    69.4670261469
  1.20000000   2.90000000    74.7481275372
  1.30000000   2.90000000    79.6576051964
  1.40000000   2.90000000    84.1332896822
  1.50000000   2.90000000    88.1163080650
  1.60000000   2.90000000    91.5572279051
  1.70000000   2.90000000    94.4225324565
  1.80000000   2.90000000    96.6999302733
  1.90000000   2.90000000    98.4010588834
  2.00000000   2.90000000    99.5608937344
  2.10000000   2.90000000   100.2340595881
  2.20000000   2.90000000   100.4889986877
  2.30000000   2.90000000   100.4014353566
  2.40000000   2.90000000   100.0484542808
  2.50000000   2.90000000    99.5039651329
  2.60000000   2.90000000    98.8357429389
  2.70000000   2.90000000    98.1038472499
  2.80000000   2.90000000    97.3600601193
  2.90000000   2.90000000    96.6479772267
  3.00000000   2.90000000    96.0034539168
  3.10000000   2.90000000    95.4551949178
  3.20000000   2.90000000    95.0253521004
  3.30000000   2.90000000    94.7300515670
  3.40000000   2.90000000    94.5798082031
  3.50000000   2.90000000    94.5798082031

  0.00000000   3.00000000     0.0000000000
  0.10000000   3.00000000     6.5091305800
  0.20000000   3.00000000    13.0036742455
  0.30000000   3.00000000    19.4683096133
  0.40000000   3.00000000    25.8862418139
  0.50000000   3.00000000    32.2384584501
  0.60000000   3.00000000    38.5029895390
  0.70000000   3.00000000    44.6541955023
  0.80000000   3.00000000    50.6621313764
  0.90000000   3.00000000    56.4920675229
  1.00000000   3.00000000    62.1042894808
  1.10000000   3.00000000    67.4543437872
  1.20000000   3.00000000    72.4939331834
  1.30000000   3.00000000    77.1726648253
  1.40000000   3.00000000    81.4407877829
  1.50000000   3.00000000    85.2528813196
  1.60000000   3.00000000    88.5721722537
  1.70000000   3.00000000    91.3748289983
  1.80000000   3.00000000    93.6533638067
  1.90000000   3.00000000    95.4183460014
  2.00000000   3.00000000    96.6980182055
  2.10000000   3.00000000    97.5359112712
  2.20000000   3.00000000    97.9870061420
  2.30000000   3.00000000    98.1132602265
  2.40000000   3.00000000    97.9792957014
  2.50000000   3.00000000    97.6487976574
  2.60000000   3.00000000    97.1818580115
  2.70000000   3.00000000    96.6332498693
  2.80000000   3.00000000    96.0514747733
  2.90000000   3.00000000    95.4783753734
  3.00000000   3.00000000    94.9491165959
  3.10000000   3.00000000    94.4923747770
  3.20000000   3.00000000    94.1306174392
  3.30000000   3.00000000    93.8803937366
  3.40000000   3.00000000    93.7525849884
  3.50000000   3.00000000    93.7525849884

  0.00000000   3.10000000     0.0000000000
  0.10000000   3.10000000     6.3975388962
  0.20000000   3.10000000    12.7781763776
  0.30000000   3.10000000    19.1243449922
  0.40000000   3.10000000    25.4171533445
  0.50000000   3.10000000    31.6357485109
  0.60000000   3.10000000    37.7567188539
  0.70000000   3.10000000    43.7535704395
  0.80000000   3.10000000    49.5963273503
  0.90000000   3.10000000    55.2513285524
  1.00000000   3.10000000    60.6813167822
  1.10000000   3.10000000    65.8459352346
  1.20000000   3.10000000    70.7027523406
  1.30000000   3.10000000    75.2089119687
  1.40000000   3.10000000    79.3234354522
  1.50000000   3.10000000    83.0100764970
  1.60000000   3.10000000    86.2404573040
  1.70000000   3.10000000    88.9970449481
  1.80000000   3.10000000    91.2754365694
  1.90000000   3.10000000    93.0854874249
  2.00000000   3.10000000    94.4510363230
  2.10000000   3.10000000    95.4082788711
  2.20000000   3.10000000    96.0031090452
  2.30000000   3.10000000    96.2879172733
  2.40000000   3.10000000    96.3183466415
  2.50000000   3.10000000    96.1503956025
  2.60000000   3.10000000    95.8380847906
  2.70000000   3.10000000    95.4317483302
  2.80000000   3.10000000    94.9768993805
  2.90000000   3.10000000    94.5135630967
  3.00000000   3.10000000    94.0759535070
  3.10000000   3.10000000    93.6923799399
  3.20000000   3.10000000    93.3852883098
  3.30000000   3.10000000    93.1713655687
  3.40000000   3.10000000    93.0616560922
  3.50000000   3.10000000    93.0616560922

  0.00000000   3.20000000     0.0000000000
  0.10000000   3.20000000     6.3117784320
  0.20000000   3.20000000    12.6049916651
  0.30000000   3.20000000    18.8604697970
  0.40000000   3.20000000    25.0578505048
  0.50000000   3.20000000    31.1750285711
  0.60000000   3.20000000    37.1876697675
  0.70000000   3.20000000    43.0688257265
  0.80000000   3.20000000    48.7886990248
  0.90000000   3.20000000    54.3146204245
  1.00000000   3.20000000    59.6113118536
  1.10000000   3.20000000    64.6415122972
  1.20000000   3.20000000    69.3670345600
  1.30000000   3.20000000    73.7502880582
  1.40000000   3.20000000    77.7562424015
  1.50000000   3.20000000    81.3547157821
  1.60000000   3.20000000    84.5227674736
  1.70000000   3.20000000    87.2468824723
  1.80000000   3.20000000    89.5246026965
  1.90000000   3.20000000    91.3653117438
  2.00000000   3.20000000    92.7900193263
  2.10000000   3.20000000    93.8301727793
  2.20000000   3.20000000    94.5256942550
  2.30000000   3.20000000    94.9225525760
  2.40000000   3.20000000    95.0702047184
  2.50000000   3.20000000    95.0191895305
  2.60000000   3.20000000    94.8190618256
  2.70000000   3.20000000    94.5167535183
  2.80000000   3.20000000    94.1553671689
  2.90000000   3.20000000    93.7733538297
  3.00000000   3.20000000    93.4040013843
  3.10000000   3.20000000    93.0751531388
  3.20000000   3.20000000    92.8090828483
  3.30000000   3.20000000    92.6224642488
  3.40000000   3.20000000    92.5263873661
  3.50000000   3.20000000    92.5263873661

  0.00000000   3.30000000     0.0000000000
  0.10000000   3.30000000     6.2536419972
  0.20000000   3.30000000    12.4876466431
  0.30000000   3.30000000    18.6818172976
  0.40000000   3.30000000    24.8148611055
  0.50000000   3.30000000    30.8638996787
  0.60000000   3.30000000    36.8040579408
  0.70000000   3.30000000    42.6081693140
  0.80000000   3.30000000    48.2466436250
  0.90000000   3.30000000    53.6875518589
  1.00000000   3.30000000    58.8969852462
  1.10000000   3.30000000    63.8397423431
  1.20000000   3.30000000    68.4803806278
  1.30000000   3.30000000    72.7846358950
  1.40000000   3.30000000    76.7211600185
  1.50000000   3.30000000    80.2634611182
  1.60000000   3.30000000    83.3918601701
  1.70000000   3.30000000    86.0952268583
  1.80000000   3.30000000    88.3722461771
  1.90000000   3.30000000    90.2320126783
  2.00000000   3.30000000    91.6938453462
  2.10000000   3.30000000    92.7863404867
  2.20000000   3.30000000    93.5457973354
  2.30000000   3.30000000    94.0142327218
  2.40000000   3.30000000    94.2372285345
  2.50000000   3.30000000    94.2618327379
  2.60000000   3.30000000    94.1346771298
  2.70000000   3.30000000    93.9004063639
  2.80000000   3.30000000    93.6004495477
  2.90000000   3.30000000    93.2721188750
  3.00000000   3.30000000    92.9479905746
  3.10000000   3.30000000    92.6555105468
  3.20000000   3.30000000    92.4167653361
  3.30000000   3.30000000    92.2483649284
  3.40000000   3.30000000    92.1613932358
  3.50000000   3.30000000    92.1613932358

  0.00000000   3.40000000     0.0000000000
  0.10000000   3.40000000     6.2242893989
  0.20000000   3.40000000    12.4284170070
  0.30000000   3.40000000    18.5916857338
  0.40000000   3.40000000    24.6923528254
  0.50000000   3.40000000    30.7071718672
  0.60000000   3.40000000    36.6110193429
  0.70000000   3.40000000    42.3766440923
  0.80000000   3.40000000    47.9745845344
  0.90000000   3.40000000    53.3733031517
  1.00000000   3.40000000    58.5395880374
  1.10000000   3.40000000    63.4392634266
  1.20000000   3.40000000    68.0382319355
  1.30000000   3.40000000    72.3038376619
  1.40000000   3.40000000    76.2064921729
  1.50000000   3.40000000    79.7214491830
  1.60000000   3.40000000    82.8305600299
  1.70000000   3.40000000    85.5238059946
  1.80000000   3.40000000    87.8004016218
  1.90000000   3.40000000    89.6693036156
  2.00000000   3.40000000    91.1490388993
  2.10000000   3.40000000    92.2668646341
  2.20000000   3.40000000    93.0573682648
  2.30000000   3.40000000    93.5606836476
  2.40000000   3.40000000    93.8205273547
  2.50000000   3.40000000    93.8822468330
  2.60000000   3.40000000    93.7910307833
  2.70000000   3.40000000    93.5903772803
  2.80000000   3.40000000    93.3208615222
  2.90000000   3.40000000    93.0192015614
  3.00000000   3.40000000    92.7175910275
  3.10000000   3.40000000    92.4432519563
  3.20000000   3.40000000    92.2181560017
  3.30000000   3.40000000    92.0588649413
  3.40000000   3.40000000    91.9764487000
  3.50000000   3.40000000    91.9764487000

  0.00000000   3.50000000     0.0000000000
  0.10000000   3.50000000     6.2242893989
  0.20000000   3.50000000    12.4284170070
  0.30000000   3.50000000    18.5916857338
  0.40000000   3.50000000    24.6923528254
  0.50000000   3.50000000    30.7071718672
  0.60000000   3.50000000    36.6110193429
  0.70000000   3.50000000    42.3766440923
  0.80000000   3.50000000    47.9745845344
  0.90000000   3.50000000    53.3733031517
  1.00000000   3.50000000    58.5395880374
  1.10000000   3.50000000    63.4392634266
  1.20000000   3.50000000    68.0382319355
  1.30000000   3.50000000    72.3038376619
  1.40000000   3.50000000    76.2064921729
  1.50000000   3.50000000    79.7214491830
  1.60000000   3.50000000    82.8305600299
  1.70000000   3.50000000    85.5238059946
  1.80000000   3.50000000    87.8004016218
  1.90000000   3.50000000    89.6693036156
  2.00000000   3.50000000    91.1490388993
  2.10000000   3.50000000    92.2668646341
  2.20000000   3.50000000    93.0573682648
  2.30000000   3.50000000    93.5606836476
  2.40000000   3.50000000    93.8205273547
  2.50000000   3.50000000    93.8822468330
  2.60000000   3.50000000    93.7910307833
  2.70000000   3.50000000    93.5903772803
  2.80000000   3.50000000    93.3208615222
  2.90000000   3.50000000    93.0192015614
  3.00000000   3.50000000    92.7175910275
  3.10000000   3.50000000    92.4432519563
  3.20000000   3.50000000    92.2181560017
  3.30000000   3.50000000    92.0588649413
  3.40000000   3.50000000    91.9764487000
  3.50000000   3.50000000    91.9764487000

