  0.00000000   0.00000000     0.0000000000
  0.10000000   0.00000000     6.9379066699
  0.20000000   0.00000000    13.8551459061
  0.30000000   0.00000000    20.7305814960
  0.40000000   0.00000000    27.5421617951
  0.50000000   0.00000000    34.2665195982
  0.60000000   0.00000000    40.8786471974
  0.70000000   0.00000000    47.3516808836
  0.80000000   0.00000000    53.6568349391
  0.90000000   0.00000000    59.7635293432
  1.00000000   0.00000000    65.6397554573
  1.10000000   0.00000000    71.2527167373
  1.20000000   0.00000000    76.5697638263
  1.30000000   0.00000000    81.5596129915
  1.40000000   0.00000000    86.1937941706
  1.50000000   0.00000000    90.4482246675
  1.60000000   0.00000000    94.3047569372
  1.70000000   0.00000000    97.7525182435
  1.80000000   0.00000000   100.7888603794
  1.90000000   0.00000000   103.4197764342
  2.00000000   0.00000000   105.6597138984
  2.10000000   0.00000000   107.5308024160
  2.20000000   0.00000000   109.0615978035
  2.30000000   0.00000000   110.2855017698
  2.40000000   0.00000000   111.2390383839
  2.50000000   0.00000000   111.9601547993
  2.60000000   0.00000000   112.4866754398
  2.70000000   0.00000000   112.8549898906
  2.80000000   0.00000000   113.0990075234
  2.90000000   0.00000000   113.2493742536
  3.00000000   0.00000000   113.3329217486
  3.10000000   0.00000000   113.3723062795
  3.20000000   0.00000000   113.3857907596
  3.30000000   0.00000000   113.3871263534
  3.40000000   0.00000000   113.3854967405
  3.50000000   0.00000000   113.3854967405

  0.00000000   0.10000000     0.0000000000
  0.10000000   0.10000000     6.9379066699
  0.20000000   0.10000000    13.8551459061
  0.30000000   0.10000000    20.7305814960
  0.40000000   0.10000000    27.5421617951
  0.50000000   0.10000000    34.2665195982
  0.60000000   0.10000000    40.8786471974
  0.70000000   0.10000000    47.3516808836
  0.80000000   0.10000000    53.6568349391
  0.90000000   0.10000000    59.7635293432
  1.00000000   0.10000000    65.6397554573
  1.10000000   0.10000000    71.2527167373
  1.20000000   0.10000000    76.5697638263
  1.30000000   0.10000000    81.5596129915
  1.40000000   0.10000000    86.1937941706
  1.50000000   0.10000000    90.4482246675
  1.60000000   0.10000000    94.3047569372
  1.70000000   0.10000000    97.7525182435
  1.80000000   0.10000000   100.7888603794
  1.90000000   0.10000000   103.4197764342
  2.00000000   0.10000000   105.6597138984
  2.10000000   0.10000000   107.5308024160
  2.20000000   0.10000000   109.0615978035
  2.30000000   0.10000000   110.2855017698
  2.40000000   0.10000000   111.2390383839
  2.50000000   0.10000000   111.9601547993
  2.60000000   0.10000000   112.4866754398
  2.70000000   0.10000000   112.8549898906
  2.80000000   0.10000000   113.0990075234
  2.90000000   0.10000000   113.2493742536
  3.00000000   0.10000000   113.3329217486
  3.10000000   0.10000000   113.3723062795
  3.20000000   0.10000000   113.3857907596
  3.30000000   0.10000000   113.3871263534
  3.40000000   0.10000000   113.3854967405
  3.50000000   0.10000000   113.3854967405

  0.00000000   0.20000000     0.0000000000
  0.10000000   0.20000000     6.9637917075
  0.20000000   0.20000000    13.9073828339
  0.30000000   0.20000000    20.8100823477
  0.40000000   0.20000000    27.6502381489
  0.50000000   0.20000000    34.4048086725
  0.60000000   0.20000000    41.0490040132
  0.70000000   0.20000000    47.5560306126
  0.80000000   0.20000000    53.8969811278
  0.90000000   0.20000000    60.0409177997
  1.00000000   0.20000000    65.9552008118
  1.10000000   0.20000000    71.6061091218
  1.20000000   0.20000000    76.9597857933
  1.30000000   0.20000000    81.9835090963
  1.40000000   0.20000000    86.6472432019
  1.50000000   0.20000000    90.9253619576
  1.60000000   0.20000000    94.7983773647
  1.70000000   0.20000000    98.2544596304
  1.80000000   0.20000000   101.2905287867
  1.90000000   0.20000000   103.9127415017
  2.00000000   0.20000000   106.1362857861
  2.10000000   0.20000000   107.9845076528
  2.20000000   0.20000000   109.4874967950
  2.30000000   0.20000000   110.6803267963
  2.40000000   0.20000000   111.6011659025
  2.50000000   0.20000000   112.2894504428
  2.60000000   0.20000000   112.7842606137
  2.70000000   0.20000000   113.1229770011
  2.80000000   0.20000000   113.3402412242
  2.90000000   0.20000000   113.4672035235
  3.00000000   0.20000000   113.5310156652
  3.10000000   0.20000000   113.5545169136
  3.20000000   0.20000000   113.5560601558
  3.30000000   0.20000000   113.5494307490
  3.40000000   0.20000000   113.5438192857
  3.50000000   0.20000000   113.5438192857

  0.00000000   0.30000000     0.0000000000
  0.10000000   0.30000000     7.0150694414
  0.20000000   0.30000000    14.0108932505
  0.30000000   0.30000000    20.9676943132
  0.40000000   0.30000000    27.8646475120
  0.50000000   0.30000000    34.6793961788
  0.60000000   0.30000000    41.3876256002
  0.70000000   0.30000000    47.9627265338
  0.80000000   0.30000000    54.3755927714
  0.90000000   0.30000000    60.5946086523
  1.00000000   0.30000000    66.5858923673
  1.10000000   0.30000000    72.3138643856
  1.20000000   0.30000000    77.7422009634
  1.30000000   0.30000000    82.8352029895
  1.40000000   0.30000000    87.5595544567
  1.50000000   0.30000000    91.8863631069
  1.60000000   0.30000000    95.7932810473
  1.70000000   0.30000000    99.2664236229
  1.80000000   0.30000000   102.3017780295
  1.90000000   0.30000000   104.9058466865
  2.00000000   0.30000000   107.0953993615
  2.10000000   0.30000000   108.8963722404
  2.20000000   0.30000000   110.3421009645
  2.30000000   0.30000000   111.4711670013
  2.40000000   0.30000000   112.3251526140
  2.50000000   0.30000000   112.9465493211
  2.60000000   0.30000000   113.3769788444
  2.70000000   0.30000000   113.6557965993
  2.80000000   0.30000000   113.8190769682
  2.90000000   0.30000000   113.8989344788
  3.00000000   0.30000000   113.9231135128
  3.10000000   0.30000000   113.9147749301
  3.20000000   0.30000000   113.8924141441
  3.30000000   0.30000000   113.8698562921
  3.40000000   0.30000000   113.8562866727
  3.50000000   0.30000000   113.8562866727

  0.00000000   0.40000000     0.0000000000
  0.10000000   0.40000000     7.0907345056
  0.20000000   0.40000000    14.1637065856
  0.30000000   0.40000000    21.2005668440
  0.40000000   0.40000000    28.1817989661
  0.50000000   0.40000000    35.0861573996
  0.60000000   0.40000000    41.8901406926
  0.70000000   0.40000000    48.5675301340
  0.80000000   0.40000000    55.0890393226
  0.90000000   0.40000000    61.4221400418
  1.00000000   0.40000000    67.5311510183
  1.10000000   0.40000000    73.3776935465
  1.20000000   0.40000000    78.9216221580
  1.30000000   0.40000000    84.1225157778
  1.40000000   0.40000000    88.9417499185
  1.50000000   0.40000000    93.3450545677
  1.60000000   0.40000000    97.3053066613
  1.70000000   0.40000000   100.8051543335
  1.80000000   0.40000000   103.8389958753
  1.90000000   0.40000000   106.4139046429
  2.00000000   0.40000000   108.5493001921
  2.10000000   0.40000000   110.2754334009
  2.20000000   0.40000000   111.6309889839
  2.30000000   0.40000000   112.6602448150
  2.40000000   0.40000000   113.4102285645
  2.50000000   0.40000000   113.9282045594
  2.60000000   0.40000000   114.2596720043
  2.70000000   0.40000000   114.4469180271
  2.80000000   0.40000000   114.5280749153
  2.90000000   0.40000000   114.5365833478
  3.00000000   0.40000000   114.5009513034
  3.10000000   0.40000000   114.4447073301
  3.20000000   0.40000000   114.3864652645
  3.30000000   0.40000000   114.3400377625
  3.40000000   0.40000000   114.3145543029
  3.50000000   0.40000000   114.3145543029

  0.00000000   0.50000000     0.0000000000
  0.10000000   0.50000000     7.1892294803
  0.20000000   0.50000000    14.3627621477
  0.30000000   0.50000000    21.5042522552
  0.40000000   0.50000000    28.5960516769
  0.50000000   0.50000000    35.6185513129
  0.60000000   0.50000000    42.5495251035
  0.70000000   0.50000000    49.3634985973
  0.80000000   0.50000000    56.0311854905
  0.90000000   0.50000000    62.5190654807
  1.00000000   0.50000000    68.7892144801
  1.10000000   0.50000000    74.7995389527
  1.20000000   0.50000000    80.5045975948
  1.30000000   0.50000000    85.8571930873
  1.40000000   0.50000000    90.8108516505
  1.50000000   0.50000000    95.3231471060
  1.60000000   0.50000000    99.3595654708
  1.70000000   0.50000000   102.8973090725
  1.80000000   0.50000000   105.9282523432
  1.90000000   0.50000000   108.4603465105
  2.00000000   0.50000000   110.5171415811
  2.10000000   0.50000000   112.1355549733
  2.20000000   0.50000000   113.3624060375
  2.30000000   0.50000000   114.2504505439
  2.40000000   0.50000000   114.8546090681
  2.50000000   0.50000000   115.2288540030
  2.60000000   0.50000000   115.4239440760
  2.70000000   0.50000000   115.4859795607
  2.80000000   0.50000000   115.4556311216
  2.90000000   0.50000000   115.3678564159
  3.00000000   0.50000000   115.2519301513
  3.10000000   0.50000000   115.1316472846
  3.20000000   0.50000000   115.0255972144
  3.30000000   0.50000000   114.9474400978
  3.40000000   0.50000000   114.9061418052
  3.50000000   0.50000000   114.9061418052

  0.00000000   0.60000000     0.0000000000
  0.10000000   0.60000000     7.3083924707
  0.20000000   0.60000000    14.6037962642
  0.30000000   0.60000000    21.8725169092
  0.40000000   0.60000000    29.0994284370
  0.50000000   0.60000000    36.2672113415
  0.60000000   0.60000000    43.3555459207
  0.70000000   0.60000000    50.3402679153
  0.80000000   0.60000000    57.1925191931
  0.90000000   0.60000000    63.8779669328
  1.00000000   0.60000000    70.3562237477
  1.10000000   0.60000000    76.5806774133
  1.20000000   0.60000000    82.4990202986
  1.30000000   0.60000000    88.0548228155
  1.40000000   0.60000000    93.1904617448
  1.50000000   0.60000000    97.8515117494
  1.60000000   0.60000000   101.9922797749
  1.70000000   0.60000000   105.5815732428
  1.80000000   0.60000000   108.6073321808
  1.90000000   0.60000000   111.0788430094
  2.00000000   0.60000000   113.0259813464
  2.10000000   0.60000000   114.4957460489
  2.20000000   0.60000000   115.5469944624
  2.30000000   0.60000000   116.2446619215
  2.40000000   0.60000000   116.6546012078
  2.50000000   0.60000000   116.8396844835
  2.60000000   0.60000000   116.8573038545
  2.70000000   0.60000000   116.7580779219
  2.80000000   0.60000000   116.5854394943
  2.90000000   0.60000000   116.3757806556
  3.00000000   0.60000000   116.1588946820
  3.10000000   0.60000000   115.9585314396
  3.20000000   0.60000000   115.7929499035
  3.30000000   0.60000000   115.6754006554
  3.40000000   0.60000000   115.6145033956
  3.50000000   0.60000000   115.6145033956

  0.00000000   0.70000000     0.0000000000
  0.10000000   0.70000000     7.4453993377
  0.20000000   0.70000000    14.8812151255
  0.30000000   0.70000000    22.2971217050
  0.40000000   0.70000000    29.6812704229
  0.50000000   0.70000000    37.0194331060
  0.60000000   0.70000000    44.2940385127
  0.70000000   0.70000000    51.4830830281
  0.80000000   0.70000000    58.5589227703
  0.90000000   0.70000000    65.4870023579
  1.00000000   0.70000000    72.2246568281
  1.10000000   0.70000000    78.7202469345
  1.20000000   0.70000000    84.9130517776
  1.30000000   0.70000000    90.7345121100
  1.40000000   0.70000000    96.1114970615
  1.50000000   0.70000000   100.9720801091
  1.60000000   0.70000000   105.2536478717
  1.70000000   0.70000000   108.9119970273
  1.80000000   0.70000000   111.9289200315
  1.90000000   0.70000000   114.3157770282
  2.00000000   0.70000000   116.1121960103
  2.10000000   0.70000000   117.3804639739
  2.20000000   0.70000000   118.1971840617
  2.30000000   0.70000000   118.6445500131
  2.40000000   0.70000000   118.8031598413
  2.50000000   0.70000000   118.7472013133
  2.60000000   0.70000000   118.5419146384
  2.70000000   0.70000000   118.2427773648
  2.80000000   0.70000000   117.8957758970
  2.90000000   0.70000000   117.5382399768
  3.00000000   0.70000000   117.1998798132
  3.10000000   0.70000000   116.9038098158
  3.20000000   0.70000000   116.6674462592
  3.30000000   0.70000000   116.5032306201
  3.40000000   0.70000000   116.4191654493
  3.50000000   0.70000000   116.4191654493

  0.00000000   0.80000000     0.0000000000
  0.10000000   0.80000000     7.5967122249
  0.20000000   0.80000000    15.1879763670
  0.30000000   0.80000000    22.7676053602
  0.40000000   0.80000000    30.3278746362
  0.50000000   0.80000000    37.8586032385
  0.60000000   0.80000000    45.3460529396
  0.70000000   0.80000000    52.7715877309
  0.80000000   0.80000000    60.1100531092
  0.90000000   0.80000000    67.3278789932
  1.00000000   0.80000000    74.3810042589
  1.10000000   0.80000000    81.2128944887
  1.20000000   0.80000000    87.7532048400
  1.30000000   0.80000000    93.9180199005
  1.40000000   0.80000000    99.6129710056
  1.50000000   0.80000000   104.7405691148
  1.60000000   0.80000000   109.2122266057
  1.70000000   0.80000000   112.9631744901
  1.80000000   0.80000000   115.9654964629
  1.90000000   0.80000000   118.2339108971
  2.00000000   0.80000000   119.8233633664
  2.10000000   0.80000000   120.8197023900
  2.20000000   0.80000000   121.3259139607
  2.30000000   0.80000000   121.4485377973
  2.40000000   0.80000000   121.2876309377
  2.50000000   0.80000000   120.9311375932
  2.60000000   0.80000000   120.4528728952
  2.70000000   0.80000000   119.9128236596
  2.80000000   0.80000000   119.3586279659
  2.90000000   0.80000000   118.8274591388
  3.00000000   0.80000000   118.3478735348
  3.10000000   0.80000000   117.9414145498
  3.20000000   0.80000000   117.6239029960
  3.30000000   0.80000000   117.4064138219
  3.40000000   0.80000000   117.2959672341
  3.50000000   0.80000000   117.2959672341

  0.00000000   0.90000000     0.0000000000
  0.10000000   0.90000000     7.7580498663
  0.20000000   0.90000000    15.5155107808
  0.30000000   0.90000000    23.2711181253
  0.40000000   0.90000000    31.0221769940
  0.50000000   0.90000000    38.7636433594
  0.60000000   0.90000000    46.4869443964
  0.70000000   0.90000000    54.1784284347
  0.80000000   0.90000000    61.8173288812
  0.90000000   0.90000000    69.3731448199
  1.00000000   0.90000000    76.8024182513
  1.10000000   0.90000000    84.0450841077
  1.20000000   0.90000000    91.0209728640
  1.30000000   0.90000000    97.6277469300
  1.40000000   0.90000000   103.7425290303
  1.50000000   0.90000000   109.2303142376
  1.60000000   0.90000000   113.9616900303
  1.70000000   0.90000000   117.8383407363
  1.80000000   0.90000000   120.8168860065
  1.90000000   0.90000000   122.9178002635
  2.00000000   0.90000000   124.2206205451
  2.10000000   0.90000000   124.8484350311
  2.20000000   0.90000000   124.9440836520
  2.30000000   0.90000000   124.6483649666
  2.40000000   0.90000000   124.0863030052
  2.50000000   0.90000000   123.3615019125
  2.60000000   0.90000000   122.5559516020
  2.70000000   0.90000000   121.7325837335
  2.80000000   0.90000000   120.9387332208
  2.90000000   0.90000000   120.2095110399
  3.00000000   0.90000000   119.5706687742
  3.10000000   0.90000000   119.0408513757
  3.20000000   0.90000000   118.6332791286
  3.30000000   0.90000000   118.3569488042
  3.40000000   0.90000000   118.2174463808
  3.50000000   0.90000000   118.2174463808

  0.00000000   1.00000000     0.0000000000
  0.10000000   1.00000000     7.9243985722
  0.20000000   1.00000000    15.8537235583
  0.30000000   1.00000000    23.7923685827
  0.40000000   1.00000000    31.7435696761
  0.50000000   1.00000000    39.7085838957
  0.60000000   1.00000000    47.6855413470
  0.70000000   1.00000000    55.6678024735
  0.80000000   1.00000000    63.6416054849
  0.90000000   1.00000000    71.5827466787
  1.00000000   1.00000000    79.4520367418
  1.10000000   1.00000000    87.1894061062
  1.20000000   1.00000000    94.7069691385
  1.30000000   1.00000000   101.8824012223
  1.40000000   1.00000000   108.5559868246
  1.50000000   1.00000000   114.5375823071
  1.60000000   1.00000000   119.6315472622
  1.70000000   1.00000000   123.6822686076
  1.80000000   1.00000000   126.6220351369
  1.90000000   1.00000000   128.4818698597
  2.00000000   1.00000000   129.3813521634
  2.10000000   1.00000000   129.5044928574
  2.20000000   1.00000000   129.0556282607
  2.30000000   1.00000000   128.2233889163
  2.40000000   1.00000000   127.1632601736
  2.50000000   1.00000000   125.9945679505
  2.60000000   1.00000000   124.8048098833
  2.70000000   1.00000000   123.6563103781
  2.80000000   1.00000000   122.5926557358
  2.90000000   1.00000000   121.6439724478
  3.00000000   1.00000000   120.8309093991
  3.10000000   1.00000000   120.1674962461
  3.20000000   1.00000000   119.6631253542
  3.30000000   1.00000000   119.3238838280
  3.40000000   1.00000000   119.1534119776
  3.50000000   1.00000000   119.1534119776

  0.00000000   1.10000000     0.0000000000
  0.10000000   1.10000000     8.0900845743
  0.20000000   1.10000000    16.1911196839
  0.30000000   1.10000000    24.3137584638
  0.40000000   1.10000000    32.4679667786
  0.50000000   1.10000000    40.6624300158
  0.60000000   1.10000000    48.9036058562
  0.70000000   1.10000000    57.1942052945
  0.80000000   1.10000000    65.5307825679
  0.90000000   1.10000000    73.8999745609
  1.00000000   1.10000000    82.2727664210
  1.10000000   1.10000000    90.5960468760
  1.20000000   1.10000000    98.7808853082
  1.30000000   1.10000000   106.6879971681
  1.40000000   1.10000000   114.1139721268
  1.50000000   1.10000000   120.7887326850
  1.60000000   1.10000000   126.4050401874
  1.70000000   1.10000000   130.7022530307
  1.80000000   1.10000000   133.5775922048
  1.90000000   1.10000000   135.0828262942
  2.00000000   1.10000000   135.4016263301
  2.10000000   1.10000000   134.8228651792
  2.20000000   1.10000000   133.6481939728
  2.30000000   1.10000000   132.1313006847
  2.40000000   1.10000000   130.4609575253
  2.50000000   1.10000000   128.7677265796
  2.60000000   1.10000000   127.1378368278
  2.70000000   1.10000000   125.6264769707
  2.80000000   1.10000000   124.2681352274
  2.90000000   1.10000000   123.0839172836
  3.00000000   1.10000000   122.0864698870
  3.10000000   1.10000000   121.2831945458
  3.20000000   1.10000000   120.6783008510
  3.30000000   1.10000000   120.2740916594
  3.40000000   1.10000000   120.0717426450
  3.50000000   1.10000000   120.0717426450

  0.00000000   1.20000000     0.0000000000
  0.10000000   1.20000000     8.2489269293
  0.20000000   1.20000000    16.5150969253
  0.30000000   1.20000000    24.8157838318
  0.40000000   1.20000000    33.1682485881
  0.50000000   1.20000000    41.5895253969
  0.60000000   1.20000000    50.0958937304
  0.70000000   1.20000000    58.7018035610
  0.80000000   1.20000000    67.4178689664
  0.90000000   1.20000000    76.2472925309
  1.00000000   1.20000000    85.1796807968
  1.10000000   1.20000000    94.1806233935
  1.20000000   1.20000000   103.1747248014
  1.30000000   1.20000000   112.0195945945
  1.40000000   1.20000000   120.4707998746
  1.50000000   1.20000000   128.1490100428
  1.60000000   1.20000000   134.5518630660
  1.70000000   1.20000000   139.2026593929
  1.80000000   1.20000000   141.9670330977
  1.90000000   1.20000000   142.9401998367
  2.00000000   1.20000000   142.3965285853
  2.10000000   1.20000000   140.8219176535
  2.20000000   1.20000000   138.6757551923
  2.30000000   1.20000000   136.2934459523
  2.40000000   1.20000000   133.8901090155
  2.50000000   1.20000000   131.5934910656
  2.60000000   1.20000000   129.4751337857
  2.70000000   1.20000000   127.5726605986
  2.80000000   1.20000000   125.9040794548
  2.90000000   1.20000000   124.4765052365
  3.00000000   1.20000000   123.2913350252
  3.10000000   1.20000000   122.3472641059
  3.20000000   1.20000000   121.6420162000
  3.30000000   1.20000000   121.1733178722
  3.40000000   1.20000000   120.9394318856
  3.50000000   1.20000000   120.9394318856

  0.00000000   1.30000000     0.0000000000
  0.10000000   1.30000000     8.3944836394
  0.20000000   1.30000000    16.8124379950
  0.30000000   1.30000000    25.2777672786
  0.40000000   1.30000000    33.8152075228
  0.50000000   1.30000000    42.4506363795
  0.60000000   1.30000000    51.2111974155
  0.70000000   1.30000000    60.1250552087
  0.80000000   1.30000000    69.2204316004
  0.90000000   1.30000000    78.5232572609
  1.00000000   1.30000000    88.0521684368
  1.10000000   1.30000000    97.8084278120
  1.20000000   1.30000000   107.7562163423
  1.30000000   1.30000000   117.7851622418
  1.40000000   1.30000000   127.6428126521
  1.50000000   1.30000000   136.8289636656
  1.60000000   1.30000000   144.4977904214
  1.70000000   1.30000000   149.6402651353
  1.80000000   1.30000000   152.2034618266
  1.90000000   1.30000000   152.3766058984
  2.00000000   1.30000000   150.4922909582
  2.10000000   1.30000000   147.4710208711
  2.20000000   1.30000000   144.0268850932
  2.30000000   1.30000000   140.5729034230
  2.40000000   1.30000000   137.3173487963
  2.50000000   1.30000000   134.3538024377
  2.60000000   1.30000000   131.7167149804
  2.70000000   1.30000000   129.4117665293
  2.80000000   1.30000000   127.4317130533
  2.90000000   1.30000000   125.7644701852
  3.00000000   1.30000000   124.3971463757
  3.10000000   1.30000000   123.3179842325
  3.20000000   1.30000000   122.5172356916
  3.30000000   1.30000000   121.9875097245
  3.40000000   1.30000000   121.7238764712
  3.50000000   1.30000000   121.7238764712

  0.00000000   1.40000000     0.0000000000
  0.10000000   1.40000000     8.5203908329
  0.20000000   1.40000000    17.0700074289
  0.30000000   1.40000000    25.6789467266
  0.40000000   1.40000000    34.3790703444
  0.50000000   1.40000000    43.2049348486
  0.60000000   1.40000000    52.1947520212
  0.70000000   1.40000000    61.3913236657
  0.80000000   1.40000000    70.8427869985
  0.90000000   1.40000000    80.6027649873
  1.00000000   1.40000000    90.7289685625
  1.10000000   1.40000000   101.2780185097
  1.20000000   1.40000000   112.2911432546
  1.30000000   1.40000000   123.7575641462
  1.40000000   1.40000000   135.5226132825
  1.50000000   1.40000000   147.0633776642
  1.60000000   1.40000000   157.0086876315
  1.70000000   1.40000000   162.6986183938
  1.80000000   1.40000000   164.8760310702
  1.90000000   1.40000000   163.9232470624
  2.00000000   1.40000000   159.7865731801
  2.10000000   1.40000000   154.6144747362
  2.20000000   1.40000000   149.4695471133
  2.30000000   1.40000000   144.7455703676
  2.40000000   1.40000000   140.5536195916
  2.50000000   1.40000000   136.8973909881
  2.60000000   1.40000000   133.7438003620
  2.70000000   1.40000000   131.0506935487
  2.80000000   1.40000000   128.7774664224
  2.90000000   1.40000000   126.8887883150
  3.00000000   1.40000000   125.3555292131
  3.10000000   1.40000000   124.1545982764
  3.20000000   1.40000000   123.2684240532
  3.30000000   1.40000000   122.6843910617
  3.40000000   1.40000000   122.3943658184
  3.50000000   1.40000000   122.3943658184

  0.00000000   1.50000000     0.0000000000
  0.10000000   1.50000000     8.6207761966
  0.20000000   1.50000000    17.2756183431
  0.30000000   1.50000000    25.9998783974
  0.40000000   1.50000000    34.8315680397
  0.50000000   1.50000000    43.8129156094
  0.60000000   1.50000000    52.9922172078
  0.70000000   1.50000000    62.4261145698
  0.80000000   1.50000000    72.1824547047
  0.90000000   1.50000000    82.3438918712
  1.00000000   1.50000000    93.0123280316
  1.10000000   1.50000000   104.3139822159
  1.20000000   1.50000000   116.4036902737
  1.30000000   1.50000000   129.4621214241
  1.40000000   1.50000000   143.6567997439
  1.50000000   1.50000000   158.9223733962
  1.60000000   1.50000000   173.8035831076
  1.70000000   1.50000000   179.2996724326
  1.80000000   1.50000000   180.7128862812
  1.90000000   1.50000000   178.6947659523
  2.00000000   1.50000000   170.1680437001
  2.10000000   1.50000000   161.7945839598
  2.20000000   1.50000000   154.5670449620
  2.30000000   1.50000000   148.4732825603
  2.40000000   1.50000000   143.3516334086
  2.50000000   1.50000000   139.0452401599
  2.60000000   1.50000000   135.4257589140
  2.70000000   1.50000000   132.3925864938
  2.80000000   1.50000000   129.8680458752
  2.90000000   1.50000000   127.7926433586
  3.00000000   1.50000000   126.1211804482
  3.10000000   1.50000000   124.8197588842
  3.20000000   1.50000000   123.8635515067
  3.30000000   1.50000000   123.2351950631
  3.40000000   1.50000000   122.9236850268
  3.50000000   1.50000000   122.9236850268

  0.00000000   1.60000000     0.0000000000
  0.10000000   1.60000000     8.6907064205
  0.20000000   1.60000000    17.4189854656
  0.30000000   1.60000000    26.2240220865
  0.40000000   1.60000000    35.1483710993
  0.50000000   1.60000000    44.2400288537
  0.60000000   1.60000000    53.5550413720
  0.70000000   1.60000000    63.1609687937
  0.80000000   1.60000000    73.1416968017
  0.90000000   1.60000000    83.6043916427
  1.00000000   1.60000000    94.6899852773
  1.10000000   1.60000000   106.5898868806
  1.20000000   1.60000000   119.5751939489
  1.30000000   1.60000000   134.0568498667
  1.40000000   1.60000000   150.7441397172
  1.50000000   1.60000000   171.1862355391
  1.60000000   1.60000000   200.0000000000
  1.70000000   1.60000000   200.0000000000
  1.80000000   1.60000000   200.0000000000
  1.90000000   1.60000000   200.0000000000
  2.00000000   1.60000000   180.4366644883
  2.10000000   1.60000000   167.8847174620
  2.20000000   1.60000000   158.6009448166
  2.30000000   1.60000000   151.3118365264
  2.40000000   1.60000000   145.4287492902
  2.50000000   1.60000000   140.6106723595
  2.60000000   1.60000000   136.6348656174
  2.70000000   1.60000000   133.3471608470
  2.80000000   1.60000000   130.6376019418
  2.90000000   1.60000000   128.4264568606
  3.00000000   1.60000000   126.6554793354
  3.10000000   1.60000000   125.2822105871
  3.20000000   1.60000000   124.2761869000
  3.30000000   1.60000000   123.6164101583
  3.40000000   1.60000000   123.2896999493
  3.50000000   1.60000000   123.2896999493

  0.00000000   1.70000000     0.0000000000
  0.10000000   1.70000000     8.7266101521
  0.20000000   1.70000000    17.4926370228
  0.30000000   1.70000000    26.3392897290
  0.40000000   1.70000000    35.3115410981
  0.50000000   1.70000000    44.4604903868
  0.60000000   1.70000000    53.8464069224
  0.70000000   1.70000000    63.5428881862
  0.80000000   1.70000000    73.6428232718
  0.90000000   1.70000000    84.2673098982
  1.00000000   1.70000000    95.5794812629
  1.10000000   1.70000000   107.8065757312
  1.20000000   1.70000000   121.2755939405
  1.30000000   1.70000000   136.4689679677
  1.40000000   1.70000000   154.0957223219
  1.50000000   1.70000000   175.0907555887
  1.60000000   1.70000000   200.0000000000
  1.70000000   1.70000000   200.0000000000
  1.80000000   1.70000000   200.0000000000
  1.90000000   1.70000000   200.0000000000
  2.00000000   1.70000000   183.7225204800
  2.10000000   1.70000000   170.7557551073
  2.20000000   1.70000000   160.7058520764
  2.30000000   1.70000000   152.8241614064
  2.40000000   1.70000000   146.5328937128
  2.50000000   1.70000000   141.4365721894
  2.60000000   1.70000000   137.2679592512
  2.70000000   1.70000000   133.8438116736
  2.80000000   1.70000000   131.0359693830
  2.90000000   1.70000000   128.7532591913
  3.00000000   1.70000000   126.9301253194
  3.10000000   1.70000000   125.5193679175
  3.20000000   1.70000000   124.4874341891
  3.30000000   1.70000000   123.8113506587
  3.40000000   1.70000000   123.4767615439
  3.50000000   1.70000000   123.4767615439

  0.00000000   1.80000000     0.0000000000
  0.10000000   1.80000000     8.7266101521
  0.20000000   1.80000000    17.4926370228
  0.30000000   1.80000000    26.3392897290
  0.40000000   1.80000000    35.3115410981
  0.50000000   1.80000000    44.4604903868
  0.60000000   1.80000000    53.8464069224
  0.70000000   1.80000000    63.5428881862
  0.80000000   1.80000000    73.6428232718
  0.90000000   1.80000000    84.2673098982
  1.00000000   1.80000000    95.5794812629
  1.10000000   1.80000000   107.8065757312
  1.20000000   1.80000000   121.2755939405
  1.30000000   1.80000000   136.4689679677
  1.40000000   1.80000000   154.0957223219
  1.50000000   1.80000000   175.0907555887
  1.60000000   1.80000000   200.0000000000
  1.70000000   1.80000000   200.0000000000
  1.80000000   1.80000000   200.0000000000
  1.90000000   1.80000000   200.0000000000
  2.00000000   1.80000000   183.7225204800
  2.10000000   1.80000000   170.7557551073
  2.20000000   1.80000000   160.7058520764
  2.30000000   1.80000000   152.8241614064
  2.40000000   1.80000000   146.5328937128
  2.50000000   1.80000000   141.4365721894
  2.60000000   1.80000000   137.2679592512
  2.70000000   1.80000000   133.8438116736
  2.80000000   1.80000000   131.0359693830
  2.90000000   1.80000000   128.7532591913
  3.00000000   1.80000000   126.9301253194
  3.10000000   1.80000000   125.5193679175
  3.20000000   1.80000000   124.4874341891
  3.30000000   1.80000000   123.8113506587
  3.40000000   1.80000000   123.4767615439
  3.50000000   1.80000000   123.4767615439

  0.00000000   1.90000000     0.0000000000
  0.10000000   1.90000000     8.6907064205
  0.20000000   1.90000000    17.4189854656
  0.30000000   1.90000000    26.2240220865
  0.40000000   1.90000000    35.1483710993
  0.50000000   1.90000000    44.2400288537
  0.60000000   1.90000000    53.5550413720
  0.70000000   1.90000000    63.1609687937
  0.80000000   1.90000000    73.1416968017
  0.90000000   1.90000000    83.6043916427
  1.00000000   1.90000000    94.6899852773
  1.10000000   1.90000000   106.5898868806
  1.20000000   1.90000000   119.5751939489
  1.30000000   1.90000000   134.0568498667
  1.40000000   1.90000000   150.7441397172
  1.50000000   1.90000000   171.1862355391
  1.60000000   1.90000000   200.0000000000
  1.70000000   1.90000000   200.0000000000
  1.80000000   1.90000000   200.0000000000
  1.90000000   1.90000000   200.0000000000
  2.00000000   1.90000000   180.4366644883
  2.10000000   1.90000000   167.8847174620
  2.20000000   1.90000000   158.6009448166
  2.30000000   1.90000000   151.3118365264
  2.40000000   1.90000000   145.4287492902
  2.50000000   1.90000000   140.6106723595
  2.60000000   1.90000000   136.6348656174
  2.70000000   1.90000000   133.3471608470
  2.80000000   1.90000000   130.6376019418
  2.90000000   1.90000000   128.4264568606
  3.00000000   1.90000000   126.6554793354
  3.10000000   1.90000000   125.2822105871
  3.20000000   1.90000000   124.2761869000
  3.30000000   1.90000000   123.6164101583
  3.40000000   1.90000000   123.2896999493
  3.50000000   1.90000000   123.2896999493

  0.00000000   2.00000000     0.0000000000
  0.10000000   2.00000000     8.6207761966
  0.20000000   2.00000000    17.2756183431
  0.30000000   2.00000000    25.9998783974
  0.40000000   2.00000000    34.8315680397
  0.50000000   2.00000000    43.8129156094
  0.60000000   2.00000000    52.9922172078
  0.70000000   2.00000000    62.4261145698
  0.80000000   2.00000000    72.1824547047
  0.90000000   2.00000000    82.3438918712
  1.00000000   2.00000000    93.0123280316
  1.10000000   2.00000000   104.3139822159
  1.20000000   2.00000000   116.4036902737
  1.30000000   2.00000000   129.4621214241
  1.40000000   2.00000000   143.6567997439
  1.50000000   2.00000000   158.9223733962
  1.60000000   2.00000000   173.8035831076
  1.70000000   2.00000000   179.2996724326
  1.80000000   2.00000000   180.7128862812
  1.90000000   2.00000000   178.6947659523
  2.00000000   2.00000000   170.1680437001
  2.10000000   2.00000000   161.7945839598
  2.20000000   2.00000000   154.5670449620
  2.30000000   2.00000000   148.4732825603
  2.40000000   2.00000000   143.3516334086
  2.50000000   2.00000000   139.0452401599
  2.60000000   2.00000000   135.4257589140
  2.70000000   2.00000000   132.3925864938
  2.80000000   2.00000000   129.8680458752
  2.90000000   2.00000000   127.7926433586
  3.00000000   2.00000000   126.1211804482
  3.10000000   2.00000000   124.8197588842
  3.20000000   2.00000000   123.8635515067
  3.30000000   2.00000000   123.2351950631
  3.40000000   2.00000000   122.9236850268
  3.50000000   2.00000000   122.9236850268

  0.00000000   2.10000000     0.0000000000
  0.10000000   2.10000000     8.5203908329
  0.20000000   2.10000000    17.0700074289
  0.30000000   2.10000000    25.6789467266
  0.40000000   2.10000000    34.3790703444
  0.50000000   2.10000000    43.2049348486
  0.60000000   2.10000000    52.1947520212
  0.70000000   2.10000000    61.3913236657
  0.80000000   2.10000000    70.8427869985
  0.90000000   2.10000000    80.6027649873
  1.00000000   2.10000000    90.7289685625
  1.10000000   2.10000000   101.2780185097
  1.20000000   2.10000000   112.2911432546
  1.30000000   2.10000000   123.7575641462
  1.40000000   2.10000000   135.5226132825
  1.50000000   2.10000000   147.0633776642
  1.60000000   2.10000000   157.0086876315
  1.70000000   2.10000000   162.6986183938
  1.80000000   2.10000000   164.8760310702
  1.90000000   2.10000000   163.9232470624
  2.00000000   2.10000000   159.7865731801
  2.10000000   2.10000000   154.6144747362
  2.20000000   2.10000000   149.4695471133
  2.30000000   2.10000000   144.7455703676
  2.40000000   2.10000000   140.5536195916
  2.50000000   2.10000000   136.8973909881
  2.60000000   2.10000000   133.7438003620
  2.70000000   2.10000000   131.0506935487
  2.80000000   2.10000000   128.7774664224
  2.90000000   2.10000000   126.8887883150
  3.00000000   2.10000000   125.3555292131
  3.10000000   2.10000000   124.1545982764
  3.20000000   2.10000000   123.2684240532
  3.30000000   2.10000000   122.6843910617
  3.40000000   2.10000000   122.3943658184
  3.50000000   2.10000000   122.3943658184

  0.00000000   2.20000000     0.0000000000
  0.10000000   2.20000000     8.3944836394
  0.20000000   2.20000000    16.8124379950
  0.30000000   2.20000000    25.2777672786
  0.40000000   2.20000000    33.8152075228
  0.50000000   2.20000000    42.4506363795
  0.60000000   2.20000000    51.2111974155
  0.70000000   2.20000000    60.1250552087
  0.80000000   2.20000000    69.2204316004
  0.90000000   2.20000000    78.5232572609
  1.00000000   2.20000000    88.0521684368
  1.10000000   2.20000000    97.8084278120
  1.20000000   2.20000000   107.7562163423
  1.30000000   2.20000000   117.7851622418
  1.40000000   2.20000000   127.6428126521
  1.50000000   2.20000000   136.8289636656
  1.60000000   2.20000000   144.4977904214
  1.70000000   2.20000000   149.6402651353
  1.80000000   2.20000000   152.2034618266
  1.90000000   2.20000000   152.3766058984
  2.00000000   2.20000000   150.4922909582
  2.10000000   2.20000000   147.4710208711
  2.20000000   2.20000000   144.0268850932
  2.30000000   2.20000000   140.5729034230
  2.40000000   2.20000000   137.3173487963
  2.50000000   2.20000000   134.3538024377
  2.60000000   2.20000000   131.7167149804
  2.70000000   2.20000000   129.4117665293
  2.80000000   2.20000000   127.4317130533
  2.90000000   2.20000000   125.7644701852
  3.00000000   2.20000000   124.3971463757
  3.10000000   2.20000000   123.3179842325
  3.20000000   2.20000000   122.5172356916
  3.30000000   2.20000000   121.9875097245
  3.40000000   2.20000000   121.7238764712
  3.50000000   2.20000000   121.7238764712

  0.00000000   2.30000000     0.0000000000
  0.10000000   2.30000000     8.2489269293
  0.20000000   2.30000000    16.5150969253
  0.30000000   2.30000000    24.8157838318
  0.40000000   2.30000000    33.1682485881
  0.50000000   2.30000000    41.5895253969
  0.60000000   2.30000000    50.0958937304
  0.70000000   2.30000000    58.7018035610
  0.80000000   2.30000000    67.4178689664
  0.90000000   2.30000000    76.2472925309
  1.00000000   2.30000000    85.1796807968
  1.10000000   2.30000000    94.1806233935
  1.20000000   2.30000000   103.1747248014
  1.30000000   2.30000000   112.0195945945
  1.40000000   2.30000000   120.4707998746
  1.50000000   2.30000000   128.1490100428
  1.60000000   2.30000000   134.5518630660
  1.70000000   2.30000000   139.2026593929
  1.80000000   2.30000000   141.9670330977
  1.90000000   2.30000000   142.9401998367
  2.00000000   2.30000000   142.3965285853
  2.10000000   2.30000000   140.8219176535
  2.20000000   2.30000000   138.6757551923
  2.30000000   2.30000000   136.2934459523
  2.40000000   2.30000000   133.8901090155
  2.50000000   2.30000000   131.5934910656
  2.60000000   2.30000000   129.4751337857
  2.70000000   2.30000000   127.5726605986
  2.80000000   2.30000000   125.9040794548
  2.90000000   2.30000000   124.4765052365
  3.00000000   2.30000000   123.2913350252
  3.10000000   2.30000000   122.3472641059
  3.20000000   2.30000000   121.6420162000
  3.30000000   2.30000000   121.1733178722
  3.40000000   2.30000000   120.9394318856
  3.50000000   2.30000000   120.9394318856

  0.00000000   2.40000000     0.0000000000
  0.10000000   2.40000000     8.0900845743
  0.20000000   2.40000000    16.1911196839
  0.30000000   2.40000000    24.3137584638
  0.40000000   2.40000000    32.4679667786
  0.50000000   2.40000000    40.6624300158
  0.60000000   2.40000000    48.9036058562
  0.70000000   2.40000000    57.1942052945
  0.80000000   2.40000000    65.5307825679
  0.90000000   2.40000000    73.8999745609
  1.00000000   2.40000000    82.2727664210
  1.10000000   2.40000000    90.5960468760
  1.20000000   2.40000000    98.7808853082
  1.30000000   2.40000000   106.6879971681
  1.40000000   2.40000000   114.1139721268
  1.50000000   2.40000000   120.7887326850
  1.60000000   2.40000000   126.4050401874
  1.70000000   2.40000000   130.7022530307
  1.80000000   2.40000000   133.5775922048
  1.90000000   2.40000000   135.0828262942
  2.00000000   2.40000000   135.4016263301
  2.10000000   2.40000000   134.8228651792
  2.20000000   2.40000000   133.6481939728
  2.30000000   2.40000000   132.1313006847
  2.40000000   2.40000000   130.4609575253
  2.50000000   2.40000000   128.7677265796
  2.60000000   2.40000000   127.1378368278
  2.70000000   2.40000000   125.6264769707
  2.80000000   2.40000000   124.2681352274
  2.90000000   2.40000000   123.0839172836
  3.00000000   2.40000000   122.0864698870
  3.10000000   2.40000000   121.2831945458
  3.20000000   2.40000000   120.6783008510
  3.30000000   2.40000000   120.2740916594
  3.40000000   2.40000000   120.0717426450
  3.50000000   2.40000000   120.0717426450

  0.00000000   2.50000000     0.0000000000
  0.10000000   2.50000000     7.9243985722
  0.20000000   2.50000000    15.8537235583
  0.30000000   2.50000000    23.7923685827
  0.40000000   2.50000000    31.7435696761
  0.50000000   2.50000000    39.7085838957
  0.60000000   2.50000000    47.6855413470
  0.70000000   2.50000000    55.6678024735
  0.80000000   2.50000000    63.6416054849
  0.90000000   2.50000000    71.5827466787
  1.00000000   2.50000000    79.4520367418
  1.10000000   2.50000000    87.1894061062
  1.20000000   2.50000000    94.7069691385
  1.30000000   2.50000000   101.8824012223
  1.40000000   2.50000000   108.5559868246
  1.50000000   2.50000000   114.5375823071
  1.60000000   2.50000000   119.6315472622
  1.70000000   2.50000000   123.6822686076
  1.80000000   2.50000000   126.6220351369
  1.90000000   2.50000000   128.4818698597
  2.00000000   2.50000000   129.3813521634
  2.10000000   2.50000000   129.5044928574
  2.20000000   2.50000000   129.0556282607
  2.30000000   2.50000000   128.2233889163
  2.40000000   2.50000000   127.1632601736
  2.50000000   2.50000000   125.9945679505
  2.60000000   2.50000000   124.8048098833
  2.70000000   2.50000000   123.6563103781
  2.80000000   2.50000000   122.5926557358
  2.90000000   2.50000000   121.6439724478
  3.00000000   2.50000000   120.8309093991
  3.10000000   2.50000000   120.1674962461
  3.20000000   2.50000000   119.6631253542
  3.30000000   2.50000000   119.3238838280
  3.40000000   2.50000000   119.1534119776
  3.50000000   2.50000000   119.1534119776

  0.00000000   2.60000000     0.0000000000
  0.10000000   2.60000000     7.7580498663
  0.20000000   2.60000000    15.5155107808
  0.30000000   2.60000000    23.2711181253
  0.40000000   2.60000000    31.0221769940
  0.50000000   2.60000000    38.7636433594
  0.60000000   2.60000000    46.4869443964
  0.70000000   2.60000000    54.1784284347
  0.80000000   2.60000000    61.8173288812
  0.90000000   2.60000000    69.3731448199
  1.00000000   2.60000000    76.8024182513
  1.10000000   2.60000000    84.0450841077
  1.20000000   2.60000000    91.0209728640
  1.30000000   2.60000000    97.6277469300
  1.40000000   2.60000000   103.7425290303
  1.50000000   2.60000000   109.2303142376
  1.60000000   2.60000000   113.9616900303
  1.70000000   2.60000000   117.8383407363
  1.80000000   2.60000000   120.8168860065
  1.90000000   2.60000000   122.9178002635
  2.00000000   2.60000000   124.2206205451
  2.10000000   2.60000000   124.8484350311
  2.20000000   2.60000000   124.9440836520
  2.30000000   2.60000000   124.6483649666
  2.40000000   2.60000000   124.0863030052
  2.50000000   2.60000000   123.3615019125
  2.60000000   2.60000000   122.5559516020
  2.70000000   2.60000000   121.7325837335
  2.80000000   2.60000000   120.9387332208
  2.90000000   2.60000000   120.2095110399
  3.00000000   2.60000000   119.5706687742
  3.10000000   2.60000000   119.0408513757
  3.20000000   2.60000000   118.6332791286
  3.30000000   2.60000000   118.3569488042
  3.40000000   2.60000000   118.2174463808
  3.50000000   2.60000000   118.2174463808

  0.00000000   2.70000000     0.0000000000
  0.10000000   2.70000000     7.5967122249
  0.20000000   2.70000000    15.1879763670
  0.30000000   2.70000000    22.7676053602
  0.40000000   2.70000000    30.3278746362
  0.50000000   2.70000000    37.8586032385
  0.60000000   2.70000000    45.3460529396
  0.70000000   2.70000000    52.7715877309
  0.80000000   2.70000000    60.1100531092
  0.90000000   2.70000000    67.3278789932
  1.00000000   2.70000000    74.3810042589
  1.10000000   2.70000000    81.2128944887
  1.20000000   2.70000000    87.7532048400
  1.30000000   2.70000000    93.9180199005
  1.40000000   2.70000000    99.6129710056
  1.50000000   2.70000000   104.7405691148
  1.60000000   2.70000000   109.2122266057
  1.70000000   2.70000000   112.9631744901
  1.80000000   2.70000000   115.9654964629
  1.90000000   2.70000000   118.2339108971
  2.00000000   2.70000000   119.8233633664
  2.10000000   2.70000000   120.8197023900
  2.20000000   2.70000000   121.3259139607
  2.30000000   2.70000000   121.4485377973
  2.40000000   2.70000000   121.2876309377
  2.50000000   2.70000000   120.9311375932
  2.60000000   2.70000000   120.4528728952
  2.70000000   2.70000000   119.9128236596
  2.80000000   2.70000000   119.3586279659
  2.90000000   2.70000000   118.8274591388
  3.00000000   2.70000000   118.3478735348
  3.10000000   2.70000000   117.9414145498
  3.20000000   2.70000000   117.6239029960
  3.30000000   2.70000000   117.4064138219
  3.40000000   2.70000000   117.2959672341
  3.50000000   2.70000000   117.2959672341

  0.00000000   2.80000000     0.0000000000
  0.10000000   2.80000000     7.4453993377
  0.20000000   2.80000000    14.8812151255
  0.30000000   2.80000000    22.2971217050
  0.40000000   2.80000000    29.6812704229
  0.50000000   2.80000000    37.0194331060
  0.60000000   2.80000000    44.2940385127
  0.70000000   2.80000000    51.4830830281
  0.80000000   2.80000000    58.5589227703
  0.90000000   2.80000000    65.4870023579
  1.00000000   2.80000000    72.2246568281
  1.10000000   2.80000000    78.7202469345
  1.20000000   2.80000000    84.9130517776
  1.30000000   2.80000000    90.7345121100
  1.40000000   2.80000000    96.1114970615
  1.50000000   2.80000000   100.9720801091
  1.60000000   2.80000000   105.2536478717
  1.70000000   2.80000000   108.9119970273
  1.80000000   2.80000000   111.9289200315
  1.90000000   2.80000000   114.3157770282
  2.00000000   2.80000000   116.1121960103
  2.10000000   2.80000000   117.3804639739
  2.20000000   2.80000000   118.1971840617
  2.30000000   2.80000000   118.6445500131
  2.40000000   2.80000000   118.8031598413
  2.50000000   2.80000000   118.7472013133
  2.60000000   2.80000000   118.5419146384
  2.70000000   2.80000000   118.2427773648
  2.80000000   2.80000000   117.8957758970
  2.90000000   2.80000000   117.5382399768
  3.00000000   2.80000000   117.1998798132
  3.10000000   2.80000000   116.9038098158
  3.20000000   2.80000000   116.6674462592
  3.30000000   2.80000000   116.5032306201
  3.40000000   2.80000000   116.4191654493
  3.50000000   2.80000000   116.4191654493

  0.00000000   2.90000000     0.0000000000
  0.10000000   2.90000000     7.3083924707
  0.20000000   2.90000000    14.6037962642
  0.30000000   2.90000000    21.8725169092
  0.40000000   2.90000000    29.0994284370
  0.50000000   2.90000000    36.2672113415
  0.60000000   2.90000000    43.3555459207
  0.70000000   2.90000000    50.3402679153
  0.80000000   2.90000000    57.1925191931
  0.90000000   2.90000000    63.8779669328
  1.00000000   2.90000000    70.3562237477
  1.10000000   2.90000000    76.5806774133
  1.20000000   2.90000000    82.4990202986
  1.30000000   2.90000000    88.0548228155
  1.40000000   2.90000000    93.1904617448
  1.50000000   2.90000000    97.8515117494
  1.60000000   2.90000000   101.9922797749
  1.70000000   2.90000000   105.5815732428
  1.80000000   2.90000000   108.6073321808
  1.90000000   2.90000000   111.0788430094
  2.00000000   2.90000000   113.0259813464
  2.10000000   2.90000000   114.4957460489
  2.20000000   2.90000000   115.5469944624
  2.30000000   2.90000000   116.2446619215
  2.40000000   2.90000000   116.6546012078
  2.50000000   2.90000000   116.8396844835
  2.60000000   2.90000000   116.8573038545
  2.70000000   2.90000000   116.7580779219
  2.80000000   2.90000000   116.5854394943
  2.90000000   2.90000000   116.3757806556
  3.00000000   2.90000000   116.1588946820
  3.10000000   2.90000000   115.9585314396
  3.20000000   2.90000000   115.7929499035
  3.30000000   2.90000000   115.6754006554
  3.40000000   2.90000000   115.6145033956
  3.50000000   2.90000000   115.6145033956

  0.00000000   3.00000000     0.0000000000
  0.10000000   3.00000000     7.1892294803
  0.20000000   3.00000000    14.3627621477
  0.30000000   3.00000000    21.5042522552
  0.40000000   3.00000000    28.5960516769
  0.50000000   3.00000000    35.6185513129
  0.60000000   3.00000000    42.5495251035
  0.70000000   3.00000000    49.3634985973
  0.80000000   3.00000000    56.0311854905
  0.90000000   3.00000000    62.5190654807
  1.00000000   3.00000000    68.7892144801
  1.10000000   3.00000000    74.7995389527
  1.20000000   3.00000000    80.5045975948
  1.30000000   3.00000000    85.8571930873
  1.40000000   3.00000000    90.8108516505
  1.50000000   3.00000000    95.3231471060
  1.60000000   3.00000000    99.3595654708
  1.70000000   3.00000000   102.8973090725
  1.80000000   3.00000000   105.9282523432
  1.90000000   3.00000000   108.4603465105
  2.00000000   3.00000000   110.5171415811
  2.10000000   3.00000000   112.1355549733
  2.20000000   3.00000000   113.3624060375
  2.30000000   3.00000000   114.2504505439
  2.40000000   3.00000000   114.8546090681
  2.50000000   3.00000000   115.2288540030
  2.60000000   3.00000000   115.4239440760
  2.70000000   3.00000000   115.4859795607
  2.80000000   3.00000000   115.4556311216
  2.90000000   3.00000000   115.3678564159
  3.00000000   3.00000000   115.2519301513
  3.10000000   3.00000000   115.1316472846
  3.20000000   3.00000000   115.0255972144
  3.30000000   3.00000000   114.9474400978
  3.40000000   3.00000000   114.9061418052
  3.50000000   3.00000000   114.9061418052

  0.00000000   3.10000000     0.0000000000
  0.10000000   3.10000000     7.0907345056
  0.20000000   3.10000000    14.1637065856
  0.30000000   3.10000000    21.2005668440
  0.40000000   3.10000000    28.1817989661
  0.50000000   3.10000000    35.0861573996
  0.60000000   3.10000000    41.8901406926
  0.70000000   3.10000000    48.5675301340
  0.80000000   3.10000000    55.0890393226
  0.90000000   3.10000000    61.4221400418
  1.00000000   3.10000000    67.5311510183
  1.10000000   3.10000000    73.3776935465
  1.20000000   3.10000000    78.9216221580
  1.30000000   3.10000000    84.1225157778
  1.40000000   3.10000000    88.9417499185
  1.50000000   3.10000000    93.3450545677
  1.60000000   3.10000000    97.3053066613
  1.70000000   3.10000000   100.8051543335
  1.80000000   3.10000000   103.8389958753
  1.90000000   3.10000000   106.4139046429
  2.00000000   3.10000000   108.5493001921
  2.10000000   3.10000000   110.2754334009
  2.20000000   3.10000000   111.6309889839
  2.30000000   3.10000000   112.6602448150
  2.40000000   3.10000000   113.4102285645
  2.50000000   3.10000000   113.9282045594
  2.60000000   3.10000000   114.2596720043
  2.70000000   3.10000000   114.4469180271
  2.80000000   3.10000000   114.5280749153
  2.90000000   3.10000000   114.5365833478
  3.00000000   3.10000000   114.5009513034
  3.10000000   3.10000000   114.4447073301
  3.20000000   3.10000000   114.3864652645
  3.30000000   3.10000000   114.3400377625
  3.40000000   3.10000000   114.3145543029
  3.50000000   3.10000000   114.3145543029

  0.00000000   3.20000000     0.0000000000
  0.10000000   3.20000000     7.0150694414
  0.20000000   3.20000000    14.0108932505
  0.30000000   3.20000000    20.9676943132
  0.40000000   3.20000000    27.8646475120
  0.50000000   3.20000000    34.6793961788
  0.60000000   3.20000000    41.3876256002
  0.70000000   3.20000000    47.9627265338
  0.80000000   3.20000000    54.3755927714
  0.90000000   3.20000000    60.5946086523
  1.00000000   3.20000000    66.5858923673
  1.10000000   3.20000000    72.3138643856
  1.20000000   3.20000000    77.7422009634
  1.30000000   3.20000000    82.8352029895
  1.40000000   3.20000000    87.5595544567
  1.50000000   3.20000000    91.8863631069
  1.60000000   3.20000000    95.7932810473
  1.70000000   3.20000000    99.2664236229
  1.80000000   3.20000000   102.3017780295
  1.90000000   3.20000000   104.9058466865
  2.00000000   3.20000000   107.0953993615
  2.10000000   3.20000000   108.8963722404
  2.20000000   3.20000000   110.3421009645
  2.30000000   3.20000000   111.4711670013
  2.40000000   3.20000000   112.3251526140
  2.50000000   3.20000000   112.9465493211
  2.60000000   3.20000000   113.3769788444
  2.70000000   3.20000000   113.6557965993
  2.80000000   3.20000000   113.8190769682
  2.90000000   3.20000000   113.8989344788
  3.00000000   3.20000000   113.9231135128
  3.10000000   3.20000000   113.9147749301
  3.20000000   3.20000000   113.8924141441
  3.30000000   3.20000000   113.8698562921
  3.40000000   3.20000000   113.8562866727
  3.50000000   3.20000000   113.8562866727

  0.00000000   3.30000000     0.0000000000
  0.10000000   3.30000000     6.9637917075
  0.20000000   3.30000000    13.9073828339
  0.30000000   3.30000000    20.8100823477
  0.40000000   3.30000000    27.6502381489
  0.50000000   3.30000000    34.4048086725
  0.60000000   3.30000000    41.0490040132
  0.70000000   3.30000000    47.5560306126
  0.80000000   3.30000000    53.8969811278
  0.90000000   3.30000000    60.0409177997
  1.00000000   3.30000000    65.9552008118
  1.10000000   3.30000000    71.6061091218
  1.20000000   3.30000000    76.9597857933
  1.30000000   3.30000000    81.9835090963
  1.40000000   3.30000000    86.6472432019
  1.50000000   3.30000000    90.9253619576
  1.60000000   3.30000000    94.7983773647
  1.70000000   3.30000000    98.2544596304
  1.80000000   3.30000000   101.2905287867
  1.90000000   3.30000000   103.9127415017
  2.00000000   3.30000000   106.1362857861
  2.10000000   3.30000000   107.9845076528
  2.20000000   3.30000000   109.4874967950
  2.30000000   3.30000000   110.6803267963
  2.40000000   3.30000000   111.6011659025
  2.50000000   3.30000000   112.2894504428
  2.60000000   3.30000000   112.7842606137
  2.70000000   3.30000000   113.1229770011
  2.80000000   3.30000000   113.3402412242
  2.90000000   3.30000000   113.4672035235
  3.00000000   3.30000000   113.5310156652
  3.10000000   3.30000000   113.5545169136
  3.20000000   3.30000000   113.5560601558
  3.30000000   3.30000000   113.5494307490
  3.40000000   3.30000000   113.5438192857
  3.50000000   3.30000000   113.5438192857

  0.00000000   3.40000000     0.0000000000
  0.10000000   3.40000000     6.9379066699
  0.20000000   3.40000000    13.8551459061
  0.30000000   3.40000000    20.7305814960
  0.40000000   3.40000000    27.5421617951
  0.50000000   3.40000000    34.2665195982
  0.60000000   3.40000000    40.8786471974
  0.70000000   3.40000000    47.3516808836
  0.80000000   3.40000000    53.6568349391
  0.90000000   3.40000000    59.7635293432
  1.00000000   3.40000000    65.6397554573
  1.10000000   3.40000000    71.2527167373
  1.20000000   3.40000000    76.5697638263
  1.30000000   3.40000000    81.5596129915
  1.40000000   3.40000000    86.1937941706
  1.50000000   3.40000000    90.4482246675
  1.60000000   3.40000000    94.3047569372
  1.70000000   3.40000000    97.7525182435
  1.80000000   3.40000000   100.7888603794
  1.90000000   3.40000000   103.4197764342
  2.00000000   3.40000000   105.6597138984
  2.10000000   3.40000000   107.5308024160
  2.20000000   3.40000000   109.0615978035
  2.30000000   3.40000000   110.2855017698
  2.40000000   3.40000000   111.2390383839
  2.50000000   3.40000000   111.9601547993
  2.60000000   3.40000000   112.4866754398
  2.70000000   3.40000000   112.8549898906
  2.80000000   3.40000000   113.0990075234
  2.90000000   3.40000000   113.2493742536
  3.00000000   3.40000000   113.3329217486
  3.10000000   3.40000000   113.3723062795
  3.20000000   3.40000000   113.3857907596
  3.30000000   3.40000000   113.3871263534
  3.40000000   3.40000000   113.3854967405
  3.50000000   3.40000000   113.3854967405

  0.00000000   3.50000000     0.0000000000
  0.10000000   3.50000000     6.9379066699
  0.20000000   3.50000000    13.8551459061
  0.30000000   3.50000000    20.7305814960
  0.40000000   3.50000000    27.5421617951
  0.50000000   3.50000000    34.2665195982
  0.60000000   3.50000000    40.8786471974
  0.70000000   3.50000000    47.3516808836
  0.80000000   3.50000000    53.6568349391
  0.90000000   3.50000000    59.7635293432
  1.00000000   3.50000000    65.6397554573
  1.10000000   3.50000000    71.2527167373
  1.20000000   3.50000000    76.5697638263
  1.30000000   3.50000000    81.5596129915
  1.40000000   3.50000000    86.1937941706
  1.50000000   3.50000000    90.4482246675
  1.60000000   3.50000000    94.3047569372
  1.70000000   3.50000000    97.7525182435
  1.80000000   3.50000000   100.7888603794
  1.90000000   3.50000000   103.4197764342
  2.00000000   3.50000000   105.6597138984
  2.10000000   3.50000000   107.5308024160
  2.20000000   3.50000000   109.0615978035
  2.30000000   3.50000000   110.2855017698
  2.40000000   3.50000000   111.2390383839
  2.50000000   3.50000000   111.9601547993
  2.60000000   3.50000000   112.4866754398
  2.70000000   3.50000000   112.8549898906
  2.80000000   3.50000000   113.0990075234
  2.90000000   3.50000000   113.2493742536
  3.00000000   3.50000000   113.3329217486
  3.10000000   3.50000000   113.3723062795
  3.20000000   3.50000000   113.3857907596
  3.30000000   3.50000000   113.3871263534
  3.40000000   3.50000000   113.3854967405
  3.50000000   3.50000000   113.3854967405

