  0.00000000   0.00000000     0.0000000000
  0.10000000   0.00000000     7.5728105446
  0.20000000   0.00000000    15.1247951578
  0.30000000   0.00000000    22.6347130055
  0.40000000   0.00000000    30.0805131972
  0.50000000   0.00000000    37.4389811762
  0.60000000   0.00000000    44.6854522938
  0.70000000   0.00000000    51.7936232302
  0.80000000   0.00000000    58.7354970932
  0.90000000   0.00000000    65.4815016906
  1.00000000   0.00000000    72.0008203378
  1.10000000   0.00000000    78.2619678014
  1.20000000   0.00000000    84.2336277273
  1.30000000   0.00000000    89.8857402239
  1.40000000   0.00000000    95.1907896877
  1.50000000   0.00000000   100.1251979997
  1.60000000   0.00000000   104.6706862858
  1.70000000   0.00000000   108.8154425384
  1.80000000   0.00000000   112.5549350799
  1.90000000   0.00000000   115.8922490637
  2.00000000   0.00000000   118.8378896246
  2.10000000   0.00000000   121.4090749615
  2.20000000   0.00000000   123.6286152127
  2.30000000   0.00000000   125.5235214195
  2.40000000   0.00000000   127.1235047339
  2.50000000   0.00000000   128.4595113124
  2.60000000   0.00000000   129.5624028479
  2.70000000   0.00000000   130.4618489552
  2.80000000   0.00000000   131.1854563232
  2.90000000   0.00000000   131.7581271983
  3.00000000   0.00000000   132.2016186376
  3.10000000   0.00000000   132.5342633053
  3.20000000   0.00000000   132.7708100771
  3.30000000   0.00000000   132.9223457190
  3.40000000   0.00000000   132.9962650954
  3.50000000   0.00000000   132.9962650954

  0.00000000   0.10000000     0.0000000000
  0.10000000   0.10000000     7.5728105446
  0.20000000   0.10000000    15.1247951578
  0.30000000   0.10000000    22.6347130055
  0.40000000   0.10000000    30.0805131972
  0.50000000   0.10000000    37.4389811762
  0.60000000   0.10000000    44.6854522938
  0.70000000   0.10000000    51.7936232302
  0.80000000   0.10000000    58.7354970932
  0.90000000   0.10000000    65.4815016906
  1.00000000   0.10000000    72.0008203378
  1.10000000   0.10000000    78.2619678014
  1.20000000   0.10000000    84.2336277273
  1.30000000   0.10000000    89.8857402239
  1.40000000   0.10000000    95.1907896877
  1.50000000   0.10000000   100.1251979997
  1.60000000   0.10000000   104.6706862858
  1.70000000   0.10000000   108.8154425384
  1.80000000   0.10000000   112.5549350799
  1.90000000   0.10000000   115.8922490637
  2.00000000   0.10000000   118.8378896246
  2.10000000   0.10000000   121.4090749615
  2.20000000   0.10000000   123.6286152127
  2.30000000   0.10000000   125.5235214195
  2.40000000   0.10000000   127.1235047339
  2.50000000   0.10000000   128.4595113124
  2.60000000   0.10000000   129.5624028479
  2.70000000   0.10000000   130.4618489552
  2.80000000   0.10000000   131.1854563232
  2.90000000   0.10000000   131.7581271983
  3.00000000   0.10000000   132.2016186376
  3.10000000   0.10000000   132.5342633053
  3.20000000   0.10000000   132.7708100771
  3.30000000   0.10000000   132.9223457190
  3.40000000   0.10000000   132.9962650954
  3.50000000   0.10000000   132.9962650954

  0.00000000   0.20000000     0.0000000000
  0.10000000   0.20000000     7.5955882902
  0.20000000   0.20000000    15.1707651874
  0.30000000   0.20000000    22.7046848125
  0.40000000   0.20000000    30.1756500025
  0.50000000   0.20000000    37.5607332071
  0.60000000   0.20000000    44.8354595132
  0.70000000   0.20000000    51.9735823165
  0.80000000   0.20000000    58.9469889572
  0.90000000   0.20000000    65.7257796005
  1.00000000   0.20000000    72.2785653336
  1.10000000   0.20000000    78.5730275632
  1.20000000   0.20000000    84.5767664688
  1.30000000   0.20000000    90.2584380972
  1.40000000   0.20000000    95.5891365655
  1.50000000   0.20000000   100.5439235101
  1.60000000   0.20000000   105.1033519753
  1.70000000   0.20000000   109.2547935259
  1.80000000   0.20000000   112.9933740986
  1.90000000   0.20000000   116.3223666401
  2.00000000   0.20000000   119.2529709512
  2.10000000   0.20000000   121.8035111077
  2.20000000   0.20000000   123.9981704594
  2.30000000   0.20000000   125.8654410233
  2.40000000   0.20000000   127.4364779371
  2.50000000   0.20000000   128.7435251249
  2.60000000   0.20000000   129.8185303149
  2.70000000   0.20000000   130.6920131425
  2.80000000   0.20000000   131.3922022784
  2.90000000   0.20000000   131.9444229130
  3.00000000   0.20000000   132.3706955779
  3.10000000   0.20000000   132.6894989287
  3.20000000   0.20000000   132.9156492686
  3.30000000   0.20000000   133.0602548943
  3.40000000   0.20000000   133.1307111980
  3.50000000   0.20000000   133.1307111980

  0.00000000   0.30000000     0.0000000000
  0.10000000   0.30000000     7.6407196810
  0.20000000   0.30000000    15.2618764690
  0.30000000   0.30000000    22.8434358815
  0.40000000   0.30000000    30.3644335660
  0.50000000   0.30000000    37.8025464128
  0.60000000   0.30000000    45.1337146441
  0.70000000   0.30000000    52.3318445079
  0.80000000   0.30000000    59.3686312186
  0.90000000   0.30000000    66.2135524592
  1.00000000   0.30000000    72.8340915896
  1.10000000   0.30000000    79.1962525499
  1.20000000   0.30000000    85.2654194591
  1.30000000   0.30000000    91.0075863370
  1.40000000   0.30000000    96.3909310314
  1.50000000   0.30000000   101.3876331242
  1.60000000   0.30000000   105.9757505375
  1.70000000   0.30000000   110.1409000278
  1.80000000   0.30000000   113.8774668971
  1.90000000   0.30000000   117.1891230617
  2.00000000   0.30000000   120.0885531744
  2.10000000   0.30000000   122.5964366006
  2.20000000   0.30000000   124.7398621892
  2.30000000   0.30000000   126.5504280744
  2.40000000   0.30000000   128.0622859763
  2.50000000   0.30000000   129.3103402793
  2.60000000   0.30000000   130.3287345403
  2.70000000   0.30000000   131.1496800260
  2.80000000   0.30000000   131.8026200300
  2.90000000   0.30000000   132.3136858122
  3.00000000   0.30000000   132.7053826910
  3.10000000   0.30000000   132.9964422721
  3.20000000   0.30000000   133.2017829776
  3.30000000   0.30000000   133.3325312322
  3.40000000   0.30000000   133.3960668596
  3.50000000   0.30000000   133.3960668596

  0.00000000   0.40000000     0.0000000000
  0.10000000   0.40000000     7.7073373036
  0.20000000   0.40000000    15.3964309510
  0.30000000   0.40000000    23.0485154648
  0.40000000   0.40000000    30.6437878782
  0.50000000   0.40000000    38.1609076459
  0.60000000   0.40000000    45.5765283153
  0.70000000   0.40000000    52.8648877221
  0.80000000   0.40000000    59.9974979958
  0.90000000   0.40000000    66.9429945565
  1.00000000   0.40000000    73.6672223825
  1.10000000   0.40000000    80.1336532541
  1.20000000   0.40000000    86.3042307799
  1.30000000   0.40000000    92.1407182354
  1.40000000   0.40000000    97.6065638721
  1.50000000   0.40000000   102.6691918748
  1.60000000   0.40000000   107.3024857454
  1.70000000   0.40000000   111.4890961161
  1.80000000   0.40000000   115.2221445686
  1.90000000   0.40000000   118.5059670517
  2.00000000   0.40000000   121.3557384023
  2.10000000   0.40000000   123.7960621939
  2.20000000   0.40000000   125.8588136042
  2.30000000   0.40000000   127.5806309413
  2.40000000   0.40000000   129.0004404048
  2.50000000   0.40000000   130.1572968255
  2.60000000   0.40000000   131.0886878829
  2.70000000   0.40000000   131.8293300236
  2.80000000   0.40000000   132.4104046782
  2.90000000   0.40000000   132.8591445429
  3.00000000   0.40000000   133.1986712566
  3.10000000   0.40000000   133.4479951179
  3.20000000   0.40000000   133.6221043929
  3.30000000   0.40000000   133.7320898717
  3.40000000   0.40000000   133.7852664346
  3.50000000   0.40000000   133.7852664346

  0.00000000   0.50000000     0.0000000000
  0.10000000   0.50000000     7.7940940803
  0.20000000   0.50000000    15.5717842042
  0.30000000   0.50000000    23.3160884062
  0.40000000   0.50000000    31.0088644286
  0.50000000   0.50000000    38.6302224339
  0.60000000   0.50000000    46.1579396764
  0.70000000   0.50000000    53.5668970673
  0.80000000   0.50000000    60.8285771874
  0.90000000   0.50000000    67.9106905708
  1.00000000   0.50000000    74.7770313144
  1.10000000   0.50000000    81.3876997410
  1.20000000   0.50000000    87.6998575556
  1.30000000   0.50000000    93.6691787030
  1.40000000   0.50000000    99.2520972454
  1.50000000   0.50000000   104.4088037671
  1.60000000   0.50000000   109.1067025855
  1.70000000   0.50000000   113.3237743292
  1.80000000   0.50000000   117.0511294283
  1.90000000   0.50000000   120.2941348165
  2.00000000   0.50000000   123.0718524843
  2.10000000   0.50000000   125.4149498320
  2.20000000   0.50000000   127.3625757382
  2.30000000   0.50000000   128.9588602583
  2.40000000   0.50000000   130.2496382406
  2.50000000   0.50000000   131.2797853202
  2.60000000   0.50000000   132.0913125685
  2.70000000   0.50000000   132.7221819455
  2.80000000   0.50000000   133.2057052061
  2.90000000   0.50000000   133.5703595709
  3.00000000   0.50000000   133.8398665920
  3.10000000   0.50000000   134.0334119504
  3.20000000   0.50000000   134.1659179611
  3.30000000   0.50000000   134.2483097761
  3.40000000   0.50000000   134.2877383237
  3.50000000   0.50000000   134.2877383237

  0.00000000   0.60000000     0.0000000000
  0.10000000   0.60000000     7.8991141902
  0.20000000   0.60000000    15.7842400777
  0.30000000   0.60000000    23.6407596532
  0.40000000   0.60000000    31.4527772490
  0.50000000   0.60000000    39.2024383069
  0.60000000   0.60000000    46.8692073318
  0.70000000   0.60000000    54.4291114779
  0.80000000   0.60000000    61.8539799357
  0.90000000   0.60000000    69.1107465938
  1.00000000   0.60000000    76.1609373398
  1.10000000   0.60000000    82.9605326675
  1.20000000   0.60000000    89.4604695496
  1.30000000   0.60000000    95.6080935620
  1.40000000   0.60000000   101.3498371089
  1.50000000   0.60000000   106.6352079879
  1.60000000   0.60000000   111.4217746126
  1.70000000   0.60000000   115.6802964504
  1.80000000   0.60000000   119.3987436460
  1.90000000   0.60000000   122.5840675114
  2.00000000   0.60000000   125.2612929078
  2.10000000   0.60000000   127.4702556244
  2.20000000   0.60000000   129.2608547876
  2.30000000   0.60000000   130.6879618796
  2.40000000   0.60000000   131.8069562791
  2.50000000   0.60000000   132.6704116166
  2.60000000   0.60000000   133.3260198212
  2.70000000   0.60000000   133.8155642627
  2.80000000   0.60000000   134.1746485578
  2.90000000   0.60000000   134.4328955137
  3.00000000   0.60000000   134.6143895930
  3.10000000   0.60000000   134.7382050697
  3.20000000   0.60000000   134.8189207402
  3.30000000   0.60000000   134.8670646995
  3.40000000   0.60000000   134.8894602832
  3.50000000   0.60000000   134.8894602832

  0.00000000   0.70000000     0.0000000000
  0.10000000   0.70000000     8.0199384576
  0.20000000   0.70000000    16.0289310164
  0.30000000   0.70000000    24.0153688503
  0.40000000   0.70000000    31.9662818569
  0.50000000   0.70000000    39.8665712635
  0.60000000   0.70000000    47.6981446718
  0.70000000   0.70000000    55.4389367670
  0.80000000   0.70000000    63.0618228767
  0.90000000   0.70000000    70.5334769026
  1.00000000   0.70000000    77.8132998509
  1.10000000   0.70000000    84.8526585268
  1.20000000   0.70000000    91.5948230511
  1.30000000   0.70000000    97.9761440289
  1.40000000   0.70000000   103.9290761148
  1.50000000   0.70000000   109.3874711780
  1.60000000   0.70000000   114.2939412904
  1.70000000   0.70000000   118.6080110854
  1.80000000   0.70000000   122.3127399520
  1.90000000   0.70000000   125.4175639151
  2.00000000   0.70000000   127.9567182840
  2.10000000   0.70000000   129.9839326446
  2.20000000   0.70000000   131.5649196309
  2.30000000   0.70000000   132.7697254742
  2.40000000   0.70000000   133.6665553266
  2.50000000   0.70000000   134.3177249038
  2.60000000   0.70000000   134.7776038330
  2.70000000   0.70000000   135.0920407396
  2.80000000   0.70000000   135.2987079208
  2.90000000   0.70000000   135.4279103403
  3.00000000   0.70000000   135.5035495310
  3.10000000   0.70000000   135.5440591615
  3.20000000   0.70000000   135.5632183265
  3.30000000   0.70000000   135.5708036834
  3.40000000   0.70000000   135.5730711892
  3.50000000   0.70000000   135.5730711892

  0.00000000   0.80000000     0.0000000000
  0.10000000   0.80000000     8.1534746791
  0.20000000   0.80000000    16.2997047164
  0.30000000   0.80000000    24.4307849839
  0.40000000   0.80000000    32.5374349987
  0.50000000   0.80000000    40.6081741530
  0.60000000   0.80000000    48.6283309273
  0.70000000   0.80000000    56.5788338730
  0.80000000   0.80000000    64.4347481936
  0.90000000   0.80000000    72.1635631159
  1.00000000   0.80000000    79.7233224746
  1.10000000   0.80000000    87.0608511549
  1.20000000   0.80000000    94.1105875591
  1.30000000   0.80000000   100.7948788762
  1.40000000   0.80000000   107.0269260322
  1.50000000   0.80000000   112.7175797476
  1.60000000   0.80000000   117.7863594466
  1.70000000   0.80000000   122.1749441634
  1.80000000   0.80000000   125.8586444835
  1.90000000   0.80000000   128.8509524874
  2.00000000   0.80000000   131.2006022271
  2.10000000   0.80000000   132.9827018380
  2.20000000   0.80000000   134.2863932345
  2.30000000   0.80000000   135.2030345154
  2.40000000   0.80000000   135.8176666451
  2.50000000   0.80000000   136.2043673613
  2.60000000   0.80000000   136.4247252774
  2.70000000   0.80000000   136.5282798076
  2.80000000   0.80000000   136.5539372002
  2.90000000   0.80000000   136.5316989207
  3.00000000   0.80000000   136.4843300147
  3.10000000   0.80000000   136.4287957505
  3.20000000   0.80000000   136.3774121119
  3.30000000   0.80000000   136.3387143198
  3.40000000   0.80000000   136.3180704475
  3.50000000   0.80000000   136.3180704475

  0.00000000   0.90000000     0.0000000000
  0.10000000   0.90000000     8.2959668921
  0.20000000   0.90000000    16.5890454721
  0.30000000   0.90000000    24.8757440064
  0.40000000   0.90000000    33.1512917207
  0.50000000   0.90000000    41.4088130615
  0.60000000   0.90000000    49.6382636250
  0.70000000   0.90000000    57.8250279900
  0.80000000   0.90000000    65.9480746107
  0.90000000   0.90000000    73.9775807711
  1.00000000   0.90000000    81.8720132148
  1.10000000   0.90000000    89.5748328119
  1.20000000   0.90000000    97.0113657178
  1.30000000   0.90000000   104.0870300412
  1.40000000   0.90000000   110.6890002197
  1.50000000   0.90000000   116.6941325780
  1.60000000   0.90000000   121.9853879199
  1.70000000   0.90000000   126.4751475550
  1.80000000   0.90000000   130.1264332023
  1.90000000   0.90000000   132.9597286685
  2.00000000   0.90000000   135.0471154074
  2.10000000   0.90000000   136.4973872062
  2.20000000   0.90000000   137.4348900742
  2.30000000   0.90000000   137.9807803855
  2.40000000   0.90000000   138.2415346024
  2.50000000   0.90000000   138.3044755199
  2.60000000   0.90000000   138.2379330064
  2.70000000   0.90000000   138.0936889141
  2.80000000   0.90000000   137.9101280370
  2.90000000   0.90000000   137.7152577753
  3.00000000   0.90000000   137.5292521057
  3.10000000   0.90000000   137.3664432172
  3.20000000   0.90000000   137.2368045949
  3.30000000   0.90000000   137.1470085324
  3.40000000   0.90000000   137.1011410686
  3.50000000   0.90000000   137.1011410686

  0.00000000   1.00000000     0.0000000000
  0.10000000   1.00000000     8.4430007706
  0.20000000   1.00000000    16.8880660180
  0.30000000   1.00000000    25.3367862788
  0.40000000   1.00000000    33.7897199444
  0.50000000   1.00000000    42.2456550484
  0.60000000   1.00000000    50.7005720314
  0.70000000   1.00000000    59.1461537182
  0.80000000   1.00000000    67.5676461116
  0.90000000   1.00000000    75.9408360640
  1.00000000   1.00000000    84.2279145258
  1.10000000   1.00000000    92.3721180753
  1.20000000   1.00000000   100.2914508872
  1.30000000   1.00000000   107.8727614968
  1.40000000   1.00000000   114.9693032395
  1.50000000   1.00000000   121.4075519643
  1.60000000   1.00000000   127.0106319101
  1.70000000   1.00000000   131.6404396753
  1.80000000   1.00000000   135.2409061103
  1.90000000   1.00000000   137.8453711574
  2.00000000   1.00000000   139.5641259309
  2.10000000   1.00000000   140.5607658288
  2.20000000   1.00000000   141.0135257004
  2.30000000   1.00000000   141.0847898076
  2.40000000   1.00000000   140.9068865721
  2.50000000   1.00000000   140.5801727964
  2.60000000   1.00000000   140.1772324671
  2.70000000   1.00000000   139.7489044331
  2.80000000   1.00000000   139.3300046753
  2.90000000   1.00000000   138.9439805641
  3.00000000   1.00000000   138.6064060915
  3.10000000   1.00000000   138.3274839146
  3.20000000   1.00000000   138.1137774387
  3.30000000   1.00000000   137.9693738809
  3.40000000   1.00000000   137.8966335092
  3.50000000   1.00000000   137.8966335092

  0.00000000   1.10000000     0.0000000000
  0.10000000   1.10000000     8.5895640840
  0.20000000   1.10000000    17.1866106773
  0.30000000   1.10000000    25.7983622746
  0.40000000   1.10000000    34.4314365084
  0.50000000   1.10000000    43.0913147316
  0.60000000   1.10000000    51.7814857226
  0.70000000   1.10000000    60.5020646712
  0.80000000   1.10000000    69.2475944655
  0.90000000   1.10000000    78.0036082980
  1.00000000   1.10000000    86.7413840817
  1.10000000   1.10000000    95.4102223350
  1.20000000   1.10000000   103.9267466320
  1.30000000   1.10000000   112.1617037414
  1.40000000   1.10000000   119.9276481110
  1.50000000   1.10000000   126.9773004071
  1.60000000   1.10000000   133.0318821146
  1.70000000   1.10000000   137.8595971465
  1.80000000   1.10000000   141.3779464893
  1.90000000   1.10000000   143.6455912432
  2.00000000   1.10000000   144.8346503832
  2.10000000   1.10000000   145.2021227360
  2.20000000   1.10000000   145.0105414618
  2.30000000   1.10000000   144.4776429376
  2.40000000   1.10000000   143.7634518155
  2.50000000   1.10000000   142.9771015035
  2.60000000   1.10000000   142.1893563366
  2.70000000   1.10000000   141.4443543721
  2.80000000   1.10000000   140.7686613786
  2.90000000   1.10000000   140.1776487794
  3.00000000   1.10000000   139.6797728099
  3.10000000   1.10000000   139.2793626408
  3.20000000   1.10000000   138.9783997524
  3.30000000   1.10000000   138.7776308361
  3.40000000   1.10000000   138.6772425444
  3.50000000   1.10000000   138.6772425444

  0.00000000   1.20000000     0.0000000000
  0.10000000   1.20000000     8.7301799482
  0.20000000   1.20000000    17.4735098888
  0.30000000   1.20000000    26.2431786700
  0.40000000   1.20000000    35.0523843799
  0.50000000   1.20000000    43.9141482170
  0.60000000   1.20000000    52.8408392582
  0.70000000   1.20000000    61.8431958518
  0.80000000   1.20000000    70.9284890333
  0.90000000   1.20000000    80.0972405654
  1.00000000   1.20000000    89.3375383703
  1.10000000   1.20000000    98.6154538977
  1.20000000   1.20000000   107.8594470862
  1.30000000   1.20000000   116.9365093371
  1.40000000   1.20000000   125.6201868218
  1.50000000   1.20000000   133.5611806242
  1.60000000   1.20000000   140.3004155179
  1.70000000   1.20000000   145.4101769470
  1.80000000   1.20000000   148.7897354916
  1.90000000   1.20000000   150.5507968958
  2.00000000   1.20000000   150.9558503818
  2.10000000   1.20000000   150.4345453876
  2.20000000   1.20000000   149.3839237994
  2.30000000   1.20000000   148.0898780931
  2.40000000   1.20000000   146.7332199209
  2.50000000   1.20000000   145.4192709398
  2.60000000   1.20000000   144.2051852461
  2.70000000   1.20000000   143.1193119372
  2.80000000   1.20000000   142.1735640999
  2.90000000   1.20000000   141.3709402810
  3.00000000   1.20000000   140.7099778331
  3.10000000   1.20000000   140.1873435228
  3.20000000   1.20000000   139.7993170763
  3.30000000   1.20000000   139.5426250652
  3.40000000   1.20000000   139.4148963944
  3.50000000   1.20000000   139.4148963944

  0.00000000   1.30000000     0.0000000000
  0.10000000   1.30000000     8.8591247857
  0.20000000   1.30000000    17.7370157007
  0.30000000   1.30000000    26.6528450946
  0.40000000   1.30000000    35.6265652344
  0.50000000   1.30000000    44.6792001362
  0.60000000   1.30000000    53.8329658249
  0.70000000   1.30000000    63.1110490356
  0.80000000   1.30000000    72.5367206729
  0.90000000   1.30000000    82.1311674227
  1.00000000   1.30000000    91.9088651962
  1.10000000   1.30000000   101.8682529025
  1.20000000   1.30000000   111.9734957361
  1.30000000   1.30000000   122.1198352948
  1.40000000   1.30000000   132.0712646756
  1.50000000   1.30000000   141.3634890728
  1.60000000   1.30000000   149.2161328907
  1.70000000   1.30000000   154.7100895643
  1.80000000   1.30000000   157.8410529627
  1.90000000   1.30000000   158.8354760731
  2.00000000   1.30000000   158.0298050397
  2.10000000   1.30000000   156.2259341922
  2.20000000   1.30000000   154.0337636612
  2.30000000   1.30000000   151.8011206522
  2.40000000   1.30000000   149.6999070860
  2.50000000   1.30000000   147.8042411741
  2.60000000   1.30000000   146.1382597382
  2.70000000   1.30000000   144.7021252253
  2.80000000   1.30000000   143.4855576786
  2.90000000   1.30000000   142.4747166398
  3.00000000   1.30000000   141.6556210717
  3.10000000   1.30000000   141.0157854655
  3.20000000   1.30000000   140.5449493979
  3.30000000   1.30000000   140.2353607045
  3.40000000   1.30000000   140.0818544656
  3.50000000   1.30000000   140.0818544656

  0.00000000   1.40000000     0.0000000000
  0.10000000   1.40000000     8.9707313332
  0.20000000   1.40000000    17.9654243382
  0.30000000   1.40000000    27.0088467062
  0.40000000   1.40000000    36.1273984255
  0.50000000   1.40000000    45.3499712168
  0.60000000   1.40000000    54.7088342624
  0.70000000   1.40000000    64.2404939647
  0.80000000   1.40000000    73.9863742932
  0.90000000   1.40000000    83.9929388395
  1.00000000   1.40000000    94.3103649364
  1.10000000   1.40000000   104.9876869657
  1.20000000   1.40000000   116.0594251909
  1.30000000   1.40000000   127.5114135592
  1.40000000   1.40000000   139.1951820965
  1.50000000   1.40000000   150.6193435407
  1.60000000   1.40000000   160.5050736677
  1.70000000   1.40000000   166.3886195323
  1.80000000   1.40000000   169.0462896346
  1.90000000   1.40000000   168.9401651779
  2.00000000   1.40000000   166.1252062495
  2.10000000   1.40000000   162.4326286464
  2.20000000   1.40000000   158.7549480626
  2.30000000   1.40000000   155.4155776332
  2.40000000   1.40000000   152.4992556958
  2.50000000   1.40000000   150.0010345647
  2.60000000   1.40000000   147.8859948589
  2.70000000   1.40000000   146.1125632863
  2.80000000   1.40000000   144.6413754846
  2.90000000   1.40000000   143.4383265630
  3.00000000   1.40000000   142.4752775476
  3.10000000   1.40000000   141.7298587821
  3.20000000   1.40000000   141.1849848823
  3.30000000   1.40000000   140.8283448044
  3.40000000   1.40000000   140.6519775896
  3.50000000   1.40000000   140.6519775896

  0.00000000   1.50000000     0.0000000000
  0.10000000   1.50000000     9.0597600349
  0.20000000   1.50000000    18.1478551662
  0.30000000   1.50000000    27.2938058464
  0.40000000   1.50000000    36.5295836333
  0.50000000   1.50000000    45.8910448724
  0.60000000   1.50000000    55.4196339261
  0.70000000   1.50000000    65.1644771971
  0.80000000   1.50000000    75.1850090420
  0.90000000   1.50000000    85.5542738215
  1.00000000   1.50000000    96.3629837926
  1.10000000   1.50000000   107.7241166012
  1.20000000   1.50000000   119.7766990832
  1.30000000   1.50000000   132.6827646485
  1.40000000   1.50000000   146.5900126233
  1.50000000   1.50000000   161.4245799565
  1.60000000   1.50000000   175.8069698729
  1.70000000   1.50000000   181.3043970886
  1.80000000   1.50000000   183.0281770544
  1.90000000   1.50000000   181.7691594823
  2.00000000   1.50000000   175.1177770999
  2.10000000   1.50000000   168.6485444498
  2.20000000   1.50000000   163.1664705573
  2.30000000   1.50000000   158.6399095772
  2.40000000   1.50000000   154.9173661460
  2.50000000   1.50000000   151.8550855818
  2.60000000   1.50000000   149.3357687485
  2.70000000   1.50000000   147.2672454630
  2.80000000   1.50000000   145.5780201421
  2.90000000   1.50000000   144.2130207072
  3.00000000   1.50000000   143.1301498228
  3.10000000   1.50000000   142.2976408850
  3.20000000   1.50000000   141.6920949215
  3.30000000   1.50000000   141.2970671593
  3.40000000   1.50000000   141.1020958766
  3.50000000   1.50000000   141.1020958766

  0.00000000   1.60000000     0.0000000000
  0.10000000   1.60000000     9.1218025131
  0.20000000   1.60000000    18.2751106543
  0.30000000   1.60000000    27.4929140378
  0.40000000   1.60000000    36.8113036104
  0.50000000   1.60000000    46.2713775824
  0.60000000   1.60000000    55.9216404530
  0.70000000   1.60000000    65.8211896329
  0.80000000   1.60000000    76.0441419552
  0.90000000   1.60000000    86.6860350905
  1.00000000   1.60000000    97.8734842714
  1.10000000   1.60000000   109.7795858067
  1.20000000   1.60000000   122.6508669844
  1.30000000   1.60000000   136.8628438594
  1.40000000   1.60000000   153.0665521751
  1.50000000   1.60000000   172.6896980472
  1.60000000   1.60000000   200.0000000000
  1.70000000   1.60000000   200.0000000000
  1.80000000   1.60000000   200.0000000000
  1.90000000   1.60000000   200.0000000000
  2.00000000   1.60000000   183.9434669627
  2.10000000   1.60000000   173.8984473189
  2.20000000   1.60000000   166.6490137809
  2.30000000   1.60000000   161.0915958680
  2.40000000   1.60000000   156.7109055499
  2.50000000   1.60000000   153.2057065808
  2.60000000   1.60000000   150.3776806157
  2.70000000   1.60000000   148.0885408381
  2.80000000   1.60000000   146.2389305045
  2.90000000   1.60000000   144.7562726570
  3.00000000   1.60000000   143.5871650926
  3.10000000   1.60000000   142.6924138631
  3.20000000   1.60000000   142.0437241876
  3.30000000   1.60000000   141.6214915000
  3.40000000   1.60000000   141.4133614848
  3.50000000   1.60000000   141.4133614848

  0.00000000   1.70000000     0.0000000000
  0.10000000   1.70000000     9.1536639593
  0.20000000   1.70000000    18.3405015197
  0.30000000   1.70000000    27.5953351396
  0.40000000   1.70000000    36.9564494190
  0.50000000   1.70000000    46.4677642565
  0.60000000   1.70000000    56.1816345196
  0.70000000   1.70000000    66.1626761187
  0.80000000   1.70000000    76.4932569097
  0.90000000   1.70000000    87.2817153598
  1.00000000   1.70000000    98.6751220737
  1.10000000   1.70000000   110.8796856954
  1.20000000   1.70000000   124.1938004482
  1.30000000   1.70000000   139.0598249091
  1.40000000   1.70000000   156.1308010148
  1.50000000   1.70000000   176.2722877020
  1.60000000   1.70000000   200.0000000000
  1.70000000   1.70000000   200.0000000000
  1.80000000   1.70000000   200.0000000000
  1.90000000   1.70000000   200.0000000000
  2.00000000   1.70000000   186.7684626843
  2.10000000   1.70000000   176.3713192497
  2.20000000   1.70000000   168.4643752532
  2.30000000   1.70000000   162.3967339442
  2.40000000   1.70000000   157.6637714205
  2.50000000   1.70000000   153.9180263154
  2.60000000   1.70000000   150.9231226604
  2.70000000   1.70000000   148.5158073360
  2.80000000   1.70000000   146.5810453175
  2.90000000   1.70000000   145.0363817741
  3.00000000   1.70000000   143.8220909930
  3.10000000   1.70000000   142.8948707683
  3.20000000   1.70000000   142.2237460931
  3.30000000   1.70000000   141.7873968253
  3.40000000   1.70000000   141.5724471657
  3.50000000   1.70000000   141.5724471657

  0.00000000   1.80000000     0.0000000000
  0.10000000   1.80000000     9.1536639593
  0.20000000   1.80000000    18.3405015197
  0.30000000   1.80000000    27.5953351396
  0.40000000   1.80000000    36.9564494190
  0.50000000   1.80000000    46.4677642565
  0.60000000   1.80000000    56.1816345196
  0.70000000   1.80000000    66.1626761187
  0.80000000   1.80000000    76.4932569097
  0.90000000   1.80000000    87.2817153598
  1.00000000   1.80000000    98.6751220737
  1.10000000   1.80000000   110.8796856954
  1.20000000   1.80000000   124.1938004482
  1.30000000   1.80000000   139.0598249091
  1.40000000   1.80000000   156.1308010148
  1.50000000   1.80000000   176.2722877020
  1.60000000   1.80000000   200.0000000000
  1.70000000   1.80000000   200.0000000000
  1.80000000   1.80000000   200.0000000000
  1.90000000   1.80000000   200.0000000000
  2.00000000   1.80000000   186.7684626843
  2.10000000   1.80000000   176.3713192497
  2.20000000   1.80000000   168.4643752532
  2.30000000   1.80000000   162.3967339442
  2.40000000   1.80000000   157.6637714205
  2.50000000   1.80000000   153.9180263154
  2.60000000   1.80000000   150.9231226604
  2.70000000   1.80000000   148.5158073360
  2.80000000   1.80000000   146.5810453175
  2.90000000   1.80000000   145.0363817741
  3.00000000   1.80000000   143.8220909930
  3.10000000   1.80000000   142.8948707683
  3.20000000   1.80000000   142.2237460931
  3.30000000   1.80000000   141.7873968253
  3.40000000   1.80000000   141.5724471657
  3.50000000   1.80000000   141.5724471657

  0.00000000   1.90000000     0.0000000000
  0.10000000   1.90000000     9.1218025131
  0.20000000   1.90000000    18.2751106543
  0.30000000   1.90000000    27.4929140378
  0.40000000   1.90000000    36.8113036104
  0.50000000   1.90000000    46.2713775824
  0.60000000   1.90000000    55.9216404530
  0.70000000   1.90000000    65.8211896329
  0.80000000   1.90000000    76.0441419552
  0.90000000   1.90000000    86.6860350905
  1.00000000   1.90000000    97.8734842714
  1.10000000   1.90000000   109.7795858067
  1.20000000   1.90000000   122.6508669844
  1.30000000   1.90000000   136.8628438594
  1.40000000   1.90000000   153.0665521751
  1.50000000   1.90000000   172.6896980472
  1.60000000   1.90000000   200.0000000000
  1.70000000   1.90000000   200.0000000000
  1.80000000   1.90000000   200.0000000000
  1.90000000   1.90000000   200.0000000000
  2.00000000   1.90000000   183.9434669627
  2.10000000   1.90000000   173.8984473189
  2.20000000   1.90000000   166.6490137809
  2.30000000   1.90000000   161.0915958680
  2.40000000   1.90000000   156.7109055499
  2.50000000   1.90000000   153.2057065808
  2.60000000   1.90000000   150.3776806157
  2.70000000   1.90000000   148.0885408381
  2.80000000   1.90000000   146.2389305045
  2.90000000   1.90000000   144.7562726570
  3.00000000   1.90000000   143.5871650926
  3.10000000   1.90000000   142.6924138631
  3.20000000   1.90000000   142.0437241876
  3.30000000   1.90000000   141.6214915000
  3.40000000   1.90000000   141.4133614848
  3.50000000   1.90000000   141.4133614848

  0.00000000   2.00000000     0.0000000000
  0.10000000   2.00000000     9.0597600349
  0.20000000   2.00000000    18.1478551662
  0.30000000   2.00000000    27.2938058464
  0.40000000   2.00000000    36.5295836333
  0.50000000   2.00000000    45.8910448724
  0.60000000   2.00000000    55.4196339261
  0.70000000   2.00000000    65.1644771971
  0.80000000   2.00000000    75.1850090420
  0.90000000   2.00000000    85.5542738215
  1.00000000   2.00000000    96.3629837926
  1.10000000   2.00000000   107.7241166012
  1.20000000   2.00000000   119.7766990832
  1.30000000   2.00000000   132.6827646485
  1.40000000   2.00000000   146.5900126233
  1.50000000   2.00000000   161.4245799565
  1.60000000   2.00000000   175.8069698729
  1.70000000   2.00000000   181.3043970886
  1.80000000   2.00000000   183.0281770544
  1.90000000   2.00000000   181.7691594823
  2.00000000   2.00000000   175.1177770999
  2.10000000   2.00000000   168.6485444498
  2.20000000   2.00000000   163.1664705573
  2.30000000   2.00000000   158.6399095772
  2.40000000   2.00000000   154.9173661460
  2.50000000   2.00000000   151.8550855818
  2.60000000   2.00000000   149.3357687485
  2.70000000   2.00000000   147.2672454630
  2.80000000   2.00000000   145.5780201421
  2.90000000   2.00000000   144.2130207072
  3.00000000   2.00000000   143.1301498228
  3.10000000   2.00000000   142.2976408850
  3.20000000   2.00000000   141.6920949215
  3.30000000   2.00000000   141.2970671593
  3.40000000   2.00000000   141.1020958766
  3.50000000   2.00000000   141.1020958766

  0.00000000   2.10000000     0.0000000000
  0.10000000   2.10000000     8.9707313332
  0.20000000   2.10000000    17.9654243382
  0.30000000   2.10000000    27.0088467062
  0.40000000   2.10000000    36.1273984255
  0.50000000   2.10000000    45.3499712168
  0.60000000   2.10000000    54.7088342624
  0.70000000   2.10000000    64.2404939647
  0.80000000   2.10000000    73.9863742932
  0.90000000   2.10000000    83.9929388395
  1.00000000   2.10000000    94.3103649364
  1.10000000   2.10000000   104.9876869657
  1.20000000   2.10000000   116.0594251909
  1.30000000   2.10000000   127.5114135592
  1.40000000   2.10000000   139.1951820965
  1.50000000   2.10000000   150.6193435407
  1.60000000   2.10000000   160.5050736677
  1.70000000   2.10000000   166.3886195323
  1.80000000   2.10000000   169.0462896346
  1.90000000   2.10000000   168.9401651779
  2.00000000   2.10000000   166.1252062495
  2.10000000   2.10000000   162.4326286464
  2.20000000   2.10000000   158.7549480626
  2.30000000   2.10000000   155.4155776332
  2.40000000   2.10000000   152.4992556958
  2.50000000   2.10000000   150.0010345647
  2.60000000   2.10000000   147.8859948589
  2.70000000   2.10000000   146.1125632863
  2.80000000   2.10000000   144.6413754846
  2.90000000   2.10000000   143.4383265630
  3.00000000   2.10000000   142.4752775476
  3.10000000   2.10000000   141.7298587821
  3.20000000   2.10000000   141.1849848823
  3.30000000   2.10000000   140.8283448044
  3.40000000   2.10000000   140.6519775896
  3.50000000   2.10000000   140.6519775896

  0.00000000   2.20000000     0.0000000000
  0.10000000   2.20000000     8.8591247857
  0.20000000   2.20000000    17.7370157007
  0.30000000   2.20000000    26.6528450946
  0.40000000   2.20000000    35.6265652344
  0.50000000   2.20000000    44.6792001362
  0.60000000   2.20000000    53.8329658249
  0.70000000   2.20000000    63.1110490356
  0.80000000   2.20000000    72.5367206729
  0.90000000   2.20000000    82.1311674227
  1.00000000   2.20000000    91.9088651962
  1.10000000   2.20000000   101.8682529025
  1.20000000   2.20000000   111.9734957361
  1.30000000   2.20000000   122.1198352948
  1.40000000   2.20000000   132.0712646756
  1.50000000   2.20000000   141.3634890728
  1.60000000   2.20000000   149.2161328907
  1.70000000   2.20000000   154.7100895643
  1.80000000   2.20000000   157.8410529627
  1.90000000   2.20000000   158.8354760731
  2.00000000   2.20000000   158.0298050397
  2.10000000   2.20000000   156.2259341922
  2.20000000   2.20000000   154.0337636612
  2.30000000   2.20000000   151.8011206522
  2.40000000   2.20000000   149.6999070860
  2.50000000   2.20000000   147.8042411741
  2.60000000   2.20000000   146.1382597382
  2.70000000   2.20000000   144.7021252253
  2.80000000   2.20000000   143.4855576786
  2.90000000   2.20000000   142.4747166398
  3.00000000   2.20000000   141.6556210717
  3.10000000   2.20000000   141.0157854655
  3.20000000   2.20000000   140.5449493979
  3.30000000   2.20000000   140.2353607045
  3.40000000   2.20000000   140.0818544656
  3.50000000   2.20000000   140.0818544656

  0.00000000   2.30000000     0.0000000000
  0.10000000   2.30000000     8.7301799482
  0.20000000   2.30000000    17.4735098888
  0.30000000   2.30000000    26.2431786700
  0.40000000   2.30000000    35.0523843799
  0.50000000   2.30000000    43.9141482170
  0.60000000   2.30000000    52.8408392582
  0.70000000   2.30000000    61.8431958518
  0.80000000   2.30000000    70.9284890333
  0.90000000   2.30000000    80.0972405654
  1.00000000   2.30000000    89.3375383703
  1.10000000   2.30000000    98.6154538977
  1.20000000   2.30000000   107.8594470862
  1.30000000   2.30000000   116.9365093371
  1.40000000   2.30000000   125.6201868218
  1.50000000   2.30000000   133.5611806242
  1.60000000   2.30000000   140.3004155179
  1.70000000   2.30000000   145.4101769470
  1.80000000   2.30000000   148.7897354916
  1.90000000   2.30000000   150.5507968958
  2.00000000   2.30000000   150.9558503818
  2.10000000   2.30000000   150.4345453876
  2.20000000   2.30000000   149.3839237994
  2.30000000   2.30000000   148.0898780931
  2.40000000   2.30000000   146.7332199209
  2.50000000   2.30000000   145.4192709398
  2.60000000   2.30000000   144.2051852461
  2.70000000   2.30000000   143.1193119372
  2.80000000   2.30000000   142.1735640999
  2.90000000   2.30000000   141.3709402810
  3.00000000   2.30000000   140.7099778331
  3.10000000   2.30000000   140.1873435228
  3.20000000   2.30000000   139.7993170763
  3.30000000   2.30000000   139.5426250652
  3.40000000   2.30000000   139.4148963944
  3.50000000   2.30000000   139.4148963944

  0.00000000   2.40000000     0.0000000000
  0.10000000   2.40000000     8.5895640840
  0.20000000   2.40000000    17.1866106773
  0.30000000   2.40000000    25.7983622746
  0.40000000   2.40000000    34.4314365084
  0.50000000   2.40000000    43.0913147316
  0.60000000   2.40000000    51.7814857226
  0.70000000   2.40000000    60.5020646712
  0.80000000   2.40000000    69.2475944655
  0.90000000   2.40000000    78.0036082980
  1.00000000   2.40000000    86.7413840817
  1.10000000   2.40000000    95.4102223350
  1.20000000   2.40000000   103.9267466320
  1.30000000   2.40000000   112.1617037414
  1.40000000   2.40000000   119.9276481110
  1.50000000   2.40000000   126.9773004071
  1.60000000   2.40000000   133.0318821146
  1.70000000   2.40000000   137.8595971465
  1.80000000   2.40000000   141.3779464893
  1.90000000   2.40000000   143.6455912432
  2.00000000   2.40000000   144.8346503832
  2.10000000   2.40000000   145.2021227360
  2.20000000   2.40000000   145.0105414618
  2.30000000   2.40000000   144.4776429376
  2.40000000   2.40000000   143.7634518155
  2.50000000   2.40000000   142.9771015035
  2.60000000   2.40000000   142.1893563366
  2.70000000   2.40000000   141.4443543721
  2.80000000   2.40000000   140.7686613786
  2.90000000   2.40000000   140.1776487794
  3.00000000   2.40000000   139.6797728099
  3.10000000   2.40000000   139.2793626408
  3.20000000   2.40000000   138.9783997524
  3.30000000   2.40000000   138.7776308361
  3.40000000   2.40000000   138.6772425444
  3.50000000   2.40000000   138.6772425444

  0.00000000   2.50000000     0.0000000000
  0.10000000   2.50000000     8.4430007706
  0.20000000   2.50000000    16.8880660180
  0.30000000   2.50000000    25.3367862788
  0.40000000   2.50000000    33.7897199444
  0.50000000   2.50000000    42.2456550484
  0.60000000   2.50000000    50.7005720314
  0.70000000   2.50000000    59.1461537182
  0.80000000   2.50000000    67.5676461116
  0.90000000   2.50000000    75.9408360640
  1.00000000   2.50000000    84.2279145258
  1.10000000   2.50000000    92.3721180753
  1.20000000   2.50000000   100.2914508872
  1.30000000   2.50000000   107.8727614968
  1.40000000   2.50000000   114.9693032395
  1.50000000   2.50000000   121.4075519643
  1.60000000   2.50000000   127.0106319101
  1.70000000   2.50000000   131.6404396753
  1.80000000   2.50000000   135.2409061103
  1.90000000   2.50000000   137.8453711574
  2.00000000   2.50000000   139.5641259309
  2.10000000   2.50000000   140.5607658288
  2.20000000   2.50000000   141.0135257004
  2.30000000   2.50000000   141.0847898076
  2.40000000   2.50000000   140.9068865721
  2.50000000   2.50000000   140.5801727964
  2.60000000   2.50000000   140.1772324671
  2.70000000   2.50000000   139.7489044331
  2.80000000   2.50000000   139.3300046753
  2.90000000   2.50000000   138.9439805641
  3.00000000   2.50000000   138.6064060915
  3.10000000   2.50000000   138.3274839146
  3.20000000   2.50000000   138.1137774387
  3.30000000   2.50000000   137.9693738809
  3.40000000   2.50000000   137.8966335092
  3.50000000   2.50000000   137.8966335092

  0.00000000   2.60000000     0.0000000000
  0.10000000   2.60000000     8.2959668921
  0.20000000   2.60000000    16.5890454721
  0.30000000   2.60000000    24.8757440064
  0.40000000   2.60000000    33.1512917207
  0.50000000   2.60000000    41.4088130615
  0.60000000   2.60000000    49.6382636250
  0.70000000   2.60000000    57.8250279900
  0.80000000   2.60000000    65.9480746107
  0.90000000   2.60000000    73.9775807711
  1.00000000   2.60000000    81.8720132148
  1.10000000   2.60000000    89.5748328119
  1.20000000   2.60000000    97.0113657178
  1.30000000   2.60000000   104.0870300412
  1.40000000   2.60000000   110.6890002197
  1.50000000   2.60000000   116.6941325780
  1.60000000   2.60000000   121.9853879199
  1.70000000   2.60000000   126.4751475550
  1.80000000   2.60000000   130.1264332023
  1.90000000   2.60000000   132.9597286685
  2.00000000   2.60000000   135.0471154074
  2.10000000   2.60000000   136.4973872062
  2.20000000   2.60000000   137.4348900742
  2.30000000   2.60000000   137.9807803855
  2.40000000   2.60000000   138.2415346024
  2.50000000   2.60000000   138.3044755199
  2.60000000   2.60000000   138.2379330064
  2.70000000   2.60000000   138.0936889141
  2.80000000   2.60000000   137.9101280370
  2.90000000   2.60000000   137.7152577753
  3.00000000   2.60000000   137.5292521057
  3.10000000   2.60000000   137.3664432172
  3.20000000   2.60000000   137.2368045949
  3.30000000   2.60000000   137.1470085324
  3.40000000   2.60000000   137.1011410686
  3.50000000   2.60000000   137.1011410686

  0.00000000   2.70000000     0.0000000000
  0.10000000   2.70000000     8.1534746791
  0.20000000   2.70000000    16.2997047164
  0.30000000   2.70000000    24.4307849839
  0.40000000   2.70000000    32.5374349987
  0.50000000   2.70000000    40.6081741530
  0.60000000   2.70000000    48.6283309273
  0.70000000   2.70000000    56.5788338730
  0.80000000   2.70000000    64.4347481936
  0.90000000   2.70000000    72.1635631159
  1.00000000   2.70000000    79.7233224746
  1.10000000   2.70000000    87.0608511549
  1.20000000   2.70000000    94.1105875591
  1.30000000   2.70000000   100.7948788762
  1.40000000   2.70000000   107.0269260322
  1.50000000   2.70000000   112.7175797476
  1.60000000   2.70000000   117.7863594466
  1.70000000   2.70000000   122.1749441634
  1.80000000   2.70000000   125.8586444835
  1.90000000   2.70000000   128.8509524874
  2.00000000   2.70000000   131.2006022271
  2.10000000   2.70000000   132.9827018380
  2.20000000   2.70000000   134.2863932345
  2.30000000   2.70000000   135.2030345154
  2.40000000   2.70000000   135.8176666451
  2.50000000   2.70000000   136.2043673613
  2.60000000   2.70000000   136.4247252774
  2.70000000   2.70000000   136.5282798076
  2.80000000   2.70000000   136.5539372002
  2.90000000   2.70000000   136.5316989207
  3.00000000   2.70000000   136.4843300147
  3.10000000   2.70000000   136.4287957505
  3.20000000   2.70000000   136.3774121119
  3.30000000   2.70000000   136.3387143198
  3.40000000   2.70000000   136.3180704475
  3.50000000   2.70000000   136.3180704475

  0.00000000   2.80000000     0.0000000000
  0.10000000   2.80000000     8.0199384576
  0.20000000   2.80000000    16.0289310164
  0.30000000   2.80000000    24.0153688503
  0.40000000   2.80000000    31.9662818569
  0.50000000   2.80000000    39.8665712635
  0.60000000   2.80000000    47.6981446718
  0.70000000   2.80000000    55.4389367670
  0.80000000   2.80000000    63.0618228767
  0.90000000   2.80000000    70.5334769026
  1.00000000   2.80000000    77.8132998509
  1.10000000   2.80000000    84.8526585268
  1.20000000   2.80000000    91.5948230511
  1.30000000   2.80000000    97.9761440289
  1.40000000   2.80000000   103.9290761148
  1.50000000   2.80000000   109.3874711780
  1.60000000   2.80000000   114.2939412904
  1.70000000   2.80000000   118.6080110854
  1.80000000   2.80000000   122.3127399520
  1.90000000   2.80000000   125.4175639151
  2.00000000   2.80000000   127.9567182840
  2.10000000   2.80000000   129.9839326446
  2.20000000   2.80000000   131.5649196309
  2.30000000   2.80000000   132.7697254742
  2.40000000   2.80000000   133.6665553266
  2.50000000   2.80000000   134.3177249038
  2.60000000   2.80000000   134.7776038330
  2.70000000   2.80000000   135.0920407396
  2.80000000   2.80000000   135.2987079208
  2.90000000   2.80000000   135.4279103403
  3.00000000   2.80000000   135.5035495310
  3.10000000   2.80000000   135.5440591615
  3.20000000   2.80000000   135.5632183265
  3.30000000   2.80000000   135.5708036834
  3.40000000   2.80000000   135.5730711892
  3.50000000   2.80000000   135.5730711892

  0.00000000   2.90000000     0.0000000000
  0.10000000   2.90000000     7.8991141902
  0.20000000   2.90000000    15.7842400777
  0.30000000   2.90000000    23.6407596532
  0.40000000   2.90000000    31.4527772490
  0.50000000   2.90000000    39.2024383069
  0.60000000   2.90000000    46.8692073318
  0.70000000   2.90000000    54.4291114779
  0.80000000   2.90000000    61.8539799357
  0.90000000   2.90000000    69.1107465938
  1.00000000   2.90000000    76.1609373398
  1.10000000   2.90000000    82.9605326675
  1.20000000   2.90000000    89.4604695496
  1.30000000   2.90000000    95.6080935620
  1.40000000   2.90000000   101.3498371089
  1.50000000   2.90000000   106.6352079879
  1.60000000   2.90000000   111.4217746126
  1.70000000   2.90000000   115.6802964504
  1.80000000   2.90000000   119.3987436460
  1.90000000   2.90000000   122.5840675114
  2.00000000   2.90000000   125.2612929078
  2.10000000   2.90000000   127.4702556244
  2.20000000   2.90000000   129.2608547876
  2.30000000   2.90000000   130.6879618796
  2.40000000   2.90000000   131.8069562791
  2.50000000   2.90000000   132.6704116166
  2.60000000   2.90000000   133.3260198212
  2.70000000   2.90000000   133.8155642627
  2.80000000   2.90000000   134.1746485578
  2.90000000   2.90000000   134.4328955137
  3.00000000   2.90000000   134.6143895930
  3.10000000   2.90000000   134.7382050697
  3.20000000   2.90000000   134.8189207402
  3.30000000   2.90000000   134.8670646995
  3.40000000   2.90000000   134.8894602832
  3.50000000   2.90000000   134.8894602832

  0.00000000   3.00000000     0.0000000000
  0.10000000   3.00000000     7.7940940803
  0.20000000   3.00000000    15.5717842042
  0.30000000   3.00000000    23.3160884062
  0.40000000   3.00000000    31.0088644286
  0.50000000   3.00000000    38.6302224339
  0.60000000   3.00000000    46.1579396764
  0.70000000   3.00000000    53.5668970673
  0.80000000   3.00000000    60.8285771874
  0.90000000   3.00000000    67.9106905708
  1.00000000   3.00000000    74.7770313144
  1.10000000   3.00000000    81.3876997410
  1.20000000   3.00000000    87.6998575556
  1.30000000   3.00000000    93.6691787030
  1.40000000   3.00000000    99.2520972454
  1.50000000   3.00000000   104.4088037671
  1.60000000   3.00000000   109.1067025855
  1.70000000   3.00000000   113.3237743292
  1.80000000   3.00000000   117.0511294283
  1.90000000   3.00000000   120.2941348165
  2.00000000   3.00000000   123.0718524843
  2.10000000   3.00000000   125.4149498320
  2.20000000   3.00000000   127.3625757382
  2.30000000   3.00000000   128.9588602583
  2.40000000   3.00000000   130.2496382406
  2.50000000   3.00000000   131.2797853202
  2.60000000   3.00000000   132.0913125685
  2.70000000   3.00000000   132.7221819455
  2.80000000   3.00000000   133.2057052061
  2.90000000   3.00000000   133.5703595709
  3.00000000   3.00000000   133.8398665920
  3.10000000   3.00000000   134.0334119504
  3.20000000   3.00000000   134.1659179611
  3.30000000   3.00000000   134.2483097761
  3.40000000   3.00000000   134.2877383237
  3.50000000   3.00000000   134.2877383237

  0.00000000   3.10000000     0.0000000000
  0.10000000   3.10000000     7.7073373036
  0.20000000   3.10000000    15.3964309510
  0.30000000   3.10000000    23.0485154648
  0.40000000   3.10000000    30.6437878782
  0.50000000   3.10000000    38.1609076459
  0.60000000   3.10000000    45.5765283153
  0.70000000   3.10000000    52.8648877221
  0.80000000   3.10000000    59.9974979958
  0.90000000   3.10000000    66.9429945565
  1.00000000   3.10000000    73.6672223825
  1.10000000   3.10000000    80.1336532541
  1.20000000   3.10000000    86.3042307799
  1.30000000   3.10000000    92.1407182354
  1.40000000   3.10000000    97.6065638721
  1.50000000   3.10000000   102.6691918748
  1.60000000   3.10000000   107.3024857454
  1.70000000   3.10000000   111.4890961161
  1.80000000   3.10000000   115.2221445686
  1.90000000   3.10000000   118.5059670517
  2.00000000   3.10000000   121.3557384023
  2.10000000   3.10000000   123.7960621939
  2.20000000   3.10000000   125.8588136042
  2.30000000   3.10000000   127.5806309413
  2.40000000   3.10000000   129.0004404048
  2.50000000   3.10000000   130.1572968255
  2.60000000   3.10000000   131.0886878829
  2.70000000   3.10000000   131.8293300236
  2.80000000   3.10000000   132.4104046782
  2.90000000   3.10000000   132.8591445429
  3.00000000   3.10000000   133.1986712566
  3.10000000   3.10000000   133.4479951179
  3.20000000   3.10000000   133.6221043929
  3.30000000   3.10000000   133.7320898717
  3.40000000   3.10000000   133.7852664346
  3.50000000   3.10000000   133.7852664346

  0.00000000   3.20000000     0.0000000000
  0.10000000   3.20000000     7.6407196810
  0.20000000   3.20000000    15.2618764690
  0.30000000   3.20000000    22.8434358815
  0.40000000   3.20000000    30.3644335660
  0.50000000   3.20000000    37.8025464128
  0.60000000   3.20000000    45.1337146441
  0.70000000   3.20000000    52.3318445079
  0.80000000   3.20000000    59.3686312186
  0.90000000   3.20000000    66.2135524592
  1.00000000   3.20000000    72.8340915896
  1.10000000   3.20000000    79.1962525499
  1.20000000   3.20000000    85.2654194591
  1.30000000   3.20000000    91.0075863370
  1.40000000   3.20000000    96.3909310314
  1.50000000   3.20000000   101.3876331242
  1.60000000   3.20000000   105.9757505375
  1.70000000   3.20000000   110.1409000278
  1.80000000   3.20000000   113.8774668971
  1.90000000   3.20000000   117.1891230617
  2.00000000   3.20000000   120.0885531744
  2.10000000   3.20000000   122.5964366006
  2.20000000   3.20000000   124.7398621892
  2.30000000   3.20000000   126.5504280744
  2.40000000   3.20000000   128.0622859763
  2.50000000   3.20000000   129.3103402793
  2.60000000   3.20000000   130.3287345403
  2.70000000   3.20000000   131.1496800260
  2.80000000   3.20000000   131.8026200300
  2.90000000   3.20000000   132.3136858122
  3.00000000   3.20000000   132.7053826910
  3.10000000   3.20000000   132.9964422721
  3.20000000   3.20000000   133.2017829776
  3.30000000   3.20000000   133.3325312322
  3.40000000   3.20000000   133.3960668596
  3.50000000   3.20000000   133.3960668596

  0.00000000   3.30000000     0.0000000000
  0.10000000   3.30000000     7.5955882902
  0.20000000   3.30000000    15.1707651874
  0.30000000   3.30000000    22.7046848125
  0.40000000   3.30000000    30.1756500025
  0.50000000   3.30000000    37.5607332071
  0.60000000   3.30000000    44.8354595132
  0.70000000   3.30000000    51.9735823165
  0.80000000   3.30000000    58.9469889572
  0.90000000   3.30000000    65.7257796005
  1.00000000   3.30000000    72.2785653336
  1.10000000   3.30000000    78.5730275632
  1.20000000   3.30000000    84.5767664688
  1.30000000   3.30000000    90.2584380972
  1.40000000   3.30000000    95.5891365655
  1.50000000   3.30000000   100.5439235101
  1.60000000   3.30000000   105.1033519753
  1.70000000   3.30000000   109.2547935259
  1.80000000   3.30000000   112.9933740986
  1.90000000   3.30000000   116.3223666401
  2.00000000   3.30000000   119.2529709512
  2.10000000   3.30000000   121.8035111077
  2.20000000   3.30000000   123.9981704594
  2.30000000   3.30000000   125.8654410233
  2.40000000   3.30000000   127.4364779371
  2.50000000   3.30000000   128.7435251249
  2.60000000   3.30000000   129.8185303149
  2.70000000   3.30000000   130.6920131425
  2.80000000   3.30000000   131.3922022784
  2.90000000   3.30000000   131.9444229130
  3.00000000   3.30000000   132.3706955779
  3.10000000   3.30000000   132.6894989287
  3.20000000   3.30000000   132.9156492686
  3.30000000   3.30000000   133.0602548943
  3.40000000   3.30000000   133.1307111980
  3.50000000   3.30000000   133.1307111980

  0.00000000   3.40000000     0.0000000000
  0.10000000   3.40000000     7.5728105446
  0.20000000   3.40000000    15.1247951578
  0.30000000   3.40000000    22.6347130055
  0.40000000   3.40000000    30.0805131972
  0.50000000   3.40000000    37.4389811762
  0.60000000   3.40000000    44.6854522938
  0.70000000   3.40000000    51.7936232302
  0.80000000   3.40000000    58.7354970932
  0.90000000   3.40000000    65.4815016906
  1.00000000   3.40000000    72.0008203378
  1.10000000   3.40000000    78.2619678014
  1.20000000   3.40000000    84.2336277273
  1.30000000   3.40000000    89.8857402239
  1.40000000   3.40000000    95.1907896877
  1.50000000   3.40000000   100.1251979997
  1.60000000   3.40000000   104.6706862858
  1.70000000   3.40000000   108.8154425384
  1.80000000   3.40000000   112.5549350799
  1.90000000   3.40000000   115.8922490637
  2.00000000   3.40000000   118.8378896246
  2.10000000   3.40000000   121.4090749615
  2.20000000   3.40000000   123.6286152127
  2.30000000   3.40000000   125.5235214195
  2.40000000   3.40000000   127.1235047339
  2.50000000   3.40000000   128.4595113124
  2.60000000   3.40000000   129.5624028479
  2.70000000   3.40000000   130.4618489552
  2.80000000   3.40000000   131.1854563232
  2.90000000   3.40000000   131.7581271983
  3.00000000   3.40000000   132.2016186376
  3.10000000   3.40000000   132.5342633053
  3.20000000   3.40000000   132.7708100771
  3.30000000   3.40000000   132.9223457190
  3.40000000   3.40000000   132.9962650954
  3.50000000   3.40000000   132.9962650954

  0.00000000   3.50000000     0.0000000000
  0.10000000   3.50000000     7.5728105446
  0.20000000   3.50000000    15.1247951578
  0.30000000   3.50000000    22.6347130055
  0.40000000   3.50000000    30.0805131972
  0.50000000   3.50000000    37.4389811762
  0.60000000   3.50000000    44.6854522938
  0.70000000   3.50000000    51.7936232302
  0.80000000   3.50000000    58.7354970932
  0.90000000   3.50000000    65.4815016906
  1.00000000   3.50000000    72.0008203378
  1.10000000   3.50000000    78.2619678014
  1.20000000   3.50000000    84.2336277273
  1.30000000   3.50000000    89.8857402239
  1.40000000   3.50000000    95.1907896877
  1.50000000   3.50000000   100.1251979997
  1.60000000   3.50000000   104.6706862858
  1.70000000   3.50000000   108.8154425384
  1.80000000   3.50000000   112.5549350799
  1.90000000   3.50000000   115.8922490637
  2.00000000   3.50000000   118.8378896246
  2.10000000   3.50000000   121.4090749615
  2.20000000   3.50000000   123.6286152127
  2.30000000   3.50000000   125.5235214195
  2.40000000   3.50000000   127.1235047339
  2.50000000   3.50000000   128.4595113124
  2.60000000   3.50000000   129.5624028479
  2.70000000   3.50000000   130.4618489552
  2.80000000   3.50000000   131.1854563232
  2.90000000   3.50000000   131.7581271983
  3.00000000   3.50000000   132.2016186376
  3.10000000   3.50000000   132.5342633053
  3.20000000   3.50000000   132.7708100771
  3.30000000   3.50000000   132.9223457190
  3.40000000   3.50000000   132.9962650954
  3.50000000   3.50000000   132.9962650954

