  0.00000000   0.00000000     0.0000000000
  0.10000000   0.00000000     7.2881425846
  0.20000000   0.00000000    14.5555169561
  0.30000000   0.00000000    21.7809160844
  0.40000000   0.00000000    28.9422761139
  0.50000000   0.00000000    36.0163021232
  0.60000000   0.00000000    42.9781646411
  0.70000000   0.00000000    49.8012991921
  0.80000000   0.00000000    56.4573465904
  0.90000000   0.00000000    62.9162755975
  1.00000000   0.00000000    69.1467295049
  1.10000000   0.00000000    75.1166312398
  1.20000000   0.00000000    80.7940646917
  1.30000000   0.00000000    86.1484210649
  1.40000000   0.00000000    91.1517586325
  1.50000000   0.00000000    95.7802769403
  1.60000000   0.00000000   100.0157620346
  1.70000000   0.00000000   103.8468312483
  1.80000000   0.00000000   107.2698077420
  1.90000000   0.00000000   110.2890929158
  2.00000000   0.00000000   112.9169738713
  2.10000000   0.00000000   115.1728869697
  2.20000000   0.00000000   117.0822359325
  2.30000000   0.00000000   118.6749155817
  2.40000000   0.00000000   119.9837107622
  2.50000000   0.00000000   121.0427258056
  2.60000000   0.00000000   121.8859631433
  2.70000000   0.00000000   122.5461235894
  2.80000000   0.00000000   123.0536568600
  2.90000000   0.00000000   123.4360561722
  3.00000000   0.00000000   123.7173678610
  3.10000000   0.00000000   123.9178751836
  3.20000000   0.00000000   124.0539124601
  3.30000000   0.00000000   124.1377686239
  3.40000000   0.00000000   124.1776456772
  3.50000000   0.00000000   124.1776456772

  0.00000000   0.10000000     0.0000000000
  0.10000000   0.10000000     7.2881425846
  0.20000000   0.10000000    14.5555169561
  0.30000000   0.10000000    21.7809160844
  0.40000000   0.10000000    28.9422761139
  0.50000000   0.10000000    36.0163021232
  0.60000000   0.10000000    42.9781646411
  0.70000000   0.10000000    49.8012991921
  0.80000000   0.10000000    56.4573465904
  0.90000000   0.10000000    62.9162755975
  1.00000000   0.10000000    69.1467295049
  1.10000000   0.10000000    75.1166312398
  1.20000000   0.10000000    80.7940646917
  1.30000000   0.10000000    86.1484210649
  1.40000000   0.10000000    91.1517586325
  1.50000000   0.10000000    95.7802769403
  1.60000000   0.10000000   100.0157620346
  1.70000000   0.10000000   103.8468312483
  1.80000000   0.10000000   107.2698077420
  1.90000000   0.10000000   110.2890929158
  2.00000000   0.10000000   112.9169738713
  2.10000000   0.10000000   115.1728869697
  2.20000000   0.10000000   117.0822359325
  2.30000000   0.10000000   118.6749155817
  2.40000000   0.10000000   119.9837107622
  2.50000000   0.10000000   121.0427258056
  2.60000000   0.10000000   121.8859631433
  2.70000000   0.10000000   122.5461235894
  2.80000000   0.10000000   123.0536568600
  2.90000000   0.10000000   123.4360561722
  3.00000000   0.10000000   123.7173678610
  3.10000000   0.10000000   123.9178751836
  3.20000000   0.10000000   124.0539124601
  3.30000000   0.10000000   124.1377686239
  3.40000000   0.10000000   124.1776456772
  3.50000000   0.10000000   124.1776456772

  0.00000000   0.20000000     0.0000000000
  0.10000000   0.20000000     7.3123145274
  0.20000000   0.20000000    14.6042988855
  0.30000000   0.20000000    21.8551635670
  0.40000000   0.20000000    29.0432190334
  0.50000000   0.20000000    36.1454747339
  0.60000000   0.20000000    43.1373035540
  0.70000000   0.20000000    49.9922037852
  0.80000000   0.20000000    56.6816978627
  0.90000000   0.20000000    63.1754134091
  1.00000000   0.20000000    69.4413950326
  1.10000000   0.20000000    75.4466913861
  1.20000000   0.20000000    81.1582471643
  1.30000000   0.20000000    86.5441003804
  1.40000000   0.20000000    91.5748402091
  1.50000000   0.20000000    96.2252236517
  1.60000000   0.20000000   100.4757912294
  1.70000000   0.20000000   104.3142806514
  1.80000000   0.20000000   107.7366325100
  1.90000000   0.20000000   110.7474250819
  2.00000000   0.20000000   113.3596606939
  2.10000000   0.20000000   115.5939311837
  2.20000000   0.20000000   117.4770856303
  2.30000000   0.20000000   119.0405855666
  2.40000000   0.20000000   120.3187497404
  2.50000000   0.20000000   121.3470662284
  2.60000000   0.20000000   122.1606997429
  2.70000000   0.20000000   122.7932644481
  2.80000000   0.20000000   123.2758815747
  2.90000000   0.20000000   123.6365038408
  3.00000000   0.20000000   123.8994664911
  3.10000000   0.20000000   124.0852153947
  3.20000000   0.20000000   124.2101624258
  3.30000000   0.20000000   124.2866237348
  3.40000000   0.20000000   124.3228047190
  3.50000000   0.20000000   124.3228047190

  0.00000000   0.30000000     0.0000000000
  0.10000000   0.30000000     7.3602037053
  0.20000000   0.30000000    14.7009735689
  0.30000000   0.30000000    22.0023775451
  0.40000000   0.30000000    29.2435012233
  0.50000000   0.30000000    36.4019946547
  0.60000000   0.30000000    43.4536728632
  0.70000000   0.30000000    50.3722011587
  0.80000000   0.30000000    57.1289068627
  0.90000000   0.30000000    63.6927702671
  1.00000000   0.30000000    70.0306569753
  1.10000000   0.30000000    76.1078569103
  1.20000000   0.30000000    81.8889861192
  1.30000000   0.30000000    87.3392789693
  1.40000000   0.30000000    92.4262449194
  1.50000000   0.30000000    97.1215863985
  1.60000000   0.30000000   101.4031849218
  1.70000000   0.30000000   105.2568885508
  1.80000000   0.30000000   108.6778108321
  1.90000000   0.30000000   111.6709050224
  2.00000000   0.30000000   114.2507017493
  2.10000000   0.30000000   116.4402535819
  2.20000000   0.30000000   118.2694679787
  2.30000000   0.30000000   119.7730930337
  2.40000000   0.30000000   120.9886315746
  2.50000000   0.30000000   121.9544094476
  2.60000000   0.30000000   122.7079424833
  2.70000000   0.30000000   123.2846636941
  2.80000000   0.30000000   123.7170069263
  2.90000000   0.30000000   124.0338020405
  3.00000000   0.30000000   124.2599175046
  3.10000000   0.30000000   124.4160829719
  3.20000000   0.30000000   124.5188305835
  3.30000000   0.30000000   124.5805043413
  3.40000000   0.30000000   124.6092986870
  3.50000000   0.30000000   124.6092986870

  0.00000000   0.40000000     0.0000000000
  0.10000000   0.40000000     7.4308808283
  0.20000000   0.40000000    14.8437207218
  0.30000000   0.40000000    22.2199279511
  0.40000000   0.40000000    29.5398157327
  0.50000000   0.40000000    36.7820744561
  0.60000000   0.40000000    43.9232773995
  0.70000000   0.40000000    50.9374479856
  0.80000000   0.40000000    57.7957318088
  0.90000000   0.40000000    64.4662353923
  1.00000000   0.40000000    70.9141136768
  1.10000000   0.40000000    77.1020045641
  1.20000000   0.40000000    82.9909124262
  1.30000000   0.40000000    88.5416202932
  1.40000000   0.40000000    93.7166480296
  1.50000000   0.40000000    98.4826631035
  1.60000000   0.40000000   102.8131027061
  1.70000000   0.40000000   106.6906235968
  1.80000000   0.40000000   110.1089294045
  1.90000000   0.40000000   113.0735954616
  2.00000000   0.40000000   115.6017141430
  2.10000000   0.40000000   117.7204375261
  2.20000000   0.40000000   119.4647121119
  2.30000000   0.40000000   120.8746209106
  2.40000000   0.40000000   121.9927425984
  2.50000000   0.40000000   122.8618330374
  2.60000000   0.40000000   123.5229917775
  2.70000000   0.40000000   124.0143486212
  2.80000000   0.40000000   124.3702192003
  2.90000000   0.40000000   124.6206357576
  3.00000000   0.40000000   124.7911492383
  3.10000000   0.40000000   124.9028079621
  3.20000000   0.40000000   124.9722357314
  3.30000000   0.40000000   125.0117513090
  3.40000000   0.40000000   125.0294882878
  3.50000000   0.40000000   125.0294882878

  0.00000000   0.50000000     0.0000000000
  0.10000000   0.50000000     7.5229044691
  0.20000000   0.50000000    15.0297092004
  0.30000000   0.50000000    22.5037048818
  0.40000000   0.50000000    29.9269586653
  0.50000000   0.50000000    37.2796951200
  0.60000000   0.50000000    44.5396794153
  0.70000000   0.50000000    51.6816235628
  0.80000000   0.50000000    58.6766570031
  0.90000000   0.50000000    65.4919312802
  1.00000000   0.50000000    72.0904643444
  1.10000000   0.50000000    78.4313685113
  1.20000000   0.50000000    84.4706355041
  1.30000000   0.50000000    90.1626505556
  1.40000000   0.50000000    95.4625442719
  1.50000000   0.50000000   100.3293361074
  1.60000000   0.50000000   104.7295744520
  1.70000000   0.50000000   108.6408974328
  1.80000000   0.50000000   112.0547670276
  1.90000000   0.50000000   114.9777205617
  2.00000000   0.50000000   117.4308466578
  2.10000000   0.50000000   119.4476318119
  2.20000000   0.50000000   121.0706828712
  2.30000000   0.50000000   122.3480175380
  2.40000000   0.50000000   123.3295652705
  2.50000000   0.50000000   124.0643013171
  2.60000000   0.50000000   124.5981793188
  2.70000000   0.50000000   124.9728295971
  2.80000000   0.50000000   125.2248814214
  2.90000000   0.50000000   125.3857339528
  3.00000000   0.50000000   125.4816129832
  3.10000000   0.50000000   125.5337830983
  3.20000000   0.50000000   125.5588207897
  3.30000000   0.50000000   125.5688850768
  3.40000000   0.50000000   125.5719457487
  3.50000000   0.50000000   125.5719457487

  0.00000000   0.60000000     0.0000000000
  0.10000000   0.60000000     7.6342704799
  0.20000000   0.60000000    15.2549882757
  0.30000000   0.60000000    22.8479371164
  0.40000000   0.60000000    30.3975545567
  0.50000000   0.60000000    37.8862147228
  0.60000000   0.60000000    45.2934685120
  0.70000000   0.60000000    52.5952478982
  0.80000000   0.60000000    59.7630656636
  0.90000000   0.60000000    66.7632807100
  1.00000000   0.60000000    73.5565552824
  1.10000000   0.60000000    80.0977028543
  1.20000000   0.60000000    86.3362023692
  1.30000000   0.60000000    92.2177047997
  1.40000000   0.60000000    97.6868236051
  1.50000000   0.60000000   102.6913041562
  1.60000000   0.60000000   107.1872554987
  1.70000000   0.60000000   111.1445671504
  1.80000000   0.60000000   114.5512037930
  1.90000000   0.60000000   117.4151748737
  2.00000000   0.60000000   119.7636945445
  2.10000000   0.60000000   121.6398276384
  2.20000000   0.60000000   123.0975096163
  2.30000000   0.60000000   124.1961456132
  2.40000000   0.60000000   124.9958330061
  2.50000000   0.60000000   125.5537849395
  2.60000000   0.60000000   125.9220638445
  2.70000000   0.60000000   126.1464345524
  2.80000000   0.60000000   126.2660294719
  2.90000000   0.60000000   126.3135231081
  3.00000000   0.60000000   126.3155740830
  3.10000000   0.60000000   126.2933653557
  3.20000000   0.60000000   126.2631357690
  3.30000000   0.60000000   126.2366416502
  3.40000000   0.60000000   126.2215168412
  3.50000000   0.60000000   126.2215168412

  0.00000000   0.70000000     0.0000000000
  0.10000000   0.70000000     7.7623559595
  0.20000000   0.70000000    15.5143645888
  0.30000000   0.70000000    23.2449803646
  0.40000000   0.70000000    30.9417244408
  0.50000000   0.70000000    38.5898774973
  0.60000000   0.70000000    46.1715707557
  0.70000000   0.70000000    53.6647575008
  0.80000000   0.70000000    61.0420722773
  0.90000000   0.70000000    68.2696309514
  1.00000000   0.70000000    75.3059024690
  1.10000000   0.70000000    82.1009011454
  1.20000000   0.70000000    88.5961039976
  1.30000000   0.70000000    94.7256575312
  1.40000000   0.70000000   100.4195103791
  1.50000000   0.70000000   105.6089231439
  1.60000000   0.70000000   110.2341661990
  1.70000000   0.70000000   114.2530961942
  1.80000000   0.70000000   117.6482110305
  1.90000000   0.70000000   120.4298197538
  2.00000000   0.70000000   122.6345899816
  2.10000000   0.70000000   124.3201064376
  2.20000000   0.70000000   125.5569860096
  2.30000000   0.70000000   126.4207446233
  2.40000000   0.70000000   126.9851677740
  2.50000000   0.70000000   127.3179176465
  2.60000000   0.70000000   127.4782602226
  2.70000000   0.70000000   127.5163821863
  2.80000000   0.70000000   127.4737024880
  2.90000000   0.70000000   127.3836925708
  3.00000000   0.70000000   127.2728729783
  3.10000000   0.70000000   127.1617883599
  3.20000000   0.70000000   127.0658585219
  3.30000000   0.70000000   126.9960624307
  3.40000000   0.70000000   126.9594441787
  3.50000000   0.70000000   126.9594441787

  0.00000000   0.80000000     0.0000000000
  0.10000000   0.80000000     7.9038687669
  0.20000000   0.80000000    15.8012865177
  0.30000000   0.80000000    23.6851067960
  0.40000000   0.80000000    31.5467355605
  0.50000000   0.80000000    39.3752644238
  0.60000000   0.80000000    47.1564306750
  0.70000000   0.80000000    54.8713494336
  0.80000000   0.80000000    62.4949797744
  0.90000000   0.80000000    69.9943294003
  1.00000000   0.80000000    77.3264927761
  1.10000000   0.80000000    84.4367838691
  1.20000000   0.80000000    91.2574924008
  1.30000000   0.80000000    97.7081541070
  1.40000000   0.80000000   103.6985729066
  1.50000000   0.80000000   109.1358578128
  1.60000000   0.80000000   113.9358920278
  1.70000000   0.80000000   118.0374643247
  1.80000000   0.80000000   121.4144426840
  1.90000000   0.80000000   124.0808779494
  2.00000000   0.80000000   126.0883036766
  2.10000000   0.80000000   127.5166634396
  2.20000000   0.80000000   128.4613301742
  2.30000000   0.80000000   129.0204948078
  2.40000000   0.80000000   129.2859572599
  2.50000000   0.80000000   129.3380378668
  2.60000000   0.80000000   129.2438308503
  2.70000000   0.80000000   129.0575814431
  2.80000000   0.80000000   128.8221302300
  2.90000000   0.80000000   128.5707112282
  3.00000000   0.80000000   128.3287006732
  3.10000000   0.80000000   128.1151286897
  3.20000000   0.80000000   127.9438924882
  3.30000000   0.80000000   127.8246733793
  3.40000000   0.80000000   127.7635851196
  3.50000000   0.80000000   127.7635851196

  0.00000000   0.90000000     0.0000000000
  0.10000000   0.90000000     8.0548172518
  0.20000000   0.90000000    16.1077656784
  0.30000000   0.90000000    24.1563408920
  0.40000000   0.90000000    32.1966921393
  0.50000000   0.90000000    40.2227550361
  0.60000000   0.90000000    48.2251358374
  0.70000000   0.90000000    56.1896430873
  0.80000000   0.90000000    64.0953569395
  0.90000000   0.90000000    71.9121445170
  1.00000000   0.90000000    79.5976043787
  1.10000000   0.90000000    87.0936119300
  1.20000000   0.90000000    94.3230250010
  1.30000000   0.90000000   101.1877799851
  1.40000000   0.90000000   107.5705397729
  1.50000000   0.90000000   113.3428374175
  1.60000000   0.90000000   118.3820810378
  1.70000000   0.90000000   122.5958524570
  1.80000000   0.90000000   125.9443033539
  1.90000000   0.90000000   128.4479198965
  2.00000000   0.90000000   130.1821408890
  2.10000000   0.90000000   131.2621917187
  2.20000000   0.90000000   131.8207383849
  2.30000000   0.90000000   131.9877742788
  2.40000000   0.90000000   131.8781216664
  2.50000000   0.90000000   131.5864310836
  2.60000000   0.90000000   131.1871821845
  2.70000000   0.90000000   130.7371782761
  2.80000000   0.90000000   130.2788365759
  2.90000000   0.90000000   129.8433663433
  3.00000000   0.90000000   129.4534567041
  3.10000000   0.90000000   129.1253854484
  3.20000000   0.90000000   128.8705913308
  3.30000000   0.90000000   128.6967960027
  3.40000000   0.90000000   128.6087627913
  3.50000000   0.90000000   128.6087627913

  0.00000000   1.00000000     0.0000000000
  0.10000000   1.00000000     8.2105181542
  0.20000000   1.00000000    16.4243729759
  0.30000000   1.00000000    24.6444010726
  0.40000000   1.00000000    32.8723511785
  0.50000000   1.00000000    41.1081088799
  0.60000000   1.00000000    49.3486099120
  0.70000000   1.00000000    57.5862818027
  0.80000000   1.00000000    65.8068090450
  0.90000000   1.00000000    73.9859773868
  1.00000000   1.00000000    82.0853544181
  1.10000000   1.00000000    90.0466903329
  1.20000000   1.00000000    97.7853444190
  1.30000000   1.00000000   105.1840473962
  1.40000000   1.00000000   112.0902313758
  1.50000000   1.00000000   118.3229121656
  1.60000000   1.00000000   123.6967905243
  1.70000000   1.00000000   128.0659025395
  1.80000000   1.00000000   131.3689532747
  1.90000000   1.00000000   133.6382460868
  2.00000000   1.00000000   134.9882510290
  2.10000000   1.00000000   135.5917445118
  2.20000000   1.00000000   135.6386995113
  2.30000000   1.00000000   135.3033049241
  2.40000000   1.00000000   134.7283063636
  2.50000000   1.00000000   134.0225962728
  2.60000000   1.00000000   133.2654718283
  2.70000000   1.00000000   132.5129442508
  2.80000000   1.00000000   131.8037811665
  2.90000000   1.00000000   131.1644410724
  3.00000000   1.00000000   130.6127872034
  3.10000000   1.00000000   130.1607495257
  3.20000000   1.00000000   129.8161689448
  3.30000000   1.00000000   129.5840361710
  3.40000000   1.00000000   129.4672899425
  3.50000000   1.00000000   129.4672899425

  0.00000000   1.10000000     0.0000000000
  0.10000000   1.10000000     8.3656623945
  0.20000000   1.10000000    16.7403517294
  0.30000000   1.10000000    25.1328184548
  0.40000000   1.10000000    33.5511717712
  0.50000000   1.10000000    42.0023207563
  0.60000000   1.10000000    50.4910775062
  0.70000000   1.10000000    59.0187144090
  0.80000000   1.10000000    67.5806707257
  0.90000000   1.10000000    76.1629702206
  1.00000000   1.10000000    84.7367561789
  1.10000000   1.10000000    93.2502448411
  1.20000000   1.10000000   101.6175662128
  1.30000000   1.10000000   109.7049645863
  1.40000000   1.10000000   117.3178285526
  1.50000000   1.10000000   124.1986445645
  1.60000000   1.10000000   130.0558562987
  1.70000000   1.10000000   134.6447143858
  1.80000000   1.10000000   137.8736104033
  1.90000000   1.10000000   139.7981089031
  2.00000000   1.10000000   140.5955216486
  2.10000000   1.10000000   140.5371762602
  2.20000000   1.10000000   139.9031932041
  2.30000000   1.10000000   138.9274751680
  2.40000000   1.10000000   137.7829766581
  2.50000000   1.10000000   136.5884722515
  2.60000000   1.10000000   135.4216872322
  2.70000000   1.10000000   134.3317366700
  2.80000000   1.10000000   133.3487570043
  2.90000000   1.10000000   132.4907062030
  3.00000000   1.10000000   131.7679323293
  3.10000000   1.10000000   131.1861527364
  3.20000000   1.10000000   130.7483563967
  3.30000000   1.10000000   130.4559940953
  3.40000000   1.10000000   130.3097001769
  3.50000000   1.10000000   130.3097001769

  0.00000000   1.20000000     0.0000000000
  0.10000000   1.20000000     8.5144571423
  0.20000000   1.20000000    17.0438894566
  0.30000000   1.20000000    25.6033076616
  0.40000000   1.20000000    34.2077224027
  0.50000000   1.20000000    42.8719459816
  0.60000000   1.20000000    51.6100937109
  0.70000000   1.20000000    60.4345623793
  0.80000000   1.20000000    69.3541176346
  0.90000000   1.20000000    78.3704803465
  1.00000000   1.20000000    87.4724176511
  1.10000000   1.20000000    96.6257839708
  1.20000000   1.20000000   105.7573093028
  1.30000000   1.20000000   114.7297753053
  1.40000000   1.20000000   123.3086591182
  1.50000000   1.20000000   131.1311807691
  1.60000000   1.20000000   137.7188297974
  1.70000000   1.20000000   142.6218921397
  1.80000000   1.20000000   145.7245226763
  1.90000000   1.20000000   147.1310099033
  2.00000000   1.20000000   147.1091766420
  2.10000000   1.20000000   146.1139536412
  2.20000000   1.20000000   144.5704094925
  2.30000000   1.20000000   142.7866980719
  2.40000000   1.20000000   140.9590601772
  2.50000000   1.20000000   139.2029068132
  2.60000000   1.20000000   137.5818692309
  2.70000000   1.20000000   136.1284753944
  2.80000000   1.20000000   134.8573878188
  2.90000000   1.20000000   133.7734645458
  3.00000000   1.20000000   132.8765367326
  3.10000000   1.20000000   132.1641902578
  3.20000000   1.20000000   131.6333599744
  3.30000000   1.20000000   131.2812266155
  3.40000000   1.20000000   131.1057071753
  3.50000000   1.20000000   131.1057071753

  0.00000000   1.30000000     0.0000000000
  0.10000000   1.30000000     8.6508564147
  0.20000000   1.30000000    17.3225788005
  0.30000000   1.30000000    26.0364519211
  0.40000000   1.30000000    34.8145644078
  0.50000000   1.30000000    43.6801089654
  0.60000000   1.30000000    52.6575047336
  0.70000000   1.30000000    61.7721656546
  0.80000000   1.30000000    71.0495795021
  0.90000000   1.30000000    80.5130588509
  1.00000000   1.30000000    90.1789455372
  1.10000000   1.30000000   100.0469464652
  1.20000000   1.30000000   110.0812362134
  1.30000000   1.30000000   120.1745403012
  1.40000000   1.30000000   130.0834734418
  1.50000000   1.30000000   139.3276237052
  1.60000000   1.30000000   147.0972318246
  1.70000000   1.30000000   152.4328093134
  1.80000000   1.30000000   155.3081902060
  1.90000000   1.30000000   155.9330747722
  2.00000000   1.30000000   154.6421595605
  2.10000000   1.30000000   152.2906466301
  2.20000000   1.30000000   149.5352705985
  2.30000000   1.30000000   146.7531691020
  2.40000000   1.30000000   144.1326017531
  2.50000000   1.30000000   141.7564455247
  2.60000000   1.30000000   139.6534838845
  2.70000000   1.30000000   137.8263700155
  2.80000000   1.30000000   136.2661987628
  2.90000000   1.30000000   134.9599285056
  3.00000000   1.30000000   133.8940764908
  3.10000000   1.30000000   133.0564919407
  3.20000000   1.30000000   132.4371508968
  3.30000000   1.30000000   132.0284682653
  3.40000000   1.30000000   131.8253880035
  3.50000000   1.30000000   131.8253880035

  0.00000000   1.40000000     0.0000000000
  0.10000000   1.40000000     8.7688803199
  0.20000000   1.40000000    17.5640734510
  0.30000000   1.40000000    26.4127278114
  0.40000000   1.40000000    35.3436842164
  0.50000000   1.40000000    44.3883674340
  0.60000000   1.40000000    53.5817056832
  0.70000000   1.40000000    62.9630243708
  0.80000000   1.40000000    72.5767559023
  0.90000000   1.40000000    82.4725746709
  1.00000000   1.40000000    92.7040390990
  1.10000000   1.40000000   103.3235908172
  1.20000000   1.40000000   114.3687656216
  1.30000000   1.40000000   125.8269247279
  1.40000000   1.40000000   137.5468244535
  1.50000000   1.40000000   149.0229342098
  1.60000000   1.40000000   158.9349789026
  1.70000000   1.40000000   164.7311263203
  1.80000000   1.40000000   167.1726069355
  1.90000000   1.40000000   166.6856026766
  2.00000000   1.40000000   163.2761953692
  2.10000000   1.40000000   158.9181947364
  2.20000000   1.40000000   154.5805717130
  2.30000000   1.40000000   150.6183787789
  2.40000000   1.40000000   147.1282037034
  2.50000000   1.40000000   144.1089957661
  2.60000000   1.40000000   141.5266720114
  2.70000000   1.40000000   139.3394092172
  2.80000000   1.40000000   137.5072963329
  2.90000000   1.40000000   135.9956872615
  3.00000000   1.40000000   134.7760063349
  3.10000000   1.40000000   133.8255673247
  3.20000000   1.40000000   133.1270726300
  3.30000000   1.40000000   132.6680791780
  3.40000000   1.40000000   132.4405517252
  3.50000000   1.40000000   132.4405517252

  0.00000000   1.50000000     0.0000000000
  0.10000000   1.50000000     8.8630053207
  0.20000000   1.50000000    17.7569065167
  0.30000000   1.50000000    26.7138303508
  0.40000000   1.50000000    35.7684490320
  0.50000000   1.50000000    44.9594695637
  0.60000000   1.50000000    54.3314036800
  0.70000000   1.50000000    63.9367447127
  0.80000000   1.50000000    73.8386987285
  0.90000000   1.50000000    84.1146215115
  1.00000000   1.50000000    94.8602484854
  1.10000000   1.50000000   106.1945043455
  1.20000000   1.50000000   118.2635188429
  1.30000000   1.50000000   131.2377010007
  1.40000000   1.50000000   145.2736639440
  1.50000000   1.50000000   160.3013850833
  1.60000000   1.50000000   174.9073814409
  1.70000000   1.50000000   180.4039096641
  1.80000000   1.50000000   181.9878876699
  1.90000000   1.50000000   180.3874589900
  2.00000000   1.50000000   172.8928461465
  2.10000000   1.50000000   165.5673304219
  2.20000000   1.50000000   159.3002858010
  2.30000000   1.50000000   154.0688481128
  2.40000000   1.50000000   149.7169656357
  2.50000000   1.50000000   146.0950072383
  2.60000000   1.50000000   143.0807216579
  2.70000000   1.50000000   140.5781598815
  2.80000000   1.50000000   138.5130587758
  2.90000000   1.50000000   136.8283688151
  3.00000000   1.50000000   135.4806076748
  3.10000000   1.50000000   134.4370583154
  3.20000000   1.50000000   133.6736861656
  3.30000000   1.50000000   133.1736384796
  3.40000000   1.50000000   132.9262128517
  3.50000000   1.50000000   132.9262128517

  0.00000000   1.60000000     0.0000000000
  0.10000000   1.60000000     8.9285874443
  0.20000000   1.60000000    17.8913922678
  0.30000000   1.60000000    26.9241738035
  0.40000000   1.60000000    36.0659139683
  0.50000000   1.60000000    45.3607979409
  0.60000000   1.60000000    54.8607073976
  0.70000000   1.60000000    64.6285321838
  0.80000000   1.60000000    74.7427699459
  0.90000000   1.60000000    85.3041764026
  1.00000000   1.60000000    96.4457943227
  1.10000000   1.60000000   108.3489446383
  1.20000000   1.60000000   121.2711920013
  1.30000000   1.60000000   135.6039683912
  1.40000000   1.60000000   152.0244771323
  1.50000000   1.60000000   172.0149825394
  1.60000000   1.60000000   200.0000000000
  1.70000000   1.60000000   200.0000000000
  1.80000000   1.60000000   200.0000000000
  1.90000000   1.60000000   200.0000000000
  2.00000000   1.60000000   182.3669678055
  2.10000000   1.60000000   171.1947859134
  2.20000000   1.60000000   163.0305549083
  2.30000000   1.60000000   156.6943385976
  2.40000000   1.60000000   151.6378921235
  2.50000000   1.60000000   147.5421149184
  2.60000000   1.60000000   144.1977242431
  2.70000000   1.60000000   141.4593068606
  2.80000000   1.60000000   139.2227529428
  2.90000000   1.60000000   137.4122796175
  3.00000000   1.60000000   135.9723164132
  3.10000000   1.60000000   134.8622096940
  3.20000000   1.60000000   134.0526961901
  3.30000000   1.60000000   133.5235498696
  3.40000000   1.60000000   133.2620484250
  3.50000000   1.60000000   133.2620484250

  0.00000000   1.70000000     0.0000000000
  0.10000000   1.70000000     8.9622628828
  0.20000000   1.70000000    17.9604902187
  0.30000000   1.70000000    27.0323601128
  0.40000000   1.70000000    36.2191489011
  0.50000000   1.70000000    45.5679897544
  0.60000000   1.70000000    55.1347822135
  0.70000000   1.70000000    64.9881676477
  0.80000000   1.70000000    75.2152326362
  0.90000000   1.70000000    85.9300414893
  1.00000000   1.70000000    97.2868764079
  1.10000000   1.70000000   109.5013907481
  1.20000000   1.70000000   122.8848286148
  1.30000000   1.70000000   137.8975508180
  1.40000000   1.70000000   155.2177486697
  1.50000000   1.70000000   175.7421315681
  1.60000000   1.70000000   200.0000000000
  1.70000000   1.70000000   200.0000000000
  1.80000000   1.70000000   200.0000000000
  1.90000000   1.70000000   200.0000000000
  2.00000000   1.70000000   185.3990631341
  2.10000000   1.70000000   173.8465722138
  2.20000000   1.70000000   164.9760124726
  2.30000000   1.70000000   158.0925596145
  2.40000000   1.70000000   152.6587163322
  2.50000000   1.70000000   148.3054524932
  2.60000000   1.70000000   144.7825332169
  2.70000000   1.70000000   141.9177323086
  2.80000000   1.70000000   139.5901265267
  2.90000000   1.70000000   137.7133525530
  3.00000000   1.70000000   136.2250732830
  3.10000000   1.70000000   135.0802424331
  3.20000000   1.70000000   134.2467327679
  3.30000000   1.70000000   133.7024859344
  3.40000000   1.70000000   133.4336889863
  3.50000000   1.70000000   133.4336889863

  0.00000000   1.80000000     0.0000000000
  0.10000000   1.80000000     8.9622628828
  0.20000000   1.80000000    17.9604902187
  0.30000000   1.80000000    27.0323601128
  0.40000000   1.80000000    36.2191489011
  0.50000000   1.80000000    45.5679897544
  0.60000000   1.80000000    55.1347822135
  0.70000000   1.80000000    64.9881676477
  0.80000000   1.80000000    75.2152326362
  0.90000000   1.80000000    85.9300414893
  1.00000000   1.80000000    97.2868764079
  1.10000000   1.80000000   109.5013907481
  1.20000000   1.80000000   122.8848286148
  1.30000000   1.80000000   137.8975508180
  1.40000000   1.80000000   155.2177486697
  1.50000000   1.80000000   175.7421315681
  1.60000000   1.80000000   200.0000000000
  1.70000000   1.80000000   200.0000000000
  1.80000000   1.80000000   200.0000000000
  1.90000000   1.80000000   200.0000000000
  2.00000000   1.80000000   185.3990631341
  2.10000000   1.80000000   173.8465722138
  2.20000000   1.80000000   164.9760124726
  2.30000000   1.80000000   158.0925596145
  2.40000000   1.80000000   152.6587163322
  2.50000000   1.80000000   148.3054524932
  2.60000000   1.80000000   144.7825332169
  2.70000000   1.80000000   141.9177323086
  2.80000000   1.80000000   139.5901265267
  2.90000000   1.80000000   137.7133525530
  3.00000000   1.80000000   136.2250732830
  3.10000000   1.80000000   135.0802424331
  3.20000000   1.80000000   134.2467327679
  3.30000000   1.80000000   133.7024859344
  3.40000000   1.80000000   133.4336889863
  3.50000000   1.80000000   133.4336889863

  0.00000000   1.90000000     0.0000000000
  0.10000000   1.90000000     8.9285874443
  0.20000000   1.90000000    17.8913922678
  0.30000000   1.90000000    26.9241738035
  0.40000000   1.90000000    36.0659139683
  0.50000000   1.90000000    45.3607979409
  0.60000000   1.90000000    54.8607073976
  0.70000000   1.90000000    64.6285321838
  0.80000000   1.90000000    74.7427699459
  0.90000000   1.90000000    85.3041764026
  1.00000000   1.90000000    96.4457943227
  1.10000000   1.90000000   108.3489446383
  1.20000000   1.90000000   121.2711920013
  1.30000000   1.90000000   135.6039683912
  1.40000000   1.90000000   152.0244771323
  1.50000000   1.90000000   172.0149825394
  1.60000000   1.90000000   200.0000000000
  1.70000000   1.90000000   200.0000000000
  1.80000000   1.90000000   200.0000000000
  1.90000000   1.90000000   200.0000000000
  2.00000000   1.90000000   182.3669678055
  2.10000000   1.90000000   171.1947859134
  2.20000000   1.90000000   163.0305549083
  2.30000000   1.90000000   156.6943385976
  2.40000000   1.90000000   151.6378921235
  2.50000000   1.90000000   147.5421149184
  2.60000000   1.90000000   144.1977242431
  2.70000000   1.90000000   141.4593068606
  2.80000000   1.90000000   139.2227529428
  2.90000000   1.90000000   137.4122796175
  3.00000000   1.90000000   135.9723164132
  3.10000000   1.90000000   134.8622096940
  3.20000000   1.90000000   134.0526961901
  3.30000000   1.90000000   133.5235498696
  3.40000000   1.90000000   133.2620484250
  3.50000000   1.90000000   133.2620484250

  0.00000000   2.00000000     0.0000000000
  0.10000000   2.00000000     8.8630053207
  0.20000000   2.00000000    17.7569065167
  0.30000000   2.00000000    26.7138303508
  0.40000000   2.00000000    35.7684490320
  0.50000000   2.00000000    44.9594695637
  0.60000000   2.00000000    54.3314036800
  0.70000000   2.00000000    63.9367447127
  0.80000000   2.00000000    73.8386987285
  0.90000000   2.00000000    84.1146215115
  1.00000000   2.00000000    94.8602484854
  1.10000000   2.00000000   106.1945043455
  1.20000000   2.00000000   118.2635188429
  1.30000000   2.00000000   131.2377010007
  1.40000000   2.00000000   145.2736639440
  1.50000000   2.00000000   160.3013850833
  1.60000000   2.00000000   174.9073814409
  1.70000000   2.00000000   180.4039096641
  1.80000000   2.00000000   181.9878876699
  1.90000000   2.00000000   180.3874589900
  2.00000000   2.00000000   172.8928461465
  2.10000000   2.00000000   165.5673304219
  2.20000000   2.00000000   159.3002858010
  2.30000000   2.00000000   154.0688481128
  2.40000000   2.00000000   149.7169656357
  2.50000000   2.00000000   146.0950072383
  2.60000000   2.00000000   143.0807216579
  2.70000000   2.00000000   140.5781598815
  2.80000000   2.00000000   138.5130587758
  2.90000000   2.00000000   136.8283688151
  3.00000000   2.00000000   135.4806076748
  3.10000000   2.00000000   134.4370583154
  3.20000000   2.00000000   133.6736861656
  3.30000000   2.00000000   133.1736384796
  3.40000000   2.00000000   132.9262128517
  3.50000000   2.00000000   132.9262128517

  0.00000000   2.10000000     0.0000000000
  0.10000000   2.10000000     8.7688803199
  0.20000000   2.10000000    17.5640734510
  0.30000000   2.10000000    26.4127278114
  0.40000000   2.10000000    35.3436842164
  0.50000000   2.10000000    44.3883674340
  0.60000000   2.10000000    53.5817056832
  0.70000000   2.10000000    62.9630243708
  0.80000000   2.10000000    72.5767559023
  0.90000000   2.10000000    82.4725746709
  1.00000000   2.10000000    92.7040390990
  1.10000000   2.10000000   103.3235908172
  1.20000000   2.10000000   114.3687656216
  1.30000000   2.10000000   125.8269247279
  1.40000000   2.10000000   137.5468244535
  1.50000000   2.10000000   149.0229342098
  1.60000000   2.10000000   158.9349789026
  1.70000000   2.10000000   164.7311263203
  1.80000000   2.10000000   167.1726069355
  1.90000000   2.10000000   166.6856026766
  2.00000000   2.10000000   163.2761953692
  2.10000000   2.10000000   158.9181947364
  2.20000000   2.10000000   154.5805717130
  2.30000000   2.10000000   150.6183787789
  2.40000000   2.10000000   147.1282037034
  2.50000000   2.10000000   144.1089957661
  2.60000000   2.10000000   141.5266720114
  2.70000000   2.10000000   139.3394092172
  2.80000000   2.10000000   137.5072963329
  2.90000000   2.10000000   135.9956872615
  3.00000000   2.10000000   134.7760063349
  3.10000000   2.10000000   133.8255673247
  3.20000000   2.10000000   133.1270726300
  3.30000000   2.10000000   132.6680791780
  3.40000000   2.10000000   132.4405517252
  3.50000000   2.10000000   132.4405517252

  0.00000000   2.20000000     0.0000000000
  0.10000000   2.20000000     8.6508564147
  0.20000000   2.20000000    17.3225788005
  0.30000000   2.20000000    26.0364519211
  0.40000000   2.20000000    34.8145644078
  0.50000000   2.20000000    43.6801089654
  0.60000000   2.20000000    52.6575047336
  0.70000000   2.20000000    61.7721656546
  0.80000000   2.20000000    71.0495795021
  0.90000000   2.20000000    80.5130588509
  1.00000000   2.20000000    90.1789455372
  1.10000000   2.20000000   100.0469464652
  1.20000000   2.20000000   110.0812362134
  1.30000000   2.20000000   120.1745403012
  1.40000000   2.20000000   130.0834734418
  1.50000000   2.20000000   139.3276237052
  1.60000000   2.20000000   147.0972318246
  1.70000000   2.20000000   152.4328093134
  1.80000000   2.20000000   155.3081902060
  1.90000000   2.20000000   155.9330747722
  2.00000000   2.20000000   154.6421595605
  2.10000000   2.20000000   152.2906466301
  2.20000000   2.20000000   149.5352705985
  2.30000000   2.20000000   146.7531691020
  2.40000000   2.20000000   144.1326017531
  2.50000000   2.20000000   141.7564455247
  2.60000000   2.20000000   139.6534838845
  2.70000000   2.20000000   137.8263700155
  2.80000000   2.20000000   136.2661987628
  2.90000000   2.20000000   134.9599285056
  3.00000000   2.20000000   133.8940764908
  3.10000000   2.20000000   133.0564919407
  3.20000000   2.20000000   132.4371508968
  3.30000000   2.20000000   132.0284682653
  3.40000000   2.20000000   131.8253880035
  3.50000000   2.20000000   131.8253880035

  0.00000000   2.30000000     0.0000000000
  0.10000000   2.30000000     8.5144571423
  0.20000000   2.30000000    17.0438894566
  0.30000000   2.30000000    25.6033076616
  0.40000000   2.30000000    34.2077224027
  0.50000000   2.30000000    42.8719459816
  0.60000000   2.30000000    51.6100937109
  0.70000000   2.30000000    60.4345623793
  0.80000000   2.30000000    69.3541176346
  0.90000000   2.30000000    78.3704803465
  1.00000000   2.30000000    87.4724176511
  1.10000000   2.30000000    96.6257839708
  1.20000000   2.30000000   105.7573093028
  1.30000000   2.30000000   114.7297753053
  1.40000000   2.30000000   123.3086591182
  1.50000000   2.30000000   131.1311807691
  1.60000000   2.30000000   137.7188297974
  1.70000000   2.30000000   142.6218921397
  1.80000000   2.30000000   145.7245226763
  1.90000000   2.30000000   147.1310099033
  2.00000000   2.30000000   147.1091766420
  2.10000000   2.30000000   146.1139536412
  2.20000000   2.30000000   144.5704094925
  2.30000000   2.30000000   142.7866980719
  2.40000000   2.30000000   140.9590601772
  2.50000000   2.30000000   139.2029068132
  2.60000000   2.30000000   137.5818692309
  2.70000000   2.30000000   136.1284753944
  2.80000000   2.30000000   134.8573878188
  2.90000000   2.30000000   133.7734645458
  3.00000000   2.30000000   132.8765367326
  3.10000000   2.30000000   132.1641902578
  3.20000000   2.30000000   131.6333599744
  3.30000000   2.30000000   131.2812266155
  3.40000000   2.30000000   131.1057071753
  3.50000000   2.30000000   131.1057071753

  0.00000000   2.40000000     0.0000000000
  0.10000000   2.40000000     8.3656623945
  0.20000000   2.40000000    16.7403517294
  0.30000000   2.40000000    25.1328184548
  0.40000000   2.40000000    33.5511717712
  0.50000000   2.40000000    42.0023207563
  0.60000000   2.40000000    50.4910775062
  0.70000000   2.40000000    59.0187144090
  0.80000000   2.40000000    67.5806707257
  0.90000000   2.40000000    76.1629702206
  1.00000000   2.40000000    84.7367561789
  1.10000000   2.40000000    93.2502448411
  1.20000000   2.40000000   101.6175662128
  1.30000000   2.40000000   109.7049645863
  1.40000000   2.40000000   117.3178285526
  1.50000000   2.40000000   124.1986445645
  1.60000000   2.40000000   130.0558562987
  1.70000000   2.40000000   134.6447143858
  1.80000000   2.40000000   137.8736104033
  1.90000000   2.40000000   139.7981089031
  2.00000000   2.40000000   140.5955216486
  2.10000000   2.40000000   140.5371762602
  2.20000000   2.40000000   139.9031932041
  2.30000000   2.40000000   138.9274751680
  2.40000000   2.40000000   137.7829766581
  2.50000000   2.40000000   136.5884722515
  2.60000000   2.40000000   135.4216872322
  2.70000000   2.40000000   134.3317366700
  2.80000000   2.40000000   133.3487570043
  2.90000000   2.40000000   132.4907062030
  3.00000000   2.40000000   131.7679323293
  3.10000000   2.40000000   131.1861527364
  3.20000000   2.40000000   130.7483563967
  3.30000000   2.40000000   130.4559940953
  3.40000000   2.40000000   130.3097001769
  3.50000000   2.40000000   130.3097001769

  0.00000000   2.50000000     0.0000000000
  0.10000000   2.50000000     8.2105181542
  0.20000000   2.50000000    16.4243729759
  0.30000000   2.50000000    24.6444010726
  0.40000000   2.50000000    32.8723511785
  0.50000000   2.50000000    41.1081088799
  0.60000000   2.50000000    49.3486099120
  0.70000000   2.50000000    57.5862818027
  0.80000000   2.50000000    65.8068090450
  0.90000000   2.50000000    73.9859773868
  1.00000000   2.50000000    82.0853544181
  1.10000000   2.50000000    90.0466903329
  1.20000000   2.50000000    97.7853444190
  1.30000000   2.50000000   105.1840473962
  1.40000000   2.50000000   112.0902313758
  1.50000000   2.50000000   118.3229121656
  1.60000000   2.50000000   123.6967905243
  1.70000000   2.50000000   128.0659025395
  1.80000000   2.50000000   131.3689532747
  1.90000000   2.50000000   133.6382460868
  2.00000000   2.50000000   134.9882510290
  2.10000000   2.50000000   135.5917445118
  2.20000000   2.50000000   135.6386995113
  2.30000000   2.50000000   135.3033049241
  2.40000000   2.50000000   134.7283063636
  2.50000000   2.50000000   134.0225962728
  2.60000000   2.50000000   133.2654718283
  2.70000000   2.50000000   132.5129442508
  2.80000000   2.50000000   131.8037811665
  2.90000000   2.50000000   131.1644410724
  3.00000000   2.50000000   130.6127872034
  3.10000000   2.50000000   130.1607495257
  3.20000000   2.50000000   129.8161689448
  3.30000000   2.50000000   129.5840361710
  3.40000000   2.50000000   129.4672899425
  3.50000000   2.50000000   129.4672899425

  0.00000000   2.60000000     0.0000000000
  0.10000000   2.60000000     8.0548172518
  0.20000000   2.60000000    16.1077656784
  0.30000000   2.60000000    24.1563408920
  0.40000000   2.60000000    32.1966921393
  0.50000000   2.60000000    40.2227550361
  0.60000000   2.60000000    48.2251358374
  0.70000000   2.60000000    56.1896430873
  0.80000000   2.60000000    64.0953569395
  0.90000000   2.60000000    71.9121445170
  1.00000000   2.60000000    79.5976043787
  1.10000000   2.60000000    87.0936119300
  1.20000000   2.60000000    94.3230250010
  1.30000000   2.60000000   101.1877799851
  1.40000000   2.60000000   107.5705397729
  1.50000000   2.60000000   113.3428374175
  1.60000000   2.60000000   118.3820810378
  1.70000000   2.60000000   122.5958524570
  1.80000000   2.60000000   125.9443033539
  1.90000000   2.60000000   128.4479198965
  2.00000000   2.60000000   130.1821408890
  2.10000000   2.60000000   131.2621917187
  2.20000000   2.60000000   131.8207383849
  2.30000000   2.60000000   131.9877742788
  2.40000000   2.60000000   131.8781216664
  2.50000000   2.60000000   131.5864310836
  2.60000000   2.60000000   131.1871821845
  2.70000000   2.60000000   130.7371782761
  2.80000000   2.60000000   130.2788365759
  2.90000000   2.60000000   129.8433663433
  3.00000000   2.60000000   129.4534567041
  3.10000000   2.60000000   129.1253854484
  3.20000000   2.60000000   128.8705913308
  3.30000000   2.60000000   128.6967960027
  3.40000000   2.60000000   128.6087627913
  3.50000000   2.60000000   128.6087627913

  0.00000000   2.70000000     0.0000000000
  0.10000000   2.70000000     7.9038687669
  0.20000000   2.70000000    15.8012865177
  0.30000000   2.70000000    23.6851067960
  0.40000000   2.70000000    31.5467355605
  0.50000000   2.70000000    39.3752644238
  0.60000000   2.70000000    47.1564306750
  0.70000000   2.70000000    54.8713494336
  0.80000000   2.70000000    62.4949797744
  0.90000000   2.70000000    69.9943294003
  1.00000000   2.70000000    77.3264927761
  1.10000000   2.70000000    84.4367838691
  1.20000000   2.70000000    91.2574924008
  1.30000000   2.70000000    97.7081541070
  1.40000000   2.70000000   103.6985729066
  1.50000000   2.70000000   109.1358578128
  1.60000000   2.70000000   113.9358920278
  1.70000000   2.70000000   118.0374643247
  1.80000000   2.70000000   121.4144426840
  1.90000000   2.70000000   124.0808779494
  2.00000000   2.70000000   126.0883036766
  2.10000000   2.70000000   127.5166634396
  2.20000000   2.70000000   128.4613301742
  2.30000000   2.70000000   129.0204948078
  2.40000000   2.70000000   129.2859572599
  2.50000000   2.70000000   129.3380378668
  2.60000000   2.70000000   129.2438308503
  2.70000000   2.70000000   129.0575814431
  2.80000000   2.70000000   128.8221302300
  2.90000000   2.70000000   128.5707112282
  3.00000000   2.70000000   128.3287006732
  3.10000000   2.70000000   128.1151286897
  3.20000000   2.70000000   127.9438924882
  3.30000000   2.70000000   127.8246733793
  3.40000000   2.70000000   127.7635851196
  3.50000000   2.70000000   127.7635851196

  0.00000000   2.80000000     0.0000000000
  0.10000000   2.80000000     7.7623559595
  0.20000000   2.80000000    15.5143645888
  0.30000000   2.80000000    23.2449803646
  0.40000000   2.80000000    30.9417244408
  0.50000000   2.80000000    38.5898774973
  0.60000000   2.80000000    46.1715707557
  0.70000000   2.80000000    53.6647575008
  0.80000000   2.80000000    61.0420722773
  0.90000000   2.80000000    68.2696309514
  1.00000000   2.80000000    75.3059024690
  1.10000000   2.80000000    82.1009011454
  1.20000000   2.80000000    88.5961039976
  1.30000000   2.80000000    94.7256575312
  1.40000000   2.80000000   100.4195103791
  1.50000000   2.80000000   105.6089231439
  1.60000000   2.80000000   110.2341661990
  1.70000000   2.80000000   114.2530961942
  1.80000000   2.80000000   117.6482110305
  1.90000000   2.80000000   120.4298197538
  2.00000000   2.80000000   122.6345899816
  2.10000000   2.80000000   124.3201064376
  2.20000000   2.80000000   125.5569860096
  2.30000000   2.80000000   126.4207446233
  2.40000000   2.80000000   126.9851677740
  2.50000000   2.80000000   127.3179176465
  2.60000000   2.80000000   127.4782602226
  2.70000000   2.80000000   127.5163821863
  2.80000000   2.80000000   127.4737024880
  2.90000000   2.80000000   127.3836925708
  3.00000000   2.80000000   127.2728729783
  3.10000000   2.80000000   127.1617883599
  3.20000000   2.80000000   127.0658585219
  3.30000000   2.80000000   126.9960624307
  3.40000000   2.80000000   126.9594441787
  3.50000000   2.80000000   126.9594441787

  0.00000000   2.90000000     0.0000000000
  0.10000000   2.90000000     7.6342704799
  0.20000000   2.90000000    15.2549882757
  0.30000000   2.90000000    22.8479371164
  0.40000000   2.90000000    30.3975545567
  0.50000000   2.90000000    37.8862147228
  0.60000000   2.90000000    45.2934685120
  0.70000000   2.90000000    52.5952478982
  0.80000000   2.90000000    59.7630656636
  0.90000000   2.90000000    66.7632807100
  1.00000000   2.90000000    73.5565552824
  1.10000000   2.90000000    80.0977028543
  1.20000000   2.90000000    86.3362023692
  1.30000000   2.90000000    92.2177047997
  1.40000000   2.90000000    97.6868236051
  1.50000000   2.90000000   102.6913041562
  1.60000000   2.90000000   107.1872554987
  1.70000000   2.90000000   111.1445671504
  1.80000000   2.90000000   114.5512037930
  1.90000000   2.90000000   117.4151748737
  2.00000000   2.90000000   119.7636945445
  2.10000000   2.90000000   121.6398276384
  2.20000000   2.90000000   123.0975096163
  2.30000000   2.90000000   124.1961456132
  2.40000000   2.90000000   124.9958330061
  2.50000000   2.90000000   125.5537849395
  2.60000000   2.90000000   125.9220638445
  2.70000000   2.90000000   126.1464345524
  2.80000000   2.90000000   126.2660294719
  2.90000000   2.90000000   126.3135231081
  3.00000000   2.90000000   126.3155740830
  3.10000000   2.90000000   126.2933653557
  3.20000000   2.90000000   126.2631357690
  3.30000000   2.90000000   126.2366416502
  3.40000000   2.90000000   126.2215168412
  3.50000000   2.90000000   126.2215168412

  0.00000000   3.00000000     0.0000000000
  0.10000000   3.00000000     7.5229044691
  0.20000000   3.00000000    15.0297092004
  0.30000000   3.00000000    22.5037048818
  0.40000000   3.00000000    29.9269586653
  0.50000000   3.00000000    37.2796951200
  0.60000000   3.00000000    44.5396794153
  0.70000000   3.00000000    51.6816235628
  0.80000000   3.00000000    58.6766570031
  0.90000000   3.00000000    65.4919312802
  1.00000000   3.00000000    72.0904643444
  1.10000000   3.00000000    78.4313685113
  1.20000000   3.00000000    84.4706355041
  1.30000000   3.00000000    90.1626505556
  1.40000000   3.00000000    95.4625442719
  1.50000000   3.00000000   100.3293361074
  1.60000000   3.00000000   104.7295744520
  1.70000000   3.00000000   108.6408974328
  1.80000000   3.00000000   112.0547670276
  1.90000000   3.00000000   114.9777205617
  2.00000000   3.00000000   117.4308466578
  2.10000000   3.00000000   119.4476318119
  2.20000000   3.00000000   121.0706828712
  2.30000000   3.00000000   122.3480175380
  2.40000000   3.00000000   123.3295652705
  2.50000000   3.00000000   124.0643013171
  2.60000000   3.00000000   124.5981793188
  2.70000000   3.00000000   124.9728295971
  2.80000000   3.00000000   125.2248814214
  2.90000000   3.00000000   125.3857339528
  3.00000000   3.00000000   125.4816129832
  3.10000000   3.00000000   125.5337830983
  3.20000000   3.00000000   125.5588207897
  3.30000000   3.00000000   125.5688850768
  3.40000000   3.00000000   125.5719457487
  3.50000000   3.00000000   125.5719457487

  0.00000000   3.10000000     0.0000000000
  0.10000000   3.10000000     7.4308808283
  0.20000000   3.10000000    14.8437207218
  0.30000000   3.10000000    22.2199279511
  0.40000000   3.10000000    29.5398157327
  0.50000000   3.10000000    36.7820744561
  0.60000000   3.10000000    43.9232773995
  0.70000000   3.10000000    50.9374479856
  0.80000000   3.10000000    57.7957318088
  0.90000000   3.10000000    64.4662353923
  1.00000000   3.10000000    70.9141136768
  1.10000000   3.10000000    77.1020045641
  1.20000000   3.10000000    82.9909124262
  1.30000000   3.10000000    88.5416202932
  1.40000000   3.10000000    93.7166480296
  1.50000000   3.10000000    98.4826631035
  1.60000000   3.10000000   102.8131027061
  1.70000000   3.10000000   106.6906235968
  1.80000000   3.10000000   110.1089294045
  1.90000000   3.10000000   113.0735954616
  2.00000000   3.10000000   115.6017141430
  2.10000000   3.10000000   117.7204375261
  2.20000000   3.10000000   119.4647121119
  2.30000000   3.10000000   120.8746209106
  2.40000000   3.10000000   121.9927425984
  2.50000000   3.10000000   122.8618330374
  2.60000000   3.10000000   123.5229917775
  2.70000000   3.10000000   124.0143486212
  2.80000000   3.10000000   124.3702192003
  2.90000000   3.10000000   124.6206357576
  3.00000000   3.10000000   124.7911492383
  3.10000000   3.10000000   124.9028079621
  3.20000000   3.10000000   124.9722357314
  3.30000000   3.10000000   125.0117513090
  3.40000000   3.10000000   125.0294882878
  3.50000000   3.10000000   125.0294882878

  0.00000000   3.20000000     0.0000000000
  0.10000000   3.20000000     7.3602037053
  0.20000000   3.20000000    14.7009735689
  0.30000000   3.20000000    22.0023775451
  0.40000000   3.20000000    29.2435012233
  0.50000000   3.20000000    36.4019946547
  0.60000000   3.20000000    43.4536728632
  0.70000000   3.20000000    50.3722011587
  0.80000000   3.20000000    57.1289068627
  0.90000000   3.20000000    63.6927702671
  1.00000000   3.20000000    70.0306569753
  1.10000000   3.20000000    76.1078569103
  1.20000000   3.20000000    81.8889861192
  1.30000000   3.20000000    87.3392789693
  1.40000000   3.20000000    92.4262449194
  1.50000000   3.20000000    97.1215863985
  1.60000000   3.20000000   101.4031849218
  1.70000000   3.20000000   105.2568885508
  1.80000000   3.20000000   108.6778108321
  1.90000000   3.20000000   111.6709050224
  2.00000000   3.20000000   114.2507017493
  2.10000000   3.20000000   116.4402535819
  2.20000000   3.20000000   118.2694679787
  2.30000000   3.20000000   119.7730930337
  2.40000000   3.20000000   120.9886315746
  2.50000000   3.20000000   121.9544094476
  2.60000000   3.20000000   122.7079424833
  2.70000000   3.20000000   123.2846636941
  2.80000000   3.20000000   123.7170069263
  2.90000000   3.20000000   124.0338020405
  3.00000000   3.20000000   124.2599175046
  3.10000000   3.20000000   124.4160829719
  3.20000000   3.20000000   124.5188305835
  3.30000000   3.20000000   124.5805043413
  3.40000000   3.20000000   124.6092986870
  3.50000000   3.20000000   124.6092986870

  0.00000000   3.30000000     0.0000000000
  0.10000000   3.30000000     7.3123145274
  0.20000000   3.30000000    14.6042988855
  0.30000000   3.30000000    21.8551635670
  0.40000000   3.30000000    29.0432190334
  0.50000000   3.30000000    36.1454747339
  0.60000000   3.30000000    43.1373035540
  0.70000000   3.30000000    49.9922037852
  0.80000000   3.30000000    56.6816978627
  0.90000000   3.30000000    63.1754134091
  1.00000000   3.30000000    69.4413950326
  1.10000000   3.30000000    75.4466913861
  1.20000000   3.30000000    81.1582471643
  1.30000000   3.30000000    86.5441003804
  1.40000000   3.30000000    91.5748402091
  1.50000000   3.30000000    96.2252236517
  1.60000000   3.30000000   100.4757912294
  1.70000000   3.30000000   104.3142806514
  1.80000000   3.30000000   107.7366325100
  1.90000000   3.30000000   110.7474250819
  2.00000000   3.30000000   113.3596606939
  2.10000000   3.30000000   115.5939311837
  2.20000000   3.30000000   117.4770856303
  2.30000000   3.30000000   119.0405855666
  2.40000000   3.30000000   120.3187497404
  2.50000000   3.30000000   121.3470662284
  2.60000000   3.30000000   122.1606997429
  2.70000000   3.30000000   122.7932644481
  2.80000000   3.30000000   123.2758815747
  2.90000000   3.30000000   123.6365038408
  3.00000000   3.30000000   123.8994664911
  3.10000000   3.30000000   124.0852153947
  3.20000000   3.30000000   124.2101624258
  3.30000000   3.30000000   124.2866237348
  3.40000000   3.30000000   124.3228047190
  3.50000000   3.30000000   124.3228047190

  0.00000000   3.40000000     0.0000000000
  0.10000000   3.40000000     7.2881425846
  0.20000000   3.40000000    14.5555169561
  0.30000000   3.40000000    21.7809160844
  0.40000000   3.40000000    28.9422761139
  0.50000000   3.40000000    36.0163021232
  0.60000000   3.40000000    42.9781646411
  0.70000000   3.40000000    49.8012991921
  0.80000000   3.40000000    56.4573465904
  0.90000000   3.40000000    62.9162755975
  1.00000000   3.40000000    69.1467295049
  1.10000000   3.40000000    75.1166312398
  1.20000000   3.40000000    80.7940646917
  1.30000000   3.40000000    86.1484210649
  1.40000000   3.40000000    91.1517586325
  1.50000000   3.40000000    95.7802769403
  1.60000000   3.40000000   100.0157620346
  1.70000000   3.40000000   103.8468312483
  1.80000000   3.40000000   107.2698077420
  1.90000000   3.40000000   110.2890929158
  2.00000000   3.40000000   112.9169738713
  2.10000000   3.40000000   115.1728869697
  2.20000000   3.40000000   117.0822359325
  2.30000000   3.40000000   118.6749155817
  2.40000000   3.40000000   119.9837107622
  2.50000000   3.40000000   121.0427258056
  2.60000000   3.40000000   121.8859631433
  2.70000000   3.40000000   122.5461235894
  2.80000000   3.40000000   123.0536568600
  2.90000000   3.40000000   123.4360561722
  3.00000000   3.40000000   123.7173678610
  3.10000000   3.40000000   123.9178751836
  3.20000000   3.40000000   124.0539124601
  3.30000000   3.40000000   124.1377686239
  3.40000000   3.40000000   124.1776456772
  3.50000000   3.40000000   124.1776456772

  0.00000000   3.50000000     0.0000000000
  0.10000000   3.50000000     7.2881425846
  0.20000000   3.50000000    14.5555169561
  0.30000000   3.50000000    21.7809160844
  0.40000000   3.50000000    28.9422761139
  0.50000000   3.50000000    36.0163021232
  0.60000000   3.50000000    42.9781646411
  0.70000000   3.50000000    49.8012991921
  0.80000000   3.50000000    56.4573465904
  0.90000000   3.50000000    62.9162755975
  1.00000000   3.50000000    69.1467295049
  1.10000000   3.50000000    75.1166312398
  1.20000000   3.50000000    80.7940646917
  1.30000000   3.50000000    86.1484210649
  1.40000000   3.50000000    91.1517586325
  1.50000000   3.50000000    95.7802769403
  1.60000000   3.50000000   100.0157620346
  1.70000000   3.50000000   103.8468312483
  1.80000000   3.50000000   107.2698077420
  1.90000000   3.50000000   110.2890929158
  2.00000000   3.50000000   112.9169738713
  2.10000000   3.50000000   115.1728869697
  2.20000000   3.50000000   117.0822359325
  2.30000000   3.50000000   118.6749155817
  2.40000000   3.50000000   119.9837107622
  2.50000000   3.50000000   121.0427258056
  2.60000000   3.50000000   121.8859631433
  2.70000000   3.50000000   122.5461235894
  2.80000000   3.50000000   123.0536568600
  2.90000000   3.50000000   123.4360561722
  3.00000000   3.50000000   123.7173678610
  3.10000000   3.50000000   123.9178751836
  3.20000000   3.50000000   124.0539124601
  3.30000000   3.50000000   124.1377686239
  3.40000000   3.50000000   124.1776456772
  3.50000000   3.50000000   124.1776456772

