  0.00000000   0.00000000     0.0000000000
  0.10000000   0.00000000     3.3696943272
  0.20000000   0.00000000     6.7334307124
  0.30000000   0.00000000    10.0841975585
  0.40000000   0.00000000    13.4129846086
  0.50000000   0.00000000    16.7077935747
  0.60000000   0.00000000    19.9529784353
  0.70000000   0.00000000    23.1285358137
  0.80000000   0.00000000    26.2099509175
  0.90000000   0.00000000    29.1680472311
  1.00000000   0.00000000    31.9695989524
  1.10000000   0.00000000    34.5780344871
  1.20000000   0.00000000    36.9550155159
  1.30000000   0.00000000    39.0621300215
  1.40000000   0.00000000    40.8633449145
  1.50000000   0.00000000    42.3273889796
  1.60000000   0.00000000    43.4304431552
  1.70000000   0.00000000    44.1583351600
  1.80000000   0.00000000    44.5083663045
  1.90000000   0.00000000    44.4902221245
  2.00000000   0.00000000    44.1260128550
  2.10000000   0.00000000    43.4493796388
  2.20000000   0.00000000    42.5037335863
  2.30000000   0.00000000    41.3400449448
  2.40000000   0.00000000    40.0141664273
  2.50000000   0.00000000    38.5843576613
  2.60000000   0.00000000    37.1087470325
  2.70000000   0.00000000    35.6434218684
  2.80000000   0.00000000    34.2406184803
  2.90000000   0.00000000    32.9476366566
  3.00000000   0.00000000    31.8058143434
  3.10000000   0.00000000    30.8501030316
  3.20000000   0.00000000    30.1086052067
  3.30000000   0.00000000    29.6025077056
  3.40000000   0.00000000    29.3459227130
  3.50000000   0.00000000    29.3459227130

  0.00000000   0.10000000     0.0000000000
  0.10000000   0.10000000     3.3696943272
  0.20000000   0.10000000     6.7334307124
  0.30000000   0.10000000    10.0841975585
  0.40000000   0.10000000    13.4129846086
  0.50000000   0.10000000    16.7077935747
  0.60000000   0.10000000    19.9529784353
  0.70000000   0.10000000    23.1285358137
  0.80000000   0.10000000    26.2099509175
  0.90000000   0.10000000    29.1680472311
  1.00000000   0.10000000    31.9695989524
  1.10000000   0.10000000    34.5780344871
  1.20000000   0.10000000    36.9550155159
  1.30000000   0.10000000    39.0621300215
  1.40000000   0.10000000    40.8633449145
  1.50000000   0.10000000    42.3273889796
  1.60000000   0.10000000    43.4304431552
  1.70000000   0.10000000    44.1583351600
  1.80000000   0.10000000    44.5083663045
  1.90000000   0.10000000    44.4902221245
  2.00000000   0.10000000    44.1260128550
  2.10000000   0.10000000    43.4493796388
  2.20000000   0.10000000    42.5037335863
  2.30000000   0.10000000    41.3400449448
  2.40000000   0.10000000    40.0141664273
  2.50000000   0.10000000    38.5843576613
  2.60000000   0.10000000    37.1087470325
  2.70000000   0.10000000    35.6434218684
  2.80000000   0.10000000    34.2406184803
  2.90000000   0.10000000    32.9476366566
  3.00000000   0.10000000    31.8058143434
  3.10000000   0.10000000    30.8501030316
  3.20000000   0.10000000    30.1086052067
  3.30000000   0.10000000    29.6025077056
  3.40000000   0.10000000    29.3459227130
  3.50000000   0.10000000    29.3459227130

  0.00000000   0.20000000     0.0000000000
  0.10000000   0.20000000     3.4112440360
  0.20000000   0.20000000     6.8172368758
  0.30000000   0.20000000    10.2117072345
  0.40000000   0.20000000    13.5861842998
  0.50000000   0.20000000    16.9292884331
  0.60000000   0.20000000    20.2255823645
  0.70000000   0.20000000    23.4553402052
  0.80000000   0.20000000    26.5937034398
  0.90000000   0.20000000    29.6111502218
  1.00000000   0.20000000    32.4733185163
  1.10000000   0.20000000    35.1424265981
  1.20000000   0.20000000    37.5781132997
  1.30000000   0.20000000    39.7399248670
  1.40000000   0.20000000    41.5892400244
  1.50000000   0.20000000    43.0924795416
  1.60000000   0.20000000    44.2235497192
  1.70000000   0.20000000    44.9667371868
  1.80000000   0.20000000    45.3184644072
  1.90000000   0.20000000    45.2885178713
  2.00000000   0.20000000    44.9000288757
  2.10000000   0.20000000    44.1883829665
  2.20000000   0.20000000    43.1994124182
  2.30000000   0.20000000    41.9866115794
  2.40000000   0.20000000    40.6085904215
  2.50000000   0.20000000    39.1259040245
  2.60000000   0.20000000    37.5989237826
  2.70000000   0.20000000    36.0852676205
  2.80000000   0.20000000    34.6386083703
  2.90000000   0.20000000    33.3070038198
  3.00000000   0.20000000    32.1325404336
  3.10000000   0.20000000    31.1504151422
  3.20000000   0.20000000    30.3890464707
  3.30000000   0.20000000    29.8696397961
  3.40000000   0.20000000    29.6064080697
  3.50000000   0.20000000    29.6064080697

  0.00000000   0.30000000     0.0000000000
  0.10000000   0.30000000     3.4934936672
  0.20000000   0.30000000     6.9832467250
  0.30000000   0.30000000    10.4643046917
  0.40000000   0.30000000    13.9296390113
  0.50000000   0.30000000    17.3687193711
  0.60000000   0.30000000    20.7671234906
  0.70000000   0.30000000    24.1051245160
  0.80000000   0.30000000    27.3579321411
  0.90000000   0.30000000    30.4946641742
  1.00000000   0.30000000    33.4794737859
  1.10000000   0.30000000    36.2714068140
  1.20000000   0.30000000    38.8267123594
  1.30000000   0.30000000    41.1000401647
  1.40000000   0.30000000    43.0479850918
  1.50000000   0.30000000    44.6315680071
  1.60000000   0.30000000    45.8202889723
  1.70000000   0.30000000    46.5948191899
  1.80000000   0.30000000    46.9498774154
  1.90000000   0.30000000    46.8953929426
  2.00000000   0.30000000    46.4566033006
  2.10000000   0.30000000    45.6727941733
  2.20000000   0.30000000    44.5946126649
  2.30000000   0.30000000    43.2812564352
  2.40000000   0.30000000    41.7965725545
  2.50000000   0.30000000    40.2063866990
  2.60000000   0.30000000    38.5750173980
  2.70000000   0.30000000    36.9637615120
  2.80000000   0.30000000    35.4284954239
  2.90000000   0.30000000    34.0193312616
  3.00000000   0.30000000    32.7792128108
  3.10000000   0.30000000    31.7442624509
  3.20000000   0.30000000    30.9430434538
  3.30000000   0.30000000    30.3970860686
  3.40000000   0.30000000    30.1205440961
  3.50000000   0.30000000    30.1205440961

  0.00000000   0.40000000     0.0000000000
  0.10000000   0.40000000     3.6147816517
  0.20000000   0.40000000     7.2280634513
  0.30000000   0.40000000    10.8372378201
  0.40000000   0.40000000    14.4370657644
  0.50000000   0.40000000    18.0190552868
  0.60000000   0.40000000    21.5696665920
  0.70000000   0.40000000    25.0702557364
  0.80000000   0.40000000    28.4953090704
  0.90000000   0.40000000    31.8131400073
  1.00000000   0.40000000    34.9846862889
  1.10000000   0.40000000    37.9653379009
  1.20000000   0.40000000    40.7050511048
  1.30000000   0.40000000    43.1517689891
  1.40000000   0.40000000    45.2534712990
  1.50000000   0.40000000    46.9631355292
  1.60000000   0.40000000    48.2422988408
  1.70000000   0.40000000    49.0660325097
  1.80000000   0.40000000    49.4258746549
  1.90000000   0.40000000    49.3320565492
  2.00000000   0.40000000    48.8134263899
  2.10000000   0.40000000    47.9154657068
  2.20000000   0.40000000    46.6972083798
  2.30000000   0.40000000    45.2265107809
  2.40000000   0.40000000    43.5763131043
  2.50000000   0.40000000    41.8198690828
  2.60000000   0.40000000    40.0284201334
  2.70000000   0.40000000    38.2678427846
  2.80000000   0.40000000    36.5981031822
  2.90000000   0.40000000    35.0713236064
  3.00000000   0.40000000    33.7323661184
  3.10000000   0.40000000    32.6178180457
  3.20000000   0.40000000    31.7569322383
  3.30000000   0.40000000    31.1711191668
  3.40000000   0.40000000    30.8747021016
  3.50000000   0.40000000    30.8747021016

  0.00000000   0.50000000     0.0000000000
  0.10000000   0.50000000     3.7724502690
  0.20000000   0.50000000     7.5466391307
  0.30000000   0.50000000    11.3228580003
  0.40000000   0.50000000    15.0990411308
  0.50000000   0.50000000    18.8688152341
  0.60000000   0.50000000    22.6211159652
  0.70000000   0.50000000    26.3379032661
  0.80000000   0.50000000    29.9943618670
  0.90000000   0.50000000    33.5567072983
  1.00000000   0.50000000    36.9832700784
  1.10000000   0.50000000    40.2232277747
  1.20000000   0.50000000    43.2192708199
  1.30000000   0.50000000    45.9084835386
  1.40000000   0.50000000    48.2274132800
  1.50000000   0.50000000    50.1158951400
  1.60000000   0.50000000    51.5240823226
  1.70000000   0.50000000    52.4176786663
  1.80000000   0.50000000    52.7835667028
  1.90000000   0.50000000    52.6322739056
  2.00000000   0.50000000    51.9981046760
  2.10000000   0.50000000    50.9364684609
  2.20000000   0.50000000    49.5185498739
  2.30000000   0.50000000    47.8259023754
  2.40000000   0.50000000    45.9437256731
  2.50000000   0.50000000    43.9568159482
  2.60000000   0.50000000    41.9447155477
  2.70000000   0.50000000    39.9804680405
  2.80000000   0.50000000    38.1280132602
  2.90000000   0.50000000    36.4429106966
  3.00000000   0.50000000    34.9711172253
  3.10000000   0.50000000    33.7504355756
  3.20000000   0.50000000    32.8099371161
  3.30000000   0.50000000    32.1712820020
  3.40000000   0.50000000    31.8484401842
  3.50000000   0.50000000    31.8484401842

  0.00000000   0.60000000     0.0000000000
  0.10000000   0.60000000     3.9629658807
  0.20000000   0.60000000     7.9317460141
  0.30000000   0.60000000    11.9109089593
  0.40000000   0.60000000    15.9018980317
  0.50000000   0.60000000    19.9023274931
  0.60000000   0.60000000    23.9034746519
  0.70000000   0.60000000    27.8900196770
  0.80000000   0.60000000    31.8371204994
  0.90000000   0.60000000    35.7106729860
  1.00000000   0.60000000    39.4646135815
  1.10000000   0.60000000    43.0422971834
  1.20000000   0.60000000    46.3754508251
  1.30000000   0.60000000    49.3880980351
  1.40000000   0.60000000    51.9992743010
  1.50000000   0.60000000    54.1309478949
  1.60000000   0.60000000    55.7151858631
  1.70000000   0.60000000    56.7041243148
  1.80000000   0.60000000    57.0769455704
  1.90000000   0.60000000    56.8446948164
  2.00000000   0.60000000    56.0501301374
  2.10000000   0.60000000    54.7631832895
  2.20000000   0.60000000    53.0737695640
  2.30000000   0.60000000    51.0822092681
  2.40000000   0.60000000    48.8918974131
  2.50000000   0.60000000    46.6017513801
  2.60000000   0.60000000    44.3032200189
  2.70000000   0.60000000    42.0765825344
  2.80000000   0.60000000    39.9915390219
  2.90000000   0.60000000    38.1058669249
  3.00000000   0.60000000    36.4674672170
  3.10000000   0.60000000    35.1139180325
  3.20000000   0.60000000    34.0745383828
  3.30000000   0.60000000    33.3701905120
  3.40000000   0.60000000    33.0146861946
  3.50000000   0.60000000    33.0146861946

  0.00000000   0.70000000     0.0000000000
  0.10000000   0.70000000     4.1815997005
  0.20000000   0.70000000     8.3742893781
  0.30000000   0.70000000    12.5875304088
  0.40000000   0.70000000    16.8281544124
  0.50000000   0.70000000    21.0979452341
  0.60000000   0.70000000    25.3930308392
  0.70000000   0.70000000    29.7006413788
  0.80000000   0.70000000    33.9986934687
  0.90000000   0.70000000    38.2519880840
  1.00000000   0.70000000    42.4121623654
  1.10000000   0.70000000    46.4143830896
  1.20000000   0.70000000    50.1789673723
  1.30000000   0.70000000    53.6112271828
  1.40000000   0.70000000    56.6078131220
  1.50000000   0.70000000    59.0635216443
  1.60000000   0.70000000    60.8845701318
  1.70000000   0.70000000    62.0013812090
  1.80000000   0.70000000    62.3816617683
  1.90000000   0.70000000    62.0369699938
  2.00000000   0.70000000    61.0227934229
  2.10000000   0.70000000    59.4316078589
  2.20000000   0.70000000    57.3801760927
  2.30000000   0.70000000    54.9966489264
  2.40000000   0.70000000    52.4078146607
  2.50000000   0.70000000    49.7321449705
  2.60000000   0.70000000    47.0738455359
  2.70000000   0.70000000    44.5226671461
  2.80000000   0.70000000    42.1524810523
  2.90000000   0.70000000    40.0240390531
  3.00000000   0.70000000    38.1850138500
  3.10000000   0.70000000    36.6730589949
  3.20000000   0.70000000    35.5159774104
  3.30000000   0.70000000    34.7340012816
  3.40000000   0.70000000    34.3398359185
  3.50000000   0.70000000    34.3398359185

  0.00000000   0.80000000     0.0000000000
  0.10000000   0.80000000     4.4226549033
  0.20000000   0.80000000     8.8625916029
  0.30000000   0.80000000    13.3358110780
  0.40000000   0.80000000    17.8549664260
  0.50000000   0.80000000    22.4285396017
  0.60000000   0.80000000    27.0577424443
  0.70000000   0.80000000    31.7357288013
  0.80000000   0.80000000    36.4433264835
  0.90000000   0.80000000    41.1479282060
  1.00000000   0.80000000    45.7983571482
  1.10000000   0.80000000    50.3238579420
  1.20000000   0.80000000    54.6299885163
  1.30000000   0.80000000    58.6006755315
  1.40000000   0.80000000    62.1006092628
  1.50000000   0.80000000    64.9871230966
  1.60000000   0.80000000    67.1260301816
  1.70000000   0.80000000    68.4148170355
  1.80000000   0.80000000    68.8024482991
  1.90000000   0.80000000    68.3013387976
  2.00000000   0.80000000    66.9869904390
  2.10000000   0.80000000    64.9860866504
  2.20000000   0.80000000    62.4564870040
  2.30000000   0.80000000    59.5647057972
  2.40000000   0.80000000    56.4701371044
  2.50000000   0.80000000    53.3137923376
  2.60000000   0.80000000    50.2157231622
  2.70000000   0.80000000    47.2733215731
  2.80000000   0.80000000    44.5649957428
  2.90000000   0.80000000    42.1513245768
  3.00000000   0.80000000    40.0795720551
  3.10000000   0.80000000    38.3847413761
  3.20000000   0.80000000    37.0930373434
  3.30000000   0.80000000    36.2223389875
  3.40000000   0.80000000    35.7842561156
  3.50000000   0.80000000    35.7842561156

  0.00000000   0.90000000     0.0000000000
  0.10000000   0.90000000     4.6791166335
  0.20000000   0.90000000     9.3829514711
  0.30000000   0.90000000    14.1346670004
  0.40000000   0.90000000    18.9549331589
  0.50000000   0.90000000    23.8593525033
  0.60000000   0.90000000    28.8576163467
  0.70000000   0.90000000    33.9495013898
  0.80000000   0.90000000    39.1233826857
  0.90000000   0.90000000    44.3503798700
  1.00000000   0.90000000    49.5815430869
  1.10000000   0.90000000    54.7404002502
  1.20000000   0.90000000    59.7197691829
  1.30000000   0.90000000    64.3764990661
  1.40000000   0.90000000    68.5350776287
  1.50000000   0.90000000    71.9972212421
  1.60000000   0.90000000    74.5678430850
  1.70000000   0.90000000    76.0904775728
  1.80000000   0.90000000    76.4846489134
  1.90000000   0.90000000    75.7638158777
  2.00000000   0.90000000    74.0350070625
  2.10000000   0.90000000    71.4799270558
  2.20000000   0.90000000    68.3181743033
  2.30000000   0.90000000    64.7722153490
  2.40000000   0.90000000    61.0424294234
  2.50000000   0.90000000    57.2976395725
  2.60000000   0.90000000    53.6720598136
  2.70000000   0.90000000    50.2702541174
  2.80000000   0.90000000    47.1705884066
  2.90000000   0.90000000    44.4321730302
  3.00000000   0.90000000    42.0977730444
  3.10000000   0.90000000    40.1990069462
  3.20000000   0.90000000    38.7577413321
  3.30000000   0.90000000    37.7892656042
  3.40000000   0.90000000    37.3027559579
  3.50000000   0.90000000    37.3027559579

  0.00000000   1.00000000     0.0000000000
  0.10000000   1.00000000     4.9430385705
  0.20000000   1.00000000     9.9190052611
  0.30000000   1.00000000    14.9598340831
  0.40000000   1.00000000    20.0946392444
  0.50000000   1.00000000    25.3490255620
  0.60000000   1.00000000    30.7419213893
  0.70000000   1.00000000    36.2843633783
  0.80000000   1.00000000    41.9742005907
  0.90000000   1.00000000    47.7929838335
  1.00000000   1.00000000    53.6973576286
  1.10000000   1.00000000    59.6125158111
  1.20000000   1.00000000    65.4201146221
  1.30000000   1.00000000    70.9503673096
  1.40000000   1.00000000    75.9751927564
  1.50000000   1.00000000    80.2181487985
  1.60000000   1.00000000    83.3862036489
  1.70000000   1.00000000    85.2337918783
  1.80000000   1.00000000    85.6324626271
  1.90000000   1.00000000    84.5975506410
  2.00000000   1.00000000    82.2867563401
  2.10000000   1.00000000    78.9722326736
  2.20000000   1.00000000    74.9714969583
  2.30000000   1.00000000    70.5852690560
  2.40000000   1.00000000    66.0665768675
  2.50000000   1.00000000    61.6117725501
  2.60000000   1.00000000    57.3672788887
  2.70000000   1.00000000    53.4378342150
  2.80000000   1.00000000    49.8981426642
  2.90000000   1.00000000    46.7995978923
  3.00000000   1.00000000    44.1783566041
  3.10000000   1.00000000    42.0585245008
  3.20000000   1.00000000    40.4568205159
  3.30000000   1.00000000    39.3836884600
  3.40000000   1.00000000    38.8456690569
  3.50000000   1.00000000    38.8456690569

  0.00000000   1.10000000     0.0000000000
  0.10000000   1.10000000     5.2053141892
  0.20000000   1.10000000    10.4526730590
  0.30000000   1.10000000    15.7831118351
  0.40000000   1.10000000    21.2361981668
  0.50000000   1.10000000    26.8479790990
  0.60000000   1.10000000    32.6503897108
  0.70000000   1.10000000    38.6674065815
  0.80000000   1.10000000    44.9129425429
  0.90000000   1.10000000    51.3835585645
  1.00000000   1.10000000    58.0520492049
  1.10000000   1.10000000    64.8534842506
  1.20000000   1.10000000    71.6704008440
  1.30000000   1.10000000    78.3100921983
  1.40000000   1.10000000    84.4858522210
  1.50000000   1.10000000    89.8093703079
  1.60000000   1.10000000    93.8287361432
  1.70000000   1.10000000    96.1388600591
  1.80000000   1.10000000    96.5381780428
  1.90000000   1.10000000    95.0452126024
  2.00000000   1.10000000    91.8956662761
  2.10000000   1.10000000    87.5216352939
  2.20000000   1.10000000    82.3983660120
  2.30000000   1.10000000    76.9371191624
  2.40000000   1.10000000    71.4493703427
  2.50000000   1.10000000    66.1547516161
  2.60000000   1.10000000    61.2001642742
  2.70000000   1.10000000    56.6820288505
  2.80000000   1.10000000    52.6612336140
  2.90000000   1.10000000    49.1766101839
  3.00000000   1.10000000    46.2515073860
  3.10000000   1.10000000    43.9006036398
  3.20000000   1.10000000    42.1321133465
  3.30000000   1.10000000    40.9510993079
  3.40000000   1.10000000    40.3599987735
  3.50000000   1.10000000    40.3599987735

  0.00000000   1.20000000     0.0000000000
  0.10000000   1.20000000     5.4562893834
  0.20000000   1.20000000    10.9639363089
  0.30000000   1.20000000    16.5740785364
  0.40000000   1.20000000    22.3367043423
  0.50000000   1.20000000    28.3007088376
  0.60000000   1.20000000    34.5117713623
  0.70000000   1.20000000    41.0117656422
  0.80000000   1.20000000    47.8342191185
  0.90000000   1.20000000    55.0006704048
  1.00000000   1.20000000    62.5101683484
  1.10000000   1.20000000    70.3263552879
  1.20000000   1.20000000    78.3519909277
  1.30000000   1.20000000    86.3941260894
  1.40000000   1.20000000    94.1127884561
  1.50000000   1.20000000   100.9735054047
  1.60000000   1.20000000   106.2543009776
  1.70000000   1.20000000   109.2366464685
  1.80000000   1.20000000   109.6292354609
  1.90000000   1.20000000   107.4572367920
  2.00000000   1.20000000   103.0551017183
  2.10000000   1.20000000    97.1661275254
  2.20000000   1.20000000    90.5307003369
  2.30000000   1.20000000    83.7033247565
  2.40000000   1.20000000    77.0476241655
  2.50000000   1.20000000    70.7840805700
  2.60000000   1.20000000    65.0405349661
  2.70000000   1.20000000    59.8868261341
  2.80000000   1.20000000    55.3596717642
  2.90000000   1.20000000    51.4756992428
  3.00000000   1.20000000    48.2415616798
  3.10000000   1.20000000    45.6577990037
  3.20000000   1.20000000    43.7230493566
  3.30000000   1.20000000    42.4348261023
  3.40000000   1.20000000    41.7912984661
  3.50000000   1.20000000    41.7912984661

  0.00000000   1.30000000     0.0000000000
  0.10000000   1.30000000     5.6858032185
  0.20000000   1.30000000    11.4323023828
  0.30000000   1.30000000    17.3002553697
  0.40000000   1.30000000    23.3510364737
  0.50000000   1.30000000    29.6460344179
  0.60000000   1.30000000    36.2473502183
  0.70000000   1.30000000    43.2160494348
  0.80000000   1.30000000    50.6118020341
  0.90000000   1.30000000    58.4880280813
  1.00000000   1.30000000    66.8863053394
  1.10000000   1.30000000    75.8209046925
  1.20000000   1.30000000    85.2531912256
  1.30000000   1.30000000    95.0387143300
  1.40000000   1.30000000   104.8354108756
  1.50000000   1.30000000   113.9547451116
  1.60000000   1.30000000   121.2175951151
  1.70000000   1.30000000   125.1689491752
  1.80000000   1.30000000   125.5405385687
  1.90000000   1.30000000   122.3715678843
  2.00000000   1.30000000   115.9948152714
  2.10000000   1.30000000   107.8754574964
  2.20000000   1.30000000    99.1985694940
  2.30000000   1.30000000    90.6671825208
  2.40000000   1.30000000    82.6461111259
  2.50000000   1.30000000    75.3081599172
  2.60000000   1.30000000    68.7244386600
  2.70000000   1.30000000    62.9161025867
  2.80000000   1.30000000    57.8797841269
  2.90000000   1.30000000    53.6026649961
  3.00000000   1.30000000    50.0683149045
  3.10000000   1.30000000    47.2613678520
  3.20000000   1.30000000    45.1682213754
  3.30000000   1.30000000    43.7786868149
  3.40000000   1.30000000    43.0856484564
  3.50000000   1.30000000    43.0856484564

  0.00000000   1.40000000     0.0000000000
  0.10000000   1.40000000     5.8840348813
  0.20000000   1.40000000    11.8372411907
  0.30000000   1.40000000    17.9297157902
  0.40000000   1.40000000    24.2330113226
  0.50000000   1.40000000    30.8215910228
  0.60000000   1.40000000    37.7731024480
  0.70000000   1.40000000    45.1702572687
  0.80000000   1.40000000    53.1005940046
  0.90000000   1.40000000    61.6576423457
  1.00000000   1.40000000    70.9377450186
  1.10000000   1.40000000    81.0342999961
  1.20000000   1.40000000    92.0173945437
  1.30000000   1.40000000   103.8859492259
  1.40000000   1.40000000   116.4431972179
  1.50000000   1.40000000   128.9944811607
  1.60000000   1.40000000   139.6902568888
  1.70000000   1.40000000   144.8814272191
  1.80000000   1.40000000   145.2028575284
  1.90000000   1.40000000   140.7226994456
  2.00000000   1.40000000   130.9332331328
  2.10000000   1.40000000   119.4291597740
  2.20000000   1.40000000   108.0399105454
  2.30000000   1.40000000    97.4695703694
  2.40000000   1.40000000    87.9388194664
  2.50000000   1.40000000    79.4798171713
  2.60000000   1.40000000    72.0574630618
  2.70000000   1.40000000    65.6163347090
  2.80000000   1.40000000    60.1005367323
  2.90000000   1.40000000    55.4596776465
  3.00000000   1.40000000    51.6520014918
  3.10000000   1.40000000    48.6436480316
  3.20000000   1.40000000    46.4089724351
  3.30000000   1.40000000    44.9291774298
  3.40000000   1.40000000    44.1922717292
  3.50000000   1.40000000    44.1922717292

  0.00000000   1.50000000     0.0000000000
  0.10000000   1.50000000     6.0418422840
  0.20000000   1.50000000    12.1600666216
  0.30000000   1.50000000    18.4323762078
  0.40000000   1.50000000    24.9395689541
  0.50000000   1.50000000    31.7669506384
  0.60000000   1.50000000    39.0071076397
  0.70000000   1.50000000    46.7621227482
  0.80000000   1.50000000    55.1480564507
  0.90000000   1.50000000    64.2989356481
  1.00000000   1.50000000    74.3737280016
  1.10000000   1.50000000    85.5625990371
  1.20000000   1.50000000    98.0943824455
  1.30000000   1.50000000   112.2337610021
  1.40000000   1.50000000   128.2339509325
  1.50000000   1.50000000   146.0512761066
  1.60000000   1.50000000   163.8161727623
  1.70000000   1.50000000   169.6098500317
  1.80000000   1.50000000   169.8216153935
  1.90000000   1.50000000   164.5591569394
  2.00000000   1.50000000   147.7984838896
  2.10000000   1.50000000   131.1213636393
  2.20000000   1.50000000   116.3551243741
  2.30000000   1.50000000   103.5620683701
  2.40000000   1.50000000    92.5216184190
  2.50000000   1.50000000    83.0057488498
  2.60000000   1.50000000    74.8244303336
  2.70000000   1.50000000    67.8280973942
  2.80000000   1.50000000    61.9005677754
  2.90000000   1.50000000    56.9529872596
  3.00000000   1.50000000    52.9173865951
  3.10000000   1.50000000    49.7429486535
  3.20000000   1.50000000    47.3921118835
  3.30000000   1.50000000    45.8387337946
  3.40000000   1.50000000    45.0660744452
  3.50000000   1.50000000    45.0660744452

  0.00000000   1.60000000     0.0000000000
  0.10000000   1.60000000     6.1516771730
  0.20000000   1.60000000    12.3848834716
  0.30000000   1.60000000    18.7830605834
  0.40000000   1.60000000    25.4334886554
  0.50000000   1.60000000    32.4300546976
  0.60000000   1.60000000    39.8762241075
  0.70000000   1.60000000    47.8899605002
  0.80000000   1.60000000    56.6096842550
  0.90000000   1.60000000    66.2042130391
  1.00000000   1.60000000    76.8865649473
  1.10000000   1.60000000    88.9374820385
  1.20000000   1.60000000   102.7450796545
  1.30000000   1.60000000   118.8881315180
  1.40000000   1.60000000   138.3533195004
  1.50000000   1.60000000   163.2782631913
  1.60000000   1.60000000   200.0000000000
  1.70000000   1.60000000   200.0000000000
  1.80000000   1.60000000   200.0000000000
  1.90000000   1.60000000   200.0000000000
  2.00000000   1.60000000   164.7428604337
  2.10000000   1.60000000   141.1212821377
  2.20000000   1.60000000   122.9658332125
  2.30000000   1.60000000   108.2135854133
  2.40000000   1.60000000    95.9290179397
  2.50000000   1.60000000    85.5778412258
  2.60000000   1.60000000    76.8146810098
  2.70000000   1.60000000    69.4019273156
  2.80000000   1.60000000    63.1711180736
  2.90000000   1.60000000    58.0002755308
  3.00000000   1.60000000    53.8006259848
  3.10000000   1.60000000    50.5073115933
  3.20000000   1.60000000    48.0739235125
  3.30000000   1.60000000    46.4683230337
  3.40000000   1.60000000    45.6703977953
  3.50000000   1.60000000    45.6703977953

  0.00000000   1.70000000     0.0000000000
  0.10000000   1.70000000     6.2080243860
  0.20000000   1.70000000    12.5003157800
  0.30000000   1.70000000    18.9632412097
  0.40000000   1.70000000    25.6876917601
  0.50000000   1.70000000    32.7719364824
  0.60000000   1.70000000    40.3256370181
  0.70000000   1.70000000    48.4751911464
  0.80000000   1.70000000    57.3718969380
  0.90000000   1.70000000    67.2038894652
  1.00000000   1.70000000    78.2151909486
  1.10000000   1.70000000    90.7356304358
  1.20000000   1.70000000   105.2294507032
  1.30000000   1.70000000   122.3699768101
  1.40000000   1.70000000   143.1329792946
  1.50000000   1.70000000   168.7833534256
  1.60000000   1.70000000   200.0000000000
  1.70000000   1.70000000   200.0000000000
  1.80000000   1.70000000   200.0000000000
  1.90000000   1.70000000   200.0000000000
  2.00000000   1.70000000   170.1636980336
  2.10000000   1.70000000   145.8441184118
  2.20000000   1.70000000   126.4222817123
  2.30000000   1.70000000   110.6957093303
  2.40000000   1.70000000    97.7421463017
  2.50000000   1.70000000    86.9357541777
  2.60000000   1.70000000    77.8571541855
  2.70000000   1.70000000    70.2210086445
  2.80000000   1.70000000    63.8289012015
  2.90000000   1.70000000    58.5403738701
  3.00000000   1.70000000    54.2546580042
  3.10000000   1.70000000    50.8993619023
  3.20000000   1.70000000    48.4229917820
  3.30000000   1.70000000    46.7903168750
  3.40000000   1.70000000    45.9792800235
  3.50000000   1.70000000    45.9792800235

  0.00000000   1.80000000     0.0000000000
  0.10000000   1.80000000     6.2080243860
  0.20000000   1.80000000    12.5003157800
  0.30000000   1.80000000    18.9632412097
  0.40000000   1.80000000    25.6876917601
  0.50000000   1.80000000    32.7719364824
  0.60000000   1.80000000    40.3256370181
  0.70000000   1.80000000    48.4751911464
  0.80000000   1.80000000    57.3718969380
  0.90000000   1.80000000    67.2038894652
  1.00000000   1.80000000    78.2151909486
  1.10000000   1.80000000    90.7356304358
  1.20000000   1.80000000   105.2294507032
  1.30000000   1.80000000   122.3699768101
  1.40000000   1.80000000   143.1329792946
  1.50000000   1.80000000   168.7833534256
  1.60000000   1.80000000   200.0000000000
  1.70000000   1.80000000   200.0000000000
  1.80000000   1.80000000   200.0000000000
  1.90000000   1.80000000   200.0000000000
  2.00000000   1.80000000   170.1636980336
  2.10000000   1.80000000   145.8441184118
  2.20000000   1.80000000   126.4222817123
  2.30000000   1.80000000   110.6957093303
  2.40000000   1.80000000    97.7421463017
  2.50000000   1.80000000    86.9357541777
  2.60000000   1.80000000    77.8571541855
  2.70000000   1.80000000    70.2210086445
  2.80000000   1.80000000    63.8289012015
  2.90000000   1.80000000    58.5403738701
  3.00000000   1.80000000    54.2546580042
  3.10000000   1.80000000    50.8993619023
  3.20000000   1.80000000    48.4229917820
  3.30000000   1.80000000    46.7903168750
  3.40000000   1.80000000    45.9792800235
  3.50000000   1.80000000    45.9792800235

  0.00000000   1.90000000     0.0000000000
  0.10000000   1.90000000     6.1516771730
  0.20000000   1.90000000    12.3848834716
  0.30000000   1.90000000    18.7830605834
  0.40000000   1.90000000    25.4334886554
  0.50000000   1.90000000    32.4300546976
  0.60000000   1.90000000    39.8762241075
  0.70000000   1.90000000    47.8899605002
  0.80000000   1.90000000    56.6096842550
  0.90000000   1.90000000    66.2042130391
  1.00000000   1.90000000    76.8865649473
  1.10000000   1.90000000    88.9374820385
  1.20000000   1.90000000   102.7450796545
  1.30000000   1.90000000   118.8881315180
  1.40000000   1.90000000   138.3533195004
  1.50000000   1.90000000   163.2782631913
  1.60000000   1.90000000   200.0000000000
  1.70000000   1.90000000   200.0000000000
  1.80000000   1.90000000   200.0000000000
  1.90000000   1.90000000   200.0000000000
  2.00000000   1.90000000   164.7428604337
  2.10000000   1.90000000   141.1212821377
  2.20000000   1.90000000   122.9658332125
  2.30000000   1.90000000   108.2135854133
  2.40000000   1.90000000    95.9290179397
  2.50000000   1.90000000    85.5778412258
  2.60000000   1.90000000    76.8146810098
  2.70000000   1.90000000    69.4019273156
  2.80000000   1.90000000    63.1711180736
  2.90000000   1.90000000    58.0002755308
  3.00000000   1.90000000    53.8006259848
  3.10000000   1.90000000    50.5073115933
  3.20000000   1.90000000    48.0739235125
  3.30000000   1.90000000    46.4683230337
  3.40000000   1.90000000    45.6703977953
  3.50000000   1.90000000    45.6703977953

  0.00000000   2.00000000     0.0000000000
  0.10000000   2.00000000     6.0418422840
  0.20000000   2.00000000    12.1600666216
  0.30000000   2.00000000    18.4323762078
  0.40000000   2.00000000    24.9395689541
  0.50000000   2.00000000    31.7669506384
  0.60000000   2.00000000    39.0071076397
  0.70000000   2.00000000    46.7621227482
  0.80000000   2.00000000    55.1480564507
  0.90000000   2.00000000    64.2989356481
  1.00000000   2.00000000    74.3737280016
  1.10000000   2.00000000    85.5625990371
  1.20000000   2.00000000    98.0943824455
  1.30000000   2.00000000   112.2337610021
  1.40000000   2.00000000   128.2339509325
  1.50000000   2.00000000   146.0512761066
  1.60000000   2.00000000   163.8161727623
  1.70000000   2.00000000   169.6098500317
  1.80000000   2.00000000   169.8216153935
  1.90000000   2.00000000   164.5591569394
  2.00000000   2.00000000   147.7984838896
  2.10000000   2.00000000   131.1213636393
  2.20000000   2.00000000   116.3551243741
  2.30000000   2.00000000   103.5620683701
  2.40000000   2.00000000    92.5216184190
  2.50000000   2.00000000    83.0057488498
  2.60000000   2.00000000    74.8244303336
  2.70000000   2.00000000    67.8280973942
  2.80000000   2.00000000    61.9005677754
  2.90000000   2.00000000    56.9529872596
  3.00000000   2.00000000    52.9173865951
  3.10000000   2.00000000    49.7429486535
  3.20000000   2.00000000    47.3921118835
  3.30000000   2.00000000    45.8387337946
  3.40000000   2.00000000    45.0660744452
  3.50000000   2.00000000    45.0660744452

  0.00000000   2.10000000     0.0000000000
  0.10000000   2.10000000     5.8840348813
  0.20000000   2.10000000    11.8372411907
  0.30000000   2.10000000    17.9297157902
  0.40000000   2.10000000    24.2330113226
  0.50000000   2.10000000    30.8215910228
  0.60000000   2.10000000    37.7731024480
  0.70000000   2.10000000    45.1702572687
  0.80000000   2.10000000    53.1005940046
  0.90000000   2.10000000    61.6576423457
  1.00000000   2.10000000    70.9377450186
  1.10000000   2.10000000    81.0342999961
  1.20000000   2.10000000    92.0173945437
  1.30000000   2.10000000   103.8859492259
  1.40000000   2.10000000   116.4431972179
  1.50000000   2.10000000   128.9944811607
  1.60000000   2.10000000   139.6902568888
  1.70000000   2.10000000   144.8814272191
  1.80000000   2.10000000   145.2028575284
  1.90000000   2.10000000   140.7226994456
  2.00000000   2.10000000   130.9332331328
  2.10000000   2.10000000   119.4291597740
  2.20000000   2.10000000   108.0399105454
  2.30000000   2.10000000    97.4695703694
  2.40000000   2.10000000    87.9388194664
  2.50000000   2.10000000    79.4798171713
  2.60000000   2.10000000    72.0574630618
  2.70000000   2.10000000    65.6163347090
  2.80000000   2.10000000    60.1005367323
  2.90000000   2.10000000    55.4596776465
  3.00000000   2.10000000    51.6520014918
  3.10000000   2.10000000    48.6436480316
  3.20000000   2.10000000    46.4089724351
  3.30000000   2.10000000    44.9291774298
  3.40000000   2.10000000    44.1922717292
  3.50000000   2.10000000    44.1922717292

  0.00000000   2.20000000     0.0000000000
  0.10000000   2.20000000     5.6858032185
  0.20000000   2.20000000    11.4323023828
  0.30000000   2.20000000    17.3002553697
  0.40000000   2.20000000    23.3510364737
  0.50000000   2.20000000    29.6460344179
  0.60000000   2.20000000    36.2473502183
  0.70000000   2.20000000    43.2160494348
  0.80000000   2.20000000    50.6118020341
  0.90000000   2.20000000    58.4880280813
  1.00000000   2.20000000    66.8863053394
  1.10000000   2.20000000    75.8209046925
  1.20000000   2.20000000    85.2531912256
  1.30000000   2.20000000    95.0387143300
  1.40000000   2.20000000   104.8354108756
  1.50000000   2.20000000   113.9547451116
  1.60000000   2.20000000   121.2175951151
  1.70000000   2.20000000   125.1689491752
  1.80000000   2.20000000   125.5405385687
  1.90000000   2.20000000   122.3715678843
  2.00000000   2.20000000   115.9948152714
  2.10000000   2.20000000   107.8754574964
  2.20000000   2.20000000    99.1985694940
  2.30000000   2.20000000    90.6671825208
  2.40000000   2.20000000    82.6461111259
  2.50000000   2.20000000    75.3081599172
  2.60000000   2.20000000    68.7244386600
  2.70000000   2.20000000    62.9161025867
  2.80000000   2.20000000    57.8797841269
  2.90000000   2.20000000    53.6026649961
  3.00000000   2.20000000    50.0683149045
  3.10000000   2.20000000    47.2613678520
  3.20000000   2.20000000    45.1682213754
  3.30000000   2.20000000    43.7786868149
  3.40000000   2.20000000    43.0856484564
  3.50000000   2.20000000    43.0856484564

  0.00000000   2.30000000     0.0000000000
  0.10000000   2.30000000     5.4562893834
  0.20000000   2.30000000    10.9639363089
  0.30000000   2.30000000    16.5740785364
  0.40000000   2.30000000    22.3367043423
  0.50000000   2.30000000    28.3007088376
  0.60000000   2.30000000    34.5117713623
  0.70000000   2.30000000    41.0117656422
  0.80000000   2.30000000    47.8342191185
  0.90000000   2.30000000    55.0006704048
  1.00000000   2.30000000    62.5101683484
  1.10000000   2.30000000    70.3263552879
  1.20000000   2.30000000    78.3519909277
  1.30000000   2.30000000    86.3941260894
  1.40000000   2.30000000    94.1127884561
  1.50000000   2.30000000   100.9735054047
  1.60000000   2.30000000   106.2543009776
  1.70000000   2.30000000   109.2366464685
  1.80000000   2.30000000   109.6292354609
  1.90000000   2.30000000   107.4572367920
  2.00000000   2.30000000   103.0551017183
  2.10000000   2.30000000    97.1661275254
  2.20000000   2.30000000    90.5307003369
  2.30000000   2.30000000    83.7033247565
  2.40000000   2.30000000    77.0476241655
  2.50000000   2.30000000    70.7840805700
  2.60000000   2.30000000    65.0405349661
  2.70000000   2.30000000    59.8868261341
  2.80000000   2.30000000    55.3596717642
  2.90000000   2.30000000    51.4756992428
  3.00000000   2.30000000    48.2415616798
  3.10000000   2.30000000    45.6577990037
  3.20000000   2.30000000    43.7230493566
  3.30000000   2.30000000    42.4348261023
  3.40000000   2.30000000    41.7912984661
  3.50000000   2.30000000    41.7912984661

  0.00000000   2.40000000     0.0000000000
  0.10000000   2.40000000     5.2053141892
  0.20000000   2.40000000    10.4526730590
  0.30000000   2.40000000    15.7831118351
  0.40000000   2.40000000    21.2361981668
  0.50000000   2.40000000    26.8479790990
  0.60000000   2.40000000    32.6503897108
  0.70000000   2.40000000    38.6674065815
  0.80000000   2.40000000    44.9129425429
  0.90000000   2.40000000    51.3835585645
  1.00000000   2.40000000    58.0520492049
  1.10000000   2.40000000    64.8534842506
  1.20000000   2.40000000    71.6704008440
  1.30000000   2.40000000    78.3100921983
  1.40000000   2.40000000    84.4858522210
  1.50000000   2.40000000    89.8093703079
  1.60000000   2.40000000    93.8287361432
  1.70000000   2.40000000    96.1388600591
  1.80000000   2.40000000    96.5381780428
  1.90000000   2.40000000    95.0452126024
  2.00000000   2.40000000    91.8956662761
  2.10000000   2.40000000    87.5216352939
  2.20000000   2.40000000    82.3983660120
  2.30000000   2.40000000    76.9371191624
  2.40000000   2.40000000    71.4493703427
  2.50000000   2.40000000    66.1547516161
  2.60000000   2.40000000    61.2001642742
  2.70000000   2.40000000    56.6820288505
  2.80000000   2.40000000    52.6612336140
  2.90000000   2.40000000    49.1766101839
  3.00000000   2.40000000    46.2515073860
  3.10000000   2.40000000    43.9006036398
  3.20000000   2.40000000    42.1321133465
  3.30000000   2.40000000    40.9510993079
  3.40000000   2.40000000    40.3599987735
  3.50000000   2.40000000    40.3599987735

  0.00000000   2.50000000     0.0000000000
  0.10000000   2.50000000     4.9430385705
  0.20000000   2.50000000     9.9190052611
  0.30000000   2.50000000    14.9598340831
  0.40000000   2.50000000    20.0946392444
  0.50000000   2.50000000    25.3490255620
  0.60000000   2.50000000    30.7419213893
  0.70000000   2.50000000    36.2843633783
  0.80000000   2.50000000    41.9742005907
  0.90000000   2.50000000    47.7929838335
  1.00000000   2.50000000    53.6973576286
  1.10000000   2.50000000    59.6125158111
  1.20000000   2.50000000    65.4201146221
  1.30000000   2.50000000    70.9503673096
  1.40000000   2.50000000    75.9751927564
  1.50000000   2.50000000    80.2181487985
  1.60000000   2.50000000    83.3862036489
  1.70000000   2.50000000    85.2337918783
  1.80000000   2.50000000    85.6324626271
  1.90000000   2.50000000    84.5975506410
  2.00000000   2.50000000    82.2867563401
  2.10000000   2.50000000    78.9722326736
  2.20000000   2.50000000    74.9714969583
  2.30000000   2.50000000    70.5852690560
  2.40000000   2.50000000    66.0665768675
  2.50000000   2.50000000    61.6117725501
  2.60000000   2.50000000    57.3672788887
  2.70000000   2.50000000    53.4378342150
  2.80000000   2.50000000    49.8981426642
  2.90000000   2.50000000    46.7995978923
  3.00000000   2.50000000    44.1783566041
  3.10000000   2.50000000    42.0585245008
  3.20000000   2.50000000    40.4568205159
  3.30000000   2.50000000    39.3836884600
  3.40000000   2.50000000    38.8456690569
  3.50000000   2.50000000    38.8456690569

  0.00000000   2.60000000     0.0000000000
  0.10000000   2.60000000     4.6791166335
  0.20000000   2.60000000     9.3829514711
  0.30000000   2.60000000    14.1346670004
  0.40000000   2.60000000    18.9549331589
  0.50000000   2.60000000    23.8593525033
  0.60000000   2.60000000    28.8576163467
  0.70000000   2.60000000    33.9495013898
  0.80000000   2.60000000    39.1233826857
  0.90000000   2.60000000    44.3503798700
  1.00000000   2.60000000    49.5815430869
  1.10000000   2.60000000    54.7404002502
  1.20000000   2.60000000    59.7197691829
  1.30000000   2.60000000    64.3764990661
  1.40000000   2.60000000    68.5350776287
  1.50000000   2.60000000    71.9972212421
  1.60000000   2.60000000    74.5678430850
  1.70000000   2.60000000    76.0904775728
  1.80000000   2.60000000    76.4846489134
  1.90000000   2.60000000    75.7638158777
  2.00000000   2.60000000    74.0350070625
  2.10000000   2.60000000    71.4799270558
  2.20000000   2.60000000    68.3181743033
  2.30000000   2.60000000    64.7722153490
  2.40000000   2.60000000    61.0424294234
  2.50000000   2.60000000    57.2976395725
  2.60000000   2.60000000    53.6720598136
  2.70000000   2.60000000    50.2702541174
  2.80000000   2.60000000    47.1705884066
  2.90000000   2.60000000    44.4321730302
  3.00000000   2.60000000    42.0977730444
  3.10000000   2.60000000    40.1990069462
  3.20000000   2.60000000    38.7577413321
  3.30000000   2.60000000    37.7892656042
  3.40000000   2.60000000    37.3027559579
  3.50000000   2.60000000    37.3027559579

  0.00000000   2.70000000     0.0000000000
  0.10000000   2.70000000     4.4226549033
  0.20000000   2.70000000     8.8625916029
  0.30000000   2.70000000    13.3358110780
  0.40000000   2.70000000    17.8549664260
  0.50000000   2.70000000    22.4285396017
  0.60000000   2.70000000    27.0577424443
  0.70000000   2.70000000    31.7357288013
  0.80000000   2.70000000    36.4433264835
  0.90000000   2.70000000    41.1479282060
  1.00000000   2.70000000    45.7983571482
  1.10000000   2.70000000    50.3238579420
  1.20000000   2.70000000    54.6299885163
  1.30000000   2.70000000    58.6006755315
  1.40000000   2.70000000    62.1006092628
  1.50000000   2.70000000    64.9871230966
  1.60000000   2.70000000    67.1260301816
  1.70000000   2.70000000    68.4148170355
  1.80000000   2.70000000    68.8024482991
  1.90000000   2.70000000    68.3013387976
  2.00000000   2.70000000    66.9869904390
  2.10000000   2.70000000    64.9860866504
  2.20000000   2.70000000    62.4564870040
  2.30000000   2.70000000    59.5647057972
  2.40000000   2.70000000    56.4701371044
  2.50000000   2.70000000    53.3137923376
  2.60000000   2.70000000    50.2157231622
  2.70000000   2.70000000    47.2733215731
  2.80000000   2.70000000    44.5649957428
  2.90000000   2.70000000    42.1513245768
  3.00000000   2.70000000    40.0795720551
  3.10000000   2.70000000    38.3847413761
  3.20000000   2.70000000    37.0930373434
  3.30000000   2.70000000    36.2223389875
  3.40000000   2.70000000    35.7842561156
  3.50000000   2.70000000    35.7842561156

  0.00000000   2.80000000     0.0000000000
  0.10000000   2.80000000     4.1815997005
  0.20000000   2.80000000     8.3742893781
  0.30000000   2.80000000    12.5875304088
  0.40000000   2.80000000    16.8281544124
  0.50000000   2.80000000    21.0979452341
  0.60000000   2.80000000    25.3930308392
  0.70000000   2.80000000    29.7006413788
  0.80000000   2.80000000    33.9986934687
  0.90000000   2.80000000    38.2519880840
  1.00000000   2.80000000    42.4121623654
  1.10000000   2.80000000    46.4143830896
  1.20000000   2.80000000    50.1789673723
  1.30000000   2.80000000    53.6112271828
  1.40000000   2.80000000    56.6078131220
  1.50000000   2.80000000    59.0635216443
  1.60000000   2.80000000    60.8845701318
  1.70000000   2.80000000    62.0013812090
  1.80000000   2.80000000    62.3816617683
  1.90000000   2.80000000    62.0369699938
  2.00000000   2.80000000    61.0227934229
  2.10000000   2.80000000    59.4316078589
  2.20000000   2.80000000    57.3801760927
  2.30000000   2.80000000    54.9966489264
  2.40000000   2.80000000    52.4078146607
  2.50000000   2.80000000    49.7321449705
  2.60000000   2.80000000    47.0738455359
  2.70000000   2.80000000    44.5226671461
  2.80000000   2.80000000    42.1524810523
  2.90000000   2.80000000    40.0240390531
  3.00000000   2.80000000    38.1850138500
  3.10000000   2.80000000    36.6730589949
  3.20000000   2.80000000    35.5159774104
  3.30000000   2.80000000    34.7340012816
  3.40000000   2.80000000    34.3398359185
  3.50000000   2.80000000    34.3398359185

  0.00000000   2.90000000     0.0000000000
  0.10000000   2.90000000     3.9629658807
  0.20000000   2.90000000     7.9317460141
  0.30000000   2.90000000    11.9109089593
  0.40000000   2.90000000    15.9018980317
  0.50000000   2.90000000    19.9023274931
  0.60000000   2.90000000    23.9034746519
  0.70000000   2.90000000    27.8900196770
  0.80000000   2.90000000    31.8371204994
  0.90000000   2.90000000    35.7106729860
  1.00000000   2.90000000    39.4646135815
  1.10000000   2.90000000    43.0422971834
  1.20000000   2.90000000    46.3754508251
  1.30000000   2.90000000    49.3880980351
  1.40000000   2.90000000    51.9992743010
  1.50000000   2.90000000    54.1309478949
  1.60000000   2.90000000    55.7151858631
  1.70000000   2.90000000    56.7041243148
  1.80000000   2.90000000    57.0769455704
  1.90000000   2.90000000    56.8446948164
  2.00000000   2.90000000    56.0501301374
  2.10000000   2.90000000    54.7631832895
  2.20000000   2.90000000    53.0737695640
  2.30000000   2.90000000    51.0822092681
  2.40000000   2.90000000    48.8918974131
  2.50000000   2.90000000    46.6017513801
  2.60000000   2.90000000    44.3032200189
  2.70000000   2.90000000    42.0765825344
  2.80000000   2.90000000    39.9915390219
  2.90000000   2.90000000    38.1058669249
  3.00000000   2.90000000    36.4674672170
  3.10000000   2.90000000    35.1139180325
  3.20000000   2.90000000    34.0745383828
  3.30000000   2.90000000    33.3701905120
  3.40000000   2.90000000    33.0146861946
  3.50000000   2.90000000    33.0146861946

  0.00000000   3.00000000     0.0000000000
  0.10000000   3.00000000     3.7724502690
  0.20000000   3.00000000     7.5466391307
  0.30000000   3.00000000    11.3228580003
  0.40000000   3.00000000    15.0990411308
  0.50000000   3.00000000    18.8688152341
  0.60000000   3.00000000    22.6211159652
  0.70000000   3.00000000    26.3379032661
  0.80000000   3.00000000    29.9943618670
  0.90000000   3.00000000    33.5567072983
  1.00000000   3.00000000    36.9832700784
  1.10000000   3.00000000    40.2232277747
  1.20000000   3.00000000    43.2192708199
  1.30000000   3.00000000    45.9084835386
  1.40000000   3.00000000    48.2274132800
  1.50000000   3.00000000    50.1158951400
  1.60000000   3.00000000    51.5240823226
  1.70000000   3.00000000    52.4176786663
  1.80000000   3.00000000    52.7835667028
  1.90000000   3.00000000    52.6322739056
  2.00000000   3.00000000    51.9981046760
  2.10000000   3.00000000    50.9364684609
  2.20000000   3.00000000    49.5185498739
  2.30000000   3.00000000    47.8259023754
  2.40000000   3.00000000    45.9437256731
  2.50000000   3.00000000    43.9568159482
  2.60000000   3.00000000    41.9447155477
  2.70000000   3.00000000    39.9804680405
  2.80000000   3.00000000    38.1280132602
  2.90000000   3.00000000    36.4429106966
  3.00000000   3.00000000    34.9711172253
  3.10000000   3.00000000    33.7504355756
  3.20000000   3.00000000    32.8099371161
  3.30000000   3.00000000    32.1712820020
  3.40000000   3.00000000    31.8484401842
  3.50000000   3.00000000    31.8484401842

  0.00000000   3.10000000     0.0000000000
  0.10000000   3.10000000     3.6147816517
  0.20000000   3.10000000     7.2280634513
  0.30000000   3.10000000    10.8372378201
  0.40000000   3.10000000    14.4370657644
  0.50000000   3.10000000    18.0190552868
  0.60000000   3.10000000    21.5696665920
  0.70000000   3.10000000    25.0702557364
  0.80000000   3.10000000    28.4953090704
  0.90000000   3.10000000    31.8131400073
  1.00000000   3.10000000    34.9846862889
  1.10000000   3.10000000    37.9653379009
  1.20000000   3.10000000    40.7050511048
  1.30000000   3.10000000    43.1517689891
  1.40000000   3.10000000    45.2534712990
  1.50000000   3.10000000    46.9631355292
  1.60000000   3.10000000    48.2422988408
  1.70000000   3.10000000    49.0660325097
  1.80000000   3.10000000    49.4258746549
  1.90000000   3.10000000    49.3320565492
  2.00000000   3.10000000    48.8134263899
  2.10000000   3.10000000    47.9154657068
  2.20000000   3.10000000    46.6972083798
  2.30000000   3.10000000    45.2265107809
  2.40000000   3.10000000    43.5763131043
  2.50000000   3.10000000    41.8198690828
  2.60000000   3.10000000    40.0284201334
  2.70000000   3.10000000    38.2678427846
  2.80000000   3.10000000    36.5981031822
  2.90000000   3.10000000    35.0713236064
  3.00000000   3.10000000    33.7323661184
  3.10000000   3.10000000    32.6178180457
  3.20000000   3.10000000    31.7569322383
  3.30000000   3.10000000    31.1711191668
  3.40000000   3.10000000    30.8747021016
  3.50000000   3.10000000    30.8747021016

  0.00000000   3.20000000     0.0000000000
  0.10000000   3.20000000     3.4934936672
  0.20000000   3.20000000     6.9832467250
  0.30000000   3.20000000    10.4643046917
  0.40000000   3.20000000    13.9296390113
  0.50000000   3.20000000    17.3687193711
  0.60000000   3.20000000    20.7671234906
  0.70000000   3.20000000    24.1051245160
  0.80000000   3.20000000    27.3579321411
  0.90000000   3.20000000    30.4946641742
  1.00000000   3.20000000    33.4794737859
  1.10000000   3.20000000    36.2714068140
  1.20000000   3.20000000    38.8267123594
  1.30000000   3.20000000    41.1000401647
  1.40000000   3.20000000    43.0479850918
  1.50000000   3.20000000    44.6315680071
  1.60000000   3.20000000    45.8202889723
  1.70000000   3.20000000    46.5948191899
  1.80000000   3.20000000    46.9498774154
  1.90000000   3.20000000    46.8953929426
  2.00000000   3.20000000    46.4566033006
  2.10000000   3.20000000    45.6727941733
  2.20000000   3.20000000    44.5946126649
  2.30000000   3.20000000    43.2812564352
  2.40000000   3.20000000    41.7965725545
  2.50000000   3.20000000    40.2063866990
  2.60000000   3.20000000    38.5750173980
  2.70000000   3.20000000    36.9637615120
  2.80000000   3.20000000    35.4284954239
  2.90000000   3.20000000    34.0193312616
  3.00000000   3.20000000    32.7792128108
  3.10000000   3.20000000    31.7442624509
  3.20000000   3.20000000    30.9430434538
  3.30000000   3.20000000    30.3970860686
  3.40000000   3.20000000    30.1205440961
  3.50000000   3.20000000    30.1205440961

  0.00000000   3.30000000     0.0000000000
  0.10000000   3.30000000     3.4112440360
  0.20000000   3.30000000     6.8172368758
  0.30000000   3.30000000    10.2117072345
  0.40000000   3.30000000    13.5861842998
  0.50000000   3.30000000    16.9292884331
  0.60000000   3.30000000    20.2255823645
  0.70000000   3.30000000    23.4553402052
  0.80000000   3.30000000    26.5937034398
  0.90000000   3.30000000    29.6111502218
  1.00000000   3.30000000    32.4733185163
  1.10000000   3.30000000    35.1424265981
  1.20000000   3.30000000    37.5781132997
  1.30000000   3.30000000    39.7399248670
  1.40000000   3.30000000    41.5892400244
  1.50000000   3.30000000    43.0924795416
  1.60000000   3.30000000    44.2235497192
  1.70000000   3.30000000    44.9667371868
  1.80000000   3.30000000    45.3184644072
  1.90000000   3.30000000    45.2885178713
  2.00000000   3.30000000    44.9000288757
  2.10000000   3.30000000    44.1883829665
  2.20000000   3.30000000    43.1994124182
  2.30000000   3.30000000    41.9866115794
  2.40000000   3.30000000    40.6085904215
  2.50000000   3.30000000    39.1259040245
  2.60000000   3.30000000    37.5989237826
  2.70000000   3.30000000    36.0852676205
  2.80000000   3.30000000    34.6386083703
  2.90000000   3.30000000    33.3070038198
  3.00000000   3.30000000    32.1325404336
  3.10000000   3.30000000    31.1504151422
  3.20000000   3.30000000    30.3890464707
  3.30000000   3.30000000    29.8696397961
  3.40000000   3.30000000    29.6064080697
  3.50000000   3.30000000    29.6064080697

  0.00000000   3.40000000     0.0000000000
  0.10000000   3.40000000     3.3696943272
  0.20000000   3.40000000     6.7334307124
  0.30000000   3.40000000    10.0841975585
  0.40000000   3.40000000    13.4129846086
  0.50000000   3.40000000    16.7077935747
  0.60000000   3.40000000    19.9529784353
  0.70000000   3.40000000    23.1285358137
  0.80000000   3.40000000    26.2099509175
  0.90000000   3.40000000    29.1680472311
  1.00000000   3.40000000    31.9695989524
  1.10000000   3.40000000    34.5780344871
  1.20000000   3.40000000    36.9550155159
  1.30000000   3.40000000    39.0621300215
  1.40000000   3.40000000    40.8633449145
  1.50000000   3.40000000    42.3273889796
  1.60000000   3.40000000    43.4304431552
  1.70000000   3.40000000    44.1583351600
  1.80000000   3.40000000    44.5083663045
  1.90000000   3.40000000    44.4902221245
  2.00000000   3.40000000    44.1260128550
  2.10000000   3.40000000    43.4493796388
  2.20000000   3.40000000    42.5037335863
  2.30000000   3.40000000    41.3400449448
  2.40000000   3.40000000    40.0141664273
  2.50000000   3.40000000    38.5843576613
  2.60000000   3.40000000    37.1087470325
  2.70000000   3.40000000    35.6434218684
  2.80000000   3.40000000    34.2406184803
  2.90000000   3.40000000    32.9476366566
  3.00000000   3.40000000    31.8058143434
  3.10000000   3.40000000    30.8501030316
  3.20000000   3.40000000    30.1086052067
  3.30000000   3.40000000    29.6025077056
  3.40000000   3.40000000    29.3459227130
  3.50000000   3.40000000    29.3459227130

  0.00000000   3.50000000     0.0000000000
  0.10000000   3.50000000     3.3696943272
  0.20000000   3.50000000     6.7334307124
  0.30000000   3.50000000    10.0841975585
  0.40000000   3.50000000    13.4129846086
  0.50000000   3.50000000    16.7077935747
  0.60000000   3.50000000    19.9529784353
  0.70000000   3.50000000    23.1285358137
  0.80000000   3.50000000    26.2099509175
  0.90000000   3.50000000    29.1680472311
  1.00000000   3.50000000    31.9695989524
  1.10000000   3.50000000    34.5780344871
  1.20000000   3.50000000    36.9550155159
  1.30000000   3.50000000    39.0621300215
  1.40000000   3.50000000    40.8633449145
  1.50000000   3.50000000    42.3273889796
  1.60000000   3.50000000    43.4304431552
  1.70000000   3.50000000    44.1583351600
  1.80000000   3.50000000    44.5083663045
  1.90000000   3.50000000    44.4902221245
  2.00000000   3.50000000    44.1260128550
  2.10000000   3.50000000    43.4493796388
  2.20000000   3.50000000    42.5037335863
  2.30000000   3.50000000    41.3400449448
  2.40000000   3.50000000    40.0141664273
  2.50000000   3.50000000    38.5843576613
  2.60000000   3.50000000    37.1087470325
  2.70000000   3.50000000    35.6434218684
  2.80000000   3.50000000    34.2406184803
  2.90000000   3.50000000    32.9476366566
  3.00000000   3.50000000    31.8058143434
  3.10000000   3.50000000    30.8501030316
  3.20000000   3.50000000    30.1086052067
  3.30000000   3.50000000    29.6025077056
  3.40000000   3.50000000    29.3459227130
  3.50000000   3.50000000    29.3459227130

