  0.00000000   0.00000000     0.0000000000
  0.10000000   0.00000000     5.2033209364
  0.20000000   0.00000000    10.3888662979
  0.30000000   0.00000000    15.5381989824
  0.40000000   0.00000000    20.6315879939
  0.50000000   0.00000000    25.6474392503
  0.60000000   0.00000000    30.5618248218
  0.70000000   0.00000000    35.3481587166
  0.80000000   0.00000000    39.9770669078
  0.90000000   0.00000000    44.4165137525
  1.00000000   0.00000000    48.6322367288
  1.10000000   0.00000000    52.5885441838
  1.20000000   0.00000000    56.2494968192
  1.30000000   0.00000000    59.5804685479
  1.40000000   0.00000000    62.5500159454
  1.50000000   0.00000000    65.1319340926
  1.60000000   0.00000000    67.3073021699
  1.70000000   0.00000000    69.0662907724
  1.80000000   0.00000000    70.4094872924
  1.90000000   0.00000000    71.3485483131
  2.00000000   0.00000000    71.9060677878
  2.10000000   0.00000000    72.1146697279
  2.20000000   0.00000000    72.0154398424
  2.30000000   0.00000000    71.6558959857
  2.40000000   0.00000000    71.0877311037
  2.50000000   0.00000000    70.3645524072
  2.60000000   0.00000000    69.5397951345
  2.70000000   0.00000000    68.6649252997
  2.80000000   0.00000000    67.7879857747
  2.90000000   0.00000000    66.9524858178
  3.00000000   0.00000000    66.1966025662
  3.10000000   0.00000000    65.5526398295
  3.20000000   0.00000000    65.0466868777
  3.30000000   0.00000000    64.6984187825
  3.40000000   0.00000000    64.5209912646
  3.50000000   0.00000000    64.5209912646

  0.00000000   0.10000000     0.0000000000
  0.10000000   0.10000000     5.2033209364
  0.20000000   0.10000000    10.3888662979
  0.30000000   0.10000000    15.5381989824
  0.40000000   0.10000000    20.6315879939
  0.50000000   0.10000000    25.6474392503
  0.60000000   0.10000000    30.5618248218
  0.70000000   0.10000000    35.3481587166
  0.80000000   0.10000000    39.9770669078
  0.90000000   0.10000000    44.4165137525
  1.00000000   0.10000000    48.6322367288
  1.10000000   0.10000000    52.5885441838
  1.20000000   0.10000000    56.2494968192
  1.30000000   0.10000000    59.5804685479
  1.40000000   0.10000000    62.5500159454
  1.50000000   0.10000000    65.1319340926
  1.60000000   0.10000000    67.3073021699
  1.70000000   0.10000000    69.0662907724
  1.80000000   0.10000000    70.4094872924
  1.90000000   0.10000000    71.3485483131
  2.00000000   0.10000000    71.9060677878
  2.10000000   0.10000000    72.1146697279
  2.20000000   0.10000000    72.0154398424
  2.30000000   0.10000000    71.6558959857
  2.40000000   0.10000000    71.0877311037
  2.50000000   0.10000000    70.3645524072
  2.60000000   0.10000000    69.5397951345
  2.70000000   0.10000000    68.6649252997
  2.80000000   0.10000000    67.7879857747
  2.90000000   0.10000000    66.9524858178
  3.00000000   0.10000000    66.1966025662
  3.10000000   0.10000000    65.5526398295
  3.20000000   0.10000000    65.0466868777
  3.30000000   0.10000000    64.6984187825
  3.40000000   0.10000000    64.5209912646
  3.50000000   0.10000000    64.5209912646

  0.00000000   0.20000000     0.0000000000
  0.10000000   0.20000000     5.2374931614
  0.20000000   0.20000000    10.4578117106
  0.30000000   0.20000000    15.6430917852
  0.40000000   0.20000000    20.7741193239
  0.50000000   0.20000000    25.8297228181
  0.60000000   0.20000000    30.7862631714
  0.70000000   0.20000000    35.6172548798
  0.80000000   0.20000000    40.2931848114
  0.90000000   0.20000000    44.7815760787
  1.00000000   0.20000000    49.0473796551
  1.10000000   0.20000000    53.0537377049
  1.20000000   0.20000000    56.7631801043
  1.30000000   0.20000000    60.1392402977
  1.40000000   0.20000000    63.1484555559
  1.50000000   0.20000000    65.7626032161
  1.60000000   0.20000000    67.9609806658
  1.70000000   0.20000000    69.7324419893
  1.80000000   0.20000000    71.0769194541
  1.90000000   0.20000000    72.0061773508
  2.00000000   0.20000000    72.5436764072
  2.10000000   0.20000000    72.7235483346
  2.20000000   0.20000000    72.5888327309
  2.30000000   0.20000000    72.1892156800
  2.40000000   0.20000000    71.5785532155
  2.50000000   0.20000000    70.8124373888
  2.60000000   0.20000000    69.9459977410
  2.70000000   0.20000000    69.0320561111
  2.80000000   0.20000000    68.1196721957
  2.90000000   0.20000000    67.2530706203
  3.00000000   0.20000000    66.4708948528
  3.10000000   0.20000000    65.8057282516
  3.20000000   0.20000000    65.2838084500
  3.30000000   0.20000000    64.9248782094
  3.40000000   0.20000000    64.7421167978
  3.50000000   0.20000000    64.7421167978

  0.00000000   0.30000000     0.0000000000
  0.10000000   0.30000000     5.3051617171
  0.20000000   0.30000000    10.5943762955
  0.30000000   0.30000000    15.8509568826
  0.40000000   0.30000000    21.0567553601
  0.50000000   0.30000000    26.1914907225
  0.60000000   0.30000000    31.2321471425
  0.70000000   0.30000000    36.1525009552
  0.80000000   0.30000000    40.9228125789
  0.90000000   0.30000000    45.5097784196
  1.00000000   0.30000000    49.8767998247
  1.10000000   0.30000000    53.9846864602
  1.20000000   0.30000000    57.7928417240
  1.30000000   0.30000000    61.2610032463
  1.40000000   0.30000000    64.3514814823
  1.50000000   0.30000000    67.0317989498
  1.60000000   0.30000000    69.2774540450
  1.70000000   0.30000000    71.0744834256
  1.80000000   0.30000000    72.4214022341
  1.90000000   0.30000000    73.3302001489
  2.00000000   0.30000000    73.8261840354
  2.10000000   0.30000000    73.9466959902
  2.20000000   0.30000000    73.7389100428
  2.30000000   0.30000000    73.2570640015
  2.40000000   0.30000000    72.5595096472
  2.50000000   0.30000000    71.7059146493
  2.60000000   0.30000000    70.7548440857
  2.70000000   0.30000000    69.7618253673
  2.80000000   0.30000000    68.7779155874
  2.90000000   0.30000000    67.8487119149
  3.00000000   0.30000000    67.0137307774
  3.10000000   0.30000000    66.3060546255
  3.20000000   0.30000000    65.7521698676
  3.30000000   0.30000000    65.3719153547
  3.40000000   0.30000000    65.1784927664
  3.50000000   0.30000000    65.1784927664

  0.00000000   0.40000000     0.0000000000
  0.10000000   0.40000000     5.4049499254
  0.20000000   0.40000000    10.7958568314
  0.30000000   0.40000000    16.1578670112
  0.40000000   0.40000000    21.4745194305
  0.50000000   0.40000000    26.7269682284
  0.60000000   0.40000000    31.8932648178
  0.70000000   0.40000000    36.9477156678
  0.80000000   0.40000000    41.8604013294
  0.90000000   0.40000000    46.5969067874
  1.00000000   0.40000000    51.1184078891
  1.10000000   0.40000000    55.3822058389
  1.20000000   0.40000000    59.3428880916
  1.30000000   0.40000000    62.9541856801
  1.40000000   0.40000000    66.1716031760
  1.50000000   0.40000000    68.9556744794
  1.60000000   0.40000000    71.2755835517
  1.70000000   0.40000000    73.1126194837
  1.80000000   0.40000000    74.4628943819
  1.90000000   0.40000000    75.3387521317
  2.00000000   0.40000000    75.7685876092
  2.10000000   0.40000000    75.7950849544
  2.20000000   0.40000000    75.4722349179
  2.30000000   0.40000000    74.8616743216
  2.40000000   0.40000000    74.0289360243
  2.50000000   0.40000000    73.0400691037
  2.60000000   0.40000000    71.9588919328
  2.70000000   0.40000000    70.8449657889
  2.80000000   0.40000000    69.7522300433
  2.90000000   0.40000000    68.7281904438
  3.00000000   0.40000000    67.8135072726
  3.10000000   0.40000000    67.0418634779
  3.20000000   0.40000000    66.4399900100
  3.30000000   0.40000000    66.0277755170
  3.40000000   0.40000000    65.8183899919
  3.50000000   0.40000000    65.8183899919

  0.00000000   0.50000000     0.0000000000
  0.10000000   0.50000000     5.5347355952
  0.20000000   0.50000000    11.0580733577
  0.30000000   0.50000000    16.5577291875
  0.40000000   0.50000000    22.0196386527
  0.50000000   0.50000000    27.4270683546
  0.60000000   0.50000000    32.7597238943
  0.70000000   0.50000000    37.9929101475
  0.80000000   0.50000000    43.0967646145
  0.90000000   0.50000000    48.0356945841
  1.00000000   0.50000000    52.7681116773
  1.10000000   0.50000000    57.2467000241
  1.20000000   0.50000000    61.4193973505
  1.30000000   0.50000000    65.2313727035
  1.40000000   0.50000000    68.6281085712
  1.50000000   0.50000000    71.5596047995
  1.60000000   0.50000000    73.9853078181
  1.70000000   0.50000000    75.8790869328
  1.80000000   0.50000000    77.2332385567
  1.90000000   0.50000000    78.0606311876
  2.00000000   0.50000000    78.3944527960
  2.10000000   0.50000000    78.2856395324
  2.20000000   0.50000000    77.7985564182
  2.30000000   0.50000000    77.0058722670
  2.40000000   0.50000000    75.9835558645
  2.50000000   0.50000000    74.8066520917
  2.60000000   0.50000000    73.5461378187
  2.70000000   0.50000000    72.2668492373
  2.80000000   0.50000000    71.0263186349
  2.90000000   0.50000000    69.8742710561
  3.00000000   0.50000000    68.8525678209
  3.10000000   0.50000000    67.9953941244
  3.20000000   0.50000000    67.3295677088
  3.30000000   0.50000000    66.8748598485
  3.40000000   0.50000000    66.6442803447
  3.50000000   0.50000000    66.6442803447

  0.00000000   0.60000000     0.0000000000
  0.10000000   0.60000000     5.6915888370
  0.20000000   0.60000000    11.3752404312
  0.30000000   0.60000000    17.0420581568
  0.40000000   0.60000000    22.6812085730
  0.50000000   0.60000000    28.2788932707
  0.60000000   0.60000000    33.8172841888
  0.70000000   0.60000000    39.2734004949
  0.80000000   0.60000000    44.6180066272
  0.90000000   0.60000000    49.8145761885
  1.00000000   0.60000000    54.8185345872
  1.10000000   0.60000000    59.5769816411
  1.20000000   0.60000000    64.0293097164
  1.30000000   0.60000000    68.1090888380
  1.40000000   0.60000000    71.7476772012
  1.50000000   0.60000000    74.8796674048
  1.60000000   0.60000000    77.4498803042
  1.70000000   0.60000000    79.4207921376
  1.80000000   0.60000000    80.7787719879
  1.90000000   0.60000000    81.5374364875
  2.00000000   0.60000000    81.7372908413
  2.10000000   0.60000000    81.4417452340
  2.20000000   0.60000000    80.7305465535
  2.30000000   0.60000000    79.6922595731
  2.40000000   0.60000000    78.4173619328
  2.50000000   0.60000000    76.9928934833
  2.60000000   0.60000000    75.4989141506
  2.70000000   0.60000000    74.0065743570
  2.80000000   0.60000000    72.5773784733
  2.90000000   0.60000000    71.2632344467
  3.00000000   0.60000000    70.1069244188
  3.10000000   0.60000000    69.1427651721
  3.20000000   0.60000000    68.3972798608
  3.30000000   0.60000000    67.8898025240
  3.40000000   0.60000000    67.6329503333
  3.50000000   0.60000000    67.6329503333

  0.00000000   0.70000000     0.0000000000
  0.10000000   0.70000000     5.8717084792
  0.20000000   0.70000000    11.7398178866
  0.30000000   0.70000000    17.5997271658
  0.40000000   0.70000000    23.4447800685
  0.50000000   0.70000000    29.2651323148
  0.60000000   0.70000000    35.0464764766
  0.70000000   0.70000000    40.7686365455
  0.80000000   0.70000000    46.4039980308
  0.90000000   0.70000000    51.9158895970
  1.00000000   0.70000000    57.2570249983
  1.10000000   0.70000000    62.3683802655
  1.20000000   0.70000000    67.1789594392
  1.30000000   0.70000000    71.6072425903
  1.40000000   0.70000000    75.5650943012
  1.50000000   0.70000000    78.9648389842
  1.60000000   0.70000000    81.7293201915
  1.70000000   0.70000000    83.8034773103
  1.80000000   0.70000000    85.1644160145
  1.90000000   0.70000000    85.8268601948
  2.00000000   0.70000000    85.8425407838
  2.10000000   0.70000000    85.2938038615
  2.20000000   0.70000000    84.2831440633
  2.30000000   0.70000000    82.9217553559
  2.40000000   0.70000000    81.3197975009
  2.50000000   0.70000000    79.5796667687
  2.60000000   0.70000000    77.7922787754
  2.70000000   0.70000000    76.0356803019
  2.80000000   0.70000000    74.3751799641
  2.90000000   0.70000000    72.8642814770
  3.00000000   0.70000000    71.5459478865
  3.10000000   0.70000000    70.4538767616
  3.20000000   0.70000000    69.6136447774
  3.30000000   0.70000000    69.0436311111
  3.40000000   0.70000000    68.7557117271
  3.50000000   0.70000000    68.7557117271

  0.00000000   0.80000000     0.0000000000
  0.10000000   0.80000000     6.0703643617
  0.20000000   0.80000000    12.1423849118
  0.30000000   0.80000000    18.2167172213
  0.40000000   0.80000000    24.2919496156
  0.50000000   0.80000000    30.3633810947
  0.60000000   0.80000000    36.4215958784
  0.70000000   0.80000000    42.4507280792
  0.80000000   0.80000000    48.4264108548
  0.90000000   0.80000000    54.3133594327
  1.00000000   0.80000000    60.0627605926
  1.10000000   0.80000000    65.6097278379
  1.20000000   0.80000000    70.8715503196
  1.30000000   0.80000000    75.7477956066
  1.40000000   0.80000000    80.1239282818
  1.50000000   0.80000000    83.8800669549
  1.60000000   0.80000000    86.9056678196
  1.70000000   0.80000000    89.1181536690
  1.80000000   0.80000000    90.4799942480
  1.90000000   0.80000000    91.0076112888
  2.00000000   0.80000000    90.7702849795
  2.10000000   0.80000000    89.8796115768
  2.20000000   0.80000000    88.4720927559
  2.30000000   0.80000000    86.6910664697
  2.40000000   0.80000000    84.6728785500
  2.50000000   0.80000000    82.5387933814
  2.60000000   0.80000000    80.3917735718
  2.70000000   0.80000000    78.3164763415
  2.80000000   0.80000000    76.3809336595
  2.90000000   0.80000000    74.6388776698
  3.00000000   0.80000000    73.1320764872
  3.10000000   0.80000000    71.8924019230
  3.20000000   0.80000000    70.9434991370
  3.30000000   0.80000000    70.3020659492
  3.40000000   0.80000000    69.9787556057
  3.50000000   0.80000000    69.9787556057

  0.00000000   0.90000000     0.0000000000
  0.10000000   0.90000000     6.2818736437
  0.20000000   0.90000000    12.5715594016
  0.30000000   0.90000000    18.8759501710
  0.40000000   0.90000000    25.1999997661
  0.50000000   0.90000000    31.5455160068
  0.60000000   0.90000000    37.9096226544
  0.70000000   0.90000000    44.2827935579
  0.80000000   0.90000000    50.6462711078
  0.90000000   0.90000000    56.9687998928
  1.00000000   0.90000000    63.2025832444
  1.10000000   0.90000000    69.2787255417
  1.20000000   0.90000000    75.1027726840
  1.30000000   0.90000000    80.5519430099
  1.40000000   0.90000000    85.4766975623
  1.50000000   0.90000000    89.7105018282
  1.60000000   0.90000000    93.0909755283
  1.70000000   0.90000000    95.4911388646
  1.80000000   0.90000000    96.8500038169
  1.90000000   0.90000000    97.1868048940
  2.00000000   0.90000000    96.5988026098
  2.10000000   0.90000000    95.2440658141
  2.20000000   0.90000000    93.3109091905
  2.30000000   0.90000000    90.9883572644
  2.40000000   0.90000000    88.4467538652
  2.50000000   0.90000000    85.8291914625
  2.60000000   0.90000000    83.2504716269
  2.70000000   0.90000000    80.7999903914
  2.80000000   0.90000000    78.5460406849
  2.90000000   0.90000000    76.5401200781
  3.00000000   0.90000000    74.8206538046
  3.10000000   0.90000000    73.4159396871
  3.20000000   0.90000000    72.3463693847
  3.30000000   0.90000000    71.6260141054
  3.40000000   0.90000000    71.2637073576
  3.50000000   0.90000000    71.2637073576

  0.00000000   1.00000000     0.0000000000
  0.10000000   1.00000000     6.4996246180
  0.20000000   1.00000000    13.0140308087
  0.30000000   1.00000000    19.5572548716
  0.40000000   1.00000000    26.1417372238
  0.50000000   1.00000000    32.7772241202
  0.60000000   1.00000000    39.4692909815
  0.70000000   1.00000000    46.2172470672
  0.80000000   1.00000000    53.0112039777
  0.90000000   1.00000000    59.8279395391
  1.00000000   1.00000000    66.6252941249
  1.10000000   1.00000000    73.3348613985
  1.20000000   1.00000000    79.8533733535
  1.30000000   1.00000000    86.0342797127
  1.40000000   1.00000000    91.6835501650
  1.50000000   1.00000000    96.5671054879
  1.60000000   1.00000000   100.4398104259
  1.70000000   1.00000000   103.0999328698
  1.80000000   1.00000000   104.4489840934
  1.90000000   1.00000000   104.5112211236
  2.00000000   1.00000000   103.4289815010
  2.10000000   1.00000000   101.4370854333
  2.20000000   1.00000000    98.8048371115
  2.30000000   1.00000000    95.7859542648
  2.40000000   1.00000000    92.5929885011
  2.50000000   1.00000000    89.3915983053
  2.60000000   1.00000000    86.3052801092
  2.70000000   1.00000000    83.4236782565
  2.80000000   1.00000000    80.8108762374
  2.90000000   1.00000000    78.5123095935
  3.00000000   1.00000000    76.5600190430
  3.10000000   1.00000000    74.9764536050
  3.20000000   1.00000000    73.7771117514
  3.30000000   1.00000000    72.9723308096
  3.40000000   1.00000000    72.5684379058
  3.50000000   1.00000000    72.5684379058

  0.00000000   1.10000000     0.0000000000
  0.10000000   1.10000000     6.7161838547
  0.20000000   1.10000000    13.4547401452
  0.30000000   1.10000000    20.2375889211
  0.40000000   1.10000000    27.0856292688
  0.50000000   1.10000000    34.0179366027
  0.60000000   1.10000000    41.0505190587
  0.70000000   1.10000000    48.1944043235
  0.80000000   1.10000000    55.4526278352
  0.90000000   1.10000000    62.8156140339
  1.00000000   1.10000000    70.2541342509
  1.10000000   1.10000000    77.7089902173
  1.20000000   1.10000000    85.0766237616
  1.30000000   1.10000000    92.1911651437
  1.40000000   1.10000000    98.8069412687
  1.50000000   1.10000000   104.5937607141
  1.60000000   1.10000000   109.1696939620
  1.70000000   1.10000000   112.1988526350
  1.80000000   1.10000000   113.5260045030
  1.90000000   1.10000000   113.1851792259
  2.00000000   1.10000000   111.3891983798
  2.10000000   1.10000000   108.5072246636
  2.20000000   1.10000000   104.9390888327
  2.30000000   1.10000000   101.0282534565
  2.40000000   1.10000000    97.0347505025
  2.50000000   1.10000000    93.1417019552
  2.60000000   1.10000000    89.4727191672
  2.70000000   1.10000000    86.1091892322
  2.80000000   1.10000000    83.1039353026
  2.90000000   1.10000000    80.4909609184
  3.00000000   1.10000000    78.2920542518
  3.10000000   1.10000000    76.5211118247
  3.20000000   1.10000000    75.1869213405
  3.30000000   1.10000000    74.2949043724
  3.40000000   1.10000000    73.8481835185
  3.50000000   1.10000000    73.8481835185

  0.00000000   1.20000000     0.0000000000
  0.10000000   1.20000000     6.9234987392
  0.20000000   1.20000000    13.8772809767
  0.30000000   1.20000000    20.8915788067
  0.40000000   1.20000000    27.9964374282
  0.50000000   1.20000000    35.2213671784
  0.60000000   1.20000000    42.5946334557
  0.70000000   1.20000000    50.1418740801
  0.80000000   1.20000000    57.8836203240
  0.90000000   1.20000000    65.8309094551
  1.00000000   1.20000000    73.9777861221
  1.10000000   1.20000000    82.2886699241
  1.20000000   1.20000000    90.6778276870
  1.30000000   1.20000000    98.9777726055
  1.40000000   1.20000000   106.8963155049
  1.50000000   1.20000000   113.9748864136
  1.60000000   1.20000000   119.5976728294
  1.70000000   1.20000000   123.1606595662
  1.80000000   1.20000000   124.4437397542
  1.90000000   1.20000000   123.5013258793
  2.00000000   1.20000000   120.6389407717
  2.10000000   1.20000000   116.4850874657
  2.20000000   1.20000000   111.6563491691
  2.30000000   1.20000000   106.6122589841
  2.40000000   1.20000000   101.6532277794
  2.50000000   1.20000000    96.9620292211
  2.60000000   1.20000000    92.6448062345
  2.70000000   1.20000000    88.7608420200
  2.80000000   1.20000000    85.3418152540
  2.90000000   1.20000000    82.4036176385
  3.00000000   1.20000000    79.9533949288
  3.10000000   1.20000000    77.9936808296
  3.20000000   1.20000000    76.5247781017
  3.30000000   1.20000000    75.5461169902
  3.40000000   1.20000000    75.0570015231
  3.50000000   1.20000000    75.0570015231

  0.00000000   1.30000000     0.0000000000
  0.10000000   1.30000000     7.1132209265
  0.20000000   1.30000000    14.2645365360
  0.30000000   1.30000000    21.4924861863
  0.40000000   1.30000000    28.8364535948
  0.50000000   1.30000000    36.3369710270
  0.60000000   1.30000000    44.0357932169
  0.70000000   1.30000000    51.9755496950
  0.80000000   1.30000000    60.1985254495
  0.90000000   1.30000000    68.7438156624
  1.00000000   1.30000000    77.6412967680
  1.10000000   1.30000000    86.8995726406
  1.20000000   1.30000000    96.4824030882
  1.30000000   1.30000000   106.2638919915
  1.40000000   1.30000000   115.9474208186
  1.50000000   1.30000000   124.9376399981
  1.60000000   1.30000000   132.2168028094
  1.70000000   1.30000000   136.5417929474
  1.80000000   1.30000000   137.7377323952
  1.90000000   1.30000000   135.9031671203
  2.00000000   1.30000000   131.3641657620
  2.10000000   1.30000000   125.3422755331
  2.20000000   1.30000000   118.8146478408
  2.30000000   1.30000000   112.3579316106
  2.40000000   1.30000000   106.2707395815
  2.50000000   1.30000000   100.6940472806
  2.60000000   1.30000000    95.6864997926
  2.70000000   1.30000000    91.2658563736
  2.80000000   1.30000000    87.4307523606
  2.90000000   1.30000000    84.1718665554
  3.00000000   1.30000000    81.4775499667
  3.10000000   1.30000000    79.3365699305
  3.20000000   1.30000000    77.7393864372
  3.30000000   1.30000000    76.6786836334
  3.40000000   1.30000000    76.1495580864
  3.50000000   1.30000000    76.1495580864

  0.00000000   1.40000000     0.0000000000
  0.10000000   1.40000000     7.2771386747
  0.20000000   1.40000000    14.5995778446
  0.30000000   1.40000000    22.0135963720
  0.40000000   1.40000000    29.5674620098
  0.50000000   1.40000000    37.3124836450
  0.60000000   1.40000000    45.3041159311
  0.70000000   1.40000000    53.6030311831
  0.80000000   1.40000000    62.2759950729
  0.90000000   1.40000000    71.3960389279
  1.00000000   1.40000000    81.0408452143
  1.10000000   1.40000000    91.2866845807
  1.20000000   1.40000000   102.1916575288
  1.30000000   1.40000000   113.7526513834
  1.40000000   1.40000000   125.7970580880
  1.50000000   1.40000000   137.7172557175
  1.60000000   1.40000000   147.8980893309
  1.70000000   1.40000000   153.1657790713
  1.80000000   1.40000000   154.1865116905
  1.90000000   1.40000000   151.1495696935
  2.00000000   1.40000000   143.7336272939
  2.10000000   1.40000000   134.8906048787
  2.20000000   1.40000000   126.1121291451
  2.30000000   1.40000000   117.9681436321
  2.40000000   1.40000000   110.6343260558
  2.50000000   1.40000000   104.1341795137
  2.60000000   1.40000000    98.4372238831
  2.70000000   1.40000000    93.4978646004
  2.80000000   1.40000000    89.2704942295
  2.90000000   1.40000000    85.7149582709
  3.00000000   1.40000000    82.7980717339
  3.10000000   1.40000000    80.4935805222
  3.20000000   1.40000000    78.7815775502
  3.30000000   1.40000000    77.6478286913
  3.40000000   1.40000000    77.0831880085
  3.50000000   1.40000000    77.0831880085

  0.00000000   1.50000000     0.0000000000
  0.10000000   1.50000000     7.4077034252
  0.20000000   1.50000000    14.8667576677
  0.30000000   1.50000000    22.4300000678
  0.40000000   1.50000000    30.1533463460
  0.50000000   1.50000000    38.0976124147
  0.60000000   1.50000000    46.3306902534
  0.70000000   1.50000000    54.9302570434
  0.80000000   1.50000000    63.9871888851
  0.90000000   1.50000000    73.6099055983
  1.00000000   1.50000000    83.9297581514
  1.10000000   1.50000000    95.1072917931
  1.20000000   1.50000000   107.3378311629
  1.30000000   1.50000000   120.8492983187
  1.40000000   1.50000000   135.8587803355
  1.50000000   1.50000000   152.3197019918
  1.60000000   1.50000000   168.5727763047
  1.70000000   1.50000000   174.1195467879
  1.80000000   1.50000000   174.7846562319
  1.90000000   1.50000000   170.8833298578
  2.00000000   1.50000000   157.6651314923
  2.10000000   1.50000000   144.5391405227
  2.20000000   1.50000000   132.9692631611
  2.30000000   1.50000000   122.9898663705
  2.40000000   1.50000000   114.4110899460
  2.50000000   1.50000000   107.0406317092
  2.60000000   1.50000000   100.7200291560
  2.70000000   1.50000000    95.3252828035
  2.80000000   1.50000000    90.7611511173
  2.90000000   1.50000000    86.9551876790
  3.00000000   1.50000000    83.8527721934
  3.10000000   1.50000000    81.4132523556
  3.20000000   1.50000000    79.6070682394
  3.30000000   1.50000000    78.4136735863
  3.40000000   1.50000000    77.8201090815
  3.50000000   1.50000000    77.8201090815

  0.00000000   1.60000000     0.0000000000
  0.10000000   1.60000000     7.4985913032
  0.20000000   1.60000000    15.0529124197
  0.30000000   1.60000000    22.7205767313
  0.40000000   1.60000000    30.5631433718
  0.50000000   1.60000000    38.6485590756
  0.60000000   1.60000000    47.0542566836
  0.70000000   1.60000000    55.8712867484
  0.80000000   1.60000000    65.2100857049
  0.90000000   1.60000000    75.2088231916
  1.00000000   1.60000000    86.0460071547
  1.10000000   1.60000000    97.9605578513
  1.20000000   1.60000000   111.2868747407
  1.30000000   1.60000000   126.5269356620
  1.40000000   1.60000000   144.5399570185
  1.50000000   1.60000000   167.1893316899
  1.60000000   1.60000000   200.0000000000
  1.70000000   1.60000000   200.0000000000
  1.80000000   1.60000000   200.0000000000
  1.90000000   1.60000000   200.0000000000
  2.00000000   1.60000000   171.6090963748
  2.10000000   1.60000000   152.7752058878
  2.20000000   1.60000000   138.4149735464
  2.30000000   1.60000000   126.8215274186
  2.40000000   1.60000000   117.2179534149
  2.50000000   1.60000000   109.1601949233
  2.60000000   1.60000000   102.3614631276
  2.70000000   1.60000000    96.6252882588
  2.80000000   1.60000000    91.8129270794
  2.90000000   1.60000000    87.8247485281
  3.00000000   1.60000000    84.5886514842
  3.10000000   1.60000000    82.0525411367
  3.20000000   1.60000000    80.1793350074
  3.30000000   1.60000000    78.9436431698
  3.40000000   1.60000000    78.3296086448
  3.50000000   1.60000000    78.3296086448

  0.00000000   1.70000000     0.0000000000
  0.10000000   1.70000000     7.5452343905
  0.20000000   1.70000000    15.1484995770
  0.30000000   1.70000000    22.8699299061
  0.40000000   1.70000000    30.7740839706
  0.50000000   1.70000000    38.9327418194
  0.60000000   1.70000000    47.4285261347
  0.70000000   1.70000000    56.3598725435
  0.80000000   1.70000000    65.8481730333
  0.90000000   1.70000000    76.0484677817
  1.00000000   1.70000000    87.1660040675
  1.10000000   1.70000000    99.4826042746
  1.20000000   1.70000000   113.3990874614
  1.30000000   1.70000000   129.5010523653
  1.40000000   1.70000000   148.6416047387
  1.50000000   1.70000000   171.9340057913
  1.60000000   1.70000000   200.0000000000
  1.70000000   1.70000000   200.0000000000
  1.80000000   1.70000000   200.0000000000
  1.90000000   1.70000000   200.0000000000
  2.00000000   1.70000000   176.0695233229
  2.10000000   1.70000000   156.6629713750
  2.20000000   1.70000000   141.2608825137
  2.30000000   1.70000000   128.8653561707
  2.40000000   1.70000000   118.7111439517
  2.50000000   1.70000000   110.2789214553
  2.60000000   1.70000000   103.2210939006
  2.70000000   1.70000000    97.3016957797
  2.80000000   1.70000000    92.3573686259
  2.90000000   1.70000000    88.2730681013
  3.00000000   1.70000000    84.9668774591
  3.10000000   1.70000000    82.3803507751
  3.20000000   1.70000000    80.4722764945
  3.30000000   1.70000000    79.2146277420
  3.40000000   1.70000000    78.5899805765
  3.50000000   1.70000000    78.5899805765

  0.00000000   1.80000000     0.0000000000
  0.10000000   1.80000000     7.5452343905
  0.20000000   1.80000000    15.1484995770
  0.30000000   1.80000000    22.8699299061
  0.40000000   1.80000000    30.7740839706
  0.50000000   1.80000000    38.9327418194
  0.60000000   1.80000000    47.4285261347
  0.70000000   1.80000000    56.3598725435
  0.80000000   1.80000000    65.8481730333
  0.90000000   1.80000000    76.0484677817
  1.00000000   1.80000000    87.1660040675
  1.10000000   1.80000000    99.4826042746
  1.20000000   1.80000000   113.3990874614
  1.30000000   1.80000000   129.5010523653
  1.40000000   1.80000000   148.6416047387
  1.50000000   1.80000000   171.9340057913
  1.60000000   1.80000000   200.0000000000
  1.70000000   1.80000000   200.0000000000
  1.80000000   1.80000000   200.0000000000
  1.90000000   1.80000000   200.0000000000
  2.00000000   1.80000000   176.0695233229
  2.10000000   1.80000000   156.6629713750
  2.20000000   1.80000000   141.2608825137
  2.30000000   1.80000000   128.8653561707
  2.40000000   1.80000000   118.7111439517
  2.50000000   1.80000000   110.2789214553
  2.60000000   1.80000000   103.2210939006
  2.70000000   1.80000000    97.3016957797
  2.80000000   1.80000000    92.3573686259
  2.90000000   1.80000000    88.2730681013
  3.00000000   1.80000000    84.9668774591
  3.10000000   1.80000000    82.3803507751
  3.20000000   1.80000000    80.4722764945
  3.30000000   1.80000000    79.2146277420
  3.40000000   1.80000000    78.5899805765
  3.50000000   1.80000000    78.5899805765

  0.00000000   1.90000000     0.0000000000
  0.10000000   1.90000000     7.4985913032
  0.20000000   1.90000000    15.0529124197
  0.30000000   1.90000000    22.7205767313
  0.40000000   1.90000000    30.5631433718
  0.50000000   1.90000000    38.6485590756
  0.60000000   1.90000000    47.0542566836
  0.70000000   1.90000000    55.8712867484
  0.80000000   1.90000000    65.2100857049
  0.90000000   1.90000000    75.2088231916
  1.00000000   1.90000000    86.0460071547
  1.10000000   1.90000000    97.9605578513
  1.20000000   1.90000000   111.2868747407
  1.30000000   1.90000000   126.5269356620
  1.40000000   1.90000000   144.5399570185
  1.50000000   1.90000000   167.1893316899
  1.60000000   1.90000000   200.0000000000
  1.70000000   1.90000000   200.0000000000
  1.80000000   1.90000000   200.0000000000
  1.90000000   1.90000000   200.0000000000
  2.00000000   1.90000000   171.6090963748
  2.10000000   1.90000000   152.7752058878
  2.20000000   1.90000000   138.4149735464
  2.30000000   1.90000000   126.8215274186
  2.40000000   1.90000000   117.2179534149
  2.50000000   1.90000000   109.1601949233
  2.60000000   1.90000000   102.3614631276
  2.70000000   1.90000000    96.6252882588
  2.80000000   1.90000000    91.8129270794
  2.90000000   1.90000000    87.8247485281
  3.00000000   1.90000000    84.5886514842
  3.10000000   1.90000000    82.0525411367
  3.20000000   1.90000000    80.1793350074
  3.30000000   1.90000000    78.9436431698
  3.40000000   1.90000000    78.3296086448
  3.50000000   1.90000000    78.3296086448

  0.00000000   2.00000000     0.0000000000
  0.10000000   2.00000000     7.4077034252
  0.20000000   2.00000000    14.8667576677
  0.30000000   2.00000000    22.4300000678
  0.40000000   2.00000000    30.1533463460
  0.50000000   2.00000000    38.0976124147
  0.60000000   2.00000000    46.3306902534
  0.70000000   2.00000000    54.9302570434
  0.80000000   2.00000000    63.9871888851
  0.90000000   2.00000000    73.6099055983
  1.00000000   2.00000000    83.9297581514
  1.10000000   2.00000000    95.1072917931
  1.20000000   2.00000000   107.3378311629
  1.30000000   2.00000000   120.8492983187
  1.40000000   2.00000000   135.8587803355
  1.50000000   2.00000000   152.3197019918
  1.60000000   2.00000000   168.5727763047
  1.70000000   2.00000000   174.1195467879
  1.80000000   2.00000000   174.7846562319
  1.90000000   2.00000000   170.8833298578
  2.00000000   2.00000000   157.6651314923
  2.10000000   2.00000000   144.5391405227
  2.20000000   2.00000000   132.9692631611
  2.30000000   2.00000000   122.9898663705
  2.40000000   2.00000000   114.4110899460
  2.50000000   2.00000000   107.0406317092
  2.60000000   2.00000000   100.7200291560
  2.70000000   2.00000000    95.3252828035
  2.80000000   2.00000000    90.7611511173
  2.90000000   2.00000000    86.9551876790
  3.00000000   2.00000000    83.8527721934
  3.10000000   2.00000000    81.4132523556
  3.20000000   2.00000000    79.6070682394
  3.30000000   2.00000000    78.4136735863
  3.40000000   2.00000000    77.8201090815
  3.50000000   2.00000000    77.8201090815

  0.00000000   2.10000000     0.0000000000
  0.10000000   2.10000000     7.2771386747
  0.20000000   2.10000000    14.5995778446
  0.30000000   2.10000000    22.0135963720
  0.40000000   2.10000000    29.5674620098
  0.50000000   2.10000000    37.3124836450
  0.60000000   2.10000000    45.3041159311
  0.70000000   2.10000000    53.6030311831
  0.80000000   2.10000000    62.2759950729
  0.90000000   2.10000000    71.3960389279
  1.00000000   2.10000000    81.0408452143
  1.10000000   2.10000000    91.2866845807
  1.20000000   2.10000000   102.1916575288
  1.30000000   2.10000000   113.7526513834
  1.40000000   2.10000000   125.7970580880
  1.50000000   2.10000000   137.7172557175
  1.60000000   2.10000000   147.8980893309
  1.70000000   2.10000000   153.1657790713
  1.80000000   2.10000000   154.1865116905
  1.90000000   2.10000000   151.1495696935
  2.00000000   2.10000000   143.7336272939
  2.10000000   2.10000000   134.8906048787
  2.20000000   2.10000000   126.1121291451
  2.30000000   2.10000000   117.9681436321
  2.40000000   2.10000000   110.6343260558
  2.50000000   2.10000000   104.1341795137
  2.60000000   2.10000000    98.4372238831
  2.70000000   2.10000000    93.4978646004
  2.80000000   2.10000000    89.2704942295
  2.90000000   2.10000000    85.7149582709
  3.00000000   2.10000000    82.7980717339
  3.10000000   2.10000000    80.4935805222
  3.20000000   2.10000000    78.7815775502
  3.30000000   2.10000000    77.6478286913
  3.40000000   2.10000000    77.0831880085
  3.50000000   2.10000000    77.0831880085

  0.00000000   2.20000000     0.0000000000
  0.10000000   2.20000000     7.1132209265
  0.20000000   2.20000000    14.2645365360
  0.30000000   2.20000000    21.4924861863
  0.40000000   2.20000000    28.8364535948
  0.50000000   2.20000000    36.3369710270
  0.60000000   2.20000000    44.0357932169
  0.70000000   2.20000000    51.9755496950
  0.80000000   2.20000000    60.1985254495
  0.90000000   2.20000000    68.7438156624
  1.00000000   2.20000000    77.6412967680
  1.10000000   2.20000000    86.8995726406
  1.20000000   2.20000000    96.4824030882
  1.30000000   2.20000000   106.2638919915
  1.40000000   2.20000000   115.9474208186
  1.50000000   2.20000000   124.9376399981
  1.60000000   2.20000000   132.2168028094
  1.70000000   2.20000000   136.5417929474
  1.80000000   2.20000000   137.7377323952
  1.90000000   2.20000000   135.9031671203
  2.00000000   2.20000000   131.3641657620
  2.10000000   2.20000000   125.3422755331
  2.20000000   2.20000000   118.8146478408
  2.30000000   2.20000000   112.3579316106
  2.40000000   2.20000000   106.2707395815
  2.50000000   2.20000000   100.6940472806
  2.60000000   2.20000000    95.6864997926
  2.70000000   2.20000000    91.2658563736
  2.80000000   2.20000000    87.4307523606
  2.90000000   2.20000000    84.1718665554
  3.00000000   2.20000000    81.4775499667
  3.10000000   2.20000000    79.3365699305
  3.20000000   2.20000000    77.7393864372
  3.30000000   2.20000000    76.6786836334
  3.40000000   2.20000000    76.1495580864
  3.50000000   2.20000000    76.1495580864

  0.00000000   2.30000000     0.0000000000
  0.10000000   2.30000000     6.9234987392
  0.20000000   2.30000000    13.8772809767
  0.30000000   2.30000000    20.8915788067
  0.40000000   2.30000000    27.9964374282
  0.50000000   2.30000000    35.2213671784
  0.60000000   2.30000000    42.5946334557
  0.70000000   2.30000000    50.1418740801
  0.80000000   2.30000000    57.8836203240
  0.90000000   2.30000000    65.8309094551
  1.00000000   2.30000000    73.9777861221
  1.10000000   2.30000000    82.2886699241
  1.20000000   2.30000000    90.6778276870
  1.30000000   2.30000000    98.9777726055
  1.40000000   2.30000000   106.8963155049
  1.50000000   2.30000000   113.9748864136
  1.60000000   2.30000000   119.5976728294
  1.70000000   2.30000000   123.1606595662
  1.80000000   2.30000000   124.4437397542
  1.90000000   2.30000000   123.5013258793
  2.00000000   2.30000000   120.6389407717
  2.10000000   2.30000000   116.4850874657
  2.20000000   2.30000000   111.6563491691
  2.30000000   2.30000000   106.6122589841
  2.40000000   2.30000000   101.6532277794
  2.50000000   2.30000000    96.9620292211
  2.60000000   2.30000000    92.6448062345
  2.70000000   2.30000000    88.7608420200
  2.80000000   2.30000000    85.3418152540
  2.90000000   2.30000000    82.4036176385
  3.00000000   2.30000000    79.9533949288
  3.10000000   2.30000000    77.9936808296
  3.20000000   2.30000000    76.5247781017
  3.30000000   2.30000000    75.5461169902
  3.40000000   2.30000000    75.0570015231
  3.50000000   2.30000000    75.0570015231

  0.00000000   2.40000000     0.0000000000
  0.10000000   2.40000000     6.7161838547
  0.20000000   2.40000000    13.4547401452
  0.30000000   2.40000000    20.2375889211
  0.40000000   2.40000000    27.0856292688
  0.50000000   2.40000000    34.0179366027
  0.60000000   2.40000000    41.0505190587
  0.70000000   2.40000000    48.1944043235
  0.80000000   2.40000000    55.4526278352
  0.90000000   2.40000000    62.8156140339
  1.00000000   2.40000000    70.2541342509
  1.10000000   2.40000000    77.7089902173
  1.20000000   2.40000000    85.0766237616
  1.30000000   2.40000000    92.1911651437
  1.40000000   2.40000000    98.8069412687
  1.50000000   2.40000000   104.5937607141
  1.60000000   2.40000000   109.1696939620
  1.70000000   2.40000000   112.1988526350
  1.80000000   2.40000000   113.5260045030
  1.90000000   2.40000000   113.1851792259
  2.00000000   2.40000000   111.3891983798
  2.10000000   2.40000000   108.5072246636
  2.20000000   2.40000000   104.9390888327
  2.30000000   2.40000000   101.0282534565
  2.40000000   2.40000000    97.0347505025
  2.50000000   2.40000000    93.1417019552
  2.60000000   2.40000000    89.4727191672
  2.70000000   2.40000000    86.1091892322
  2.80000000   2.40000000    83.1039353026
  2.90000000   2.40000000    80.4909609184
  3.00000000   2.40000000    78.2920542518
  3.10000000   2.40000000    76.5211118247
  3.20000000   2.40000000    75.1869213405
  3.30000000   2.40000000    74.2949043724
  3.40000000   2.40000000    73.8481835185
  3.50000000   2.40000000    73.8481835185

  0.00000000   2.50000000     0.0000000000
  0.10000000   2.50000000     6.4996246180
  0.20000000   2.50000000    13.0140308087
  0.30000000   2.50000000    19.5572548716
  0.40000000   2.50000000    26.1417372238
  0.50000000   2.50000000    32.7772241202
  0.60000000   2.50000000    39.4692909815
  0.70000000   2.50000000    46.2172470672
  0.80000000   2.50000000    53.0112039777
  0.90000000   2.50000000    59.8279395391
  1.00000000   2.50000000    66.6252941249
  1.10000000   2.50000000    73.3348613985
  1.20000000   2.50000000    79.8533733535
  1.30000000   2.50000000    86.0342797127
  1.40000000   2.50000000    91.6835501650
  1.50000000   2.50000000    96.5671054879
  1.60000000   2.50000000   100.4398104259
  1.70000000   2.50000000   103.0999328698
  1.80000000   2.50000000   104.4489840934
  1.90000000   2.50000000   104.5112211236
  2.00000000   2.50000000   103.4289815010
  2.10000000   2.50000000   101.4370854333
  2.20000000   2.50000000    98.8048371115
  2.30000000   2.50000000    95.7859542648
  2.40000000   2.50000000    92.5929885011
  2.50000000   2.50000000    89.3915983053
  2.60000000   2.50000000    86.3052801092
  2.70000000   2.50000000    83.4236782565
  2.80000000   2.50000000    80.8108762374
  2.90000000   2.50000000    78.5123095935
  3.00000000   2.50000000    76.5600190430
  3.10000000   2.50000000    74.9764536050
  3.20000000   2.50000000    73.7771117514
  3.30000000   2.50000000    72.9723308096
  3.40000000   2.50000000    72.5684379058
  3.50000000   2.50000000    72.5684379058

  0.00000000   2.60000000     0.0000000000
  0.10000000   2.60000000     6.2818736437
  0.20000000   2.60000000    12.5715594016
  0.30000000   2.60000000    18.8759501710
  0.40000000   2.60000000    25.1999997661
  0.50000000   2.60000000    31.5455160068
  0.60000000   2.60000000    37.9096226544
  0.70000000   2.60000000    44.2827935579
  0.80000000   2.60000000    50.6462711078
  0.90000000   2.60000000    56.9687998928
  1.00000000   2.60000000    63.2025832444
  1.10000000   2.60000000    69.2787255417
  1.20000000   2.60000000    75.1027726840
  1.30000000   2.60000000    80.5519430099
  1.40000000   2.60000000    85.4766975623
  1.50000000   2.60000000    89.7105018282
  1.60000000   2.60000000    93.0909755283
  1.70000000   2.60000000    95.4911388646
  1.80000000   2.60000000    96.8500038169
  1.90000000   2.60000000    97.1868048940
  2.00000000   2.60000000    96.5988026098
  2.10000000   2.60000000    95.2440658141
  2.20000000   2.60000000    93.3109091905
  2.30000000   2.60000000    90.9883572644
  2.40000000   2.60000000    88.4467538652
  2.50000000   2.60000000    85.8291914625
  2.60000000   2.60000000    83.2504716269
  2.70000000   2.60000000    80.7999903914
  2.80000000   2.60000000    78.5460406849
  2.90000000   2.60000000    76.5401200781
  3.00000000   2.60000000    74.8206538046
  3.10000000   2.60000000    73.4159396871
  3.20000000   2.60000000    72.3463693847
  3.30000000   2.60000000    71.6260141054
  3.40000000   2.60000000    71.2637073576
  3.50000000   2.60000000    71.2637073576

  0.00000000   2.70000000     0.0000000000
  0.10000000   2.70000000     6.0703643617
  0.20000000   2.70000000    12.1423849118
  0.30000000   2.70000000    18.2167172213
  0.40000000   2.70000000    24.2919496156
  0.50000000   2.70000000    30.3633810947
  0.60000000   2.70000000    36.4215958784
  0.70000000   2.70000000    42.4507280792
  0.80000000   2.70000000    48.4264108548
  0.90000000   2.70000000    54.3133594327
  1.00000000   2.70000000    60.0627605926
  1.10000000   2.70000000    65.6097278379
  1.20000000   2.70000000    70.8715503196
  1.30000000   2.70000000    75.7477956066
  1.40000000   2.70000000    80.1239282818
  1.50000000   2.70000000    83.8800669549
  1.60000000   2.70000000    86.9056678196
  1.70000000   2.70000000    89.1181536690
  1.80000000   2.70000000    90.4799942480
  1.90000000   2.70000000    91.0076112888
  2.00000000   2.70000000    90.7702849795
  2.10000000   2.70000000    89.8796115768
  2.20000000   2.70000000    88.4720927559
  2.30000000   2.70000000    86.6910664697
  2.40000000   2.70000000    84.6728785500
  2.50000000   2.70000000    82.5387933814
  2.60000000   2.70000000    80.3917735718
  2.70000000   2.70000000    78.3164763415
  2.80000000   2.70000000    76.3809336595
  2.90000000   2.70000000    74.6388776698
  3.00000000   2.70000000    73.1320764872
  3.10000000   2.70000000    71.8924019230
  3.20000000   2.70000000    70.9434991370
  3.30000000   2.70000000    70.3020659492
  3.40000000   2.70000000    69.9787556057
  3.50000000   2.70000000    69.9787556057

  0.00000000   2.80000000     0.0000000000
  0.10000000   2.80000000     5.8717084792
  0.20000000   2.80000000    11.7398178866
  0.30000000   2.80000000    17.5997271658
  0.40000000   2.80000000    23.4447800685
  0.50000000   2.80000000    29.2651323148
  0.60000000   2.80000000    35.0464764766
  0.70000000   2.80000000    40.7686365455
  0.80000000   2.80000000    46.4039980308
  0.90000000   2.80000000    51.9158895970
  1.00000000   2.80000000    57.2570249983
  1.10000000   2.80000000    62.3683802655
  1.20000000   2.80000000    67.1789594392
  1.30000000   2.80000000    71.6072425903
  1.40000000   2.80000000    75.5650943012
  1.50000000   2.80000000    78.9648389842
  1.60000000   2.80000000    81.7293201915
  1.70000000   2.80000000    83.8034773103
  1.80000000   2.80000000    85.1644160145
  1.90000000   2.80000000    85.8268601948
  2.00000000   2.80000000    85.8425407838
  2.10000000   2.80000000    85.2938038615
  2.20000000   2.80000000    84.2831440633
  2.30000000   2.80000000    82.9217553559
  2.40000000   2.80000000    81.3197975009
  2.50000000   2.80000000    79.5796667687
  2.60000000   2.80000000    77.7922787754
  2.70000000   2.80000000    76.0356803019
  2.80000000   2.80000000    74.3751799641
  2.90000000   2.80000000    72.8642814770
  3.00000000   2.80000000    71.5459478865
  3.10000000   2.80000000    70.4538767616
  3.20000000   2.80000000    69.6136447774
  3.30000000   2.80000000    69.0436311111
  3.40000000   2.80000000    68.7557117271
  3.50000000   2.80000000    68.7557117271

  0.00000000   2.90000000     0.0000000000
  0.10000000   2.90000000     5.6915888370
  0.20000000   2.90000000    11.3752404312
  0.30000000   2.90000000    17.0420581568
  0.40000000   2.90000000    22.6812085730
  0.50000000   2.90000000    28.2788932707
  0.60000000   2.90000000    33.8172841888
  0.70000000   2.90000000    39.2734004949
  0.80000000   2.90000000    44.6180066272
  0.90000000   2.90000000    49.8145761885
  1.00000000   2.90000000    54.8185345872
  1.10000000   2.90000000    59.5769816411
  1.20000000   2.90000000    64.0293097164
  1.30000000   2.90000000    68.1090888380
  1.40000000   2.90000000    71.7476772012
  1.50000000   2.90000000    74.8796674048
  1.60000000   2.90000000    77.4498803042
  1.70000000   2.90000000    79.4207921376
  1.80000000   2.90000000    80.7787719879
  1.90000000   2.90000000    81.5374364875
  2.00000000   2.90000000    81.7372908413
  2.10000000   2.90000000    81.4417452340
  2.20000000   2.90000000    80.7305465535
  2.30000000   2.90000000    79.6922595731
  2.40000000   2.90000000    78.4173619328
  2.50000000   2.90000000    76.9928934833
  2.60000000   2.90000000    75.4989141506
  2.70000000   2.90000000    74.0065743570
  2.80000000   2.90000000    72.5773784733
  2.90000000   2.90000000    71.2632344467
  3.00000000   2.90000000    70.1069244188
  3.10000000   2.90000000    69.1427651721
  3.20000000   2.90000000    68.3972798608
  3.30000000   2.90000000    67.8898025240
  3.40000000   2.90000000    67.6329503333
  3.50000000   2.90000000    67.6329503333

  0.00000000   3.00000000     0.0000000000
  0.10000000   3.00000000     5.5347355952
  0.20000000   3.00000000    11.0580733577
  0.30000000   3.00000000    16.5577291875
  0.40000000   3.00000000    22.0196386527
  0.50000000   3.00000000    27.4270683546
  0.60000000   3.00000000    32.7597238943
  0.70000000   3.00000000    37.9929101475
  0.80000000   3.00000000    43.0967646145
  0.90000000   3.00000000    48.0356945841
  1.00000000   3.00000000    52.7681116773
  1.10000000   3.00000000    57.2467000241
  1.20000000   3.00000000    61.4193973505
  1.30000000   3.00000000    65.2313727035
  1.40000000   3.00000000    68.6281085712
  1.50000000   3.00000000    71.5596047995
  1.60000000   3.00000000    73.9853078181
  1.70000000   3.00000000    75.8790869328
  1.80000000   3.00000000    77.2332385567
  1.90000000   3.00000000    78.0606311876
  2.00000000   3.00000000    78.3944527960
  2.10000000   3.00000000    78.2856395324
  2.20000000   3.00000000    77.7985564182
  2.30000000   3.00000000    77.0058722670
  2.40000000   3.00000000    75.9835558645
  2.50000000   3.00000000    74.8066520917
  2.60000000   3.00000000    73.5461378187
  2.70000000   3.00000000    72.2668492373
  2.80000000   3.00000000    71.0263186349
  2.90000000   3.00000000    69.8742710561
  3.00000000   3.00000000    68.8525678209
  3.10000000   3.00000000    67.9953941244
  3.20000000   3.00000000    67.3295677088
  3.30000000   3.00000000    66.8748598485
  3.40000000   3.00000000    66.6442803447
  3.50000000   3.00000000    66.6442803447

  0.00000000   3.10000000     0.0000000000
  0.10000000   3.10000000     5.4049499254
  0.20000000   3.10000000    10.7958568314
  0.30000000   3.10000000    16.1578670112
  0.40000000   3.10000000    21.4745194305
  0.50000000   3.10000000    26.7269682284
  0.60000000   3.10000000    31.8932648178
  0.70000000   3.10000000    36.9477156678
  0.80000000   3.10000000    41.8604013294
  0.90000000   3.10000000    46.5969067874
  1.00000000   3.10000000    51.1184078891
  1.10000000   3.10000000    55.3822058389
  1.20000000   3.10000000    59.3428880916
  1.30000000   3.10000000    62.9541856801
  1.40000000   3.10000000    66.1716031760
  1.50000000   3.10000000    68.9556744794
  1.60000000   3.10000000    71.2755835517
  1.70000000   3.10000000    73.1126194837
  1.80000000   3.10000000    74.4628943819
  1.90000000   3.10000000    75.3387521317
  2.00000000   3.10000000    75.7685876092
  2.10000000   3.10000000    75.7950849544
  2.20000000   3.10000000    75.4722349179
  2.30000000   3.10000000    74.8616743216
  2.40000000   3.10000000    74.0289360243
  2.50000000   3.10000000    73.0400691037
  2.60000000   3.10000000    71.9588919328
  2.70000000   3.10000000    70.8449657889
  2.80000000   3.10000000    69.7522300433
  2.90000000   3.10000000    68.7281904438
  3.00000000   3.10000000    67.8135072726
  3.10000000   3.10000000    67.0418634779
  3.20000000   3.10000000    66.4399900100
  3.30000000   3.10000000    66.0277755170
  3.40000000   3.10000000    65.8183899919
  3.50000000   3.10000000    65.8183899919

  0.00000000   3.20000000     0.0000000000
  0.10000000   3.20000000     5.3051617171
  0.20000000   3.20000000    10.5943762955
  0.30000000   3.20000000    15.8509568826
  0.40000000   3.20000000    21.0567553601
  0.50000000   3.20000000    26.1914907225
  0.60000000   3.20000000    31.2321471425
  0.70000000   3.20000000    36.1525009552
  0.80000000   3.20000000    40.9228125789
  0.90000000   3.20000000    45.5097784196
  1.00000000   3.20000000    49.8767998247
  1.10000000   3.20000000    53.9846864602
  1.20000000   3.20000000    57.7928417240
  1.30000000   3.20000000    61.2610032463
  1.40000000   3.20000000    64.3514814823
  1.50000000   3.20000000    67.0317989498
  1.60000000   3.20000000    69.2774540450
  1.70000000   3.20000000    71.0744834256
  1.80000000   3.20000000    72.4214022341
  1.90000000   3.20000000    73.3302001489
  2.00000000   3.20000000    73.8261840354
  2.10000000   3.20000000    73.9466959902
  2.20000000   3.20000000    73.7389100428
  2.30000000   3.20000000    73.2570640015
  2.40000000   3.20000000    72.5595096472
  2.50000000   3.20000000    71.7059146493
  2.60000000   3.20000000    70.7548440857
  2.70000000   3.20000000    69.7618253673
  2.80000000   3.20000000    68.7779155874
  2.90000000   3.20000000    67.8487119149
  3.00000000   3.20000000    67.0137307774
  3.10000000   3.20000000    66.3060546255
  3.20000000   3.20000000    65.7521698676
  3.30000000   3.20000000    65.3719153547
  3.40000000   3.20000000    65.1784927664
  3.50000000   3.20000000    65.1784927664

  0.00000000   3.30000000     0.0000000000
  0.10000000   3.30000000     5.2374931614
  0.20000000   3.30000000    10.4578117106
  0.30000000   3.30000000    15.6430917852
  0.40000000   3.30000000    20.7741193239
  0.50000000   3.30000000    25.8297228181
  0.60000000   3.30000000    30.7862631714
  0.70000000   3.30000000    35.6172548798
  0.80000000   3.30000000    40.2931848114
  0.90000000   3.30000000    44.7815760787
  1.00000000   3.30000000    49.0473796551
  1.10000000   3.30000000    53.0537377049
  1.20000000   3.30000000    56.7631801043
  1.30000000   3.30000000    60.1392402977
  1.40000000   3.30000000    63.1484555559
  1.50000000   3.30000000    65.7626032161
  1.60000000   3.30000000    67.9609806658
  1.70000000   3.30000000    69.7324419893
  1.80000000   3.30000000    71.0769194541
  1.90000000   3.30000000    72.0061773508
  2.00000000   3.30000000    72.5436764072
  2.10000000   3.30000000    72.7235483346
  2.20000000   3.30000000    72.5888327309
  2.30000000   3.30000000    72.1892156800
  2.40000000   3.30000000    71.5785532155
  2.50000000   3.30000000    70.8124373888
  2.60000000   3.30000000    69.9459977410
  2.70000000   3.30000000    69.0320561111
  2.80000000   3.30000000    68.1196721957
  2.90000000   3.30000000    67.2530706203
  3.00000000   3.30000000    66.4708948528
  3.10000000   3.30000000    65.8057282516
  3.20000000   3.30000000    65.2838084500
  3.30000000   3.30000000    64.9248782094
  3.40000000   3.30000000    64.7421167978
  3.50000000   3.30000000    64.7421167978

  0.00000000   3.40000000     0.0000000000
  0.10000000   3.40000000     5.2033209364
  0.20000000   3.40000000    10.3888662979
  0.30000000   3.40000000    15.5381989824
  0.40000000   3.40000000    20.6315879939
  0.50000000   3.40000000    25.6474392503
  0.60000000   3.40000000    30.5618248218
  0.70000000   3.40000000    35.3481587166
  0.80000000   3.40000000    39.9770669078
  0.90000000   3.40000000    44.4165137525
  1.00000000   3.40000000    48.6322367288
  1.10000000   3.40000000    52.5885441838
  1.20000000   3.40000000    56.2494968192
  1.30000000   3.40000000    59.5804685479
  1.40000000   3.40000000    62.5500159454
  1.50000000   3.40000000    65.1319340926
  1.60000000   3.40000000    67.3073021699
  1.70000000   3.40000000    69.0662907724
  1.80000000   3.40000000    70.4094872924
  1.90000000   3.40000000    71.3485483131
  2.00000000   3.40000000    71.9060677878
  2.10000000   3.40000000    72.1146697279
  2.20000000   3.40000000    72.0154398424
  2.30000000   3.40000000    71.6558959857
  2.40000000   3.40000000    71.0877311037
  2.50000000   3.40000000    70.3645524072
  2.60000000   3.40000000    69.5397951345
  2.70000000   3.40000000    68.6649252997
  2.80000000   3.40000000    67.7879857747
  2.90000000   3.40000000    66.9524858178
  3.00000000   3.40000000    66.1966025662
  3.10000000   3.40000000    65.5526398295
  3.20000000   3.40000000    65.0466868777
  3.30000000   3.40000000    64.6984187825
  3.40000000   3.40000000    64.5209912646
  3.50000000   3.40000000    64.5209912646

  0.00000000   3.50000000     0.0000000000
  0.10000000   3.50000000     5.2033209364
  0.20000000   3.50000000    10.3888662979
  0.30000000   3.50000000    15.5381989824
  0.40000000   3.50000000    20.6315879939
  0.50000000   3.50000000    25.6474392503
  0.60000000   3.50000000    30.5618248218
  0.70000000   3.50000000    35.3481587166
  0.80000000   3.50000000    39.9770669078
  0.90000000   3.50000000    44.4165137525
  1.00000000   3.50000000    48.6322367288
  1.10000000   3.50000000    52.5885441838
  1.20000000   3.50000000    56.2494968192
  1.30000000   3.50000000    59.5804685479
  1.40000000   3.50000000    62.5500159454
  1.50000000   3.50000000    65.1319340926
  1.60000000   3.50000000    67.3073021699
  1.70000000   3.50000000    69.0662907724
  1.80000000   3.50000000    70.4094872924
  1.90000000   3.50000000    71.3485483131
  2.00000000   3.50000000    71.9060677878
  2.10000000   3.50000000    72.1146697279
  2.20000000   3.50000000    72.0154398424
  2.30000000   3.50000000    71.6558959857
  2.40000000   3.50000000    71.0877311037
  2.50000000   3.50000000    70.3645524072
  2.60000000   3.50000000    69.5397951345
  2.70000000   3.50000000    68.6649252997
  2.80000000   3.50000000    67.7879857747
  2.90000000   3.50000000    66.9524858178
  3.00000000   3.50000000    66.1966025662
  3.10000000   3.50000000    65.5526398295
  3.20000000   3.50000000    65.0466868777
  3.30000000   3.50000000    64.6984187825
  3.40000000   3.50000000    64.5209912646
  3.50000000   3.50000000    64.5209912646

