  0.00000000   0.00000000     0.0000000000
  0.10000000   0.00000000     5.8063453507
  0.20000000   0.00000000    11.5931951331
  0.30000000   0.00000000    17.3404726691
  0.40000000   0.00000000    23.0269658308
  0.50000000   0.00000000    28.6298287271
  0.60000000   0.00000000    34.1241739539
  0.70000000   0.00000000    39.4827960174
  0.80000000   0.00000000    44.6760739493
  0.90000000   0.00000000    49.6721053798
  1.00000000   0.00000000    54.4371254501
  1.10000000   0.00000000    58.9362548641
  1.20000000   0.00000000    63.1346021197
  1.30000000   0.00000000    66.9987086621
  1.40000000   0.00000000    70.4982769230
  1.50000000   0.00000000    73.6080606595
  1.60000000   0.00000000    76.3097407566
  1.70000000   0.00000000    78.5935696854
  1.80000000   0.00000000    80.4595655098
  1.90000000   0.00000000    81.9180769393
  2.00000000   0.00000000    82.9896245232
  2.10000000   0.00000000    83.7040273865
  2.20000000   0.00000000    84.0989275337
  2.30000000   0.00000000    84.2178968974
  2.40000000   0.00000000    84.1083443773
  2.50000000   0.00000000    83.8194278970
  2.60000000   0.00000000    83.4001337817
  2.70000000   0.00000000    82.8976273334
  2.80000000   0.00000000    82.3559214184
  2.90000000   0.00000000    81.8148628928
  3.00000000   0.00000000    81.3094050493
  3.10000000   0.00000000    80.8691167728
  3.20000000   0.00000000    80.5178736265
  3.30000000   0.00000000    80.2736786168
  3.40000000   0.00000000    80.1485680488
  3.50000000   0.00000000    80.1485680488

  0.00000000   0.10000000     0.0000000000
  0.10000000   0.10000000     5.8063453507
  0.20000000   0.10000000    11.5931951331
  0.30000000   0.10000000    17.3404726691
  0.40000000   0.10000000    23.0269658308
  0.50000000   0.10000000    28.6298287271
  0.60000000   0.10000000    34.1241739539
  0.70000000   0.10000000    39.4827960174
  0.80000000   0.10000000    44.6760739493
  0.90000000   0.10000000    49.6721053798
  1.00000000   0.10000000    54.4371254501
  1.10000000   0.10000000    58.9362548641
  1.20000000   0.10000000    63.1346021197
  1.30000000   0.10000000    66.9987086621
  1.40000000   0.10000000    70.4982769230
  1.50000000   0.10000000    73.6080606595
  1.60000000   0.10000000    76.3097407566
  1.70000000   0.10000000    78.5935696854
  1.80000000   0.10000000    80.4595655098
  1.90000000   0.10000000    81.9180769393
  2.00000000   0.10000000    82.9896245232
  2.10000000   0.10000000    83.7040273865
  2.20000000   0.10000000    84.0989275337
  2.30000000   0.10000000    84.2178968974
  2.40000000   0.10000000    84.1083443773
  2.50000000   0.10000000    83.8194278970
  2.60000000   0.10000000    83.4001337817
  2.70000000   0.10000000    82.8976273334
  2.80000000   0.10000000    82.3559214184
  2.90000000   0.10000000    81.8148628928
  3.00000000   0.10000000    81.3094050493
  3.10000000   0.10000000    80.8691167728
  3.20000000   0.10000000    80.5178736265
  3.30000000   0.10000000    80.2736786168
  3.40000000   0.10000000    80.1485680488
  3.50000000   0.10000000    80.1485680488

  0.00000000   0.20000000     0.0000000000
  0.10000000   0.20000000     5.8376991707
  0.20000000   0.20000000    11.6564595745
  0.30000000   0.20000000    17.4367360459
  0.40000000   0.20000000    23.1577945316
  0.50000000   0.20000000    28.7971808720
  0.60000000   0.20000000    34.3302729618
  0.70000000   0.20000000    39.7299576513
  0.80000000   0.20000000    44.9664807792
  0.90000000   0.20000000    50.0075288475
  1.00000000   0.20000000    54.8186021963
  1.10000000   0.20000000    59.3637380636
  1.20000000   0.20000000    63.6066212984
  1.30000000   0.20000000    67.5120883983
  1.40000000   0.20000000    71.0479721184
  1.50000000   0.20000000    74.1871665336
  1.60000000   0.20000000    76.9097151359
  1.70000000   0.20000000    79.2046722978
  1.80000000   0.20000000    81.0714721795
  1.90000000   0.20000000    82.5205880089
  2.00000000   0.20000000    83.5733625644
  2.10000000   0.20000000    84.2610245273
  2.20000000   0.20000000    84.6230289286
  2.30000000   0.20000000    84.7049505200
  2.40000000   0.20000000    84.5561887544
  2.50000000   0.20000000    84.2277216859
  2.60000000   0.20000000    83.7700846440
  2.70000000   0.20000000    83.2316774729
  2.80000000   0.20000000    82.6574357204
  2.90000000   0.20000000    82.0878511863
  3.00000000   0.20000000    81.5582951388
  3.10000000   0.20000000    81.0985834940
  3.20000000   0.20000000    80.7327208612
  3.30000000   0.20000000    80.4787664385
  3.40000000   0.20000000    80.3487745672
  3.50000000   0.20000000    80.3487745672

  0.00000000   0.30000000     0.0000000000
  0.10000000   0.30000000     5.8997936650
  0.20000000   0.30000000    11.7817866366
  0.30000000   0.30000000    17.6275238213
  0.40000000   0.30000000    23.4172598339
  0.50000000   0.30000000    29.1293628700
  0.60000000   0.30000000    34.7397881585
  0.70000000   0.30000000    40.2216588107
  0.80000000   0.30000000    45.5450077209
  0.90000000   0.30000000    50.6767444345
  1.00000000   0.30000000    55.5809268118
  1.10000000   0.30000000    60.2194171874
  1.20000000   0.30000000    64.5529975630
  1.30000000   0.30000000    68.5429795234
  1.40000000   0.30000000    72.1532859537
  1.50000000   0.30000000    75.3528813351
  1.60000000   0.30000000    78.1183214121
  1.70000000   0.30000000    80.4360908449
  1.80000000   0.30000000    82.3043642043
  1.90000000   0.30000000    83.7338739503
  2.00000000   0.30000000    84.7477176329
  2.10000000   0.30000000    85.3801242260
  2.20000000   0.30000000    85.6743862739
  2.30000000   0.30000000    85.6802823490
  2.40000000   0.30000000    85.4513481228
  2.50000000   0.30000000    85.0422989078
  2.60000000   0.30000000    84.5068087258
  2.70000000   0.30000000    83.8957412169
  2.80000000   0.30000000    83.2558414336
  2.90000000   0.30000000    82.6288387416
  3.00000000   0.30000000    82.0508834472
  3.10000000   0.30000000    81.5522318558
  3.20000000   0.30000000    81.1571011853
  3.30000000   0.30000000    80.8836280692
  3.40000000   0.30000000    80.7438795080
  3.50000000   0.30000000    80.7438795080

  0.00000000   0.40000000     0.0000000000
  0.10000000   0.40000000     5.9913794043
  0.20000000   0.40000000    11.9667234726
  0.30000000   0.40000000    17.9092778598
  0.40000000   0.40000000    23.8008589619
  0.50000000   0.40000000    29.6211663667
  0.60000000   0.40000000    35.3471383864
  0.70000000   0.40000000    40.9523875277
  0.80000000   0.40000000    46.4067671910
  0.90000000   0.40000000    51.6761486439
  1.00000000   0.40000000    56.7225064616
  1.10000000   0.40000000    61.5044375751
  1.20000000   0.40000000    65.9782382509
  1.30000000   0.40000000    70.0996458889
  1.40000000   0.40000000    73.8262721894
  1.50000000   0.40000000    77.1206294170
  1.60000000   0.40000000    79.9534632085
  1.70000000   0.40000000    82.3069319316
  1.80000000   0.40000000    84.1770675371
  1.90000000   0.40000000    85.5750222157
  2.00000000   0.40000000    86.5268274846
  2.10000000   0.40000000    87.0717088367
  2.20000000   0.40000000    87.2592845224
  2.30000000   0.40000000    87.1461658564
  2.40000000   0.40000000    86.7924935903
  2.50000000   0.40000000    86.2588308904
  2.60000000   0.40000000    85.6036498905
  2.70000000   0.40000000    84.8814822209
  2.80000000   0.40000000    84.1416827623
  2.90000000   0.40000000    83.4276951702
  3.00000000   0.40000000    82.7766879037
  3.10000000   0.40000000    82.2194390762
  3.20000000   0.40000000    81.7803686750
  3.30000000   0.40000000    81.4776412830
  3.40000000   0.40000000    81.3232841661
  3.50000000   0.40000000    81.3232841661

  0.00000000   0.50000000     0.0000000000
  0.10000000   0.50000000     6.1105270351
  0.20000000   0.50000000    12.2074733934
  0.30000000   0.50000000    18.2764670940
  0.40000000   0.50000000    24.3015494613
  0.50000000   0.50000000    30.2643746883
  0.60000000   0.50000000    36.1434155731
  0.70000000   0.50000000    41.9131991102
  0.80000000   0.50000000    47.5436251974
  0.90000000   0.50000000    52.9994502089
  1.00000000   0.50000000    58.2400677117
  1.10000000   0.50000000    63.2197585291
  1.20000000   0.50000000    67.8886284366
  1.30000000   0.50000000    72.1944452676
  1.40000000   0.50000000    76.0855256334
  1.50000000   0.50000000    79.5146314395
  1.60000000   0.50000000    82.4435475747
  1.70000000   0.50000000    84.8476553318
  1.80000000   0.50000000    86.7195904923
  1.90000000   0.50000000    88.0711324938
  2.00000000   0.50000000    88.9328769700
  2.10000000   0.50000000    89.3517665604
  2.20000000   0.50000000    89.3870474310
  2.30000000   0.50000000    89.1055142753
  2.40000000   0.50000000    88.5769009500
  2.50000000   0.50000000    87.8700097116
  2.60000000   0.50000000    87.0498422055
  2.70000000   0.50000000    86.1757222083
  2.80000000   0.50000000    85.3002470962
  2.90000000   0.50000000    84.4688478461
  3.00000000   0.50000000    83.7197480985
  3.10000000   0.50000000    83.0841501427
  3.20000000   0.50000000    82.5865219401
  3.30000000   0.50000000    82.2448989131
  3.40000000   0.50000000    82.0711458190
  3.50000000   0.50000000    82.0711458190

  0.00000000   0.60000000     0.0000000000
  0.10000000   0.60000000     6.2545693435
  0.20000000   0.60000000    12.4987700744
  0.30000000   0.60000000    18.7213764275
  0.40000000   0.60000000    24.9094256768
  0.50000000   0.60000000    31.0472984555
  0.60000000   0.60000000    37.1157482800
  0.70000000   0.60000000    43.0908909997
  0.80000000   0.60000000    48.9431886874
  0.90000000   0.60000000    54.6365158973
  1.00000000   0.60000000    60.1274560604
  1.10000000   0.60000000    65.3650726957
  1.20000000   0.60000000    70.2914859536
  1.30000000   0.60000000    74.8436614590
  1.40000000   0.60000000    78.9567770080
  1.50000000   0.60000000    82.5693212207
  1.60000000   0.60000000    85.6295853569
  1.70000000   0.60000000    88.1025425761
  1.80000000   0.60000000    89.9755415758
  1.90000000   0.60000000    91.2612885944
  2.00000000   0.60000000    91.9973499576
  2.10000000   0.60000000    92.2423401906
  2.20000000   0.60000000    92.0697735449
  2.30000000   0.60000000    91.5611092072
  2.40000000   0.60000000    90.7994071707
  2.50000000   0.60000000    89.8644415462
  2.60000000   0.60000000    88.8294888302
  2.70000000   0.60000000    87.7595924133
  2.80000000   0.60000000    86.7109226231
  2.90000000   0.60000000    85.7308435085
  3.00000000   0.60000000    84.8583665286
  3.10000000   0.60000000    84.1247643503
  3.20000000   0.60000000    83.5541981528
  3.30000000   0.60000000    83.1642731470
  3.40000000   0.60000000    82.9664765601
  3.50000000   0.60000000    82.9664765601

  0.00000000   0.70000000     0.0000000000
  0.10000000   0.70000000     6.4200380832
  0.20000000   0.70000000    12.8337381726
  0.30000000   0.70000000    19.2338629856
  0.40000000   0.70000000    25.6113329926
  0.50000000   0.70000000    31.9541966032
  0.60000000   0.70000000    38.2464796599
  0.70000000   0.70000000    44.4668898449
  0.80000000   0.70000000    50.5873870713
  0.90000000   0.70000000    56.5716779673
  1.00000000   0.70000000    62.3737937753
  1.10000000   0.70000000    67.9370430220
  1.20000000   0.70000000    73.1938296991
  1.30000000   0.70000000    78.0670155550
  1.40000000   0.70000000    82.4736187204
  1.50000000   0.70000000    86.3314355656
  1.60000000   0.70000000    89.5684528010
  1.70000000   0.70000000    92.1335845391
  1.80000000   0.70000000    94.0059260401
  1.90000000   0.70000000    95.1995799640
  2.00000000   0.70000000    95.7628292277
  2.10000000   0.70000000    95.7720007869
  2.20000000   0.70000000    95.3216970619
  2.30000000   0.70000000    94.5142303336
  2.40000000   0.70000000    93.4507135634
  2.50000000   0.70000000    92.2249458222
  2.60000000   0.70000000    90.9200668474
  2.70000000   0.70000000    89.6073454734
  2.80000000   0.70000000    88.3463412817
  2.90000000   0.70000000    87.1857969289
  3.00000000   0.70000000    86.1648142052
  3.10000000   0.70000000    85.3140406181
  3.20000000   0.70000000    84.6567220009
  3.30000000   0.70000000    84.2095562735
  3.40000000   0.70000000    83.9833286190
  3.50000000   0.70000000    83.9833286190

  0.00000000   0.80000000     0.0000000000
  0.10000000   0.80000000     6.6026098313
  0.20000000   0.80000000    13.2037663097
  0.30000000   0.80000000    19.8011210136
  0.40000000   0.80000000    26.3904669967
  0.50000000   0.80000000    32.9646386971
  0.60000000   0.80000000    39.5122024217
  0.70000000   0.80000000    46.0158737959
  0.80000000   0.80000000    52.4506108612
  0.90000000   0.80000000    58.7813891190
  1.00000000   0.80000000    64.9607618796
  1.10000000   0.80000000    70.9265162479
  1.20000000   0.80000000    76.6000438579
  1.30000000   0.80000000    81.8864945829
  1.40000000   0.80000000    86.6782041474
  1.50000000   0.80000000    90.8629749156
  1.60000000   0.80000000    94.3378491128
  1.70000000   0.80000000    97.0265060288
  1.80000000   0.80000000    98.8949931152
  1.90000000   0.80000000    99.9596192761
  2.00000000   0.80000000   100.2854404042
  2.10000000   0.80000000    99.9761352715
  2.20000000   0.80000000    99.1577887487
  2.30000000   0.80000000    97.9622862886
  2.40000000   0.80000000    96.5147132369
  2.50000000   0.80000000    94.9260550644
  2.60000000   0.80000000    93.2903576084
  2.70000000   0.80000000    91.6848067998
  2.80000000   0.80000000    90.1713329885
  2.90000000   0.80000000    88.7987768032
  3.00000000   0.80000000    87.6050578732
  3.10000000   0.80000000    86.6190778874
  3.20000000   0.80000000    85.8622610297
  3.30000000   0.80000000    85.3497247431
  3.40000000   0.80000000    85.0911102115
  3.50000000   0.80000000    85.0911102115

  0.00000000   0.90000000     0.0000000000
  0.10000000   0.90000000     6.7970782334
  0.20000000   0.90000000    13.5984304576
  0.30000000   0.90000000    20.4075091985
  0.40000000   0.90000000    27.2260343235
  0.50000000   0.90000000    34.0528933336
  0.60000000   0.90000000    40.8827445787
  0.70000000   0.90000000    47.7041944986
  0.80000000   0.90000000    54.4974187113
  0.90000000   0.90000000    61.2311080638
  1.00000000   0.90000000    67.8587154163
  1.10000000   0.90000000    74.3141882307
  1.20000000   0.90000000    80.5078383073
  1.30000000   0.90000000    86.3237846833
  1.40000000   0.90000000    91.6215397592
  1.50000000   0.90000000    96.2452879678
  1.60000000   0.90000000   100.0438823375
  1.70000000   0.90000000   102.9001555809
  1.80000000   0.90000000   104.7592836904
  1.90000000   0.90000000   105.6412853796
  2.00000000   0.90000000   105.6380225857
  2.10000000   0.90000000   104.8965715378
  2.20000000   0.90000000   103.5908856036
  2.30000000   0.90000000   101.8947799261
  2.40000000   0.90000000    99.9643739574
  2.50000000   0.90000000    97.9304591536
  2.60000000   0.90000000    95.8977172234
  2.70000000   0.90000000    93.9474848924
  2.80000000   0.90000000    92.1417649657
  2.90000000   0.90000000    90.5272194972
  3.00000000   0.90000000    89.1385977241
  3.10000000   0.90000000    88.0014484183
  3.20000000   0.90000000    87.1341532566
  3.30000000   0.90000000    86.5493827029
  3.40000000   0.90000000    86.2550829439
  3.50000000   0.90000000    86.2550829439

  0.00000000   1.00000000     0.0000000000
  0.10000000   1.00000000     6.9973752795
  0.20000000   1.00000000    14.0055118285
  0.30000000   1.00000000    21.0345154223
  0.40000000   1.00000000    28.0930754457
  0.50000000   1.00000000    35.1874805158
  0.60000000   1.00000000    42.3202598840
  0.70000000   1.00000000    49.4882609629
  0.80000000   1.00000000    56.6799122785
  0.90000000   1.00000000    63.8713790694
  1.00000000   1.00000000    71.0213061573
  1.10000000   1.00000000    78.0639934857
  1.20000000   1.00000000    84.9013232396
  1.30000000   1.00000000    91.3949389038
  1.40000000   1.00000000    97.3624284862
  1.50000000   1.00000000   102.5845787283
  1.60000000   1.00000000   106.8329632308
  1.70000000   1.00000000   109.9214020512
  1.80000000   1.00000000   111.7618182992
  1.90000000   1.00000000   112.3809529810
  2.00000000   1.00000000   111.9139847039
  2.10000000   1.00000000   110.5794946092
  2.20000000   1.00000000   108.6260169063
  2.30000000   1.00000000   106.2865357768
  2.40000000   1.00000000   103.7555361540
  2.50000000   1.00000000   101.1841376111
  2.60000000   1.00000000    98.6846763611
  2.70000000   1.00000000    96.3384560654
  2.80000000   1.00000000    94.2034216604
  2.90000000   1.00000000    92.3205226901
  3.00000000   1.00000000    90.7185436056
  3.10000000   1.00000000    89.4175850720
  3.20000000   1.00000000    88.4314844554
  3.30000000   1.00000000    87.7694460792
  3.40000000   1.00000000    87.4370934487
  3.50000000   1.00000000    87.4370934487

  0.00000000   1.10000000     0.0000000000
  0.10000000   1.10000000     7.1966644872
  0.20000000   1.10000000    14.4111621477
  0.30000000   1.10000000    21.6609427035
  0.40000000   1.10000000    28.9625841321
  0.50000000   1.10000000    36.3310720642
  0.60000000   1.10000000    43.7786771772
  0.70000000   1.10000000    51.3131795516
  0.80000000   1.10000000    58.9350788310
  0.90000000   1.10000000    66.6332605912
  1.00000000   1.10000000    74.3784077133
  1.10000000   1.10000000    82.1132981682
  1.20000000   1.10000000    89.7393122704
  1.30000000   1.10000000    97.0995956455
  1.40000000   1.10000000   103.9627930994
  1.50000000   1.10000000   110.0190001487
  1.60000000   1.10000000   114.9113890886
  1.70000000   1.10000000   118.3292200932
  1.80000000   1.10000000   120.1346593663
  1.90000000   1.10000000   120.3675953163
  2.00000000   1.10000000   119.2314095660
  2.10000000   1.10000000   117.0692978173
  2.20000000   1.10000000   114.2494475065
  2.30000000   1.10000000   111.0865272156
  2.40000000   1.10000000   107.8178761093
  2.50000000   1.10000000   104.6100525382
  2.60000000   1.10000000   101.5750599860
  2.70000000   1.10000000    98.7863155171
  2.80000000   1.10000000    96.2912097127
  2.90000000   1.10000000    94.1200498678
  3.00000000   1.10000000    92.2921013550
  3.10000000   1.10000000    90.8195423796
  3.20000000   1.10000000    89.7099971570
  3.30000000   1.10000000    88.9681248238
  3.40000000   1.10000000    88.5965851998
  3.50000000   1.10000000    88.5965851998

  0.00000000   1.20000000     0.0000000000
  0.10000000   1.20000000     7.3875286034
  0.20000000   1.20000000    14.8002638964
  0.30000000   1.20000000    22.2634079842
  0.40000000   1.20000000    29.8020690193
  0.50000000   1.20000000    37.4409796276
  0.60000000   1.20000000    45.2038578870
  0.70000000   1.20000000    53.1121493255
  0.80000000   1.20000000    61.1827098814
  0.90000000   1.20000000    69.4237092851
  1.00000000   1.20000000    77.8275683279
  1.10000000   1.20000000    86.3590791869
  1.20000000   1.20000000    94.9360533721
  1.30000000   1.20000000   103.3995877656
  1.40000000   1.20000000   111.4737159005
  1.50000000   1.20000000   118.7266254993
  1.60000000   1.20000000   124.5805786225
  1.70000000   1.20000000   128.4739674758
  1.80000000   1.20000000   130.2147359306
  1.90000000   1.20000000   129.8702700002
  2.00000000   1.20000000   127.7356368383
  2.10000000   1.20000000   124.3929345134
  2.20000000   1.20000000   120.4078579731
  2.30000000   1.20000000   116.1999741184
  2.40000000   1.20000000   112.0424532339
  2.50000000   1.20000000   108.1007193002
  2.60000000   1.20000000   104.4702275432
  2.70000000   1.20000000   101.2037774641
  2.80000000   1.20000000    98.3291425829
  2.90000000   1.20000000    95.8598639375
  3.00000000   1.20000000    93.8016747226
  3.10000000   1.20000000    92.1562568347
  3.20000000   1.20000000    90.9234038945
  3.30000000   1.20000000    90.1022449641
  3.40000000   1.20000000    89.6919178568
  3.50000000   1.20000000    89.6919178568

  0.00000000   1.30000000     0.0000000000
  0.10000000   1.30000000     7.5622648964
  0.20000000   1.30000000    15.1570222461
  0.30000000   1.30000000    22.8172234842
  0.40000000   1.30000000    30.5766989770
  0.50000000   1.30000000    38.4704780484
  0.60000000   1.30000000    46.5349014441
  0.70000000   1.30000000    54.8073169065
  0.80000000   1.30000000    63.3249661480
  0.90000000   1.30000000    72.1223089574
  1.00000000   1.30000000    81.2253552534
  1.10000000   1.30000000    90.6402685909
  1.20000000   1.30000000   100.3310984613
  1.30000000   1.30000000   110.1774095972
  1.40000000   1.30000000   119.8977330644
  1.50000000   1.30000000   128.9289625177
  1.60000000   1.30000000   136.3111627222
  1.70000000   1.30000000   140.8792923099
  1.80000000   1.30000000   142.4977588623
  1.90000000   1.30000000   141.2934761642
  2.00000000   1.30000000   137.5936381715
  2.10000000   1.30000000   132.5217237924
  2.20000000   1.30000000   126.9696116689
  2.30000000   1.30000000   121.4612068519
  2.40000000   1.30000000   116.2662941311
  2.50000000   1.30000000   111.5110203717
  2.60000000   1.30000000   107.2467524575
  2.70000000   1.30000000   103.4879009724
  2.80000000   1.30000000   100.2317414221
  2.90000000   1.30000000    97.4685683519
  3.00000000   1.30000000    95.1867910306
  3.10000000   1.30000000    93.3754088847
  3.20000000   1.30000000    92.0251462591
  3.30000000   1.30000000    91.1289190866
  3.40000000   1.30000000    90.6819886693
  3.50000000   1.30000000    90.6819886693

  0.00000000   1.40000000     0.0000000000
  0.10000000   1.40000000     7.7132878506
  0.20000000   1.40000000    15.4657915847
  0.30000000   1.40000000    23.2976893598
  0.40000000   1.40000000    31.2511099220
  0.50000000   1.40000000    39.3711652140
  0.60000000   1.40000000    47.7070197205
  0.70000000   1.40000000    56.3129375783
  0.80000000   1.40000000    65.2491232111
  0.90000000   1.40000000    74.5819060272
  1.00000000   1.40000000    84.3822028058
  1.10000000   1.40000000    94.7197688434
  1.20000000   1.40000000   105.6472637349
  1.30000000   1.40000000   117.1593775773
  1.40000000   1.40000000   129.0900409116
  1.50000000   1.40000000   140.8606916268
  1.60000000   1.40000000   150.9386347533
  1.70000000   1.40000000   156.3224205151
  1.80000000   1.40000000   157.7006746190
  1.90000000   1.40000000   155.3226653350
  2.00000000   1.40000000   148.9517444435
  2.10000000   1.40000000   141.2786431545
  2.20000000   1.40000000   133.6560382200
  2.30000000   1.40000000   126.5972289758
  2.40000000   1.40000000   120.2575310012
  2.50000000   1.40000000   114.6546436382
  2.60000000   1.40000000   109.7578633509
  2.70000000   1.40000000   105.5233140933
  2.80000000   1.40000000   101.9075833116
  2.90000000   1.40000000    98.8726085780
  3.00000000   1.40000000    96.3869944392
  3.10000000   1.40000000    94.4259223929
  3.20000000   1.40000000    92.9705816124
  3.30000000   1.40000000    92.0075223772
  3.40000000   1.40000000    91.5281034550
  3.50000000   1.40000000    91.5281034550

  0.00000000   1.50000000     0.0000000000
  0.10000000   1.50000000     7.8336159296
  0.20000000   1.50000000    15.7120960767
  0.30000000   1.50000000    23.6817430437
  0.40000000   1.50000000    31.7918371599
  0.50000000   1.50000000    40.0963859071
  0.60000000   1.50000000    48.6562118182
  0.70000000   1.50000000    57.5415300870
  0.80000000   1.50000000    66.8351967694
  0.90000000   1.50000000    76.6368144798
  1.00000000   1.50000000    87.0678220205
  1.10000000   1.50000000    98.2773664864
  1.20000000   1.50000000   110.4474804884
  1.30000000   1.50000000   123.7907182117
  1.40000000   1.50000000   138.5082688994
  1.50000000   1.50000000   154.5483295175
  1.60000000   1.50000000   170.3217209962
  1.70000000   1.50000000   175.8352248013
  1.80000000   1.50000000   176.7316155270
  1.90000000   1.50000000   173.4303470491
  2.00000000   1.50000000   161.7194088491
  2.10000000   1.50000000   150.1168433812
  2.20000000   1.50000000   139.9345830630
  2.30000000   1.50000000   131.1927530679
  2.40000000   1.50000000   123.7114050499
  2.50000000   1.50000000   117.3104487669
  2.60000000   1.50000000   111.8418670933
  2.70000000   1.50000000   107.1898880803
  2.80000000   1.50000000   103.2655620240
  2.90000000   1.50000000   100.0011882854
  3.00000000   1.50000000    97.3456871341
  3.10000000   1.50000000    95.2610152293
  3.20000000   1.50000000    93.7194910839
  3.30000000   1.50000000    92.7018644744
  3.40000000   1.50000000    92.1959882504
  3.50000000   1.50000000    92.1959882504

  0.00000000   1.60000000     0.0000000000
  0.10000000   1.60000000     7.9173960032
  0.20000000   1.60000000    15.8837449672
  0.30000000   1.60000000    23.9498125508
  0.40000000   1.60000000    32.1701558245
  0.50000000   1.60000000    40.6054613771
  0.60000000   1.60000000    49.3254958086
  0.70000000   1.60000000    58.4130334394
  0.80000000   1.60000000    67.9693176635
  0.90000000   1.60000000    78.1219606431
  1.00000000   1.60000000    89.0368505767
  1.10000000   1.60000000   100.9371191983
  1.20000000   1.60000000   114.1362629361
  1.30000000   1.60000000   129.1062716080
  1.40000000   1.60000000   146.6568888998
  1.50000000   1.60000000   168.5473356120
  1.60000000   1.60000000   200.0000000000
  1.70000000   1.60000000   200.0000000000
  1.80000000   1.60000000   200.0000000000
  1.90000000   1.60000000   200.0000000000
  2.00000000   1.60000000   174.4622645720
  2.10000000   1.60000000   157.6499487175
  2.20000000   1.60000000   144.9167933383
  2.30000000   1.60000000   134.6977110010
  2.40000000   1.60000000   126.2777510269
  2.50000000   1.60000000   119.2470606708
  2.60000000   1.60000000   113.3403427278
  2.70000000   1.60000000   108.3755131975
  2.80000000   1.60000000   104.2237796302
  2.90000000   1.60000000   100.7925217057
  3.00000000   1.60000000    98.0146260794
  3.10000000   1.60000000    95.8415471273
  3.20000000   1.60000000    94.2386971991
  3.30000000   1.60000000    93.1823768287
  3.40000000   1.60000000    92.6577772850
  3.50000000   1.60000000    92.6577772850

  0.00000000   1.70000000     0.0000000000
  0.10000000   1.70000000     7.9603970372
  0.20000000   1.70000000    15.9718961588
  0.30000000   1.70000000    24.0876184917
  0.40000000   1.70000000    32.3649276955
  0.50000000   1.70000000    40.8681001914
  0.60000000   1.70000000    49.6717718361
  0.70000000   1.70000000    58.8656528889
  0.80000000   1.70000000    68.5612938333
  0.90000000   1.70000000    78.9021978605
  1.00000000   1.70000000    90.0794818192
  1.10000000   1.70000000   102.3568199885
  1.20000000   1.70000000   116.1106190683
  1.30000000   1.70000000   131.8924315843
  1.40000000   1.70000000   150.5078253250
  1.50000000   1.70000000   173.0112387216
  1.60000000   1.70000000   200.0000000000
  1.70000000   1.70000000   200.0000000000
  1.80000000   1.70000000   200.0000000000
  1.90000000   1.70000000   200.0000000000
  2.00000000   1.70000000   178.5386373176
  2.10000000   1.70000000   161.2047119409
  2.20000000   1.70000000   147.5195498095
  2.30000000   1.70000000   136.5667903443
  2.40000000   1.70000000   127.6427840261
  2.50000000   1.70000000   120.2691517946
  2.60000000   1.70000000   114.1250918051
  2.70000000   1.70000000   108.9924167350
  2.80000000   1.70000000   104.7198074616
  2.90000000   1.70000000   101.2005258072
  3.00000000   1.70000000    98.3584600541
  3.10000000   1.70000000    96.1392392631
  3.20000000   1.70000000    94.5044860155
  3.30000000   1.70000000    93.4280801834
  3.40000000   1.70000000    92.8937738506
  3.50000000   1.70000000    92.8937738506

  0.00000000   1.80000000     0.0000000000
  0.10000000   1.80000000     7.9603970372
  0.20000000   1.80000000    15.9718961588
  0.30000000   1.80000000    24.0876184917
  0.40000000   1.80000000    32.3649276955
  0.50000000   1.80000000    40.8681001914
  0.60000000   1.80000000    49.6717718361
  0.70000000   1.80000000    58.8656528889
  0.80000000   1.80000000    68.5612938333
  0.90000000   1.80000000    78.9021978605
  1.00000000   1.80000000    90.0794818192
  1.10000000   1.80000000   102.3568199885
  1.20000000   1.80000000   116.1106190683
  1.30000000   1.80000000   131.8924315843
  1.40000000   1.80000000   150.5078253250
  1.50000000   1.80000000   173.0112387216
  1.60000000   1.80000000   200.0000000000
  1.70000000   1.80000000   200.0000000000
  1.80000000   1.80000000   200.0000000000
  1.90000000   1.80000000   200.0000000000
  2.00000000   1.80000000   178.5386373176
  2.10000000   1.80000000   161.2047119409
  2.20000000   1.80000000   147.5195498095
  2.30000000   1.80000000   136.5667903443
  2.40000000   1.80000000   127.6427840261
  2.50000000   1.80000000   120.2691517946
  2.60000000   1.80000000   114.1250918051
  2.70000000   1.80000000   108.9924167350
  2.80000000   1.80000000   104.7198074616
  2.90000000   1.80000000   101.2005258072
  3.00000000   1.80000000    98.3584600541
  3.10000000   1.80000000    96.1392392631
  3.20000000   1.80000000    94.5044860155
  3.30000000   1.80000000    93.4280801834
  3.40000000   1.80000000    92.8937738506
  3.50000000   1.80000000    92.8937738506

  0.00000000   1.90000000     0.0000000000
  0.10000000   1.90000000     7.9173960032
  0.20000000   1.90000000    15.8837449672
  0.30000000   1.90000000    23.9498125508
  0.40000000   1.90000000    32.1701558245
  0.50000000   1.90000000    40.6054613771
  0.60000000   1.90000000    49.3254958086
  0.70000000   1.90000000    58.4130334394
  0.80000000   1.90000000    67.9693176635
  0.90000000   1.90000000    78.1219606431
  1.00000000   1.90000000    89.0368505767
  1.10000000   1.90000000   100.9371191983
  1.20000000   1.90000000   114.1362629361
  1.30000000   1.90000000   129.1062716080
  1.40000000   1.90000000   146.6568888998
  1.50000000   1.90000000   168.5473356120
  1.60000000   1.90000000   200.0000000000
  1.70000000   1.90000000   200.0000000000
  1.80000000   1.90000000   200.0000000000
  1.90000000   1.90000000   200.0000000000
  2.00000000   1.90000000   174.4622645720
  2.10000000   1.90000000   157.6499487175
  2.20000000   1.90000000   144.9167933383
  2.30000000   1.90000000   134.6977110010
  2.40000000   1.90000000   126.2777510269
  2.50000000   1.90000000   119.2470606708
  2.60000000   1.90000000   113.3403427278
  2.70000000   1.90000000   108.3755131975
  2.80000000   1.90000000   104.2237796302
  2.90000000   1.90000000   100.7925217057
  3.00000000   1.90000000    98.0146260794
  3.10000000   1.90000000    95.8415471273
  3.20000000   1.90000000    94.2386971991
  3.30000000   1.90000000    93.1823768287
  3.40000000   1.90000000    92.6577772850
  3.50000000   1.90000000    92.6577772850

  0.00000000   2.00000000     0.0000000000
  0.10000000   2.00000000     7.8336159296
  0.20000000   2.00000000    15.7120960767
  0.30000000   2.00000000    23.6817430437
  0.40000000   2.00000000    31.7918371599
  0.50000000   2.00000000    40.0963859071
  0.60000000   2.00000000    48.6562118182
  0.70000000   2.00000000    57.5415300870
  0.80000000   2.00000000    66.8351967694
  0.90000000   2.00000000    76.6368144798
  1.00000000   2.00000000    87.0678220205
  1.10000000   2.00000000    98.2773664864
  1.20000000   2.00000000   110.4474804884
  1.30000000   2.00000000   123.7907182117
  1.40000000   2.00000000   138.5082688994
  1.50000000   2.00000000   154.5483295175
  1.60000000   2.00000000   170.3217209962
  1.70000000   2.00000000   175.8352248013
  1.80000000   2.00000000   176.7316155270
  1.90000000   2.00000000   173.4303470491
  2.00000000   2.00000000   161.7194088491
  2.10000000   2.00000000   150.1168433812
  2.20000000   2.00000000   139.9345830630
  2.30000000   2.00000000   131.1927530679
  2.40000000   2.00000000   123.7114050499
  2.50000000   2.00000000   117.3104487669
  2.60000000   2.00000000   111.8418670933
  2.70000000   2.00000000   107.1898880803
  2.80000000   2.00000000   103.2655620240
  2.90000000   2.00000000   100.0011882854
  3.00000000   2.00000000    97.3456871341
  3.10000000   2.00000000    95.2610152293
  3.20000000   2.00000000    93.7194910839
  3.30000000   2.00000000    92.7018644744
  3.40000000   2.00000000    92.1959882504
  3.50000000   2.00000000    92.1959882504

  0.00000000   2.10000000     0.0000000000
  0.10000000   2.10000000     7.7132878506
  0.20000000   2.10000000    15.4657915847
  0.30000000   2.10000000    23.2976893598
  0.40000000   2.10000000    31.2511099220
  0.50000000   2.10000000    39.3711652140
  0.60000000   2.10000000    47.7070197205
  0.70000000   2.10000000    56.3129375783
  0.80000000   2.10000000    65.2491232111
  0.90000000   2.10000000    74.5819060272
  1.00000000   2.10000000    84.3822028058
  1.10000000   2.10000000    94.7197688434
  1.20000000   2.10000000   105.6472637349
  1.30000000   2.10000000   117.1593775773
  1.40000000   2.10000000   129.0900409116
  1.50000000   2.10000000   140.8606916268
  1.60000000   2.10000000   150.9386347533
  1.70000000   2.10000000   156.3224205151
  1.80000000   2.10000000   157.7006746190
  1.90000000   2.10000000   155.3226653350
  2.00000000   2.10000000   148.9517444435
  2.10000000   2.10000000   141.2786431545
  2.20000000   2.10000000   133.6560382200
  2.30000000   2.10000000   126.5972289758
  2.40000000   2.10000000   120.2575310012
  2.50000000   2.10000000   114.6546436382
  2.60000000   2.10000000   109.7578633509
  2.70000000   2.10000000   105.5233140933
  2.80000000   2.10000000   101.9075833116
  2.90000000   2.10000000    98.8726085780
  3.00000000   2.10000000    96.3869944392
  3.10000000   2.10000000    94.4259223929
  3.20000000   2.10000000    92.9705816124
  3.30000000   2.10000000    92.0075223772
  3.40000000   2.10000000    91.5281034550
  3.50000000   2.10000000    91.5281034550

  0.00000000   2.20000000     0.0000000000
  0.10000000   2.20000000     7.5622648964
  0.20000000   2.20000000    15.1570222461
  0.30000000   2.20000000    22.8172234842
  0.40000000   2.20000000    30.5766989770
  0.50000000   2.20000000    38.4704780484
  0.60000000   2.20000000    46.5349014441
  0.70000000   2.20000000    54.8073169065
  0.80000000   2.20000000    63.3249661480
  0.90000000   2.20000000    72.1223089574
  1.00000000   2.20000000    81.2253552534
  1.10000000   2.20000000    90.6402685909
  1.20000000   2.20000000   100.3310984613
  1.30000000   2.20000000   110.1774095972
  1.40000000   2.20000000   119.8977330644
  1.50000000   2.20000000   128.9289625177
  1.60000000   2.20000000   136.3111627222
  1.70000000   2.20000000   140.8792923099
  1.80000000   2.20000000   142.4977588623
  1.90000000   2.20000000   141.2934761642
  2.00000000   2.20000000   137.5936381715
  2.10000000   2.20000000   132.5217237924
  2.20000000   2.20000000   126.9696116689
  2.30000000   2.20000000   121.4612068519
  2.40000000   2.20000000   116.2662941311
  2.50000000   2.20000000   111.5110203717
  2.60000000   2.20000000   107.2467524575
  2.70000000   2.20000000   103.4879009724
  2.80000000   2.20000000   100.2317414221
  2.90000000   2.20000000    97.4685683519
  3.00000000   2.20000000    95.1867910306
  3.10000000   2.20000000    93.3754088847
  3.20000000   2.20000000    92.0251462591
  3.30000000   2.20000000    91.1289190866
  3.40000000   2.20000000    90.6819886693
  3.50000000   2.20000000    90.6819886693

  0.00000000   2.30000000     0.0000000000
  0.10000000   2.30000000     7.3875286034
  0.20000000   2.30000000    14.8002638964
  0.30000000   2.30000000    22.2634079842
  0.40000000   2.30000000    29.8020690193
  0.50000000   2.30000000    37.4409796276
  0.60000000   2.30000000    45.2038578870
  0.70000000   2.30000000    53.1121493255
  0.80000000   2.30000000    61.1827098814
  0.90000000   2.30000000    69.4237092851
  1.00000000   2.30000000    77.8275683279
  1.10000000   2.30000000    86.3590791869
  1.20000000   2.30000000    94.9360533721
  1.30000000   2.30000000   103.3995877656
  1.40000000   2.30000000   111.4737159005
  1.50000000   2.30000000   118.7266254993
  1.60000000   2.30000000   124.5805786225
  1.70000000   2.30000000   128.4739674758
  1.80000000   2.30000000   130.2147359306
  1.90000000   2.30000000   129.8702700002
  2.00000000   2.30000000   127.7356368383
  2.10000000   2.30000000   124.3929345134
  2.20000000   2.30000000   120.4078579731
  2.30000000   2.30000000   116.1999741184
  2.40000000   2.30000000   112.0424532339
  2.50000000   2.30000000   108.1007193002
  2.60000000   2.30000000   104.4702275432
  2.70000000   2.30000000   101.2037774641
  2.80000000   2.30000000    98.3291425829
  2.90000000   2.30000000    95.8598639375
  3.00000000   2.30000000    93.8016747226
  3.10000000   2.30000000    92.1562568347
  3.20000000   2.30000000    90.9234038945
  3.30000000   2.30000000    90.1022449641
  3.40000000   2.30000000    89.6919178568
  3.50000000   2.30000000    89.6919178568

  0.00000000   2.40000000     0.0000000000
  0.10000000   2.40000000     7.1966644872
  0.20000000   2.40000000    14.4111621477
  0.30000000   2.40000000    21.6609427035
  0.40000000   2.40000000    28.9625841321
  0.50000000   2.40000000    36.3310720642
  0.60000000   2.40000000    43.7786771772
  0.70000000   2.40000000    51.3131795516
  0.80000000   2.40000000    58.9350788310
  0.90000000   2.40000000    66.6332605912
  1.00000000   2.40000000    74.3784077133
  1.10000000   2.40000000    82.1132981682
  1.20000000   2.40000000    89.7393122704
  1.30000000   2.40000000    97.0995956455
  1.40000000   2.40000000   103.9627930994
  1.50000000   2.40000000   110.0190001487
  1.60000000   2.40000000   114.9113890886
  1.70000000   2.40000000   118.3292200932
  1.80000000   2.40000000   120.1346593663
  1.90000000   2.40000000   120.3675953163
  2.00000000   2.40000000   119.2314095660
  2.10000000   2.40000000   117.0692978173
  2.20000000   2.40000000   114.2494475065
  2.30000000   2.40000000   111.0865272156
  2.40000000   2.40000000   107.8178761093
  2.50000000   2.40000000   104.6100525382
  2.60000000   2.40000000   101.5750599860
  2.70000000   2.40000000    98.7863155171
  2.80000000   2.40000000    96.2912097127
  2.90000000   2.40000000    94.1200498678
  3.00000000   2.40000000    92.2921013550
  3.10000000   2.40000000    90.8195423796
  3.20000000   2.40000000    89.7099971570
  3.30000000   2.40000000    88.9681248238
  3.40000000   2.40000000    88.5965851998
  3.50000000   2.40000000    88.5965851998

  0.00000000   2.50000000     0.0000000000
  0.10000000   2.50000000     6.9973752795
  0.20000000   2.50000000    14.0055118285
  0.30000000   2.50000000    21.0345154223
  0.40000000   2.50000000    28.0930754457
  0.50000000   2.50000000    35.1874805158
  0.60000000   2.50000000    42.3202598840
  0.70000000   2.50000000    49.4882609629
  0.80000000   2.50000000    56.6799122785
  0.90000000   2.50000000    63.8713790694
  1.00000000   2.50000000    71.0213061573
  1.10000000   2.50000000    78.0639934857
  1.20000000   2.50000000    84.9013232396
  1.30000000   2.50000000    91.3949389038
  1.40000000   2.50000000    97.3624284862
  1.50000000   2.50000000   102.5845787283
  1.60000000   2.50000000   106.8329632308
  1.70000000   2.50000000   109.9214020512
  1.80000000   2.50000000   111.7618182992
  1.90000000   2.50000000   112.3809529810
  2.00000000   2.50000000   111.9139847039
  2.10000000   2.50000000   110.5794946092
  2.20000000   2.50000000   108.6260169063
  2.30000000   2.50000000   106.2865357768
  2.40000000   2.50000000   103.7555361540
  2.50000000   2.50000000   101.1841376111
  2.60000000   2.50000000    98.6846763611
  2.70000000   2.50000000    96.3384560654
  2.80000000   2.50000000    94.2034216604
  2.90000000   2.50000000    92.3205226901
  3.00000000   2.50000000    90.7185436056
  3.10000000   2.50000000    89.4175850720
  3.20000000   2.50000000    88.4314844554
  3.30000000   2.50000000    87.7694460792
  3.40000000   2.50000000    87.4370934487
  3.50000000   2.50000000    87.4370934487

  0.00000000   2.60000000     0.0000000000
  0.10000000   2.60000000     6.7970782334
  0.20000000   2.60000000    13.5984304576
  0.30000000   2.60000000    20.4075091985
  0.40000000   2.60000000    27.2260343235
  0.50000000   2.60000000    34.0528933336
  0.60000000   2.60000000    40.8827445787
  0.70000000   2.60000000    47.7041944986
  0.80000000   2.60000000    54.4974187113
  0.90000000   2.60000000    61.2311080638
  1.00000000   2.60000000    67.8587154163
  1.10000000   2.60000000    74.3141882307
  1.20000000   2.60000000    80.5078383073
  1.30000000   2.60000000    86.3237846833
  1.40000000   2.60000000    91.6215397592
  1.50000000   2.60000000    96.2452879678
  1.60000000   2.60000000   100.0438823375
  1.70000000   2.60000000   102.9001555809
  1.80000000   2.60000000   104.7592836904
  1.90000000   2.60000000   105.6412853796
  2.00000000   2.60000000   105.6380225857
  2.10000000   2.60000000   104.8965715378
  2.20000000   2.60000000   103.5908856036
  2.30000000   2.60000000   101.8947799261
  2.40000000   2.60000000    99.9643739574
  2.50000000   2.60000000    97.9304591536
  2.60000000   2.60000000    95.8977172234
  2.70000000   2.60000000    93.9474848924
  2.80000000   2.60000000    92.1417649657
  2.90000000   2.60000000    90.5272194972
  3.00000000   2.60000000    89.1385977241
  3.10000000   2.60000000    88.0014484183
  3.20000000   2.60000000    87.1341532566
  3.30000000   2.60000000    86.5493827029
  3.40000000   2.60000000    86.2550829439
  3.50000000   2.60000000    86.2550829439

  0.00000000   2.70000000     0.0000000000
  0.10000000   2.70000000     6.6026098313
  0.20000000   2.70000000    13.2037663097
  0.30000000   2.70000000    19.8011210136
  0.40000000   2.70000000    26.3904669967
  0.50000000   2.70000000    32.9646386971
  0.60000000   2.70000000    39.5122024217
  0.70000000   2.70000000    46.0158737959
  0.80000000   2.70000000    52.4506108612
  0.90000000   2.70000000    58.7813891190
  1.00000000   2.70000000    64.9607618796
  1.10000000   2.70000000    70.9265162479
  1.20000000   2.70000000    76.6000438579
  1.30000000   2.70000000    81.8864945829
  1.40000000   2.70000000    86.6782041474
  1.50000000   2.70000000    90.8629749156
  1.60000000   2.70000000    94.3378491128
  1.70000000   2.70000000    97.0265060288
  1.80000000   2.70000000    98.8949931152
  1.90000000   2.70000000    99.9596192761
  2.00000000   2.70000000   100.2854404042
  2.10000000   2.70000000    99.9761352715
  2.20000000   2.70000000    99.1577887487
  2.30000000   2.70000000    97.9622862886
  2.40000000   2.70000000    96.5147132369
  2.50000000   2.70000000    94.9260550644
  2.60000000   2.70000000    93.2903576084
  2.70000000   2.70000000    91.6848067998
  2.80000000   2.70000000    90.1713329885
  2.90000000   2.70000000    88.7987768032
  3.00000000   2.70000000    87.6050578732
  3.10000000   2.70000000    86.6190778874
  3.20000000   2.70000000    85.8622610297
  3.30000000   2.70000000    85.3497247431
  3.40000000   2.70000000    85.0911102115
  3.50000000   2.70000000    85.0911102115

  0.00000000   2.80000000     0.0000000000
  0.10000000   2.80000000     6.4200380832
  0.20000000   2.80000000    12.8337381726
  0.30000000   2.80000000    19.2338629856
  0.40000000   2.80000000    25.6113329926
  0.50000000   2.80000000    31.9541966032
  0.60000000   2.80000000    38.2464796599
  0.70000000   2.80000000    44.4668898449
  0.80000000   2.80000000    50.5873870713
  0.90000000   2.80000000    56.5716779673
  1.00000000   2.80000000    62.3737937753
  1.10000000   2.80000000    67.9370430220
  1.20000000   2.80000000    73.1938296991
  1.30000000   2.80000000    78.0670155550
  1.40000000   2.80000000    82.4736187204
  1.50000000   2.80000000    86.3314355656
  1.60000000   2.80000000    89.5684528010
  1.70000000   2.80000000    92.1335845391
  1.80000000   2.80000000    94.0059260401
  1.90000000   2.80000000    95.1995799640
  2.00000000   2.80000000    95.7628292277
  2.10000000   2.80000000    95.7720007869
  2.20000000   2.80000000    95.3216970619
  2.30000000   2.80000000    94.5142303336
  2.40000000   2.80000000    93.4507135634
  2.50000000   2.80000000    92.2249458222
  2.60000000   2.80000000    90.9200668474
  2.70000000   2.80000000    89.6073454734
  2.80000000   2.80000000    88.3463412817
  2.90000000   2.80000000    87.1857969289
  3.00000000   2.80000000    86.1648142052
  3.10000000   2.80000000    85.3140406181
  3.20000000   2.80000000    84.6567220009
  3.30000000   2.80000000    84.2095562735
  3.40000000   2.80000000    83.9833286190
  3.50000000   2.80000000    83.9833286190

  0.00000000   2.90000000     0.0000000000
  0.10000000   2.90000000     6.2545693435
  0.20000000   2.90000000    12.4987700744
  0.30000000   2.90000000    18.7213764275
  0.40000000   2.90000000    24.9094256768
  0.50000000   2.90000000    31.0472984555
  0.60000000   2.90000000    37.1157482800
  0.70000000   2.90000000    43.0908909997
  0.80000000   2.90000000    48.9431886874
  0.90000000   2.90000000    54.6365158973
  1.00000000   2.90000000    60.1274560604
  1.10000000   2.90000000    65.3650726957
  1.20000000   2.90000000    70.2914859536
  1.30000000   2.90000000    74.8436614590
  1.40000000   2.90000000    78.9567770080
  1.50000000   2.90000000    82.5693212207
  1.60000000   2.90000000    85.6295853569
  1.70000000   2.90000000    88.1025425761
  1.80000000   2.90000000    89.9755415758
  1.90000000   2.90000000    91.2612885944
  2.00000000   2.90000000    91.9973499576
  2.10000000   2.90000000    92.2423401906
  2.20000000   2.90000000    92.0697735449
  2.30000000   2.90000000    91.5611092072
  2.40000000   2.90000000    90.7994071707
  2.50000000   2.90000000    89.8644415462
  2.60000000   2.90000000    88.8294888302
  2.70000000   2.90000000    87.7595924133
  2.80000000   2.90000000    86.7109226231
  2.90000000   2.90000000    85.7308435085
  3.00000000   2.90000000    84.8583665286
  3.10000000   2.90000000    84.1247643503
  3.20000000   2.90000000    83.5541981528
  3.30000000   2.90000000    83.1642731470
  3.40000000   2.90000000    82.9664765601
  3.50000000   2.90000000    82.9664765601

  0.00000000   3.00000000     0.0000000000
  0.10000000   3.00000000     6.1105270351
  0.20000000   3.00000000    12.2074733934
  0.30000000   3.00000000    18.2764670940
  0.40000000   3.00000000    24.3015494613
  0.50000000   3.00000000    30.2643746883
  0.60000000   3.00000000    36.1434155731
  0.70000000   3.00000000    41.9131991102
  0.80000000   3.00000000    47.5436251974
  0.90000000   3.00000000    52.9994502089
  1.00000000   3.00000000    58.2400677117
  1.10000000   3.00000000    63.2197585291
  1.20000000   3.00000000    67.8886284366
  1.30000000   3.00000000    72.1944452676
  1.40000000   3.00000000    76.0855256334
  1.50000000   3.00000000    79.5146314395
  1.60000000   3.00000000    82.4435475747
  1.70000000   3.00000000    84.8476553318
  1.80000000   3.00000000    86.7195904923
  1.90000000   3.00000000    88.0711324938
  2.00000000   3.00000000    88.9328769700
  2.10000000   3.00000000    89.3517665604
  2.20000000   3.00000000    89.3870474310
  2.30000000   3.00000000    89.1055142753
  2.40000000   3.00000000    88.5769009500
  2.50000000   3.00000000    87.8700097116
  2.60000000   3.00000000    87.0498422055
  2.70000000   3.00000000    86.1757222083
  2.80000000   3.00000000    85.3002470962
  2.90000000   3.00000000    84.4688478461
  3.00000000   3.00000000    83.7197480985
  3.10000000   3.00000000    83.0841501427
  3.20000000   3.00000000    82.5865219401
  3.30000000   3.00000000    82.2448989131
  3.40000000   3.00000000    82.0711458190
  3.50000000   3.00000000    82.0711458190

  0.00000000   3.10000000     0.0000000000
  0.10000000   3.10000000     5.9913794043
  0.20000000   3.10000000    11.9667234726
  0.30000000   3.10000000    17.9092778598
  0.40000000   3.10000000    23.8008589619
  0.50000000   3.10000000    29.6211663667
  0.60000000   3.10000000    35.3471383864
  0.70000000   3.10000000    40.9523875277
  0.80000000   3.10000000    46.4067671910
  0.90000000   3.10000000    51.6761486439
  1.00000000   3.10000000    56.7225064616
  1.10000000   3.10000000    61.5044375751
  1.20000000   3.10000000    65.9782382509
  1.30000000   3.10000000    70.0996458889
  1.40000000   3.10000000    73.8262721894
  1.50000000   3.10000000    77.1206294170
  1.60000000   3.10000000    79.9534632085
  1.70000000   3.10000000    82.3069319316
  1.80000000   3.10000000    84.1770675371
  1.90000000   3.10000000    85.5750222157
  2.00000000   3.10000000    86.5268274846
  2.10000000   3.10000000    87.0717088367
  2.20000000   3.10000000    87.2592845224
  2.30000000   3.10000000    87.1461658564
  2.40000000   3.10000000    86.7924935903
  2.50000000   3.10000000    86.2588308904
  2.60000000   3.10000000    85.6036498905
  2.70000000   3.10000000    84.8814822209
  2.80000000   3.10000000    84.1416827623
  2.90000000   3.10000000    83.4276951702
  3.00000000   3.10000000    82.7766879037
  3.10000000   3.10000000    82.2194390762
  3.20000000   3.10000000    81.7803686750
  3.30000000   3.10000000    81.4776412830
  3.40000000   3.10000000    81.3232841661
  3.50000000   3.10000000    81.3232841661

  0.00000000   3.20000000     0.0000000000
  0.10000000   3.20000000     5.8997936650
  0.20000000   3.20000000    11.7817866366
  0.30000000   3.20000000    17.6275238213
  0.40000000   3.20000000    23.4172598339
  0.50000000   3.20000000    29.1293628700
  0.60000000   3.20000000    34.7397881585
  0.70000000   3.20000000    40.2216588107
  0.80000000   3.20000000    45.5450077209
  0.90000000   3.20000000    50.6767444345
  1.00000000   3.20000000    55.5809268118
  1.10000000   3.20000000    60.2194171874
  1.20000000   3.20000000    64.5529975630
  1.30000000   3.20000000    68.5429795234
  1.40000000   3.20000000    72.1532859537
  1.50000000   3.20000000    75.3528813351
  1.60000000   3.20000000    78.1183214121
  1.70000000   3.20000000    80.4360908449
  1.80000000   3.20000000    82.3043642043
  1.90000000   3.20000000    83.7338739503
  2.00000000   3.20000000    84.7477176329
  2.10000000   3.20000000    85.3801242260
  2.20000000   3.20000000    85.6743862739
  2.30000000   3.20000000    85.6802823490
  2.40000000   3.20000000    85.4513481228
  2.50000000   3.20000000    85.0422989078
  2.60000000   3.20000000    84.5068087258
  2.70000000   3.20000000    83.8957412169
  2.80000000   3.20000000    83.2558414336
  2.90000000   3.20000000    82.6288387416
  3.00000000   3.20000000    82.0508834472
  3.10000000   3.20000000    81.5522318558
  3.20000000   3.20000000    81.1571011853
  3.30000000   3.20000000    80.8836280692
  3.40000000   3.20000000    80.7438795080
  3.50000000   3.20000000    80.7438795080

  0.00000000   3.30000000     0.0000000000
  0.10000000   3.30000000     5.8376991707
  0.20000000   3.30000000    11.6564595745
  0.30000000   3.30000000    17.4367360459
  0.40000000   3.30000000    23.1577945316
  0.50000000   3.30000000    28.7971808720
  0.60000000   3.30000000    34.3302729618
  0.70000000   3.30000000    39.7299576513
  0.80000000   3.30000000    44.9664807792
  0.90000000   3.30000000    50.0075288475
  1.00000000   3.30000000    54.8186021963
  1.10000000   3.30000000    59.3637380636
  1.20000000   3.30000000    63.6066212984
  1.30000000   3.30000000    67.5120883983
  1.40000000   3.30000000    71.0479721184
  1.50000000   3.30000000    74.1871665336
  1.60000000   3.30000000    76.9097151359
  1.70000000   3.30000000    79.2046722978
  1.80000000   3.30000000    81.0714721795
  1.90000000   3.30000000    82.5205880089
  2.00000000   3.30000000    83.5733625644
  2.10000000   3.30000000    84.2610245273
  2.20000000   3.30000000    84.6230289286
  2.30000000   3.30000000    84.7049505200
  2.40000000   3.30000000    84.5561887544
  2.50000000   3.30000000    84.2277216859
  2.60000000   3.30000000    83.7700846440
  2.70000000   3.30000000    83.2316774729
  2.80000000   3.30000000    82.6574357204
  2.90000000   3.30000000    82.0878511863
  3.00000000   3.30000000    81.5582951388
  3.10000000   3.30000000    81.0985834940
  3.20000000   3.30000000    80.7327208612
  3.30000000   3.30000000    80.4787664385
  3.40000000   3.30000000    80.3487745672
  3.50000000   3.30000000    80.3487745672

  0.00000000   3.40000000     0.0000000000
  0.10000000   3.40000000     5.8063453507
  0.20000000   3.40000000    11.5931951331
  0.30000000   3.40000000    17.3404726691
  0.40000000   3.40000000    23.0269658308
  0.50000000   3.40000000    28.6298287271
  0.60000000   3.40000000    34.1241739539
  0.70000000   3.40000000    39.4827960174
  0.80000000   3.40000000    44.6760739493
  0.90000000   3.40000000    49.6721053798
  1.00000000   3.40000000    54.4371254501
  1.10000000   3.40000000    58.9362548641
  1.20000000   3.40000000    63.1346021197
  1.30000000   3.40000000    66.9987086621
  1.40000000   3.40000000    70.4982769230
  1.50000000   3.40000000    73.6080606595
  1.60000000   3.40000000    76.3097407566
  1.70000000   3.40000000    78.5935696854
  1.80000000   3.40000000    80.4595655098
  1.90000000   3.40000000    81.9180769393
  2.00000000   3.40000000    82.9896245232
  2.10000000   3.40000000    83.7040273865
  2.20000000   3.40000000    84.0989275337
  2.30000000   3.40000000    84.2178968974
  2.40000000   3.40000000    84.1083443773
  2.50000000   3.40000000    83.8194278970
  2.60000000   3.40000000    83.4001337817
  2.70000000   3.40000000    82.8976273334
  2.80000000   3.40000000    82.3559214184
  2.90000000   3.40000000    81.8148628928
  3.00000000   3.40000000    81.3094050493
  3.10000000   3.40000000    80.8691167728
  3.20000000   3.40000000    80.5178736265
  3.30000000   3.40000000    80.2736786168
  3.40000000   3.40000000    80.1485680488
  3.50000000   3.40000000    80.1485680488

  0.00000000   3.50000000     0.0000000000
  0.10000000   3.50000000     5.8063453507
  0.20000000   3.50000000    11.5931951331
  0.30000000   3.50000000    17.3404726691
  0.40000000   3.50000000    23.0269658308
  0.50000000   3.50000000    28.6298287271
  0.60000000   3.50000000    34.1241739539
  0.70000000   3.50000000    39.4827960174
  0.80000000   3.50000000    44.6760739493
  0.90000000   3.50000000    49.6721053798
  1.00000000   3.50000000    54.4371254501
  1.10000000   3.50000000    58.9362548641
  1.20000000   3.50000000    63.1346021197
  1.30000000   3.50000000    66.9987086621
  1.40000000   3.50000000    70.4982769230
  1.50000000   3.50000000    73.6080606595
  1.60000000   3.50000000    76.3097407566
  1.70000000   3.50000000    78.5935696854
  1.80000000   3.50000000    80.4595655098
  1.90000000   3.50000000    81.9180769393
  2.00000000   3.50000000    82.9896245232
  2.10000000   3.50000000    83.7040273865
  2.20000000   3.50000000    84.0989275337
  2.30000000   3.50000000    84.2178968974
  2.40000000   3.50000000    84.1083443773
  2.50000000   3.50000000    83.8194278970
  2.60000000   3.50000000    83.4001337817
  2.70000000   3.50000000    82.8976273334
  2.80000000   3.50000000    82.3559214184
  2.90000000   3.50000000    81.8148628928
  3.00000000   3.50000000    81.3094050493
  3.10000000   3.50000000    80.8691167728
  3.20000000   3.50000000    80.5178736265
  3.30000000   3.50000000    80.2736786168
  3.40000000   3.50000000    80.1485680488
  3.50000000   3.50000000    80.1485680488

