  0.00000000   0.00000000     0.0000000000
  0.10000000   0.00000000     7.3412476769
  0.20000000   0.00000000    14.6617153893
  0.30000000   0.00000000    21.9401888348
  0.40000000   0.00000000    29.1546056456
  0.50000000   0.00000000    36.2816850133
  0.60000000   0.00000000    43.2966274028
  0.70000000   0.00000000    50.1729163277
  0.80000000   0.00000000    56.8822595532
  0.90000000   0.00000000    63.3947109473
  1.00000000   0.00000000    69.6790141308
  1.10000000   0.00000000    75.7032021516
  1.20000000   0.00000000    81.4354706300
  1.30000000   0.00000000    86.8453131557
  1.40000000   0.00000000    91.9048676294
  1.50000000   0.00000000    96.5903753608
  1.60000000   0.00000000   100.8836107303
  1.70000000   0.00000000   104.7731115816
  1.80000000   0.00000000   108.2550423679
  1.90000000   0.00000000   111.3335598589
  2.00000000   0.00000000   114.0206197874
  2.10000000   0.00000000   116.3352458976
  2.20000000   0.00000000   118.3023593607
  2.30000000   0.00000000   119.9513183865
  2.40000000   0.00000000   121.3143358227
  2.50000000   0.00000000   122.4249282553
  2.60000000   0.00000000   123.3165136019
  2.70000000   0.00000000   124.0212285464
  2.80000000   0.00000000   124.5689936994
  2.90000000   0.00000000   124.9868200892
  3.00000000   0.00000000   125.2983280170
  3.10000000   0.00000000   125.5234377436
  3.20000000   0.00000000   125.6781885515
  3.30000000   0.00000000   125.7746456654
  3.40000000   0.00000000   125.8208608913
  3.50000000   0.00000000   125.8208608913

  0.00000000   0.10000000     0.0000000000
  0.10000000   0.10000000     7.3412476769
  0.20000000   0.10000000    14.6617153893
  0.30000000   0.10000000    21.9401888348
  0.40000000   0.10000000    29.1546056456
  0.50000000   0.10000000    36.2816850133
  0.60000000   0.10000000    43.2966274028
  0.70000000   0.10000000    50.1729163277
  0.80000000   0.10000000    56.8822595532
  0.90000000   0.10000000    63.3947109473
  1.00000000   0.10000000    69.6790141308
  1.10000000   0.10000000    75.7032021516
  1.20000000   0.10000000    81.4354706300
  1.30000000   0.10000000    86.8453131557
  1.40000000   0.10000000    91.9048676294
  1.50000000   0.10000000    96.5903753608
  1.60000000   0.10000000   100.8836107303
  1.70000000   0.10000000   104.7731115816
  1.80000000   0.10000000   108.2550423679
  1.90000000   0.10000000   111.3335598589
  2.00000000   0.10000000   114.0206197874
  2.10000000   0.10000000   116.3352458976
  2.20000000   0.10000000   118.3023593607
  2.30000000   0.10000000   119.9513183865
  2.40000000   0.10000000   121.3143358227
  2.50000000   0.10000000   122.4249282553
  2.60000000   0.10000000   123.3165136019
  2.70000000   0.10000000   124.0212285464
  2.80000000   0.10000000   124.5689936994
  2.90000000   0.10000000   124.9868200892
  3.00000000   0.10000000   125.2983280170
  3.10000000   0.10000000   125.5234377436
  3.20000000   0.10000000   125.6781885515
  3.30000000   0.10000000   125.7746456654
  3.40000000   0.10000000   125.8208608913
  3.50000000   0.10000000   125.8208608913

  0.00000000   0.20000000     0.0000000000
  0.10000000   0.20000000     7.3651596044
  0.20000000   0.20000000    14.7099729067
  0.30000000   0.20000000    22.0136389211
  0.40000000   0.20000000    29.2544657590
  0.50000000   0.20000000    36.4094737466
  0.60000000   0.20000000    43.4540633537
  0.70000000   0.20000000    50.3617797341
  0.80000000   0.20000000    57.1042127620
  0.90000000   0.20000000    63.6510776845
  1.00000000   0.20000000    69.9705243721
  1.10000000   0.20000000    76.0297192275
  1.20000000   0.20000000    81.7957290664
  1.30000000   0.20000000    87.2367071755
  1.40000000   0.20000000    92.3233370505
  1.50000000   0.20000000    97.0304327986
  1.60000000   0.20000000   101.3385377105
  1.70000000   0.20000000   105.2353217849
  1.80000000   0.20000000   108.7165743948
  1.90000000   0.20000000   111.7866312187
  2.00000000   0.20000000   114.4581593790
  2.10000000   0.20000000   116.7513288479
  2.20000000   0.20000000   118.6924927035
  2.30000000   0.20000000   120.3125598830
  2.40000000   0.20000000   121.6452603745
  2.50000000   0.20000000   122.7254784815
  2.60000000   0.20000000   123.5877801893
  2.70000000   0.20000000   124.2652037265
  2.80000000   0.20000000   124.7883319848
  2.90000000   0.20000000   125.1846286789
  3.00000000   0.20000000   125.4779982782
  3.10000000   0.20000000   125.6885205569
  3.20000000   0.20000000   125.8323104639
  3.30000000   0.20000000   125.9214593808
  3.40000000   0.20000000   125.9640219740
  3.50000000   0.20000000   125.9640219740

  0.00000000   0.30000000     0.0000000000
  0.10000000   0.30000000     7.4125344606
  0.20000000   0.30000000    14.8056100320
  0.30000000   0.30000000    22.1592746033
  0.40000000   0.30000000    29.4526035268
  0.50000000   0.30000000    36.6632509910
  0.60000000   0.30000000    43.7670545723
  0.70000000   0.30000000    50.7377238045
  0.80000000   0.30000000    57.5466540083
  0.90000000   0.30000000    64.1629177351
  1.00000000   0.30000000    70.5534954134
  1.10000000   0.30000000    76.6838098682
  1.20000000   0.30000000    82.5186202593
  1.30000000   0.30000000    88.0233026296
  1.40000000   0.30000000    93.1654912295
  1.50000000   0.30000000    97.9169777533
  1.60000000   0.30000000   102.2556770336
  1.70000000   0.30000000   106.1673945536
  1.80000000   0.30000000   109.6471087431
  1.90000000   0.30000000   112.6995347264
  2.00000000   0.30000000   115.3388598214
  2.10000000   0.30000000   117.5876950711
  2.20000000   0.30000000   119.4754234302
  2.30000000   0.30000000   121.0362067576
  2.40000000   0.30000000   122.3069241683
  2.50000000   0.30000000   123.3252646821
  2.60000000   0.30000000   124.1281164548
  2.70000000   0.30000000   124.7503128487
  2.80000000   0.30000000   125.2237311040
  2.90000000   0.30000000   125.5766988291
  3.00000000   0.30000000   125.8336446874
  3.10000000   0.30000000   126.0149264894
  3.20000000   0.30000000   126.1367760674
  3.30000000   0.30000000   126.2113108420
  3.40000000   0.30000000   126.2465736638
  3.50000000   0.30000000   126.2465736638

  0.00000000   0.40000000     0.0000000000
  0.10000000   0.40000000     7.4824544971
  0.20000000   0.40000000    14.9468292799
  0.30000000   0.40000000    22.3744992616
  0.40000000   0.40000000    29.7457550751
  0.50000000   0.40000000    37.0392804792
  0.60000000   0.40000000    44.2316629321
  0.70000000   0.40000000    51.2969651392
  0.80000000   0.40000000    58.2064004454
  0.90000000   0.40000000    64.9281735115
  1.00000000   0.40000000    71.4275675834
  1.10000000   0.40000000    77.6673758145
  1.20000000   0.40000000    83.6087776026
  1.30000000   0.40000000    89.2127387797
  1.40000000   0.40000000    94.4419524716
  1.50000000   0.40000000    99.2632275263
  1.60000000   0.40000000   103.6500847628
  1.70000000   0.40000000   107.5851803316
  1.80000000   0.40000000   111.0621099890
  1.90000000   0.40000000   114.0862187461
  2.00000000   0.40000000   116.6742423181
  2.10000000   0.40000000   118.8528585701
  2.20000000   0.40000000   120.6564423850
  2.30000000   0.40000000   122.1244355910
  2.40000000   0.40000000   123.2987369717
  2.50000000   0.40000000   124.2214134473
  2.60000000   0.40000000   124.9328922297
  2.70000000   0.40000000   125.4706677535
  2.80000000   0.40000000   125.8684722669
  2.90000000   0.40000000   126.1558169432
  3.00000000   0.40000000   126.3578005905
  3.10000000   0.40000000   126.4950922340
  3.20000000   0.40000000   126.5840113000
  3.30000000   0.40000000   126.6366480315
  3.40000000   0.40000000   126.6609836669
  3.50000000   0.40000000   126.6609836669

  0.00000000   0.50000000     0.0000000000
  0.10000000   0.50000000     7.5734958847
  0.20000000   0.50000000    15.1308343328
  0.30000000   0.50000000    22.6552542391
  0.40000000   0.50000000    30.1287827951
  0.50000000   0.50000000    37.5316223817
  0.60000000   0.50000000    44.8415396412
  0.70000000   0.50000000    52.0332773881
  0.80000000   0.50000000    59.0780303220
  0.90000000   0.50000000    65.9430537415
  1.00000000   0.50000000    72.5915099617
  1.10000000   0.50000000    78.9826952901
  1.20000000   0.50000000    85.0728194979
  1.30000000   0.50000000    90.8165081291
  1.40000000   0.50000000    96.1691349736
  1.50000000   0.50000000   101.0899381183
  1.60000000   0.50000000   105.5456259339
  1.70000000   0.50000000   109.5139009180
  1.80000000   0.50000000   112.9861601297
  1.90000000   0.50000000   115.9687234186
  2.00000000   0.50000000   118.4823023966
  2.10000000   0.50000000   120.5598588944
  2.20000000   0.50000000   122.2433560589
  2.30000000   0.50000000   123.5800878371
  2.40000000   0.50000000   124.6192213751
  2.50000000   0.50000000   125.4089686802
  2.60000000   0.50000000   125.9945494108
  2.70000000   0.50000000   126.4169109856
  2.80000000   0.50000000   126.7120651196
  2.90000000   0.50000000   126.9108670892
  3.00000000   0.50000000   127.0390765805
  3.10000000   0.50000000   127.1175712629
  3.20000000   0.50000000   127.1626197768
  3.30000000   0.50000000   127.1861515223
  3.40000000   0.50000000   127.1959839059
  3.50000000   0.50000000   127.1959839059

  0.00000000   0.60000000     0.0000000000
  0.10000000   0.60000000     7.6836784105
  0.20000000   0.60000000    15.3537219445
  0.30000000   0.60000000    22.9958384765
  0.40000000   0.60000000    30.5944025220
  0.50000000   0.60000000    38.1317447193
  0.60000000   0.60000000    45.5873990849
  0.70000000   0.60000000    52.9373146589
  0.80000000   0.60000000    60.1530626421
  0.90000000   0.60000000    67.2011086812
  1.00000000   0.60000000    74.0422757069
  1.10000000   0.60000000    80.6315945664
  1.20000000   0.60000000    86.9188159588
  1.30000000   0.60000000    92.8499068419
  1.40000000   0.60000000    98.3698199600
  1.50000000   0.60000000   103.4266295432
  1.60000000   0.60000000   107.9767171015
  1.70000000   0.60000000   111.9901348312
  1.80000000   0.60000000   115.4548490262
  1.90000000   0.60000000   118.3786725599
  2.00000000   0.60000000   120.7884122308
  2.10000000   0.60000000   122.7265317727
  2.20000000   0.60000000   124.2462151241
  2.30000000   0.60000000   125.4060232400
  2.40000000   0.60000000   126.2651749804
  2.50000000   0.60000000   126.8800196087
  2.60000000   0.60000000   127.3018058051
  2.70000000   0.60000000   127.5755571356
  2.80000000   0.60000000   127.7397490715
  2.90000000   0.60000000   127.8264880451
  3.00000000   0.60000000   127.8619535388
  3.10000000   0.60000000   127.8669360432
  3.20000000   0.60000000   127.8573654547
  3.30000000   0.60000000   127.8447695310
  3.40000000   0.60000000   127.8366312881
  3.50000000   0.60000000   127.8366312881

  0.00000000   0.70000000     0.0000000000
  0.10000000   0.70000000     7.8104097098
  0.20000000   0.70000000    15.6103595221
  0.30000000   0.70000000    23.3886979425
  0.40000000   0.70000000    31.1328536281
  0.50000000   0.70000000    38.8280356684
  0.60000000   0.70000000    46.4563328278
  0.70000000   0.70000000    53.9956942528
  0.80000000   0.70000000    61.4187988171
  0.90000000   0.70000000    68.6918659824
  1.00000000   0.70000000    75.7735381467
  1.10000000   0.70000000    82.6140815879
  1.20000000   0.70000000    89.1553075569
  1.30000000   0.70000000    95.3317735368
  1.40000000   0.70000000   101.0738955374
  1.50000000   0.70000000   106.3134175313
  1.60000000   0.70000000   110.9910468265
  1.70000000   0.70000000   115.0649514946
  1.80000000   0.70000000   118.5177346660
  1.90000000   0.70000000   121.3595432842
  2.00000000   0.70000000   123.6265922808
  2.10000000   0.70000000   125.3757485498
  2.20000000   0.70000000   126.6767156599
  2.30000000   0.70000000   127.6039908703
  2.40000000   0.70000000   128.2303204159
  2.50000000   0.70000000   128.6223708236
  2.60000000   0.70000000   128.8384963063
  2.70000000   0.70000000   128.9280758132
  2.80000000   0.70000000   128.9318307478
  2.90000000   0.70000000   128.8826430845
  3.00000000   0.70000000   128.8065458656
  3.10000000   0.70000000   128.7236908431
  3.20000000   0.70000000   128.6491924795
  3.30000000   0.70000000   128.5938060029
  3.40000000   0.70000000   128.5644288489
  3.50000000   0.70000000   128.5644288489

  0.00000000   0.80000000     0.0000000000
  0.10000000   0.80000000     7.9504349314
  0.20000000   0.80000000    15.8942699187
  0.30000000   0.80000000    23.8242161162
  0.40000000   0.80000000    31.7315506023
  0.50000000   0.80000000    39.6052574673
  0.60000000   0.80000000    47.4309970257
  0.70000000   0.80000000    55.1898489532
  0.80000000   0.80000000    62.8567915610
  0.90000000   0.80000000    70.3989218964
  1.00000000   0.80000000    77.7735111179
  1.10000000   0.80000000    84.9261547073
  1.20000000   0.80000000    91.7895429255
  1.30000000   0.80000000    98.2837357273
  1.40000000   0.80000000   104.3191705191
  1.50000000   0.80000000   109.8036541514
  1.60000000   0.80000000   114.6537480698
  1.70000000   0.80000000   118.8087802869
  1.80000000   0.80000000   122.2428882133
  1.90000000   0.80000000   124.9700191137
  2.00000000   0.80000000   127.0411853618
  2.10000000   0.80000000   128.5354299386
  2.20000000   0.80000000   129.5469651351
  2.30000000   0.80000000   130.1727091211
  2.40000000   0.80000000   130.5032028655
  2.50000000   0.80000000   130.6176040135
  2.60000000   0.80000000   130.5819814572
  2.70000000   0.80000000   130.4497041461
  2.80000000   0.80000000   130.2628801345
  2.90000000   0.80000000   130.0541416544
  3.00000000   0.80000000   129.8483788967
  3.10000000   0.80000000   129.6642376844
  3.20000000   0.80000000   129.5153209708
  3.30000000   0.80000000   129.4110968060
  3.40000000   0.80000000   129.3575402021
  3.50000000   0.80000000   129.3575402021

  0.00000000   0.90000000     0.0000000000
  0.10000000   0.90000000     8.0998063808
  0.20000000   0.90000000    16.1975529050
  0.30000000   0.90000000    24.2905501679
  0.40000000   0.90000000    32.3747749949
  0.50000000   0.90000000    40.4440109383
  0.60000000   0.90000000    48.4887421982
  0.70000000   0.90000000    56.4946976265
  0.80000000   0.90000000    64.4409360162
  0.90000000   0.90000000    72.2973819025
  1.00000000   0.90000000    80.0217954212
  1.10000000   0.90000000    87.5563474110
  1.20000000   0.90000000    94.8243558560
  1.30000000   0.90000000   101.7284063465
  1.40000000   0.90000000   108.1520030578
  1.50000000   0.90000000   113.9676717268
  1.60000000   0.90000000   119.0538559671
  1.70000000   0.90000000   123.3190327034
  1.80000000   0.90000000   126.7238890538
  1.90000000   0.90000000   129.2889112298
  2.00000000   0.90000000   131.0889127907
  2.10000000   0.90000000   132.2379209627
  2.20000000   0.90000000   132.8670517070
  2.30000000   0.90000000   133.1046520858
  2.40000000   0.90000000   133.0639896414
  2.50000000   0.90000000   132.8383499612
  2.60000000   0.90000000   132.5010673035
  2.70000000   0.90000000   132.1080098618
  2.80000000   0.90000000   131.7008440409
  2.90000000   0.90000000   131.3101830348
  3.00000000   0.90000000   130.9582478248
  3.10000000   0.90000000   130.6609541264
  3.20000000   0.90000000   130.4294680491
  3.30000000   0.90000000   130.2713160130
  3.40000000   0.90000000   130.1911353484
  3.50000000   0.90000000   130.1911353484

  0.00000000   1.00000000     0.0000000000
  0.10000000   1.00000000     8.2538909531
  0.20000000   1.00000000    16.5108804345
  0.30000000   1.00000000    24.7735718046
  0.40000000   1.00000000    33.0434909852
  0.50000000   1.00000000    41.3203181148
  0.60000000   1.00000000    49.6008100881
  0.70000000   1.00000000    57.8772549562
  0.80000000   1.00000000    66.1352549409
  0.90000000   1.00000000    74.3505956020
  1.00000000   1.00000000    82.4849604862
  1.10000000   1.00000000    90.4803767763
  1.20000000   1.00000000    98.2526968631
  1.30000000   1.00000000   105.6854192865
  1.40000000   1.00000000   112.6270616367
  1.50000000   1.00000000   118.8980307746
  1.60000000   1.00000000   124.3145981227
  1.70000000   1.00000000   128.7322654314
  1.80000000   1.00000000   132.0907122033
  1.90000000   1.00000000   134.4224353369
  2.00000000   1.00000000   135.8411263630
  2.10000000   1.00000000   136.5178509918
  2.20000000   1.00000000   136.6403950348
  2.30000000   1.00000000   136.3807479329
  2.40000000   1.00000000   135.8797145044
  2.50000000   1.00000000   135.2445971157
  2.60000000   1.00000000   134.5534425423
  2.70000000   1.00000000   133.8612987658
  2.80000000   1.00000000   133.2061976567
  2.90000000   1.00000000   132.6140371973
  3.00000000   1.00000000   132.1022545832
  3.10000000   1.00000000   131.6824583924
  3.20000000   1.00000000   131.3622518826
  3.30000000   1.00000000   131.1464577194
  3.40000000   1.00000000   131.0379070624
  3.50000000   1.00000000   131.0379070624

  0.00000000   1.10000000     0.0000000000
  0.10000000   1.10000000     8.4074349286
  0.20000000   1.10000000    16.8236079079
  0.30000000   1.10000000    25.2569835931
  0.40000000   1.10000000    33.7153922192
  0.50000000   1.10000000    42.2054758679
  0.60000000   1.10000000    50.7317991920
  0.70000000   1.10000000    59.2954182112
  0.80000000   1.10000000    67.8916045660
  0.90000000   1.10000000    76.5062901878
  1.00000000   1.10000000    85.1106432288
  1.10000000   1.10000000    93.6530819868
  1.20000000   1.10000000   102.0482014036
  1.30000000   1.10000000   110.1630853589
  1.40000000   1.10000000   117.8044586633
  1.50000000   1.10000000   124.7167160615
  1.60000000   1.10000000   130.6106836659
  1.70000000   1.10000000   135.2440270794
  1.80000000   1.10000000   138.5268360245
  1.90000000   1.10000000   140.5152522602
  2.00000000   1.10000000   141.3856198083
  2.10000000   1.10000000   141.4065960139
  2.20000000   1.10000000   140.8550239705
  2.30000000   1.10000000   139.9617939854
  2.40000000   1.10000000   138.8974514741
  2.50000000   1.10000000   137.7789749027
  2.60000000   1.10000000   136.6827929871
  2.70000000   1.10000000   135.6570939758
  2.80000000   1.10000000   134.7313495634
  2.90000000   1.10000000   133.9230363397
  3.00000000   1.10000000   133.2421504013
  3.10000000   1.10000000   132.6941509210
  3.20000000   1.10000000   132.2818395490
  3.30000000   1.10000000   132.0065361907
  3.40000000   1.10000000   131.8687919871
  3.50000000   1.10000000   131.8687919871

  0.00000000   1.20000000     0.0000000000
  0.10000000   1.20000000     8.5547043970
  0.20000000   1.20000000    17.1240427392
  0.30000000   1.20000000    25.7226851590
  0.40000000   1.20000000    34.3653034983
  0.50000000   1.20000000    43.0663753234
  0.60000000   1.20000000    51.8396896655
  0.70000000   1.20000000    60.6973335080
  0.80000000   1.20000000    69.6477933612
  0.90000000   1.20000000    78.6925661878
  1.00000000   1.20000000    87.8202922918
  1.10000000   1.20000000    96.9968665085
  1.20000000   1.20000000   106.1493414613
  1.30000000   1.20000000   115.1412838988
  1.40000000   1.20000000   123.7396756658
  1.50000000   1.20000000   131.5842505183
  1.60000000   1.20000000   138.2001216664
  1.70000000   1.20000000   143.1416763907
  1.80000000   1.20000000   146.2958868897
  1.90000000   1.20000000   147.7684236068
  2.00000000   1.20000000   147.8261149021
  2.10000000   1.20000000   146.9191797960
  2.20000000   1.20000000   145.4674638470
  2.30000000   1.20000000   143.7749726100
  2.40000000   1.20000000   142.0350720226
  2.50000000   1.20000000   140.3612934774
  2.60000000   1.20000000   138.8160618445
  2.70000000   1.20000000   137.4311270358
  2.80000000   1.20000000   136.2206398910
  2.90000000   1.20000000   135.1891125855
  3.00000000   1.20000000   134.3361357721
  3.10000000   1.20000000   133.6591245767
  3.20000000   1.20000000   133.1548922053
  3.30000000   1.20000000   132.8205350947
  3.40000000   1.20000000   132.6539167829
  3.50000000   1.20000000   132.6539167829

  0.00000000   1.30000000     0.0000000000
  0.10000000   1.30000000     8.6897134989
  0.20000000   1.30000000    17.3999005392
  0.30000000   1.30000000    26.1514511348
  0.40000000   1.30000000    34.9660547495
  0.50000000   1.30000000    43.8664989634
  0.60000000   1.30000000    52.8767914648
  0.70000000   1.30000000    62.0219303633
  0.80000000   1.30000000    71.3269896558
  0.90000000   1.30000000    80.8148852460
  1.00000000   1.30000000    90.5016109225
  1.10000000   1.30000000   100.3866371849
  1.20000000   1.30000000   110.4341370317
  1.30000000   1.30000000   120.5373054145
  1.40000000   1.30000000   130.4541331508
  1.50000000   1.30000000   139.7072137376
  1.60000000   1.30000000   147.4922666146
  1.70000000   1.30000000   152.8573318250
  1.80000000   1.30000000   155.7803169178
  1.90000000   1.30000000   156.4740428833
  2.00000000   1.30000000   155.2735310168
  2.10000000   1.30000000   153.0240481724
  2.20000000   1.30000000   150.3736007809
  2.30000000   1.30000000   147.6938645218
  2.40000000   1.30000000   145.1700511702
  2.50000000   1.30000000   142.8834061225
  2.60000000   1.30000000   140.8618476560
  2.70000000   1.30000000   139.1075655452
  2.80000000   1.30000000   137.6113991685
  2.90000000   1.30000000   136.3601587276
  3.00000000   1.30000000   135.3402692369
  3.10000000   1.30000000   134.5395180849
  3.20000000   1.30000000   133.9478376979
  3.30000000   1.30000000   133.5576121949
  3.40000000   1.30000000   133.3637654794
  3.50000000   1.30000000   133.3637654794

  0.00000000   1.40000000     0.0000000000
  0.10000000   1.40000000     8.8065406421
  0.20000000   1.40000000    17.6389548179
  0.30000000   1.40000000    26.5239461765
  0.40000000   1.40000000    35.4898996066
  0.50000000   1.40000000    44.5677668279
  0.60000000   1.40000000    53.7919796147
  0.70000000   1.40000000    63.2013372183
  0.80000000   1.40000000    72.8397107037
  0.90000000   1.40000000    82.7561755446
  1.00000000   1.40000000    93.0036596608
  1.10000000   1.40000000   103.6339694832
  1.20000000   1.40000000   114.6840788346
  1.30000000   1.40000000   126.1410646424
  1.40000000   1.40000000   137.8542010463
  1.50000000   1.40000000   149.3205952945
  1.60000000   1.40000000   159.2277015624
  1.70000000   1.40000000   165.0401098474
  1.80000000   1.40000000   167.5218574365
  1.90000000   1.40000000   167.1058131344
  2.00000000   1.40000000   163.8071651007
  2.10000000   1.40000000   159.5731478885
  2.20000000   1.40000000   155.3584842112
  2.30000000   1.40000000   151.5123307892
  2.40000000   1.40000000   148.1290678920
  2.50000000   1.40000000   145.2069193922
  2.60000000   1.40000000   142.7116473018
  2.70000000   1.40000000   140.6014757990
  2.80000000   1.40000000   138.8365964961
  2.90000000   1.40000000   137.3824648776
  3.00000000   1.40000000   136.2105873061
  3.10000000   1.40000000   135.2983371107
  3.20000000   1.40000000   134.6284567015
  3.30000000   1.40000000   134.1885279662
  3.40000000   1.40000000   133.9705297454
  3.50000000   1.40000000   133.9705297454

  0.00000000   1.50000000     0.0000000000
  0.10000000   1.50000000     8.8997152459
  0.20000000   1.50000000    17.8298480079
  0.30000000   1.50000000    26.8220382252
  0.40000000   1.50000000    35.9104537434
  0.50000000   1.50000000    45.1332693074
  0.60000000   1.50000000    54.5344240836
  0.70000000   1.50000000    64.1657831026
  0.80000000   1.50000000    74.0898487988
  0.90000000   1.50000000    84.3831728545
  1.00000000   1.50000000    95.1405540668
  1.10000000   1.50000000   106.4798084471
  1.20000000   1.50000000   118.5457417763
  1.30000000   1.50000000   131.5072020724
  1.40000000   1.50000000   145.5191414330
  1.50000000   1.50000000   160.5108226212
  1.60000000   1.50000000   175.0751015618
  1.70000000   1.50000000   180.5717754308
  1.80000000   1.50000000   182.1817926695
  1.90000000   1.50000000   180.6449766142
  2.00000000   1.50000000   173.3074925268
  2.10000000   1.50000000   166.1415331106
  2.20000000   1.50000000   160.0207509369
  2.30000000   1.50000000   154.9206463950
  2.40000000   1.50000000   150.6860179483
  2.50000000   1.50000000   147.1683305991
  2.60000000   1.50000000   144.2462569055
  2.70000000   1.50000000   141.8245529631
  2.80000000   1.50000000   139.8294722224
  2.90000000   1.50000000   138.2043344251
  3.00000000   1.50000000   136.9059160209
  3.10000000   1.50000000   135.9016776680
  3.20000000   1.50000000   135.1677037171
  3.30000000   1.50000000   134.6872178138
  3.40000000   1.50000000   134.4495626508
  3.50000000   1.50000000   134.4495626508

  0.00000000   1.60000000     0.0000000000
  0.10000000   1.60000000     8.9646372708
  0.20000000   1.60000000    17.9629854167
  0.30000000   1.60000000    27.0302864836
  0.40000000   1.60000000    36.2049825448
  0.50000000   1.60000000    45.5306824667
  0.60000000   1.60000000    55.0586376023
  0.70000000   1.60000000    64.8510301712
  0.80000000   1.60000000    74.9855406347
  0.90000000   1.60000000    85.5619515902
  1.00000000   1.60000000    96.7121073653
  1.10000000   1.60000000   108.6157955974
  1.20000000   1.60000000   121.5285234538
  1.30000000   1.60000000   135.8387561118
  1.40000000   1.60000000   152.2188190452
  1.50000000   1.60000000   172.1408058563
  1.60000000   1.60000000   200.0000000000
  1.70000000   1.60000000   200.0000000000
  1.80000000   1.60000000   200.0000000000
  1.90000000   1.60000000   200.0000000000
  2.00000000   1.60000000   182.6607572835
  2.10000000   1.60000000   171.6986165223
  2.20000000   1.60000000   163.7048446937
  2.30000000   1.60000000   157.5137390953
  2.40000000   1.60000000   152.5831980583
  2.50000000   1.60000000   148.5974513458
  2.60000000   1.60000000   145.3492605642
  2.70000000   1.60000000   142.6945414917
  2.80000000   1.60000000   140.5300709410
  2.90000000   1.60000000   138.7806642665
  3.00000000   1.60000000   137.3911557580
  3.10000000   1.60000000   136.3211643920
  3.20000000   1.60000000   135.5416078654
  3.30000000   1.60000000   135.0323763286
  3.40000000   1.60000000   134.7808163007
  3.50000000   1.60000000   134.7808163007

  0.00000000   1.70000000     0.0000000000
  0.10000000   1.70000000     8.9979744235
  0.20000000   1.70000000    18.0313920494
  0.30000000   1.70000000    27.1373976768
  0.40000000   1.70000000    36.3567090129
  0.50000000   1.70000000    45.7358593695
  0.60000000   1.70000000    55.3300867391
  0.70000000   1.70000000    65.2072814229
  0.80000000   1.70000000    75.4536498198
  0.90000000   1.70000000    86.1821884509
  1.00000000   1.70000000    97.5458349029
  1.10000000   1.70000000   109.7584817724
  1.20000000   1.70000000   123.1289777610
  1.30000000   1.70000000   138.1143279052
  1.40000000   1.70000000   155.3880354756
  1.50000000   1.70000000   175.8410032251
  1.60000000   1.70000000   200.0000000000
  1.70000000   1.70000000   200.0000000000
  1.80000000   1.70000000   200.0000000000
  1.90000000   1.70000000   200.0000000000
  2.00000000   1.70000000   185.6542523818
  2.10000000   1.70000000   174.3170550235
  2.20000000   1.70000000   165.6260529240
  2.30000000   1.70000000   158.8946092477
  2.40000000   1.70000000   153.5913541904
  2.50000000   1.70000000   149.3512783166
  2.60000000   1.70000000   145.9267305411
  2.70000000   1.70000000   143.1471578508
  2.80000000   1.70000000   140.8927352052
  2.90000000   1.70000000   139.0778284564
  3.00000000   1.70000000   137.6405878497
  3.10000000   1.70000000   136.5362927184
  3.20000000   1.70000000   135.7330310395
  3.30000000   1.70000000   135.2088824014
  3.40000000   1.70000000   134.9501155738
  3.50000000   1.70000000   134.9501155738

  0.00000000   1.80000000     0.0000000000
  0.10000000   1.80000000     8.9979744235
  0.20000000   1.80000000    18.0313920494
  0.30000000   1.80000000    27.1373976768
  0.40000000   1.80000000    36.3567090129
  0.50000000   1.80000000    45.7358593695
  0.60000000   1.80000000    55.3300867391
  0.70000000   1.80000000    65.2072814229
  0.80000000   1.80000000    75.4536498198
  0.90000000   1.80000000    86.1821884509
  1.00000000   1.80000000    97.5458349029
  1.10000000   1.80000000   109.7584817724
  1.20000000   1.80000000   123.1289777610
  1.30000000   1.80000000   138.1143279052
  1.40000000   1.80000000   155.3880354756
  1.50000000   1.80000000   175.8410032251
  1.60000000   1.80000000   200.0000000000
  1.70000000   1.80000000   200.0000000000
  1.80000000   1.80000000   200.0000000000
  1.90000000   1.80000000   200.0000000000
  2.00000000   1.80000000   185.6542523818
  2.10000000   1.80000000   174.3170550235
  2.20000000   1.80000000   165.6260529240
  2.30000000   1.80000000   158.8946092477
  2.40000000   1.80000000   153.5913541904
  2.50000000   1.80000000   149.3512783166
  2.60000000   1.80000000   145.9267305411
  2.70000000   1.80000000   143.1471578508
  2.80000000   1.80000000   140.8927352052
  2.90000000   1.80000000   139.0778284564
  3.00000000   1.80000000   137.6405878497
  3.10000000   1.80000000   136.5362927184
  3.20000000   1.80000000   135.7330310395
  3.30000000   1.80000000   135.2088824014
  3.40000000   1.80000000   134.9501155738
  3.50000000   1.80000000   134.9501155738

  0.00000000   1.90000000     0.0000000000
  0.10000000   1.90000000     8.9646372708
  0.20000000   1.90000000    17.9629854167
  0.30000000   1.90000000    27.0302864836
  0.40000000   1.90000000    36.2049825448
  0.50000000   1.90000000    45.5306824667
  0.60000000   1.90000000    55.0586376023
  0.70000000   1.90000000    64.8510301712
  0.80000000   1.90000000    74.9855406347
  0.90000000   1.90000000    85.5619515902
  1.00000000   1.90000000    96.7121073653
  1.10000000   1.90000000   108.6157955974
  1.20000000   1.90000000   121.5285234538
  1.30000000   1.90000000   135.8387561118
  1.40000000   1.90000000   152.2188190452
  1.50000000   1.90000000   172.1408058563
  1.60000000   1.90000000   200.0000000000
  1.70000000   1.90000000   200.0000000000
  1.80000000   1.90000000   200.0000000000
  1.90000000   1.90000000   200.0000000000
  2.00000000   1.90000000   182.6607572835
  2.10000000   1.90000000   171.6986165223
  2.20000000   1.90000000   163.7048446937
  2.30000000   1.90000000   157.5137390953
  2.40000000   1.90000000   152.5831980583
  2.50000000   1.90000000   148.5974513458
  2.60000000   1.90000000   145.3492605642
  2.70000000   1.90000000   142.6945414917
  2.80000000   1.90000000   140.5300709410
  2.90000000   1.90000000   138.7806642665
  3.00000000   1.90000000   137.3911557580
  3.10000000   1.90000000   136.3211643920
  3.20000000   1.90000000   135.5416078654
  3.30000000   1.90000000   135.0323763286
  3.40000000   1.90000000   134.7808163007
  3.50000000   1.90000000   134.7808163007

  0.00000000   2.00000000     0.0000000000
  0.10000000   2.00000000     8.8997152459
  0.20000000   2.00000000    17.8298480079
  0.30000000   2.00000000    26.8220382252
  0.40000000   2.00000000    35.9104537434
  0.50000000   2.00000000    45.1332693074
  0.60000000   2.00000000    54.5344240836
  0.70000000   2.00000000    64.1657831026
  0.80000000   2.00000000    74.0898487988
  0.90000000   2.00000000    84.3831728545
  1.00000000   2.00000000    95.1405540668
  1.10000000   2.00000000   106.4798084471
  1.20000000   2.00000000   118.5457417763
  1.30000000   2.00000000   131.5072020724
  1.40000000   2.00000000   145.5191414330
  1.50000000   2.00000000   160.5108226212
  1.60000000   2.00000000   175.0751015618
  1.70000000   2.00000000   180.5717754308
  1.80000000   2.00000000   182.1817926695
  1.90000000   2.00000000   180.6449766142
  2.00000000   2.00000000   173.3074925268
  2.10000000   2.00000000   166.1415331106
  2.20000000   2.00000000   160.0207509369
  2.30000000   2.00000000   154.9206463950
  2.40000000   2.00000000   150.6860179483
  2.50000000   2.00000000   147.1683305991
  2.60000000   2.00000000   144.2462569055
  2.70000000   2.00000000   141.8245529631
  2.80000000   2.00000000   139.8294722224
  2.90000000   2.00000000   138.2043344251
  3.00000000   2.00000000   136.9059160209
  3.10000000   2.00000000   135.9016776680
  3.20000000   2.00000000   135.1677037171
  3.30000000   2.00000000   134.6872178138
  3.40000000   2.00000000   134.4495626508
  3.50000000   2.00000000   134.4495626508

  0.00000000   2.10000000     0.0000000000
  0.10000000   2.10000000     8.8065406421
  0.20000000   2.10000000    17.6389548179
  0.30000000   2.10000000    26.5239461765
  0.40000000   2.10000000    35.4898996066
  0.50000000   2.10000000    44.5677668279
  0.60000000   2.10000000    53.7919796147
  0.70000000   2.10000000    63.2013372183
  0.80000000   2.10000000    72.8397107037
  0.90000000   2.10000000    82.7561755446
  1.00000000   2.10000000    93.0036596608
  1.10000000   2.10000000   103.6339694832
  1.20000000   2.10000000   114.6840788346
  1.30000000   2.10000000   126.1410646424
  1.40000000   2.10000000   137.8542010463
  1.50000000   2.10000000   149.3205952945
  1.60000000   2.10000000   159.2277015624
  1.70000000   2.10000000   165.0401098474
  1.80000000   2.10000000   167.5218574365
  1.90000000   2.10000000   167.1058131344
  2.00000000   2.10000000   163.8071651007
  2.10000000   2.10000000   159.5731478885
  2.20000000   2.10000000   155.3584842112
  2.30000000   2.10000000   151.5123307892
  2.40000000   2.10000000   148.1290678920
  2.50000000   2.10000000   145.2069193922
  2.60000000   2.10000000   142.7116473018
  2.70000000   2.10000000   140.6014757990
  2.80000000   2.10000000   138.8365964961
  2.90000000   2.10000000   137.3824648776
  3.00000000   2.10000000   136.2105873061
  3.10000000   2.10000000   135.2983371107
  3.20000000   2.10000000   134.6284567015
  3.30000000   2.10000000   134.1885279662
  3.40000000   2.10000000   133.9705297454
  3.50000000   2.10000000   133.9705297454

  0.00000000   2.20000000     0.0000000000
  0.10000000   2.20000000     8.6897134989
  0.20000000   2.20000000    17.3999005392
  0.30000000   2.20000000    26.1514511348
  0.40000000   2.20000000    34.9660547495
  0.50000000   2.20000000    43.8664989634
  0.60000000   2.20000000    52.8767914648
  0.70000000   2.20000000    62.0219303633
  0.80000000   2.20000000    71.3269896558
  0.90000000   2.20000000    80.8148852460
  1.00000000   2.20000000    90.5016109225
  1.10000000   2.20000000   100.3866371849
  1.20000000   2.20000000   110.4341370317
  1.30000000   2.20000000   120.5373054145
  1.40000000   2.20000000   130.4541331508
  1.50000000   2.20000000   139.7072137376
  1.60000000   2.20000000   147.4922666146
  1.70000000   2.20000000   152.8573318250
  1.80000000   2.20000000   155.7803169178
  1.90000000   2.20000000   156.4740428833
  2.00000000   2.20000000   155.2735310168
  2.10000000   2.20000000   153.0240481724
  2.20000000   2.20000000   150.3736007809
  2.30000000   2.20000000   147.6938645218
  2.40000000   2.20000000   145.1700511702
  2.50000000   2.20000000   142.8834061225
  2.60000000   2.20000000   140.8618476560
  2.70000000   2.20000000   139.1075655452
  2.80000000   2.20000000   137.6113991685
  2.90000000   2.20000000   136.3601587276
  3.00000000   2.20000000   135.3402692369
  3.10000000   2.20000000   134.5395180849
  3.20000000   2.20000000   133.9478376979
  3.30000000   2.20000000   133.5576121949
  3.40000000   2.20000000   133.3637654794
  3.50000000   2.20000000   133.3637654794

  0.00000000   2.30000000     0.0000000000
  0.10000000   2.30000000     8.5547043970
  0.20000000   2.30000000    17.1240427392
  0.30000000   2.30000000    25.7226851590
  0.40000000   2.30000000    34.3653034983
  0.50000000   2.30000000    43.0663753234
  0.60000000   2.30000000    51.8396896655
  0.70000000   2.30000000    60.6973335080
  0.80000000   2.30000000    69.6477933612
  0.90000000   2.30000000    78.6925661878
  1.00000000   2.30000000    87.8202922918
  1.10000000   2.30000000    96.9968665085
  1.20000000   2.30000000   106.1493414613
  1.30000000   2.30000000   115.1412838988
  1.40000000   2.30000000   123.7396756658
  1.50000000   2.30000000   131.5842505183
  1.60000000   2.30000000   138.2001216664
  1.70000000   2.30000000   143.1416763907
  1.80000000   2.30000000   146.2958868897
  1.90000000   2.30000000   147.7684236068
  2.00000000   2.30000000   147.8261149021
  2.10000000   2.30000000   146.9191797960
  2.20000000   2.30000000   145.4674638470
  2.30000000   2.30000000   143.7749726100
  2.40000000   2.30000000   142.0350720226
  2.50000000   2.30000000   140.3612934774
  2.60000000   2.30000000   138.8160618445
  2.70000000   2.30000000   137.4311270358
  2.80000000   2.30000000   136.2206398910
  2.90000000   2.30000000   135.1891125855
  3.00000000   2.30000000   134.3361357721
  3.10000000   2.30000000   133.6591245767
  3.20000000   2.30000000   133.1548922053
  3.30000000   2.30000000   132.8205350947
  3.40000000   2.30000000   132.6539167829
  3.50000000   2.30000000   132.6539167829

  0.00000000   2.40000000     0.0000000000
  0.10000000   2.40000000     8.4074349286
  0.20000000   2.40000000    16.8236079079
  0.30000000   2.40000000    25.2569835931
  0.40000000   2.40000000    33.7153922192
  0.50000000   2.40000000    42.2054758679
  0.60000000   2.40000000    50.7317991920
  0.70000000   2.40000000    59.2954182112
  0.80000000   2.40000000    67.8916045660
  0.90000000   2.40000000    76.5062901878
  1.00000000   2.40000000    85.1106432288
  1.10000000   2.40000000    93.6530819868
  1.20000000   2.40000000   102.0482014036
  1.30000000   2.40000000   110.1630853589
  1.40000000   2.40000000   117.8044586633
  1.50000000   2.40000000   124.7167160615
  1.60000000   2.40000000   130.6106836659
  1.70000000   2.40000000   135.2440270794
  1.80000000   2.40000000   138.5268360245
  1.90000000   2.40000000   140.5152522602
  2.00000000   2.40000000   141.3856198083
  2.10000000   2.40000000   141.4065960139
  2.20000000   2.40000000   140.8550239705
  2.30000000   2.40000000   139.9617939854
  2.40000000   2.40000000   138.8974514741
  2.50000000   2.40000000   137.7789749027
  2.60000000   2.40000000   136.6827929871
  2.70000000   2.40000000   135.6570939758
  2.80000000   2.40000000   134.7313495634
  2.90000000   2.40000000   133.9230363397
  3.00000000   2.40000000   133.2421504013
  3.10000000   2.40000000   132.6941509210
  3.20000000   2.40000000   132.2818395490
  3.30000000   2.40000000   132.0065361907
  3.40000000   2.40000000   131.8687919871
  3.50000000   2.40000000   131.8687919871

  0.00000000   2.50000000     0.0000000000
  0.10000000   2.50000000     8.2538909531
  0.20000000   2.50000000    16.5108804345
  0.30000000   2.50000000    24.7735718046
  0.40000000   2.50000000    33.0434909852
  0.50000000   2.50000000    41.3203181148
  0.60000000   2.50000000    49.6008100881
  0.70000000   2.50000000    57.8772549562
  0.80000000   2.50000000    66.1352549409
  0.90000000   2.50000000    74.3505956020
  1.00000000   2.50000000    82.4849604862
  1.10000000   2.50000000    90.4803767763
  1.20000000   2.50000000    98.2526968631
  1.30000000   2.50000000   105.6854192865
  1.40000000   2.50000000   112.6270616367
  1.50000000   2.50000000   118.8980307746
  1.60000000   2.50000000   124.3145981227
  1.70000000   2.50000000   128.7322654314
  1.80000000   2.50000000   132.0907122033
  1.90000000   2.50000000   134.4224353369
  2.00000000   2.50000000   135.8411263630
  2.10000000   2.50000000   136.5178509918
  2.20000000   2.50000000   136.6403950348
  2.30000000   2.50000000   136.3807479329
  2.40000000   2.50000000   135.8797145044
  2.50000000   2.50000000   135.2445971157
  2.60000000   2.50000000   134.5534425423
  2.70000000   2.50000000   133.8612987658
  2.80000000   2.50000000   133.2061976567
  2.90000000   2.50000000   132.6140371973
  3.00000000   2.50000000   132.1022545832
  3.10000000   2.50000000   131.6824583924
  3.20000000   2.50000000   131.3622518826
  3.30000000   2.50000000   131.1464577194
  3.40000000   2.50000000   131.0379070624
  3.50000000   2.50000000   131.0379070624

  0.00000000   2.60000000     0.0000000000
  0.10000000   2.60000000     8.0998063808
  0.20000000   2.60000000    16.1975529050
  0.30000000   2.60000000    24.2905501679
  0.40000000   2.60000000    32.3747749949
  0.50000000   2.60000000    40.4440109383
  0.60000000   2.60000000    48.4887421982
  0.70000000   2.60000000    56.4946976265
  0.80000000   2.60000000    64.4409360162
  0.90000000   2.60000000    72.2973819025
  1.00000000   2.60000000    80.0217954212
  1.10000000   2.60000000    87.5563474110
  1.20000000   2.60000000    94.8243558560
  1.30000000   2.60000000   101.7284063465
  1.40000000   2.60000000   108.1520030578
  1.50000000   2.60000000   113.9676717268
  1.60000000   2.60000000   119.0538559671
  1.70000000   2.60000000   123.3190327034
  1.80000000   2.60000000   126.7238890538
  1.90000000   2.60000000   129.2889112298
  2.00000000   2.60000000   131.0889127907
  2.10000000   2.60000000   132.2379209627
  2.20000000   2.60000000   132.8670517070
  2.30000000   2.60000000   133.1046520858
  2.40000000   2.60000000   133.0639896414
  2.50000000   2.60000000   132.8383499612
  2.60000000   2.60000000   132.5010673035
  2.70000000   2.60000000   132.1080098618
  2.80000000   2.60000000   131.7008440409
  2.90000000   2.60000000   131.3101830348
  3.00000000   2.60000000   130.9582478248
  3.10000000   2.60000000   130.6609541264
  3.20000000   2.60000000   130.4294680491
  3.30000000   2.60000000   130.2713160130
  3.40000000   2.60000000   130.1911353484
  3.50000000   2.60000000   130.1911353484

  0.00000000   2.70000000     0.0000000000
  0.10000000   2.70000000     7.9504349314
  0.20000000   2.70000000    15.8942699187
  0.30000000   2.70000000    23.8242161162
  0.40000000   2.70000000    31.7315506023
  0.50000000   2.70000000    39.6052574673
  0.60000000   2.70000000    47.4309970257
  0.70000000   2.70000000    55.1898489532
  0.80000000   2.70000000    62.8567915610
  0.90000000   2.70000000    70.3989218964
  1.00000000   2.70000000    77.7735111179
  1.10000000   2.70000000    84.9261547073
  1.20000000   2.70000000    91.7895429255
  1.30000000   2.70000000    98.2837357273
  1.40000000   2.70000000   104.3191705191
  1.50000000   2.70000000   109.8036541514
  1.60000000   2.70000000   114.6537480698
  1.70000000   2.70000000   118.8087802869
  1.80000000   2.70000000   122.2428882133
  1.90000000   2.70000000   124.9700191137
  2.00000000   2.70000000   127.0411853618
  2.10000000   2.70000000   128.5354299386
  2.20000000   2.70000000   129.5469651351
  2.30000000   2.70000000   130.1727091211
  2.40000000   2.70000000   130.5032028655
  2.50000000   2.70000000   130.6176040135
  2.60000000   2.70000000   130.5819814572
  2.70000000   2.70000000   130.4497041461
  2.80000000   2.70000000   130.2628801345
  2.90000000   2.70000000   130.0541416544
  3.00000000   2.70000000   129.8483788967
  3.10000000   2.70000000   129.6642376844
  3.20000000   2.70000000   129.5153209708
  3.30000000   2.70000000   129.4110968060
  3.40000000   2.70000000   129.3575402021
  3.50000000   2.70000000   129.3575402021

  0.00000000   2.80000000     0.0000000000
  0.10000000   2.80000000     7.8104097098
  0.20000000   2.80000000    15.6103595221
  0.30000000   2.80000000    23.3886979425
  0.40000000   2.80000000    31.1328536281
  0.50000000   2.80000000    38.8280356684
  0.60000000   2.80000000    46.4563328278
  0.70000000   2.80000000    53.9956942528
  0.80000000   2.80000000    61.4187988171
  0.90000000   2.80000000    68.6918659824
  1.00000000   2.80000000    75.7735381467
  1.10000000   2.80000000    82.6140815879
  1.20000000   2.80000000    89.1553075569
  1.30000000   2.80000000    95.3317735368
  1.40000000   2.80000000   101.0738955374
  1.50000000   2.80000000   106.3134175313
  1.60000000   2.80000000   110.9910468265
  1.70000000   2.80000000   115.0649514946
  1.80000000   2.80000000   118.5177346660
  1.90000000   2.80000000   121.3595432842
  2.00000000   2.80000000   123.6265922808
  2.10000000   2.80000000   125.3757485498
  2.20000000   2.80000000   126.6767156599
  2.30000000   2.80000000   127.6039908703
  2.40000000   2.80000000   128.2303204159
  2.50000000   2.80000000   128.6223708236
  2.60000000   2.80000000   128.8384963063
  2.70000000   2.80000000   128.9280758132
  2.80000000   2.80000000   128.9318307478
  2.90000000   2.80000000   128.8826430845
  3.00000000   2.80000000   128.8065458656
  3.10000000   2.80000000   128.7236908431
  3.20000000   2.80000000   128.6491924795
  3.30000000   2.80000000   128.5938060029
  3.40000000   2.80000000   128.5644288489
  3.50000000   2.80000000   128.5644288489

  0.00000000   2.90000000     0.0000000000
  0.10000000   2.90000000     7.6836784105
  0.20000000   2.90000000    15.3537219445
  0.30000000   2.90000000    22.9958384765
  0.40000000   2.90000000    30.5944025220
  0.50000000   2.90000000    38.1317447193
  0.60000000   2.90000000    45.5873990849
  0.70000000   2.90000000    52.9373146589
  0.80000000   2.90000000    60.1530626421
  0.90000000   2.90000000    67.2011086812
  1.00000000   2.90000000    74.0422757069
  1.10000000   2.90000000    80.6315945664
  1.20000000   2.90000000    86.9188159588
  1.30000000   2.90000000    92.8499068419
  1.40000000   2.90000000    98.3698199600
  1.50000000   2.90000000   103.4266295432
  1.60000000   2.90000000   107.9767171015
  1.70000000   2.90000000   111.9901348312
  1.80000000   2.90000000   115.4548490262
  1.90000000   2.90000000   118.3786725599
  2.00000000   2.90000000   120.7884122308
  2.10000000   2.90000000   122.7265317727
  2.20000000   2.90000000   124.2462151241
  2.30000000   2.90000000   125.4060232400
  2.40000000   2.90000000   126.2651749804
  2.50000000   2.90000000   126.8800196087
  2.60000000   2.90000000   127.3018058051
  2.70000000   2.90000000   127.5755571356
  2.80000000   2.90000000   127.7397490715
  2.90000000   2.90000000   127.8264880451
  3.00000000   2.90000000   127.8619535388
  3.10000000   2.90000000   127.8669360432
  3.20000000   2.90000000   127.8573654547
  3.30000000   2.90000000   127.8447695310
  3.40000000   2.90000000   127.8366312881
  3.50000000   2.90000000   127.8366312881

  0.00000000   3.00000000     0.0000000000
  0.10000000   3.00000000     7.5734958847
  0.20000000   3.00000000    15.1308343328
  0.30000000   3.00000000    22.6552542391
  0.40000000   3.00000000    30.1287827951
  0.50000000   3.00000000    37.5316223817
  0.60000000   3.00000000    44.8415396412
  0.70000000   3.00000000    52.0332773881
  0.80000000   3.00000000    59.0780303220
  0.90000000   3.00000000    65.9430537415
  1.00000000   3.00000000    72.5915099617
  1.10000000   3.00000000    78.9826952901
  1.20000000   3.00000000    85.0728194979
  1.30000000   3.00000000    90.8165081291
  1.40000000   3.00000000    96.1691349736
  1.50000000   3.00000000   101.0899381183
  1.60000000   3.00000000   105.5456259339
  1.70000000   3.00000000   109.5139009180
  1.80000000   3.00000000   112.9861601297
  1.90000000   3.00000000   115.9687234186
  2.00000000   3.00000000   118.4823023966
  2.10000000   3.00000000   120.5598588944
  2.20000000   3.00000000   122.2433560589
  2.30000000   3.00000000   123.5800878371
  2.40000000   3.00000000   124.6192213751
  2.50000000   3.00000000   125.4089686802
  2.60000000   3.00000000   125.9945494108
  2.70000000   3.00000000   126.4169109856
  2.80000000   3.00000000   126.7120651196
  2.90000000   3.00000000   126.9108670892
  3.00000000   3.00000000   127.0390765805
  3.10000000   3.00000000   127.1175712629
  3.20000000   3.00000000   127.1626197768
  3.30000000   3.00000000   127.1861515223
  3.40000000   3.00000000   127.1959839059
  3.50000000   3.00000000   127.1959839059

  0.00000000   3.10000000     0.0000000000
  0.10000000   3.10000000     7.4824544971
  0.20000000   3.10000000    14.9468292799
  0.30000000   3.10000000    22.3744992616
  0.40000000   3.10000000    29.7457550751
  0.50000000   3.10000000    37.0392804792
  0.60000000   3.10000000    44.2316629321
  0.70000000   3.10000000    51.2969651392
  0.80000000   3.10000000    58.2064004454
  0.90000000   3.10000000    64.9281735115
  1.00000000   3.10000000    71.4275675834
  1.10000000   3.10000000    77.6673758145
  1.20000000   3.10000000    83.6087776026
  1.30000000   3.10000000    89.2127387797
  1.40000000   3.10000000    94.4419524716
  1.50000000   3.10000000    99.2632275263
  1.60000000   3.10000000   103.6500847628
  1.70000000   3.10000000   107.5851803316
  1.80000000   3.10000000   111.0621099890
  1.90000000   3.10000000   114.0862187461
  2.00000000   3.10000000   116.6742423181
  2.10000000   3.10000000   118.8528585701
  2.20000000   3.10000000   120.6564423850
  2.30000000   3.10000000   122.1244355910
  2.40000000   3.10000000   123.2987369717
  2.50000000   3.10000000   124.2214134473
  2.60000000   3.10000000   124.9328922297
  2.70000000   3.10000000   125.4706677535
  2.80000000   3.10000000   125.8684722669
  2.90000000   3.10000000   126.1558169432
  3.00000000   3.10000000   126.3578005905
  3.10000000   3.10000000   126.4950922340
  3.20000000   3.10000000   126.5840113000
  3.30000000   3.10000000   126.6366480315
  3.40000000   3.10000000   126.6609836669
  3.50000000   3.10000000   126.6609836669

  0.00000000   3.20000000     0.0000000000
  0.10000000   3.20000000     7.4125344606
  0.20000000   3.20000000    14.8056100320
  0.30000000   3.20000000    22.1592746033
  0.40000000   3.20000000    29.4526035268
  0.50000000   3.20000000    36.6632509910
  0.60000000   3.20000000    43.7670545723
  0.70000000   3.20000000    50.7377238045
  0.80000000   3.20000000    57.5466540083
  0.90000000   3.20000000    64.1629177351
  1.00000000   3.20000000    70.5534954134
  1.10000000   3.20000000    76.6838098682
  1.20000000   3.20000000    82.5186202593
  1.30000000   3.20000000    88.0233026296
  1.40000000   3.20000000    93.1654912295
  1.50000000   3.20000000    97.9169777533
  1.60000000   3.20000000   102.2556770336
  1.70000000   3.20000000   106.1673945536
  1.80000000   3.20000000   109.6471087431
  1.90000000   3.20000000   112.6995347264
  2.00000000   3.20000000   115.3388598214
  2.10000000   3.20000000   117.5876950711
  2.20000000   3.20000000   119.4754234302
  2.30000000   3.20000000   121.0362067576
  2.40000000   3.20000000   122.3069241683
  2.50000000   3.20000000   123.3252646821
  2.60000000   3.20000000   124.1281164548
  2.70000000   3.20000000   124.7503128487
  2.80000000   3.20000000   125.2237311040
  2.90000000   3.20000000   125.5766988291
  3.00000000   3.20000000   125.8336446874
  3.10000000   3.20000000   126.0149264894
  3.20000000   3.20000000   126.1367760674
  3.30000000   3.20000000   126.2113108420
  3.40000000   3.20000000   126.2465736638
  3.50000000   3.20000000   126.2465736638

  0.00000000   3.30000000     0.0000000000
  0.10000000   3.30000000     7.3651596044
  0.20000000   3.30000000    14.7099729067
  0.30000000   3.30000000    22.0136389211
  0.40000000   3.30000000    29.2544657590
  0.50000000   3.30000000    36.4094737466
  0.60000000   3.30000000    43.4540633537
  0.70000000   3.30000000    50.3617797341
  0.80000000   3.30000000    57.1042127620
  0.90000000   3.30000000    63.6510776845
  1.00000000   3.30000000    69.9705243721
  1.10000000   3.30000000    76.0297192275
  1.20000000   3.30000000    81.7957290664
  1.30000000   3.30000000    87.2367071755
  1.40000000   3.30000000    92.3233370505
  1.50000000   3.30000000    97.0304327986
  1.60000000   3.30000000   101.3385377105
  1.70000000   3.30000000   105.2353217849
  1.80000000   3.30000000   108.7165743948
  1.90000000   3.30000000   111.7866312187
  2.00000000   3.30000000   114.4581593790
  2.10000000   3.30000000   116.7513288479
  2.20000000   3.30000000   118.6924927035
  2.30000000   3.30000000   120.3125598830
  2.40000000   3.30000000   121.6452603745
  2.50000000   3.30000000   122.7254784815
  2.60000000   3.30000000   123.5877801893
  2.70000000   3.30000000   124.2652037265
  2.80000000   3.30000000   124.7883319848
  2.90000000   3.30000000   125.1846286789
  3.00000000   3.30000000   125.4779982782
  3.10000000   3.30000000   125.6885205569
  3.20000000   3.30000000   125.8323104639
  3.30000000   3.30000000   125.9214593808
  3.40000000   3.30000000   125.9640219740
  3.50000000   3.30000000   125.9640219740

  0.00000000   3.40000000     0.0000000000
  0.10000000   3.40000000     7.3412476769
  0.20000000   3.40000000    14.6617153893
  0.30000000   3.40000000    21.9401888348
  0.40000000   3.40000000    29.1546056456
  0.50000000   3.40000000    36.2816850133
  0.60000000   3.40000000    43.2966274028
  0.70000000   3.40000000    50.1729163277
  0.80000000   3.40000000    56.8822595532
  0.90000000   3.40000000    63.3947109473
  1.00000000   3.40000000    69.6790141308
  1.10000000   3.40000000    75.7032021516
  1.20000000   3.40000000    81.4354706300
  1.30000000   3.40000000    86.8453131557
  1.40000000   3.40000000    91.9048676294
  1.50000000   3.40000000    96.5903753608
  1.60000000   3.40000000   100.8836107303
  1.70000000   3.40000000   104.7731115816
  1.80000000   3.40000000   108.2550423679
  1.90000000   3.40000000   111.3335598589
  2.00000000   3.40000000   114.0206197874
  2.10000000   3.40000000   116.3352458976
  2.20000000   3.40000000   118.3023593607
  2.30000000   3.40000000   119.9513183865
  2.40000000   3.40000000   121.3143358227
  2.50000000   3.40000000   122.4249282553
  2.60000000   3.40000000   123.3165136019
  2.70000000   3.40000000   124.0212285464
  2.80000000   3.40000000   124.5689936994
  2.90000000   3.40000000   124.9868200892
  3.00000000   3.40000000   125.2983280170
  3.10000000   3.40000000   125.5234377436
  3.20000000   3.40000000   125.6781885515
  3.30000000   3.40000000   125.7746456654
  3.40000000   3.40000000   125.8208608913
  3.50000000   3.40000000   125.8208608913

  0.00000000   3.50000000     0.0000000000
  0.10000000   3.50000000     7.3412476769
  0.20000000   3.50000000    14.6617153893
  0.30000000   3.50000000    21.9401888348
  0.40000000   3.50000000    29.1546056456
  0.50000000   3.50000000    36.2816850133
  0.60000000   3.50000000    43.2966274028
  0.70000000   3.50000000    50.1729163277
  0.80000000   3.50000000    56.8822595532
  0.90000000   3.50000000    63.3947109473
  1.00000000   3.50000000    69.6790141308
  1.10000000   3.50000000    75.7032021516
  1.20000000   3.50000000    81.4354706300
  1.30000000   3.50000000    86.8453131557
  1.40000000   3.50000000    91.9048676294
  1.50000000   3.50000000    96.5903753608
  1.60000000   3.50000000   100.8836107303
  1.70000000   3.50000000   104.7731115816
  1.80000000   3.50000000   108.2550423679
  1.90000000   3.50000000   111.3335598589
  2.00000000   3.50000000   114.0206197874
  2.10000000   3.50000000   116.3352458976
  2.20000000   3.50000000   118.3023593607
  2.30000000   3.50000000   119.9513183865
  2.40000000   3.50000000   121.3143358227
  2.50000000   3.50000000   122.4249282553
  2.60000000   3.50000000   123.3165136019
  2.70000000   3.50000000   124.0212285464
  2.80000000   3.50000000   124.5689936994
  2.90000000   3.50000000   124.9868200892
  3.00000000   3.50000000   125.2983280170
  3.10000000   3.50000000   125.5234377436
  3.20000000   3.50000000   125.6781885515
  3.30000000   3.50000000   125.7746456654
  3.40000000   3.50000000   125.8208608913
  3.50000000   3.50000000   125.8208608913

