  0.00000000   0.00000000     0.0000000000
  0.10000000   0.00000000     3.5843605991
  0.20000000   0.00000000     7.1609110031
  0.30000000   0.00000000    10.7208678671
  0.40000000   0.00000000    14.2534977153
  0.50000000   0.00000000    17.7453105296
  0.60000000   0.00000000    21.1792592957
  0.70000000   0.00000000    24.5342921099
  0.80000000   0.00000000    27.7849644394
  0.90000000   0.00000000    30.9015941885
  1.00000000   0.00000000    33.8505730626
  1.10000000   0.00000000    36.5953773494
  1.20000000   0.00000000    39.0978116459
  1.30000000   0.00000000    41.3199705058
  1.40000000   0.00000000    43.2263614246
  1.50000000   0.00000000    44.7864879347
  1.60000000   0.00000000    45.9772620310
  1.70000000   0.00000000    46.7853183759
  1.80000000   0.00000000    47.2086615303
  1.90000000   0.00000000    47.2576185670
  2.00000000   0.00000000    46.9548306002
  2.10000000   0.00000000    46.3343292761
  2.20000000   0.00000000    45.4398601587
  2.30000000   0.00000000    44.3225706660
  2.40000000   0.00000000    43.0385225147
  2.50000000   0.00000000    41.6460437850
  2.60000000   0.00000000    40.2034401978
  2.70000000   0.00000000    38.7668550504
  2.80000000   0.00000000    37.3887251007
  2.90000000   0.00000000    36.1164374219
  3.00000000   0.00000000    34.9915499932
  3.10000000   0.00000000    34.0491229909
  3.20000000   0.00000000    33.3174536654
  3.30000000   0.00000000    32.8178199765
  3.40000000   0.00000000    32.5644491518
  3.50000000   0.00000000    32.5644491518

  0.00000000   0.10000000     0.0000000000
  0.10000000   0.10000000     3.5843605991
  0.20000000   0.10000000     7.1609110031
  0.30000000   0.10000000    10.7208678671
  0.40000000   0.10000000    14.2534977153
  0.50000000   0.10000000    17.7453105296
  0.60000000   0.10000000    21.1792592957
  0.70000000   0.10000000    24.5342921099
  0.80000000   0.10000000    27.7849644394
  0.90000000   0.10000000    30.9015941885
  1.00000000   0.10000000    33.8505730626
  1.10000000   0.10000000    36.5953773494
  1.20000000   0.10000000    39.0978116459
  1.30000000   0.10000000    41.3199705058
  1.40000000   0.10000000    43.2263614246
  1.50000000   0.10000000    44.7864879347
  1.60000000   0.10000000    45.9772620310
  1.70000000   0.10000000    46.7853183759
  1.80000000   0.10000000    47.2086615303
  1.90000000   0.10000000    47.2576185670
  2.00000000   0.10000000    46.9548306002
  2.10000000   0.10000000    46.3343292761
  2.20000000   0.10000000    45.4398601587
  2.30000000   0.10000000    44.3225706660
  2.40000000   0.10000000    43.0385225147
  2.50000000   0.10000000    41.6460437850
  2.60000000   0.10000000    40.2034401978
  2.70000000   0.10000000    38.7668550504
  2.80000000   0.10000000    37.3887251007
  2.90000000   0.10000000    36.1164374219
  3.00000000   0.10000000    34.9915499932
  3.10000000   0.10000000    34.0491229909
  3.20000000   0.10000000    33.3174536654
  3.30000000   0.10000000    32.8178199765
  3.40000000   0.10000000    32.5644491518
  3.50000000   0.10000000    32.5644491518

  0.00000000   0.20000000     0.0000000000
  0.10000000   0.20000000     3.6252085199
  0.20000000   0.20000000     7.2433260247
  0.30000000   0.20000000    10.8462119266
  0.40000000   0.20000000    14.4237943349
  0.50000000   0.20000000    17.9630080685
  0.60000000   0.20000000    21.4472335749
  0.70000000   0.20000000    24.8554333617
  0.80000000   0.20000000    28.1621109661
  0.90000000   0.20000000    31.3369437747
  1.00000000   0.20000000    34.3455211097
  1.10000000   0.20000000    37.1498232011
  1.20000000   0.20000000    39.7099709022
  1.30000000   0.20000000    41.9857771585
  1.40000000   0.20000000    43.9394634554
  1.50000000   0.20000000    45.5380544695
  1.60000000   0.20000000    46.7564072993
  1.70000000   0.20000000    47.5795193775
  1.80000000   0.20000000    48.0046142485
  1.90000000   0.20000000    48.0420942335
  2.00000000   0.20000000    47.7155800279
  2.10000000   0.20000000    47.0608900598
  2.20000000   0.20000000    46.1240247488
  2.30000000   0.20000000    44.9587675443
  2.40000000   0.20000000    43.6236852581
  2.50000000   0.20000000    42.1795776621
  2.60000000   0.20000000    40.6867018378
  2.70000000   0.20000000    39.2029512729
  2.80000000   0.20000000    37.7819103354
  2.90000000   0.20000000    36.4719524980
  3.00000000   0.20000000    35.3151333129
  3.10000000   0.20000000    34.3469566732
  3.20000000   0.20000000    33.5958512119
  3.30000000   0.20000000    33.0832475813
  3.40000000   0.20000000    32.8233759616
  3.50000000   0.20000000    32.8233759616

  0.00000000   0.30000000     0.0000000000
  0.10000000   0.30000000     3.7060950492
  0.20000000   0.30000000     7.4065233939
  0.30000000   0.30000000    11.0945942579
  0.40000000   0.30000000    14.7613854488
  0.50000000   0.30000000    18.3950196138
  0.60000000   0.30000000    21.9794337992
  0.70000000   0.30000000    25.4940969157
  0.80000000   0.30000000    28.9130209093
  0.90000000   0.30000000    32.2051453687
  1.00000000   0.30000000    35.3339934596
  1.10000000   0.30000000    38.2590448991
  1.20000000   0.30000000    40.9365084054
  1.30000000   0.30000000    43.3219452100
  1.40000000   0.30000000    45.3723908483
  1.50000000   0.30000000    47.0500001025
  1.60000000   0.30000000    48.3249680944
  1.70000000   0.30000000    49.1790019486
  1.80000000   0.30000000    49.6075063785
  1.90000000   0.30000000    49.6210828528
  2.00000000   0.30000000    49.2454722374
  2.10000000   0.30000000    48.5201768135
  2.20000000   0.30000000    47.4961572841
  2.30000000   0.30000000    46.2324715258
  2.40000000   0.30000000    44.7932042303
  2.50000000   0.30000000    43.2438759086
  2.60000000   0.30000000    41.6490843712
  2.70000000   0.30000000    40.0698206190
  2.80000000   0.30000000    38.5623222132
  2.90000000   0.30000000    37.1764790086
  3.00000000   0.30000000    35.9556334676
  3.10000000   0.30000000    34.9357816699
  3.20000000   0.30000000    34.1458318658
  3.30000000   0.30000000    33.6072587311
  3.40000000   0.30000000    33.3344160967
  3.50000000   0.30000000    33.3344160967

  0.00000000   0.40000000     0.0000000000
  0.10000000   0.40000000     3.8253296439
  0.20000000   0.40000000     7.6472651649
  0.30000000   0.40000000    11.4611792788
  0.40000000   0.40000000    15.2602849817
  0.50000000   0.40000000    19.0341834496
  0.60000000   0.40000000    22.7683157958
  0.70000000   0.40000000    26.4424753178
  0.80000000   0.40000000    30.0307818776
  0.90000000   0.40000000    33.5005218976
  1.00000000   0.40000000    36.8129583832
  1.10000000   0.40000000    39.9230991671
  1.20000000   0.40000000    42.7818392445
  1.30000000   0.40000000    45.3373604033
  1.40000000   0.40000000    47.5389684350
  1.50000000   0.40000000    49.3403102171
  1.60000000   0.40000000    50.7042726803
  1.70000000   0.40000000    51.6067100185
  1.80000000   0.40000000    52.0401401340
  1.90000000   0.40000000    52.0153955209
  2.00000000   0.40000000    51.5616990054
  2.10000000   0.40000000    50.7248505942
  2.20000000   0.40000000    49.5636960317
  2.30000000   0.40000000    48.1462467034
  2.40000000   0.40000000    46.5449356665
  2.50000000   0.40000000    44.8331997105
  2.60000000   0.40000000    43.0817138234
  2.70000000   0.40000000    41.3566730269
  2.80000000   0.40000000    39.7175766001
  2.90000000   0.40000000    38.2169810877
  3.00000000   0.40000000    36.8994320420
  3.10000000   0.40000000    35.8019625509
  3.20000000   0.40000000    34.9536452526
  3.30000000   0.40000000    34.3762224304
  3.40000000   0.40000000    34.0839393270
  3.50000000   0.40000000    34.0839393270

  0.00000000   0.50000000     0.0000000000
  0.10000000   0.50000000     3.9803749646
  0.20000000   0.50000000     7.9604260022
  0.30000000   0.50000000    11.9386650936
  0.40000000   0.50000000    15.9109245991
  0.50000000   0.50000000    19.8695463321
  0.60000000   0.50000000    23.8015821978
  0.70000000   0.50000000    27.6883649539
  0.80000000   0.50000000    31.5036593596
  0.90000000   0.50000000    35.2138068398
  1.00000000   0.50000000    38.7763762425
  1.10000000   0.50000000    42.1414196827
  1.20000000   0.50000000    45.2516076112
  1.30000000   0.50000000    48.0454927333
  1.40000000   0.50000000    50.4602409093
  1.50000000   0.50000000    52.4373962659
  1.60000000   0.50000000    53.9280411530
  1.70000000   0.50000000    54.8993164634
  1.80000000   0.50000000    55.3389013515
  1.90000000   0.50000000    55.2580346661
  2.00000000   0.50000000    54.6914003721
  2.10000000   0.50000000    53.6942794424
  2.20000000   0.50000000    52.3378844952
  2.30000000   0.50000000    50.7030686877
  2.40000000   0.50000000    48.8750012099
  2.50000000   0.50000000    46.9376024458
  2.60000000   0.50000000    44.9705624395
  2.70000000   0.50000000    43.0461512522
  2.80000000   0.50000000    41.2286808400
  2.90000000   0.50000000    39.5731477321
  3.00000000   0.50000000    38.1260016180
  3.10000000   0.50000000    36.9246918965
  3.20000000   0.50000000    35.9987420981
  3.30000000   0.50000000    35.3696268726
  3.40000000   0.50000000    35.0515833991
  3.50000000   0.50000000    35.0515833991

  0.00000000   0.60000000     0.0000000000
  0.10000000   0.60000000     4.1676519460
  0.20000000   0.60000000     8.3390920159
  0.30000000   0.60000000    12.5166673245
  0.40000000   0.60000000    16.7002293479
  0.50000000   0.60000000    20.8852437402
  0.60000000   0.60000000    25.0620289067
  0.70000000   0.60000000    29.2134701009
  0.80000000   0.60000000    33.3145466408
  0.90000000   0.60000000    37.3299787778
  1.00000000   0.60000000    41.2143796796
  1.10000000   0.60000000    44.9107460539
  1.20000000   0.60000000    48.3522898637
  1.30000000   0.60000000    51.4635303969
  1.40000000   0.60000000    54.1655348739
  1.50000000   0.60000000    56.3813725635
  1.60000000   0.60000000    58.0451348196
  1.70000000   0.60000000    59.1101056822
  1.80000000   0.60000000    59.5567685015
  1.90000000   0.60000000    59.3967845086
  2.00000000   0.60000000    58.6730543850
  2.10000000   0.60000000    57.4554525117
  2.20000000   0.60000000    55.8330566927
  2.30000000   0.60000000    53.9058310781
  2.40000000   0.60000000    51.7759280120
  2.50000000   0.60000000    49.5420722099
  2.60000000   0.60000000    47.2945481349
  2.70000000   0.60000000    45.1137981671
  2.80000000   0.60000000    43.0686444808
  2.90000000   0.60000000    41.2173094254
  3.00000000   0.60000000    39.6071190540
  3.10000000   0.60000000    38.2761812900
  3.20000000   0.60000000    37.2534854694
  3.30000000   0.60000000    36.5603065235
  3.40000000   0.60000000    36.2103095440
  3.50000000   0.60000000    36.2103095440

  0.00000000   0.70000000     0.0000000000
  0.10000000   0.70000000     4.3826279689
  0.20000000   0.70000000     8.7740794198
  0.30000000   0.70000000    13.1818954685
  0.40000000   0.70000000    17.6105600897
  0.50000000   0.70000000    22.0605115757
  0.60000000   0.70000000    26.5257441947
  0.70000000   0.70000000    30.9929063620
  0.80000000   0.70000000    35.4383062746
  0.90000000   0.70000000    39.8270714952
  1.00000000   0.70000000    44.1100522870
  1.10000000   0.70000000    48.2237223328
  1.20000000   0.70000000    52.0886370437
  1.30000000   0.70000000    55.6123024995
  1.40000000   0.70000000    58.6925775340
  1.50000000   0.70000000    61.2268978338
  1.60000000   0.70000000    63.1231306862
  1.70000000   0.70000000    64.3138817327
  1.80000000   0.70000000    64.7680276621
  1.90000000   0.70000000    64.4979098627
  2.00000000   0.70000000    63.5590911981
  2.10000000   0.70000000    62.0432433561
  2.20000000   0.70000000    60.0663918875
  2.30000000   0.70000000    57.7550189489
  2.40000000   0.70000000    55.2351676563
  2.50000000   0.70000000    52.6236256377
  2.60000000   0.70000000    50.0243431886
  2.70000000   0.70000000    47.5257782006
  2.80000000   0.70000000    45.2020536855
  2.90000000   0.70000000    43.1130674812
  3.00000000   0.70000000    41.3070210677
  3.10000000   0.70000000    39.8210632548
  3.20000000   0.70000000    38.6835300505
  3.30000000   0.70000000    37.9143964566
  3.40000000   0.70000000    37.5266913299
  3.50000000   0.70000000    37.5266913299

  0.00000000   0.80000000     0.0000000000
  0.10000000   0.80000000     4.6195653083
  0.20000000   0.80000000     9.2541676960
  0.30000000   0.80000000    13.9173315845
  0.40000000   0.80000000    18.6199498619
  0.50000000   0.80000000    23.3680864928
  0.60000000   0.80000000    28.1618959805
  0.70000000   0.80000000    32.9924998441
  0.80000000   0.80000000    37.8405638591
  0.90000000   0.80000000    42.6721903027
  1.00000000   0.80000000    47.4371052661
  1.10000000   0.80000000    52.0643552561
  1.20000000   0.80000000    56.4615677211
  1.30000000   0.80000000    60.5137777984
  1.40000000   0.80000000    64.0887523904
  1.50000000   0.80000000    67.0459885982
  1.60000000   0.80000000    69.2545757435
  1.70000000   0.80000000    70.6141334606
  1.80000000   0.80000000    71.0755998561
  1.90000000   0.80000000    70.6521029670
  2.00000000   0.80000000    69.4188017523
  2.10000000   0.80000000    67.5013890839
  2.20000000   0.80000000    65.0556181740
  2.30000000   0.80000000    62.2464585505
  2.40000000   0.80000000    59.2308923976
  2.50000000   0.80000000    56.1489552225
  2.60000000   0.80000000    53.1188227613
  2.70000000   0.80000000    50.2377321863
  2.80000000   0.80000000    47.5828743405
  2.90000000   0.80000000    45.2152357905
  3.00000000   0.80000000    43.1813704048
  3.10000000   0.80000000    41.5168827000
  3.20000000   0.80000000    40.2476025186
  3.30000000   0.80000000    39.3918976897
  3.40000000   0.80000000    38.9612193308
  3.50000000   0.80000000    38.9612193308

  0.00000000   0.90000000     0.0000000000
  0.10000000   0.90000000     4.8717107129
  0.20000000   0.90000000     9.7656007825
  0.30000000   0.90000000    14.7026617488
  0.40000000   0.90000000    19.7009288706
  0.50000000   0.90000000    24.7744381376
  0.60000000   0.90000000    29.9304664993
  0.70000000   0.90000000    35.1680448134
  0.80000000   0.90000000    40.4737236703
  0.90000000   0.90000000    45.8189207578
  1.00000000   0.90000000    51.1538837213
  1.10000000   0.90000000    56.4037329850
  1.20000000   0.90000000    61.4619644387
  1.30000000   0.90000000    66.1885083928
  1.40000000   0.90000000    70.4102449179
  1.50000000   0.90000000    73.9331533597
  1.60000000   0.90000000    76.5655300027
  1.70000000   0.90000000    78.1547097658
  1.80000000   0.90000000    78.6224004208
  1.90000000   0.90000000    77.9830426863
  2.00000000   0.90000000    76.3430228079
  2.10000000   0.90000000    73.8817308643
  2.20000000   0.90000000    70.8162030404
  2.30000000   0.90000000    67.3654339853
  2.40000000   0.90000000    63.7276480862
  2.50000000   0.90000000    60.0689006858
  2.60000000   0.90000000    56.5225212173
  2.70000000   0.90000000    53.1913473501
  2.80000000   0.90000000    50.1538595319
  2.90000000   0.90000000    47.4682131108
  3.00000000   0.90000000    45.1777644609
  3.10000000   0.90000000    43.3136448282
  3.20000000   0.90000000    41.8983529969
  3.30000000   0.90000000    40.9469566299
  3.40000000   0.90000000    40.4690181541
  3.50000000   0.90000000    40.4690181541

  0.00000000   1.00000000     0.0000000000
  0.10000000   1.00000000     5.1311029076
  0.20000000   1.00000000    10.2925869981
  0.30000000   1.00000000    15.5136058609
  0.40000000   1.00000000    20.8212064759
  0.50000000   1.00000000    26.2382667757
  0.60000000   1.00000000    31.7823494609
  0.70000000   1.00000000    37.4621616504
  0.80000000   1.00000000    43.2751199796
  0.90000000   1.00000000    49.2012764801
  1.00000000   1.00000000    55.1980825745
  1.10000000   1.00000000    61.1906400929
  1.20000000   1.00000000    67.0630982889
  1.30000000   1.00000000    72.6476809072
  1.40000000   1.00000000    77.7209021515
  1.50000000   1.00000000    82.0106799837
  1.60000000   1.00000000    85.2299162209
  1.70000000   1.00000000    87.1377308535
  1.80000000   1.00000000    87.6093033000
  1.90000000   1.00000000    86.6610576102
  2.00000000   1.00000000    84.4492434264
  2.10000000   1.00000000    81.2425870727
  2.20000000   1.00000000    77.3536231401
  2.30000000   1.00000000    73.0789911803
  2.40000000   1.00000000    68.6674525563
  2.50000000   1.00000000    64.3132091318
  2.60000000   1.00000000    60.1601710028
  2.70000000   1.00000000    56.3126494753
  2.80000000   1.00000000    52.8440841063
  2.90000000   1.00000000    49.8063497289
  3.00000000   1.00000000    47.2350218695
  3.10000000   1.00000000    45.1549490504
  3.20000000   1.00000000    43.5826059920
  3.30000000   1.00000000    42.5290307760
  3.40000000   1.00000000    42.0006788603
  3.50000000   1.00000000    42.0006788603

  0.00000000   1.10000000     0.0000000000
  0.10000000   1.10000000     5.3889406288
  0.20000000   1.10000000    10.8170623444
  0.30000000   1.10000000    16.3228784078
  0.40000000   1.10000000    21.9430001096
  0.50000000   1.10000000    27.7115113384
  0.60000000   1.10000000    33.6575938267
  0.70000000   1.10000000    39.8040317659
  0.80000000   1.10000000    46.1625621224
  0.90000000   1.10000000    52.7295993468
  1.00000000   1.10000000    59.4768786737
  1.10000000   1.10000000    66.3408576246
  1.20000000   1.10000000    73.2050058275
  1.30000000   1.10000000    79.8804438086
  1.40000000   1.10000000    86.0846532141
  1.50000000   1.10000000    91.4365201359
  1.60000000   1.10000000    95.4916630389
  1.70000000   1.10000000    97.8530191739
  1.80000000   1.10000000    98.3239031328
  1.90000000   1.10000000    96.9245619422
  2.00000000   1.10000000    93.8884273244
  2.10000000   1.10000000    89.6410538507
  2.20000000   1.10000000    84.6504431949
  2.30000000   1.10000000    79.3208048484
  2.40000000   1.10000000    73.9591727050
  2.50000000   1.10000000    68.7813065107
  2.60000000   1.10000000    63.9327531508
  2.70000000   1.10000000    59.5082441748
  2.80000000   1.10000000    55.5689266988
  2.90000000   1.10000000    52.1529944921
  3.00000000   1.10000000    49.2846227704
  3.10000000   1.10000000    46.9782929531
  3.20000000   1.10000000    45.2430262206
  3.30000000   1.10000000    44.0838463543
  3.40000000   1.10000000    43.5036638135
  3.50000000   1.10000000    43.5036638135

  0.00000000   1.20000000     0.0000000000
  0.10000000   1.20000000     5.6355919268
  0.20000000   1.20000000    11.3196381088
  0.30000000   1.20000000    17.1001698092
  0.40000000   1.20000000    23.0246824018
  0.50000000   1.20000000    29.1390029855
  0.60000000   1.20000000    35.4869129212
  0.70000000   1.20000000    42.1075483989
  0.80000000   1.20000000    49.0333377342
  0.90000000   1.20000000    56.2838176279
  1.00000000   1.20000000    63.8580931955
  1.10000000   1.20000000    71.7192627890
  1.20000000   1.20000000    79.7721659401
  1.30000000   1.20000000    87.8263195578
  1.40000000   1.20000000    95.5479067873
  1.50000000   1.20000000   102.4107278233
  1.60000000   1.20000000   107.7051673596
  1.70000000   1.20000000   110.7250762427
  1.80000000   1.20000000   111.1867698805
  1.90000000   1.20000000   109.1180984168
  2.00000000   1.20000000   104.8501915048
  2.10000000   1.20000000    99.1146921935
  2.20000000   1.20000000    92.6391815267
  2.30000000   1.20000000    85.9690574928
  2.40000000   1.20000000    79.4613873273
  2.50000000   1.20000000    73.3336873260
  2.60000000   1.20000000    67.7114827301
  2.70000000   1.20000000    62.6645518850
  2.80000000   1.20000000    58.2290003925
  2.90000000   1.20000000    54.4223803057
  3.00000000   1.20000000    51.2513114644
  3.10000000   1.20000000    48.7173761971
  3.20000000   1.20000000    46.8193224060
  3.30000000   1.20000000    45.5554164878
  3.40000000   1.20000000    44.9239122456
  3.50000000   1.20000000    44.9239122456

  0.00000000   1.30000000     0.0000000000
  0.10000000   1.30000000     5.8612062611
  0.20000000   1.30000000    11.7799129895
  0.30000000   1.30000000    17.8139517508
  0.40000000   1.30000000    24.0214224958
  0.50000000   1.30000000    30.4612179392
  0.60000000   1.30000000    37.1923017798
  0.70000000   1.30000000    44.2738131092
  0.80000000   1.30000000    51.7626805321
  0.90000000   1.30000000    59.7111460643
  1.00000000   1.30000000    68.1588563919
  1.10000000   1.30000000    77.1201200518
  1.20000000   1.30000000    86.5562104846
  1.30000000   1.30000000    96.3255880412
  1.40000000   1.30000000   106.0911912491
  1.50000000   1.30000000   115.1756967766
  1.60000000   1.30000000   122.4179439660
  1.70000000   1.30000000   126.3865858287
  1.80000000   1.30000000   126.8224597899
  1.90000000   1.30000000   123.7699061394
  2.00000000   1.30000000   117.5601866374
  2.10000000   1.30000000   109.6332388006
  2.20000000   1.30000000   101.1532474106
  2.30000000   1.30000000    92.8103006365
  2.40000000   1.30000000    84.9631797658
  2.50000000   1.30000000    77.7814208172
  2.60000000   1.30000000    71.3357700679
  2.70000000   1.30000000    65.6470158463
  2.80000000   1.30000000    60.7129529705
  2.90000000   1.30000000    56.5211031001
  3.00000000   1.30000000    53.0563959019
  3.10000000   1.30000000    50.3038760887
  3.20000000   1.30000000    48.2510177945
  3.30000000   1.30000000    46.8879199224
  3.40000000   1.30000000    46.2080493780
  3.50000000   1.30000000    46.2080493780

  0.00000000   1.40000000     0.0000000000
  0.10000000   1.40000000     6.0560139222
  0.20000000   1.40000000    12.1779496311
  0.30000000   1.40000000    18.4325094985
  0.40000000   1.40000000    24.8882827824
  0.50000000   1.40000000    31.6163516861
  0.60000000   1.40000000    38.6917886234
  0.70000000   1.40000000    46.1940911806
  0.80000000   1.40000000    54.2086670700
  0.90000000   1.40000000    62.8261537273
  1.00000000   1.40000000    72.1412799985
  1.10000000   1.40000000    82.2451803056
  1.20000000   1.40000000    93.2073302695
  1.30000000   1.40000000   105.0264133498
  1.40000000   1.40000000   117.5093009018
  1.50000000   1.40000000   129.9714139862
  1.60000000   1.40000000   140.5903016665
  1.70000000   1.40000000   145.7698771607
  1.80000000   1.40000000   146.1461093337
  1.90000000   1.40000000   141.7970652094
  2.00000000   1.40000000   132.2320087436
  2.10000000   1.40000000   120.9801434424
  2.20000000   1.40000000   109.8365573283
  2.30000000   1.40000000    99.4922698337
  2.40000000   1.40000000    90.1634738540
  2.50000000   1.40000000    81.8822309718
  2.60000000   1.40000000    74.6139970902
  2.70000000   1.40000000    68.3052252652
  2.80000000   1.40000000    62.9011495675
  2.90000000   1.40000000    58.3532729709
  3.00000000   1.40000000    54.6207861212
  3.10000000   1.40000000    51.6713159500
  3.20000000   1.40000000    49.4798590309
  3.30000000   1.40000000    48.0285557169
  3.40000000   1.40000000    47.3057358604
  3.50000000   1.40000000    47.3057358604

  0.00000000   1.50000000     0.0000000000
  0.10000000   1.50000000     6.2111330806
  0.20000000   1.50000000    12.4951885817
  0.30000000   1.50000000    18.9265734955
  0.40000000   1.50000000    25.5825793093
  0.50000000   1.50000000    32.5454670478
  0.60000000   1.50000000    39.9043674583
  0.70000000   1.50000000    47.7585818795
  0.80000000   1.50000000    56.2207888538
  0.90000000   1.50000000    65.4223781832
  1.00000000   1.50000000    75.5188909399
  1.10000000   1.50000000    86.6976967538
  1.20000000   1.50000000    99.1838722359
  1.30000000   1.50000000   113.2388163006
  1.40000000   1.50000000   129.1121655341
  1.50000000   1.50000000   146.7611934661
  1.60000000   1.50000000   164.3411836876
  1.70000000   1.50000000   170.0944366553
  1.80000000   1.50000000   170.3418532865
  1.90000000   1.50000000   165.2078518433
  2.00000000   1.50000000   148.7937835195
  2.10000000   1.50000000   132.4615618532
  2.20000000   1.50000000   118.0023913799
  2.30000000   1.50000000   105.4760792470
  2.40000000   1.50000000    94.6658759184
  2.50000000   1.50000000    85.3476148092
  2.60000000   1.50000000    77.3352492147
  2.70000000   1.50000000    70.4820204065
  2.80000000   1.50000000    64.6746641345
  2.90000000   1.50000000    59.8261843523
  3.00000000   1.50000000    55.8706788901
  3.10000000   1.50000000    52.7585204732
  3.20000000   1.50000000    50.4534975818
  3.30000000   1.50000000    48.9301404288
  3.40000000   1.50000000    48.1723821613
  3.50000000   1.50000000    48.1723821613

  0.00000000   1.60000000     0.0000000000
  0.10000000   1.60000000     6.3190681570
  0.20000000   1.60000000    12.7161668865
  0.30000000   1.60000000    19.2711788636
  0.40000000   1.60000000    26.0680281917
  0.50000000   1.60000000    33.1970582544
  0.60000000   1.60000000    40.7585411607
  0.70000000   1.60000000    48.8669047473
  0.80000000   1.60000000    57.6574047825
  0.90000000   1.60000000    67.2951104359
  1.00000000   1.60000000    77.9894296082
  1.10000000   1.60000000    90.0164002698
  1.20000000   1.60000000   103.7587026272
  1.30000000   1.60000000   119.7869003846
  1.40000000   1.60000000   139.0744177444
  1.50000000   1.60000000   163.7293033982
  1.60000000   1.60000000   200.0000000000
  1.70000000   1.60000000   200.0000000000
  1.80000000   1.60000000   200.0000000000
  1.90000000   1.60000000   200.0000000000
  2.00000000   1.60000000   165.4293962603
  2.10000000   1.60000000   142.2799666926
  2.20000000   1.60000000   124.4936149805
  2.30000000   1.60000000   110.0443198716
  2.40000000   1.60000000    98.0130679157
  2.50000000   1.60000000    87.8754088891
  2.60000000   1.60000000    79.2922669309
  2.70000000   1.60000000    72.0309080805
  2.80000000   1.60000000    65.9262160070
  2.90000000   1.60000000    60.8591436578
  3.00000000   1.60000000    56.7428963887
  3.10000000   1.60000000    53.5144595175
  3.20000000   1.60000000    51.1285853007
  3.30000000   1.60000000    49.5541818853
  3.40000000   1.60000000    48.7716839645
  3.50000000   1.60000000    48.7716839645

  0.00000000   1.70000000     0.0000000000
  0.10000000   1.70000000     6.3744543026
  0.20000000   1.70000000    12.8296001626
  0.30000000   1.70000000    19.4482755294
  0.40000000   1.70000000    26.3178198636
  0.50000000   1.70000000    33.5330666595
  0.60000000   1.70000000    41.2001620998
  0.70000000   1.70000000    49.4420941335
  0.80000000   1.70000000    58.4065169500
  0.90000000   1.70000000    68.2778316543
  1.00000000   1.70000000    79.2956902377
  1.10000000   1.70000000    91.7848251988
  1.20000000   1.70000000   106.2026944172
  1.30000000   1.70000000   123.2134520125
  1.40000000   1.70000000   143.7798818354
  1.50000000   1.70000000   169.1509367114
  1.60000000   1.70000000   200.0000000000
  1.70000000   1.70000000   200.0000000000
  1.80000000   1.70000000   200.0000000000
  1.90000000   1.70000000   200.0000000000
  2.00000000   1.70000000   170.7513921924
  2.10000000   1.70000000   146.9168772210
  2.20000000   1.70000000   127.8874917588
  2.30000000   1.70000000   112.4818386310
  2.40000000   1.70000000    99.7941250144
  2.50000000   1.70000000    89.2097899662
  2.60000000   1.70000000    80.3173289133
  2.70000000   1.70000000    72.8368839192
  2.80000000   1.70000000    66.5741741537
  2.90000000   1.70000000    61.3917535574
  3.00000000   1.70000000    57.1912762855
  3.10000000   1.70000000    53.9021200393
  3.20000000   1.70000000    51.4742166335
  3.30000000   1.70000000    49.8732995485
  3.40000000   1.70000000    49.0779868734
  3.50000000   1.70000000    49.0779868734

  0.00000000   1.80000000     0.0000000000
  0.10000000   1.80000000     6.3744543026
  0.20000000   1.80000000    12.8296001626
  0.30000000   1.80000000    19.4482755294
  0.40000000   1.80000000    26.3178198636
  0.50000000   1.80000000    33.5330666595
  0.60000000   1.80000000    41.2001620998
  0.70000000   1.80000000    49.4420941335
  0.80000000   1.80000000    58.4065169500
  0.90000000   1.80000000    68.2778316543
  1.00000000   1.80000000    79.2956902377
  1.10000000   1.80000000    91.7848251988
  1.20000000   1.80000000   106.2026944172
  1.30000000   1.80000000   123.2134520125
  1.40000000   1.80000000   143.7798818354
  1.50000000   1.80000000   169.1509367114
  1.60000000   1.80000000   200.0000000000
  1.70000000   1.80000000   200.0000000000
  1.80000000   1.80000000   200.0000000000
  1.90000000   1.80000000   200.0000000000
  2.00000000   1.80000000   170.7513921924
  2.10000000   1.80000000   146.9168772210
  2.20000000   1.80000000   127.8874917588
  2.30000000   1.80000000   112.4818386310
  2.40000000   1.80000000    99.7941250144
  2.50000000   1.80000000    89.2097899662
  2.60000000   1.80000000    80.3173289133
  2.70000000   1.80000000    72.8368839192
  2.80000000   1.80000000    66.5741741537
  2.90000000   1.80000000    61.3917535574
  3.00000000   1.80000000    57.1912762855
  3.10000000   1.80000000    53.9021200393
  3.20000000   1.80000000    51.4742166335
  3.30000000   1.80000000    49.8732995485
  3.40000000   1.80000000    49.0779868734
  3.50000000   1.80000000    49.0779868734

  0.00000000   1.90000000     0.0000000000
  0.10000000   1.90000000     6.3190681570
  0.20000000   1.90000000    12.7161668865
  0.30000000   1.90000000    19.2711788636
  0.40000000   1.90000000    26.0680281917
  0.50000000   1.90000000    33.1970582544
  0.60000000   1.90000000    40.7585411607
  0.70000000   1.90000000    48.8669047473
  0.80000000   1.90000000    57.6574047825
  0.90000000   1.90000000    67.2951104359
  1.00000000   1.90000000    77.9894296082
  1.10000000   1.90000000    90.0164002698
  1.20000000   1.90000000   103.7587026272
  1.30000000   1.90000000   119.7869003846
  1.40000000   1.90000000   139.0744177444
  1.50000000   1.90000000   163.7293033982
  1.60000000   1.90000000   200.0000000000
  1.70000000   1.90000000   200.0000000000
  1.80000000   1.90000000   200.0000000000
  1.90000000   1.90000000   200.0000000000
  2.00000000   1.90000000   165.4293962603
  2.10000000   1.90000000   142.2799666926
  2.20000000   1.90000000   124.4936149805
  2.30000000   1.90000000   110.0443198716
  2.40000000   1.90000000    98.0130679157
  2.50000000   1.90000000    87.8754088891
  2.60000000   1.90000000    79.2922669309
  2.70000000   1.90000000    72.0309080805
  2.80000000   1.90000000    65.9262160070
  2.90000000   1.90000000    60.8591436578
  3.00000000   1.90000000    56.7428963887
  3.10000000   1.90000000    53.5144595175
  3.20000000   1.90000000    51.1285853007
  3.30000000   1.90000000    49.5541818853
  3.40000000   1.90000000    48.7716839645
  3.50000000   1.90000000    48.7716839645

  0.00000000   2.00000000     0.0000000000
  0.10000000   2.00000000     6.2111330806
  0.20000000   2.00000000    12.4951885817
  0.30000000   2.00000000    18.9265734955
  0.40000000   2.00000000    25.5825793093
  0.50000000   2.00000000    32.5454670478
  0.60000000   2.00000000    39.9043674583
  0.70000000   2.00000000    47.7585818795
  0.80000000   2.00000000    56.2207888538
  0.90000000   2.00000000    65.4223781832
  1.00000000   2.00000000    75.5188909399
  1.10000000   2.00000000    86.6976967538
  1.20000000   2.00000000    99.1838722359
  1.30000000   2.00000000   113.2388163006
  1.40000000   2.00000000   129.1121655341
  1.50000000   2.00000000   146.7611934661
  1.60000000   2.00000000   164.3411836876
  1.70000000   2.00000000   170.0944366553
  1.80000000   2.00000000   170.3418532865
  1.90000000   2.00000000   165.2078518433
  2.00000000   2.00000000   148.7937835195
  2.10000000   2.00000000   132.4615618532
  2.20000000   2.00000000   118.0023913799
  2.30000000   2.00000000   105.4760792470
  2.40000000   2.00000000    94.6658759184
  2.50000000   2.00000000    85.3476148092
  2.60000000   2.00000000    77.3352492147
  2.70000000   2.00000000    70.4820204065
  2.80000000   2.00000000    64.6746641345
  2.90000000   2.00000000    59.8261843523
  3.00000000   2.00000000    55.8706788901
  3.10000000   2.00000000    52.7585204732
  3.20000000   2.00000000    50.4534975818
  3.30000000   2.00000000    48.9301404288
  3.40000000   2.00000000    48.1723821613
  3.50000000   2.00000000    48.1723821613

  0.00000000   2.10000000     0.0000000000
  0.10000000   2.10000000     6.0560139222
  0.20000000   2.10000000    12.1779496311
  0.30000000   2.10000000    18.4325094985
  0.40000000   2.10000000    24.8882827824
  0.50000000   2.10000000    31.6163516861
  0.60000000   2.10000000    38.6917886234
  0.70000000   2.10000000    46.1940911806
  0.80000000   2.10000000    54.2086670700
  0.90000000   2.10000000    62.8261537273
  1.00000000   2.10000000    72.1412799985
  1.10000000   2.10000000    82.2451803056
  1.20000000   2.10000000    93.2073302695
  1.30000000   2.10000000   105.0264133498
  1.40000000   2.10000000   117.5093009018
  1.50000000   2.10000000   129.9714139862
  1.60000000   2.10000000   140.5903016665
  1.70000000   2.10000000   145.7698771607
  1.80000000   2.10000000   146.1461093337
  1.90000000   2.10000000   141.7970652094
  2.00000000   2.10000000   132.2320087436
  2.10000000   2.10000000   120.9801434424
  2.20000000   2.10000000   109.8365573283
  2.30000000   2.10000000    99.4922698337
  2.40000000   2.10000000    90.1634738540
  2.50000000   2.10000000    81.8822309718
  2.60000000   2.10000000    74.6139970902
  2.70000000   2.10000000    68.3052252652
  2.80000000   2.10000000    62.9011495675
  2.90000000   2.10000000    58.3532729709
  3.00000000   2.10000000    54.6207861212
  3.10000000   2.10000000    51.6713159500
  3.20000000   2.10000000    49.4798590309
  3.30000000   2.10000000    48.0285557169
  3.40000000   2.10000000    47.3057358604
  3.50000000   2.10000000    47.3057358604

  0.00000000   2.20000000     0.0000000000
  0.10000000   2.20000000     5.8612062611
  0.20000000   2.20000000    11.7799129895
  0.30000000   2.20000000    17.8139517508
  0.40000000   2.20000000    24.0214224958
  0.50000000   2.20000000    30.4612179392
  0.60000000   2.20000000    37.1923017798
  0.70000000   2.20000000    44.2738131092
  0.80000000   2.20000000    51.7626805321
  0.90000000   2.20000000    59.7111460643
  1.00000000   2.20000000    68.1588563919
  1.10000000   2.20000000    77.1201200518
  1.20000000   2.20000000    86.5562104846
  1.30000000   2.20000000    96.3255880412
  1.40000000   2.20000000   106.0911912491
  1.50000000   2.20000000   115.1756967766
  1.60000000   2.20000000   122.4179439660
  1.70000000   2.20000000   126.3865858287
  1.80000000   2.20000000   126.8224597899
  1.90000000   2.20000000   123.7699061394
  2.00000000   2.20000000   117.5601866374
  2.10000000   2.20000000   109.6332388006
  2.20000000   2.20000000   101.1532474106
  2.30000000   2.20000000    92.8103006365
  2.40000000   2.20000000    84.9631797658
  2.50000000   2.20000000    77.7814208172
  2.60000000   2.20000000    71.3357700679
  2.70000000   2.20000000    65.6470158463
  2.80000000   2.20000000    60.7129529705
  2.90000000   2.20000000    56.5211031001
  3.00000000   2.20000000    53.0563959019
  3.10000000   2.20000000    50.3038760887
  3.20000000   2.20000000    48.2510177945
  3.30000000   2.20000000    46.8879199224
  3.40000000   2.20000000    46.2080493780
  3.50000000   2.20000000    46.2080493780

  0.00000000   2.30000000     0.0000000000
  0.10000000   2.30000000     5.6355919268
  0.20000000   2.30000000    11.3196381088
  0.30000000   2.30000000    17.1001698092
  0.40000000   2.30000000    23.0246824018
  0.50000000   2.30000000    29.1390029855
  0.60000000   2.30000000    35.4869129212
  0.70000000   2.30000000    42.1075483989
  0.80000000   2.30000000    49.0333377342
  0.90000000   2.30000000    56.2838176279
  1.00000000   2.30000000    63.8580931955
  1.10000000   2.30000000    71.7192627890
  1.20000000   2.30000000    79.7721659401
  1.30000000   2.30000000    87.8263195578
  1.40000000   2.30000000    95.5479067873
  1.50000000   2.30000000   102.4107278233
  1.60000000   2.30000000   107.7051673596
  1.70000000   2.30000000   110.7250762427
  1.80000000   2.30000000   111.1867698805
  1.90000000   2.30000000   109.1180984168
  2.00000000   2.30000000   104.8501915048
  2.10000000   2.30000000    99.1146921935
  2.20000000   2.30000000    92.6391815267
  2.30000000   2.30000000    85.9690574928
  2.40000000   2.30000000    79.4613873273
  2.50000000   2.30000000    73.3336873260
  2.60000000   2.30000000    67.7114827301
  2.70000000   2.30000000    62.6645518850
  2.80000000   2.30000000    58.2290003925
  2.90000000   2.30000000    54.4223803057
  3.00000000   2.30000000    51.2513114644
  3.10000000   2.30000000    48.7173761971
  3.20000000   2.30000000    46.8193224060
  3.30000000   2.30000000    45.5554164878
  3.40000000   2.30000000    44.9239122456
  3.50000000   2.30000000    44.9239122456

  0.00000000   2.40000000     0.0000000000
  0.10000000   2.40000000     5.3889406288
  0.20000000   2.40000000    10.8170623444
  0.30000000   2.40000000    16.3228784078
  0.40000000   2.40000000    21.9430001096
  0.50000000   2.40000000    27.7115113384
  0.60000000   2.40000000    33.6575938267
  0.70000000   2.40000000    39.8040317659
  0.80000000   2.40000000    46.1625621224
  0.90000000   2.40000000    52.7295993468
  1.00000000   2.40000000    59.4768786737
  1.10000000   2.40000000    66.3408576246
  1.20000000   2.40000000    73.2050058275
  1.30000000   2.40000000    79.8804438086
  1.40000000   2.40000000    86.0846532141
  1.50000000   2.40000000    91.4365201359
  1.60000000   2.40000000    95.4916630389
  1.70000000   2.40000000    97.8530191739
  1.80000000   2.40000000    98.3239031328
  1.90000000   2.40000000    96.9245619422
  2.00000000   2.40000000    93.8884273244
  2.10000000   2.40000000    89.6410538507
  2.20000000   2.40000000    84.6504431949
  2.30000000   2.40000000    79.3208048484
  2.40000000   2.40000000    73.9591727050
  2.50000000   2.40000000    68.7813065107
  2.60000000   2.40000000    63.9327531508
  2.70000000   2.40000000    59.5082441748
  2.80000000   2.40000000    55.5689266988
  2.90000000   2.40000000    52.1529944921
  3.00000000   2.40000000    49.2846227704
  3.10000000   2.40000000    46.9782929531
  3.20000000   2.40000000    45.2430262206
  3.30000000   2.40000000    44.0838463543
  3.40000000   2.40000000    43.5036638135
  3.50000000   2.40000000    43.5036638135

  0.00000000   2.50000000     0.0000000000
  0.10000000   2.50000000     5.1311029076
  0.20000000   2.50000000    10.2925869981
  0.30000000   2.50000000    15.5136058609
  0.40000000   2.50000000    20.8212064759
  0.50000000   2.50000000    26.2382667757
  0.60000000   2.50000000    31.7823494609
  0.70000000   2.50000000    37.4621616504
  0.80000000   2.50000000    43.2751199796
  0.90000000   2.50000000    49.2012764801
  1.00000000   2.50000000    55.1980825745
  1.10000000   2.50000000    61.1906400929
  1.20000000   2.50000000    67.0630982889
  1.30000000   2.50000000    72.6476809072
  1.40000000   2.50000000    77.7209021515
  1.50000000   2.50000000    82.0106799837
  1.60000000   2.50000000    85.2299162209
  1.70000000   2.50000000    87.1377308535
  1.80000000   2.50000000    87.6093033000
  1.90000000   2.50000000    86.6610576102
  2.00000000   2.50000000    84.4492434264
  2.10000000   2.50000000    81.2425870727
  2.20000000   2.50000000    77.3536231401
  2.30000000   2.50000000    73.0789911803
  2.40000000   2.50000000    68.6674525563
  2.50000000   2.50000000    64.3132091318
  2.60000000   2.50000000    60.1601710028
  2.70000000   2.50000000    56.3126494753
  2.80000000   2.50000000    52.8440841063
  2.90000000   2.50000000    49.8063497289
  3.00000000   2.50000000    47.2350218695
  3.10000000   2.50000000    45.1549490504
  3.20000000   2.50000000    43.5826059920
  3.30000000   2.50000000    42.5290307760
  3.40000000   2.50000000    42.0006788603
  3.50000000   2.50000000    42.0006788603

  0.00000000   2.60000000     0.0000000000
  0.10000000   2.60000000     4.8717107129
  0.20000000   2.60000000     9.7656007825
  0.30000000   2.60000000    14.7026617488
  0.40000000   2.60000000    19.7009288706
  0.50000000   2.60000000    24.7744381376
  0.60000000   2.60000000    29.9304664993
  0.70000000   2.60000000    35.1680448134
  0.80000000   2.60000000    40.4737236703
  0.90000000   2.60000000    45.8189207578
  1.00000000   2.60000000    51.1538837213
  1.10000000   2.60000000    56.4037329850
  1.20000000   2.60000000    61.4619644387
  1.30000000   2.60000000    66.1885083928
  1.40000000   2.60000000    70.4102449179
  1.50000000   2.60000000    73.9331533597
  1.60000000   2.60000000    76.5655300027
  1.70000000   2.60000000    78.1547097658
  1.80000000   2.60000000    78.6224004208
  1.90000000   2.60000000    77.9830426863
  2.00000000   2.60000000    76.3430228079
  2.10000000   2.60000000    73.8817308643
  2.20000000   2.60000000    70.8162030404
  2.30000000   2.60000000    67.3654339853
  2.40000000   2.60000000    63.7276480862
  2.50000000   2.60000000    60.0689006858
  2.60000000   2.60000000    56.5225212173
  2.70000000   2.60000000    53.1913473501
  2.80000000   2.60000000    50.1538595319
  2.90000000   2.60000000    47.4682131108
  3.00000000   2.60000000    45.1777644609
  3.10000000   2.60000000    43.3136448282
  3.20000000   2.60000000    41.8983529969
  3.30000000   2.60000000    40.9469566299
  3.40000000   2.60000000    40.4690181541
  3.50000000   2.60000000    40.4690181541

  0.00000000   2.70000000     0.0000000000
  0.10000000   2.70000000     4.6195653083
  0.20000000   2.70000000     9.2541676960
  0.30000000   2.70000000    13.9173315845
  0.40000000   2.70000000    18.6199498619
  0.50000000   2.70000000    23.3680864928
  0.60000000   2.70000000    28.1618959805
  0.70000000   2.70000000    32.9924998441
  0.80000000   2.70000000    37.8405638591
  0.90000000   2.70000000    42.6721903027
  1.00000000   2.70000000    47.4371052661
  1.10000000   2.70000000    52.0643552561
  1.20000000   2.70000000    56.4615677211
  1.30000000   2.70000000    60.5137777984
  1.40000000   2.70000000    64.0887523904
  1.50000000   2.70000000    67.0459885982
  1.60000000   2.70000000    69.2545757435
  1.70000000   2.70000000    70.6141334606
  1.80000000   2.70000000    71.0755998561
  1.90000000   2.70000000    70.6521029670
  2.00000000   2.70000000    69.4188017523
  2.10000000   2.70000000    67.5013890839
  2.20000000   2.70000000    65.0556181740
  2.30000000   2.70000000    62.2464585505
  2.40000000   2.70000000    59.2308923976
  2.50000000   2.70000000    56.1489552225
  2.60000000   2.70000000    53.1188227613
  2.70000000   2.70000000    50.2377321863
  2.80000000   2.70000000    47.5828743405
  2.90000000   2.70000000    45.2152357905
  3.00000000   2.70000000    43.1813704048
  3.10000000   2.70000000    41.5168827000
  3.20000000   2.70000000    40.2476025186
  3.30000000   2.70000000    39.3918976897
  3.40000000   2.70000000    38.9612193308
  3.50000000   2.70000000    38.9612193308

  0.00000000   2.80000000     0.0000000000
  0.10000000   2.80000000     4.3826279689
  0.20000000   2.80000000     8.7740794198
  0.30000000   2.80000000    13.1818954685
  0.40000000   2.80000000    17.6105600897
  0.50000000   2.80000000    22.0605115757
  0.60000000   2.80000000    26.5257441947
  0.70000000   2.80000000    30.9929063620
  0.80000000   2.80000000    35.4383062746
  0.90000000   2.80000000    39.8270714952
  1.00000000   2.80000000    44.1100522870
  1.10000000   2.80000000    48.2237223328
  1.20000000   2.80000000    52.0886370437
  1.30000000   2.80000000    55.6123024995
  1.40000000   2.80000000    58.6925775340
  1.50000000   2.80000000    61.2268978338
  1.60000000   2.80000000    63.1231306862
  1.70000000   2.80000000    64.3138817327
  1.80000000   2.80000000    64.7680276621
  1.90000000   2.80000000    64.4979098627
  2.00000000   2.80000000    63.5590911981
  2.10000000   2.80000000    62.0432433561
  2.20000000   2.80000000    60.0663918875
  2.30000000   2.80000000    57.7550189489
  2.40000000   2.80000000    55.2351676563
  2.50000000   2.80000000    52.6236256377
  2.60000000   2.80000000    50.0243431886
  2.70000000   2.80000000    47.5257782006
  2.80000000   2.80000000    45.2020536855
  2.90000000   2.80000000    43.1130674812
  3.00000000   2.80000000    41.3070210677
  3.10000000   2.80000000    39.8210632548
  3.20000000   2.80000000    38.6835300505
  3.30000000   2.80000000    37.9143964566
  3.40000000   2.80000000    37.5266913299
  3.50000000   2.80000000    37.5266913299

  0.00000000   2.90000000     0.0000000000
  0.10000000   2.90000000     4.1676519460
  0.20000000   2.90000000     8.3390920159
  0.30000000   2.90000000    12.5166673245
  0.40000000   2.90000000    16.7002293479
  0.50000000   2.90000000    20.8852437402
  0.60000000   2.90000000    25.0620289067
  0.70000000   2.90000000    29.2134701009
  0.80000000   2.90000000    33.3145466408
  0.90000000   2.90000000    37.3299787778
  1.00000000   2.90000000    41.2143796796
  1.10000000   2.90000000    44.9107460539
  1.20000000   2.90000000    48.3522898637
  1.30000000   2.90000000    51.4635303969
  1.40000000   2.90000000    54.1655348739
  1.50000000   2.90000000    56.3813725635
  1.60000000   2.90000000    58.0451348196
  1.70000000   2.90000000    59.1101056822
  1.80000000   2.90000000    59.5567685015
  1.90000000   2.90000000    59.3967845086
  2.00000000   2.90000000    58.6730543850
  2.10000000   2.90000000    57.4554525117
  2.20000000   2.90000000    55.8330566927
  2.30000000   2.90000000    53.9058310781
  2.40000000   2.90000000    51.7759280120
  2.50000000   2.90000000    49.5420722099
  2.60000000   2.90000000    47.2945481349
  2.70000000   2.90000000    45.1137981671
  2.80000000   2.90000000    43.0686444808
  2.90000000   2.90000000    41.2173094254
  3.00000000   2.90000000    39.6071190540
  3.10000000   2.90000000    38.2761812900
  3.20000000   2.90000000    37.2534854694
  3.30000000   2.90000000    36.5603065235
  3.40000000   2.90000000    36.2103095440
  3.50000000   2.90000000    36.2103095440

  0.00000000   3.00000000     0.0000000000
  0.10000000   3.00000000     3.9803749646
  0.20000000   3.00000000     7.9604260022
  0.30000000   3.00000000    11.9386650936
  0.40000000   3.00000000    15.9109245991
  0.50000000   3.00000000    19.8695463321
  0.60000000   3.00000000    23.8015821978
  0.70000000   3.00000000    27.6883649539
  0.80000000   3.00000000    31.5036593596
  0.90000000   3.00000000    35.2138068398
  1.00000000   3.00000000    38.7763762425
  1.10000000   3.00000000    42.1414196827
  1.20000000   3.00000000    45.2516076112
  1.30000000   3.00000000    48.0454927333
  1.40000000   3.00000000    50.4602409093
  1.50000000   3.00000000    52.4373962659
  1.60000000   3.00000000    53.9280411530
  1.70000000   3.00000000    54.8993164634
  1.80000000   3.00000000    55.3389013515
  1.90000000   3.00000000    55.2580346661
  2.00000000   3.00000000    54.6914003721
  2.10000000   3.00000000    53.6942794424
  2.20000000   3.00000000    52.3378844952
  2.30000000   3.00000000    50.7030686877
  2.40000000   3.00000000    48.8750012099
  2.50000000   3.00000000    46.9376024458
  2.60000000   3.00000000    44.9705624395
  2.70000000   3.00000000    43.0461512522
  2.80000000   3.00000000    41.2286808400
  2.90000000   3.00000000    39.5731477321
  3.00000000   3.00000000    38.1260016180
  3.10000000   3.00000000    36.9246918965
  3.20000000   3.00000000    35.9987420981
  3.30000000   3.00000000    35.3696268726
  3.40000000   3.00000000    35.0515833991
  3.50000000   3.00000000    35.0515833991

  0.00000000   3.10000000     0.0000000000
  0.10000000   3.10000000     3.8253296439
  0.20000000   3.10000000     7.6472651649
  0.30000000   3.10000000    11.4611792788
  0.40000000   3.10000000    15.2602849817
  0.50000000   3.10000000    19.0341834496
  0.60000000   3.10000000    22.7683157958
  0.70000000   3.10000000    26.4424753178
  0.80000000   3.10000000    30.0307818776
  0.90000000   3.10000000    33.5005218976
  1.00000000   3.10000000    36.8129583832
  1.10000000   3.10000000    39.9230991671
  1.20000000   3.10000000    42.7818392445
  1.30000000   3.10000000    45.3373604033
  1.40000000   3.10000000    47.5389684350
  1.50000000   3.10000000    49.3403102171
  1.60000000   3.10000000    50.7042726803
  1.70000000   3.10000000    51.6067100185
  1.80000000   3.10000000    52.0401401340
  1.90000000   3.10000000    52.0153955209
  2.00000000   3.10000000    51.5616990054
  2.10000000   3.10000000    50.7248505942
  2.20000000   3.10000000    49.5636960317
  2.30000000   3.10000000    48.1462467034
  2.40000000   3.10000000    46.5449356665
  2.50000000   3.10000000    44.8331997105
  2.60000000   3.10000000    43.0817138234
  2.70000000   3.10000000    41.3566730269
  2.80000000   3.10000000    39.7175766001
  2.90000000   3.10000000    38.2169810877
  3.00000000   3.10000000    36.8994320420
  3.10000000   3.10000000    35.8019625509
  3.20000000   3.10000000    34.9536452526
  3.30000000   3.10000000    34.3762224304
  3.40000000   3.10000000    34.0839393270
  3.50000000   3.10000000    34.0839393270

  0.00000000   3.20000000     0.0000000000
  0.10000000   3.20000000     3.7060950492
  0.20000000   3.20000000     7.4065233939
  0.30000000   3.20000000    11.0945942579
  0.40000000   3.20000000    14.7613854488
  0.50000000   3.20000000    18.3950196138
  0.60000000   3.20000000    21.9794337992
  0.70000000   3.20000000    25.4940969157
  0.80000000   3.20000000    28.9130209093
  0.90000000   3.20000000    32.2051453687
  1.00000000   3.20000000    35.3339934596
  1.10000000   3.20000000    38.2590448991
  1.20000000   3.20000000    40.9365084054
  1.30000000   3.20000000    43.3219452100
  1.40000000   3.20000000    45.3723908483
  1.50000000   3.20000000    47.0500001025
  1.60000000   3.20000000    48.3249680944
  1.70000000   3.20000000    49.1790019486
  1.80000000   3.20000000    49.6075063785
  1.90000000   3.20000000    49.6210828528
  2.00000000   3.20000000    49.2454722374
  2.10000000   3.20000000    48.5201768135
  2.20000000   3.20000000    47.4961572841
  2.30000000   3.20000000    46.2324715258
  2.40000000   3.20000000    44.7932042303
  2.50000000   3.20000000    43.2438759086
  2.60000000   3.20000000    41.6490843712
  2.70000000   3.20000000    40.0698206190
  2.80000000   3.20000000    38.5623222132
  2.90000000   3.20000000    37.1764790086
  3.00000000   3.20000000    35.9556334676
  3.10000000   3.20000000    34.9357816699
  3.20000000   3.20000000    34.1458318658
  3.30000000   3.20000000    33.6072587311
  3.40000000   3.20000000    33.3344160967
  3.50000000   3.20000000    33.3344160967

  0.00000000   3.30000000     0.0000000000
  0.10000000   3.30000000     3.6252085199
  0.20000000   3.30000000     7.2433260247
  0.30000000   3.30000000    10.8462119266
  0.40000000   3.30000000    14.4237943349
  0.50000000   3.30000000    17.9630080685
  0.60000000   3.30000000    21.4472335749
  0.70000000   3.30000000    24.8554333617
  0.80000000   3.30000000    28.1621109661
  0.90000000   3.30000000    31.3369437747
  1.00000000   3.30000000    34.3455211097
  1.10000000   3.30000000    37.1498232011
  1.20000000   3.30000000    39.7099709022
  1.30000000   3.30000000    41.9857771585
  1.40000000   3.30000000    43.9394634554
  1.50000000   3.30000000    45.5380544695
  1.60000000   3.30000000    46.7564072993
  1.70000000   3.30000000    47.5795193775
  1.80000000   3.30000000    48.0046142485
  1.90000000   3.30000000    48.0420942335
  2.00000000   3.30000000    47.7155800279
  2.10000000   3.30000000    47.0608900598
  2.20000000   3.30000000    46.1240247488
  2.30000000   3.30000000    44.9587675443
  2.40000000   3.30000000    43.6236852581
  2.50000000   3.30000000    42.1795776621
  2.60000000   3.30000000    40.6867018378
  2.70000000   3.30000000    39.2029512729
  2.80000000   3.30000000    37.7819103354
  2.90000000   3.30000000    36.4719524980
  3.00000000   3.30000000    35.3151333129
  3.10000000   3.30000000    34.3469566732
  3.20000000   3.30000000    33.5958512119
  3.30000000   3.30000000    33.0832475813
  3.40000000   3.30000000    32.8233759616
  3.50000000   3.30000000    32.8233759616

  0.00000000   3.40000000     0.0000000000
  0.10000000   3.40000000     3.5843605991
  0.20000000   3.40000000     7.1609110031
  0.30000000   3.40000000    10.7208678671
  0.40000000   3.40000000    14.2534977153
  0.50000000   3.40000000    17.7453105296
  0.60000000   3.40000000    21.1792592957
  0.70000000   3.40000000    24.5342921099
  0.80000000   3.40000000    27.7849644394
  0.90000000   3.40000000    30.9015941885
  1.00000000   3.40000000    33.8505730626
  1.10000000   3.40000000    36.5953773494
  1.20000000   3.40000000    39.0978116459
  1.30000000   3.40000000    41.3199705058
  1.40000000   3.40000000    43.2263614246
  1.50000000   3.40000000    44.7864879347
  1.60000000   3.40000000    45.9772620310
  1.70000000   3.40000000    46.7853183759
  1.80000000   3.40000000    47.2086615303
  1.90000000   3.40000000    47.2576185670
  2.00000000   3.40000000    46.9548306002
  2.10000000   3.40000000    46.3343292761
  2.20000000   3.40000000    45.4398601587
  2.30000000   3.40000000    44.3225706660
  2.40000000   3.40000000    43.0385225147
  2.50000000   3.40000000    41.6460437850
  2.60000000   3.40000000    40.2034401978
  2.70000000   3.40000000    38.7668550504
  2.80000000   3.40000000    37.3887251007
  2.90000000   3.40000000    36.1164374219
  3.00000000   3.40000000    34.9915499932
  3.10000000   3.40000000    34.0491229909
  3.20000000   3.40000000    33.3174536654
  3.30000000   3.40000000    32.8178199765
  3.40000000   3.40000000    32.5644491518
  3.50000000   3.40000000    32.5644491518

  0.00000000   3.50000000     0.0000000000
  0.10000000   3.50000000     3.5843605991
  0.20000000   3.50000000     7.1609110031
  0.30000000   3.50000000    10.7208678671
  0.40000000   3.50000000    14.2534977153
  0.50000000   3.50000000    17.7453105296
  0.60000000   3.50000000    21.1792592957
  0.70000000   3.50000000    24.5342921099
  0.80000000   3.50000000    27.7849644394
  0.90000000   3.50000000    30.9015941885
  1.00000000   3.50000000    33.8505730626
  1.10000000   3.50000000    36.5953773494
  1.20000000   3.50000000    39.0978116459
  1.30000000   3.50000000    41.3199705058
  1.40000000   3.50000000    43.2263614246
  1.50000000   3.50000000    44.7864879347
  1.60000000   3.50000000    45.9772620310
  1.70000000   3.50000000    46.7853183759
  1.80000000   3.50000000    47.2086615303
  1.90000000   3.50000000    47.2576185670
  2.00000000   3.50000000    46.9548306002
  2.10000000   3.50000000    46.3343292761
  2.20000000   3.50000000    45.4398601587
  2.30000000   3.50000000    44.3225706660
  2.40000000   3.50000000    43.0385225147
  2.50000000   3.50000000    41.6460437850
  2.60000000   3.50000000    40.2034401978
  2.70000000   3.50000000    38.7668550504
  2.80000000   3.50000000    37.3887251007
  2.90000000   3.50000000    36.1164374219
  3.00000000   3.50000000    34.9915499932
  3.10000000   3.50000000    34.0491229909
  3.20000000   3.50000000    33.3174536654
  3.30000000   3.50000000    32.8178199765
  3.40000000   3.50000000    32.5644491518
  3.50000000   3.50000000    32.5644491518

