  0.00000000   0.00000000     0.0000000000
  0.10000000   0.00000000     6.8815409233
  0.20000000   0.00000000    13.7424362396
  0.30000000   0.00000000    20.5615666398
  0.40000000   0.00000000    27.3168877494
  0.50000000   0.00000000    33.9850257392
  0.60000000   0.00000000    40.5409488400
  0.70000000   0.00000000    46.9577493422
  0.80000000   0.00000000    53.2065765001
  0.90000000   0.00000000    59.2567649846
  1.00000000   0.00000000    65.0762035854
  1.10000000   0.00000000    70.6319816023
  1.20000000   0.00000000    75.8913325451
  1.30000000   0.00000000    80.8228641301
  1.40000000   0.00000000    85.3980204977
  1.50000000   0.00000000    89.5926718874
  1.60000000   0.00000000    93.3886789030
  1.70000000   0.00000000    96.7752474258
  1.80000000   0.00000000    99.7498904409
  1.90000000   0.00000000   102.3188519754
  2.00000000   0.00000000   104.4969211750
  2.10000000   0.00000000   106.3066543922
  2.20000000   0.00000000   107.7771074125
  2.30000000   0.00000000   108.9422385907
  2.40000000   0.00000000   109.8391657859
  2.50000000   0.00000000   110.5064465502
  2.60000000   0.00000000   110.9825124721
  2.70000000   0.00000000   111.3043391528
  2.80000000   0.00000000   111.5063855589
  2.90000000   0.00000000   111.6197983941
  3.00000000   0.00000000   111.6718517099
  3.10000000   0.00000000   111.6855786280
  3.20000000   0.00000000   111.6795482981
  3.30000000   0.00000000   111.6677440442
  3.40000000   0.00000000   111.6595053946
  3.50000000   0.00000000   111.6595053946

  0.00000000   0.10000000     0.0000000000
  0.10000000   0.10000000     6.8815409233
  0.20000000   0.10000000    13.7424362396
  0.30000000   0.10000000    20.5615666398
  0.40000000   0.10000000    27.3168877494
  0.50000000   0.10000000    33.9850257392
  0.60000000   0.10000000    40.5409488400
  0.70000000   0.10000000    46.9577493422
  0.80000000   0.10000000    53.2065765001
  0.90000000   0.10000000    59.2567649846
  1.00000000   0.10000000    65.0762035854
  1.10000000   0.10000000    70.6319816023
  1.20000000   0.10000000    75.8913325451
  1.30000000   0.10000000    80.8228641301
  1.40000000   0.10000000    85.3980204977
  1.50000000   0.10000000    89.5926718874
  1.60000000   0.10000000    93.3886789030
  1.70000000   0.10000000    96.7752474258
  1.80000000   0.10000000    99.7498904409
  1.90000000   0.10000000   102.3188519754
  2.00000000   0.10000000   104.4969211750
  2.10000000   0.10000000   106.3066543922
  2.20000000   0.10000000   107.7771074125
  2.30000000   0.10000000   108.9422385907
  2.40000000   0.10000000   109.8391657859
  2.50000000   0.10000000   110.5064465502
  2.60000000   0.10000000   110.9825124721
  2.70000000   0.10000000   111.3043391528
  2.80000000   0.10000000   111.5063855589
  2.90000000   0.10000000   111.6197983941
  3.00000000   0.10000000   111.6718517099
  3.10000000   0.10000000   111.6855786280
  3.20000000   0.10000000   111.6795482981
  3.30000000   0.10000000   111.6677440442
  3.40000000   0.10000000   111.6595053946
  3.50000000   0.10000000   111.6595053946

  0.00000000   0.20000000     0.0000000000
  0.10000000   0.20000000     6.9077012386
  0.20000000   0.20000000    13.7952283385
  0.30000000   0.20000000    20.6419116024
  0.40000000   0.20000000    27.4261102411
  0.50000000   0.20000000    34.1247794702
  0.60000000   0.20000000    40.7131077941
  0.70000000   0.20000000    47.1642588300
  0.80000000   0.20000000    53.4492596786
  0.90000000   0.20000000    59.5370846019
  1.00000000   0.20000000    65.3949859924
  1.10000000   0.20000000    70.9891205901
  1.20000000   0.20000000    76.2855033535
  1.30000000   0.20000000    81.2512903996
  1.40000000   0.20000000    85.8563446024
  1.50000000   0.20000000    90.0749765693
  1.60000000   0.20000000    93.8876912392
  1.70000000   0.20000000    97.2827250350
  1.80000000   0.20000000   100.2571513103
  1.90000000   0.20000000   102.8173755556
  2.00000000   0.20000000   104.9789315084
  2.10000000   0.20000000   106.7656016647
  2.20000000   0.20000000   108.2079898873
  2.30000000   0.20000000   109.3417432698
  2.40000000   0.20000000   110.2056415289
  2.50000000   0.20000000   110.8397482944
  2.60000000   0.20000000   111.2837659143
  2.70000000   0.20000000   111.5756734372
  2.80000000   0.20000000   111.7506718123
  2.90000000   0.20000000   111.8404192534
  3.00000000   0.20000000   111.8725149109
  3.10000000   0.20000000   111.8701781666
  3.20000000   0.20000000   111.8520701359
  3.30000000   0.20000000   111.8322094541
  3.40000000   0.20000000   111.8199431268
  3.50000000   0.20000000   111.8199431268

  0.00000000   0.30000000     0.0000000000
  0.10000000   0.30000000     6.9595234761
  0.20000000   0.30000000    13.8998371547
  0.30000000   0.30000000    20.8011943002
  0.40000000   0.30000000    27.6427894119
  0.50000000   0.30000000    34.4022696942
  0.60000000   0.30000000    41.0553041307
  0.70000000   0.30000000    47.5752434141
  0.80000000   0.30000000    53.9329151613
  0.90000000   0.30000000    60.0966108133
  1.00000000   0.30000000    66.0323306515
  1.10000000   0.30000000    71.7043569144
  1.20000000   0.30000000    77.0762155857
  1.30000000   0.30000000    82.1120575357
  1.40000000   0.30000000    86.7784333167
  1.50000000   0.30000000    91.0463535230
  1.60000000   0.30000000    94.8934310088
  1.70000000   0.30000000    98.3058208747
  1.80000000   0.30000000   101.2796467105
  1.90000000   0.30000000   103.8216551085
  2.00000000   0.30000000   105.9489701658
  2.10000000   0.30000000   107.6879853298
  2.20000000   0.30000000   109.0725804988
  2.30000000   0.30000000   110.1419461414
  2.40000000   0.30000000   110.9383128564
  2.50000000   0.30000000   111.5048343168
  2.60000000   0.30000000   111.8837849165
  2.70000000   0.30000000   112.1151435362
  2.80000000   0.30000000   112.2355631460
  2.90000000   0.30000000   112.2776802159
  3.00000000   0.30000000   112.2696960317
  3.10000000   0.30000000   112.2351576339
  3.20000000   0.30000000   112.1928722327
  3.30000000   0.30000000   112.1569001572
  3.40000000   0.30000000   112.1365840276
  3.50000000   0.30000000   112.1365840276

  0.00000000   0.40000000     0.0000000000
  0.10000000   0.40000000     7.0359900362
  0.20000000   0.40000000    14.0542679503
  0.30000000   0.40000000    21.0365287281
  0.40000000   0.40000000    27.9632886748
  0.50000000   0.40000000    34.8133174441
  0.60000000   0.40000000    41.5631060832
  0.70000000   0.40000000    48.1864009921
  0.80000000   0.40000000    54.6538498163
  0.90000000   0.40000000    60.9328251937
  1.00000000   0.40000000    66.9875136743
  1.10000000   0.40000000    72.7793746989
  1.20000000   0.40000000    78.2680788235
  1.30000000   0.40000000    83.4130115466
  1.40000000   0.40000000    88.1753638078
  1.50000000   0.40000000    92.5207134979
  1.60000000   0.40000000    96.4218452846
  1.70000000   0.40000000    99.8614028674
  1.80000000   0.40000000   102.8338922925
  1.90000000   0.40000000   105.3466229493
  2.00000000   0.40000000   107.4193828914
  2.10000000   0.40000000   109.0829147965
  2.20000000   0.40000000   110.3764973638
  2.30000000   0.40000000   111.3450754309
  2.40000000   0.40000000   112.0363842490
  2.50000000   0.40000000   112.4984052469
  2.60000000   0.40000000   112.7773373875
  2.70000000   0.40000000   112.9161289167
  2.80000000   0.40000000   112.9535189385
  2.90000000   0.40000000   112.9234899120
  3.00000000   0.40000000   112.8550197244
  3.10000000   0.40000000   112.7720309633
  3.20000000   0.40000000   112.6934535545
  3.30000000   0.40000000   112.6333373925
  3.40000000   0.40000000   112.6009700857
  3.50000000   0.40000000   112.6009700857

  0.00000000   0.50000000     0.0000000000
  0.10000000   0.50000000     7.1355248487
  0.20000000   0.50000000    14.2554231245
  0.30000000   0.50000000    21.3434128872
  0.40000000   0.50000000    28.3818969343
  0.50000000   0.50000000    35.3512977514
  0.60000000   0.50000000    42.2293951430
  0.70000000   0.50000000    48.9906886671
  0.80000000   0.50000000    55.6058286386
  0.90000000   0.50000000    62.0411896225
  1.00000000   0.50000000    68.2586983453
  1.10000000   0.50000000    74.2160690336
  1.20000000   0.50000000    79.8676309661
  1.30000000   0.50000000    85.1659326922
  1.40000000   0.50000000    90.0642420913
  1.50000000   0.50000000    94.5198994301
  1.60000000   0.50000000    98.4982179962
  1.70000000   0.50000000   101.9763272645
  1.80000000   0.50000000   104.9461642651
  1.90000000   0.50000000   107.4159028642
  2.00000000   0.50000000   109.4094831609
  2.10000000   0.50000000   110.9643676739
  2.20000000   0.50000000   112.1280458037
  2.30000000   0.50000000   112.9540273734
  2.40000000   0.50000000   113.4980274395
  2.50000000   0.50000000   113.8148138224
  2.60000000   0.50000000   113.9559099853
  2.70000000   0.50000000   113.9681274242
  2.80000000   0.50000000   113.8927796385
  2.90000000   0.50000000   113.7653901178
  3.00000000   0.50000000   113.6157182067
  3.10000000   0.50000000   113.4679609419
  3.20000000   0.50000000   113.3410274808
  3.30000000   0.50000000   113.2488163841
  3.40000000   0.50000000   113.2004516854
  3.50000000   0.50000000   113.2004516854

  0.00000000   0.60000000     0.0000000000
  0.10000000   0.60000000     7.2559406576
  0.20000000   0.60000000    14.4989886922
  0.30000000   0.60000000    21.7155387954
  0.40000000   0.60000000    28.8905402359
  0.50000000   0.60000000    36.0067275245
  0.60000000   0.60000000    43.0438061372
  0.70000000   0.60000000    49.9776002568
  0.80000000   0.60000000    56.7791955167
  0.90000000   0.60000000    63.4141507268
  1.00000000   0.60000000    69.8419120097
  1.10000000   0.60000000    76.0156395969
  1.20000000   0.60000000    81.8827397004
  1.30000000   0.60000000    87.3864487105
  1.40000000   0.60000000    92.4687836715
  1.50000000   0.60000000    97.0749694549
  1.60000000   0.60000000   101.1590217365
  1.70000000   0.60000000   104.6895715693
  1.80000000   0.60000000   107.6545516337
  1.90000000   0.60000000   110.0634491748
  2.00000000   0.60000000   111.9465620956
  2.10000000   0.60000000   113.3515150820
  2.20000000   0.60000000   114.3379492813
  2.30000000   0.60000000   114.9716810620
  2.40000000   0.60000000   115.3194801827
  2.50000000   0.60000000   115.4451203042
  2.60000000   0.60000000   115.4068423353
  2.70000000   0.60000000   115.2560376059
  2.80000000   0.60000000   115.0368232671
  2.90000000   0.60000000   114.7861827320
  3.00000000   0.60000000   114.5344076586
  3.10000000   0.60000000   114.3056558535
  3.20000000   0.60000000   114.1185072142
  3.30000000   0.60000000   113.9864496278
  3.40000000   0.60000000   113.9182593230
  3.50000000   0.60000000   113.9182593230

  0.00000000   0.70000000     0.0000000000
  0.10000000   0.70000000     7.3943809752
  0.20000000   0.70000000    14.7793064720
  0.30000000   0.70000000    22.1445717365
  0.40000000   0.70000000    29.4784343941
  0.50000000   0.70000000    36.7667498914
  0.60000000   0.70000000    43.9919990918
  0.70000000   0.70000000    51.1321891241
  0.80000000   0.70000000    58.1596346515
  0.90000000   0.70000000    65.0396751472
  1.00000000   0.70000000    71.7294655756
  1.10000000   0.70000000    78.1771025358
  1.20000000   0.70000000    84.3215129423
  1.30000000   0.70000000    90.0937032223
  1.40000000   0.70000000    95.4200475987
  1.50000000   0.70000000   100.2281068056
  1.60000000   0.70000000   104.4548028489
  1.70000000   0.70000000   108.0555994097
  1.80000000   0.70000000   111.0121726536
  1.90000000   0.70000000   113.3360475513
  2.00000000   0.70000000   115.0673224705
  2.10000000   0.70000000   116.2690334895
  2.20000000   0.70000000   117.0187381979
  2.30000000   0.70000000   117.3996953046
  2.40000000   0.70000000   117.4935892026
  2.50000000   0.70000000   117.3756480126
  2.60000000   0.70000000   117.1120640239
  2.70000000   0.70000000   116.7591575502
  2.80000000   0.70000000   116.3636421316
  2.90000000   0.70000000   115.9634613923
  3.00000000   0.70000000   115.5888327448
  3.10000000   0.70000000   115.2632790037
  3.20000000   0.70000000   115.0045335815
  3.30000000   0.70000000   114.8252701794
  3.40000000   0.70000000   114.7336434906
  3.50000000   0.70000000   114.7336434906

  0.00000000   0.80000000     0.0000000000
  0.10000000   0.80000000     7.5472684523
  0.20000000   0.80000000    15.0892552251
  0.30000000   0.80000000    22.6199325466
  0.40000000   0.80000000    30.1317204739
  0.50000000   0.80000000    37.6145595301
  0.60000000   0.80000000    45.0547999483
  0.70000000   0.80000000    52.4338494128
  0.80000000   0.80000000    59.7265383412
  0.90000000   0.80000000    66.8992064222
  1.00000000   0.80000000    73.9076088972
  1.10000000   0.80000000    80.6949158581
  1.20000000   0.80000000    87.1903601598
  1.30000000   0.80000000    93.3094724511
  1.40000000   0.80000000    98.9572138329
  1.50000000   0.80000000   104.0353562974
  1.60000000   0.80000000   108.4545932500
  1.70000000   0.80000000   112.1495827886
  1.80000000   0.80000000   115.0921196774
  1.90000000   0.80000000   117.2970259636
  2.00000000   0.80000000   118.8197902582
  2.10000000   0.80000000   119.7472030723
  2.20000000   0.80000000   120.1834656114
  2.30000000   0.80000000   120.2364503319
  2.40000000   0.80000000   120.0075321090
  2.50000000   0.80000000   119.5858714652
  2.60000000   0.80000000   119.0463552342
  2.70000000   0.80000000   118.4498852062
  2.80000000   0.80000000   117.8448634548
  2.90000000   0.80000000   117.2690901711
  3.00000000   0.80000000   116.7516273944
  3.10000000   0.80000000   116.3144178830
  3.20000000   0.80000000   115.9735879208
  3.30000000   0.80000000   115.7404336524
  3.40000000   0.80000000   115.6221190988
  3.50000000   0.80000000   115.6221190988

  0.00000000   0.90000000     0.0000000000
  0.10000000   0.90000000     7.7102752810
  0.20000000   0.90000000    15.4201724056
  0.30000000   0.90000000    23.1286309914
  0.40000000   0.90000000    30.8331466564
  0.50000000   0.90000000    38.5288437963
  0.60000000   0.90000000    46.2072855429
  0.70000000   0.90000000    53.8549105185
  0.80000000   0.90000000    61.4509797731
  0.90000000   0.90000000    68.9649357118
  1.00000000   0.90000000    76.3531524773
  1.10000000   0.90000000    83.5552546211
  1.20000000   0.90000000    90.4905871903
  1.30000000   0.90000000    97.0561265725
  1.40000000   0.90000000   103.1281058540
  1.50000000   0.90000000   108.5704700496
  1.60000000   0.90000000   113.2527110126
  1.70000000   0.90000000   117.0755653486
  1.80000000   0.90000000   119.9950840971
  1.90000000   0.90000000   122.0317370303
  2.00000000   0.90000000   123.2657146370
  2.10000000   0.90000000   123.8213610572
  2.20000000   0.90000000   123.8431418316
  2.30000000   0.90000000   123.4735818013
  2.40000000   0.90000000   122.8393343490
  2.50000000   0.90000000   122.0454329268
  2.60000000   0.90000000   121.1750655834
  2.70000000   0.90000000   120.2921409040
  2.80000000   0.90000000   119.4447770512
  2.90000000   0.90000000   118.6687058508
  3.00000000   0.90000000   117.9901657263
  3.10000000   0.90000000   117.4281775940
  3.20000000   0.90000000   116.9962444566
  3.30000000   0.90000000   116.7035653014
  3.40000000   0.90000000   116.5558565003
  3.50000000   0.90000000   116.5558565003

  0.00000000   1.00000000     0.0000000000
  0.10000000   1.00000000     7.8783346781
  0.20000000   1.00000000    15.7618562402
  0.30000000   1.00000000    23.6552134019
  0.40000000   1.00000000    31.5618858462
  0.50000000   1.00000000    39.4833553280
  0.60000000   1.00000000    47.4179477575
  0.70000000   1.00000000    55.3591768601
  0.80000000   1.00000000    63.2933726374
  0.90000000   1.00000000    71.1963353254
  1.00000000   1.00000000    79.0287556847
  1.10000000   1.00000000    86.7302729692
  1.20000000   1.00000000    94.2124810401
  1.30000000   1.00000000   101.3522437475
  1.40000000   1.00000000   107.9886979443
  1.50000000   1.00000000   113.9302294499
  1.60000000   1.00000000   118.9795378157
  1.70000000   1.00000000   122.9794611653
  1.80000000   1.00000000   125.8612581566
  1.90000000   1.00000000   127.6557447995
  2.00000000   1.00000000   128.4833167078
  2.10000000   1.00000000   128.5297811803
  2.20000000   1.00000000   128.0017713592
  2.30000000   1.00000000   127.0902265505
  2.40000000   1.00000000   125.9526679290
  2.50000000   1.00000000   124.7100877082
  2.60000000   1.00000000   123.4512921794
  2.70000000   1.00000000   122.2396122611
  2.80000000   1.00000000   121.1194016360
  2.90000000   1.00000000   120.1213702080
  3.00000000   1.00000000   119.2666093673
  3.10000000   1.00000000   118.5694818958
  3.20000000   1.00000000   118.0396260296
  3.30000000   1.00000000   117.6833024645
  3.40000000   1.00000000   117.5042625119
  3.50000000   1.00000000   117.5042625119

  0.00000000   1.10000000     0.0000000000
  0.10000000   1.10000000     8.0457142843
  0.20000000   1.10000000    16.1026930962
  0.30000000   1.10000000    24.1819000767
  0.40000000   1.10000000    32.2936039543
  0.50000000   1.10000000    40.4467797079
  0.60000000   1.10000000    48.6481531427
  0.70000000   1.10000000    56.9006695782
  0.80000000   1.10000000    65.2010649772
  0.90000000   1.10000000    73.5360766955
  1.00000000   1.10000000    81.8766658398
  1.10000000   1.10000000    90.1695087145
  1.20000000   1.10000000    98.3251835042
  1.30000000   1.10000000   106.2035178749
  1.40000000   1.10000000   113.5996887101
  1.50000000   1.10000000   120.2416016861
  1.60000000   1.10000000   125.8195015475
  1.70000000   1.10000000   130.0701974385
  1.80000000   1.10000000   132.8891195539
  1.90000000   1.10000000   134.3274281650
  2.00000000   1.10000000   134.5698121719
  2.10000000   1.10000000   133.9079523178
  2.20000000   1.10000000   132.6469445635
  2.30000000   1.10000000   131.0436413672
  2.40000000   1.10000000   129.2893435935
  2.50000000   1.10000000   127.5164963823
  2.60000000   1.10000000   125.8126858721
  2.70000000   1.10000000   124.2340688745
  2.80000000   1.10000000   122.8158261947
  2.90000000   1.10000000   121.5795635950
  3.00000000   1.10000000   120.5382923316
  3.10000000   1.10000000   119.6996804844
  3.20000000   1.10000000   119.0681305265
  3.30000000   1.10000000   118.6460797743
  3.40000000   1.10000000   118.4347892386
  3.50000000   1.10000000   118.4347892386

  0.00000000   1.20000000     0.0000000000
  0.10000000   1.20000000     8.2061708095
  0.20000000   1.20000000    16.4299538785
  0.30000000   1.20000000    24.6889913444
  0.40000000   1.20000000    33.0009101164
  0.50000000   1.20000000    41.3831054208
  0.60000000   1.20000000    49.8522079819
  0.70000000   1.20000000    58.4230006062
  0.80000000   1.20000000    67.1063966512
  0.90000000   1.20000000    75.9058383700
  1.00000000   1.20000000    84.8110680995
  1.10000000   1.20000000    93.7876332693
  1.20000000   1.20000000   102.7597968250
  1.30000000   1.20000000   111.5843373310
  1.40000000   1.20000000   120.0152302982
  1.50000000   1.20000000   127.6704882097
  1.60000000   1.20000000   134.0439217688
  1.70000000   1.20000000   138.6545037500
  1.80000000   1.20000000   141.3649019500
  1.90000000   1.20000000   142.2688818146
  2.00000000   1.20000000   141.6418628325
  2.10000000   1.20000000   139.9747013729
  2.20000000   1.20000000   137.7322782610
  2.30000000   1.20000000   135.2543579334
  2.40000000   1.20000000   132.7590779801
  2.50000000   1.20000000   130.3761557524
  2.60000000   1.20000000   128.1783949832
  2.70000000   1.20000000   126.2042305004
  2.80000000   1.20000000   124.4722016466
  2.90000000   1.20000000   122.9897806904
  3.00000000   1.20000000   121.7586118602
  3.10000000   1.20000000   120.7775649594
  3.20000000   1.20000000   120.0444874414
  3.30000000   1.20000000   119.5571912827
  3.40000000   1.20000000   119.3139932616
  3.50000000   1.20000000   119.3139932616

  0.00000000   1.30000000     0.0000000000
  0.10000000   1.30000000     8.3531986449
  0.20000000   1.30000000    16.7302912081
  0.30000000   1.30000000    25.1556073253
  0.40000000   1.30000000    33.6543126668
  0.50000000   1.30000000    42.2527201450
  0.60000000   1.30000000    50.9784143990
  0.70000000   1.30000000    59.8600046498
  0.80000000   1.30000000    68.9261539894
  0.90000000   1.30000000    78.2032149143
  1.00000000   1.30000000    87.7101926795
  1.10000000   1.30000000    97.4485995430
  1.20000000   1.30000000   107.3826165094
  1.30000000   1.30000000   117.4013729990
  1.40000000   1.30000000   127.2509587794
  1.50000000   1.30000000   136.4279917279
  1.60000000   1.30000000   144.0808589024
  1.70000000   1.30000000   149.1925869045
  1.80000000   1.30000000   151.7059684618
  1.90000000   1.30000000   151.8069595165
  2.00000000   1.30000000   149.8278245767
  2.10000000   1.30000000   146.6995234330
  2.20000000   1.30000000   143.1453257614
  2.30000000   1.30000000   139.5839923535
  2.40000000   1.30000000   136.2269959338
  2.50000000   1.30000000   133.1696268994
  2.60000000   1.30000000   130.4472385784
  2.70000000   1.30000000   128.0659911640
  2.80000000   1.30000000   126.0189022549
  2.90000000   1.30000000   124.2940367310
  3.00000000   1.30000000   122.8785940810
  3.10000000   1.30000000   121.7608767546
  3.20000000   1.30000000   120.9311782623
  3.30000000   1.30000000   120.3821366487
  3.40000000   1.30000000   120.1088408997
  3.50000000   1.30000000   120.1088408997

  0.00000000   1.40000000     0.0000000000
  0.10000000   1.40000000     8.4803722465
  0.20000000   1.40000000    16.9904428770
  0.30000000   1.40000000    25.5607870176
  0.40000000   1.40000000    34.2237557949
  0.50000000   1.40000000    43.0144126811
  0.60000000   1.40000000    51.9715001772
  0.70000000   1.40000000    61.1383810898
  0.80000000   1.40000000    70.5637895219
  0.90000000   1.40000000    80.3019835764
  1.00000000   1.40000000    90.4113410878
  1.10000000   1.40000000   100.9491529910
  1.20000000   1.40000000   111.9572386973
  1.30000000   1.40000000   123.4251153535
  1.40000000   1.40000000   135.1975617785
  1.50000000   1.40000000   146.7488709952
  1.60000000   1.40000000   156.6997020664
  1.70000000   1.40000000   162.3727857409
  1.80000000   1.40000000   164.5080610197
  1.90000000   1.40000000   163.4808484110
  2.00000000   1.40000000   159.2279027641
  2.10000000   1.40000000   153.9256506393
  2.20000000   1.40000000   148.6516720473
  2.30000000   1.40000000   143.8059422197
  2.40000000   1.40000000   139.5018505905
  2.50000000   1.40000000   135.7438483555
  2.60000000   1.40000000   132.4990063552
  2.70000000   1.40000000   129.7251127565
  2.80000000   1.40000000   127.3814480454
  2.90000000   1.40000000   125.4325678647
  3.00000000   1.40000000   123.8492497788
  3.10000000   1.40000000   122.6083349879
  3.20000000   1.40000000   121.6922055706
  3.30000000   1.40000000   121.0882164241
  3.40000000   1.40000000   120.7882169680
  3.50000000   1.40000000   120.7882169680

  0.00000000   1.50000000     0.0000000000
  0.10000000   1.50000000     8.5817632864
  0.20000000   1.50000000    17.1981063726
  0.30000000   1.50000000    25.8849037683
  0.40000000   1.50000000    34.6807077583
  0.50000000   1.50000000    43.6283160475
  0.60000000   1.50000000    52.7766357561
  0.70000000   1.50000000    62.1829773728
  0.80000000   1.50000000    71.9159348966
  0.90000000   1.50000000    82.0590141734
  1.00000000   1.50000000    92.7151070211
  1.10000000   1.50000000   104.0116021552
  1.20000000   1.50000000   116.1047303690
  1.30000000   1.50000000   129.1768037247
  1.40000000   1.50000000   143.3970917281
  1.50000000   1.50000000   158.7009840107
  1.60000000   1.50000000   173.6265051086
  1.70000000   1.50000000   179.1226493940
  1.80000000   1.50000000   180.5086141763
  1.90000000   1.50000000   178.4237156343
  2.00000000   1.50000000   169.7318949331
  2.10000000   1.50000000   161.1908305844
  2.20000000   1.50000000   153.8097065547
  2.30000000   1.50000000   147.5780880725
  2.40000000   1.50000000   142.3334075916
  2.50000000   1.50000000   137.9176455169
  2.60000000   1.50000000   134.2014774481
  2.70000000   1.50000000   131.0835502563
  2.80000000   1.50000000   128.4856358303
  2.90000000   1.50000000   126.3478449991
  3.00000000   1.50000000   124.6247007854
  3.10000000   1.50000000   123.2821125974
  3.20000000   1.50000000   122.2951237290
  3.30000000   1.50000000   121.6462871585
  3.40000000   1.50000000   121.3245486095
  3.50000000   1.50000000   121.3245486095

  0.00000000   1.60000000     0.0000000000
  0.10000000   1.60000000     8.6523919881
  0.20000000   1.60000000    17.3429001432
  0.30000000   1.60000000    26.1112641064
  0.40000000   1.60000000    35.0006167285
  0.50000000   1.60000000    44.0595701995
  0.60000000   1.60000000    53.3448424901
  0.70000000   1.60000000    62.9247461797
  0.80000000   1.60000000    72.8840337419
  0.90000000   1.60000000    83.3309013413
  1.00000000   1.60000000    94.4075470558
  1.10000000   1.60000000   106.3069978332
  1.20000000   1.60000000   119.3025202912
  1.30000000   1.60000000   133.8081846458
  1.40000000   1.60000000   150.5384178252
  1.50000000   1.60000000   171.0531189259
  1.60000000   1.60000000   200.0000000000
  1.70000000   1.60000000   200.0000000000
  1.80000000   1.60000000   200.0000000000
  1.90000000   1.60000000   200.0000000000
  2.00000000   1.60000000   180.1277609403
  2.10000000   1.60000000   167.3550800637
  2.20000000   1.60000000   157.8922543392
  2.30000000   1.60000000   150.4507860648
  2.40000000   1.60000000   144.4355584739
  2.50000000   1.60000000   139.5020476340
  2.60000000   1.60000000   135.4253537598
  2.70000000   1.60000000   132.0499020673
  2.80000000   1.60000000   129.2647958745
  2.90000000   1.60000000   126.9896666706
  3.00000000   1.60000000   125.1658360323
  3.10000000   1.60000000   123.7505529309
  3.20000000   1.60000000   122.7131587871
  3.30000000   1.60000000   122.0325298235
  3.40000000   1.60000000   121.6954108963
  3.50000000   1.60000000   121.6954108963

  0.00000000   1.70000000     0.0000000000
  0.10000000   1.70000000     8.6886536693
  0.20000000   1.70000000    17.4172831572
  0.30000000   1.70000000    26.2276691709
  0.40000000   1.70000000    35.1653823907
  0.50000000   1.70000000    44.2821627546
  0.60000000   1.70000000    53.6389844816
  0.70000000   1.70000000    63.3102433260
  0.80000000   1.70000000    73.3897616390
  0.90000000   1.70000000    83.9997669491
  1.00000000   1.70000000    95.3048128241
  1.10000000   1.70000000   107.5339954680
  1.20000000   1.70000000   121.0168413252
  1.30000000   1.70000000   136.2393199643
  1.40000000   1.70000000   153.9153975853
  1.50000000   1.70000000   174.9860931683
  1.60000000   1.70000000   200.0000000000
  1.70000000   1.70000000   200.0000000000
  1.80000000   1.70000000   200.0000000000
  1.90000000   1.70000000   200.0000000000
  2.00000000   1.70000000   183.4542604271
  2.10000000   1.70000000   170.2612389733
  2.20000000   1.70000000   160.0227077089
  2.30000000   1.70000000   151.9813954972
  2.40000000   1.70000000   145.5530573079
  2.50000000   1.70000000   140.3379770532
  2.60000000   1.70000000   136.0661898973
  2.70000000   1.70000000   132.5526838745
  2.80000000   1.70000000   129.6681356809
  2.90000000   1.70000000   127.3205978360
  3.00000000   1.70000000   125.4439954713
  3.10000000   1.70000000   123.9907806912
  3.20000000   1.70000000   122.9271697828
  3.30000000   1.70000000   122.2300407024
  3.40000000   1.70000000   121.8849493662
  3.50000000   1.70000000   121.8849493662

  0.00000000   1.80000000     0.0000000000
  0.10000000   1.80000000     8.6886536693
  0.20000000   1.80000000    17.4172831572
  0.30000000   1.80000000    26.2276691709
  0.40000000   1.80000000    35.1653823907
  0.50000000   1.80000000    44.2821627546
  0.60000000   1.80000000    53.6389844816
  0.70000000   1.80000000    63.3102433260
  0.80000000   1.80000000    73.3897616390
  0.90000000   1.80000000    83.9997669491
  1.00000000   1.80000000    95.3048128241
  1.10000000   1.80000000   107.5339954680
  1.20000000   1.80000000   121.0168413252
  1.30000000   1.80000000   136.2393199643
  1.40000000   1.80000000   153.9153975853
  1.50000000   1.80000000   174.9860931683
  1.60000000   1.80000000   200.0000000000
  1.70000000   1.80000000   200.0000000000
  1.80000000   1.80000000   200.0000000000
  1.90000000   1.80000000   200.0000000000
  2.00000000   1.80000000   183.4542604271
  2.10000000   1.80000000   170.2612389733
  2.20000000   1.80000000   160.0227077089
  2.30000000   1.80000000   151.9813954972
  2.40000000   1.80000000   145.5530573079
  2.50000000   1.80000000   140.3379770532
  2.60000000   1.80000000   136.0661898973
  2.70000000   1.80000000   132.5526838745
  2.80000000   1.80000000   129.6681356809
  2.90000000   1.80000000   127.3205978360
  3.00000000   1.80000000   125.4439954713
  3.10000000   1.80000000   123.9907806912
  3.20000000   1.80000000   122.9271697828
  3.30000000   1.80000000   122.2300407024
  3.40000000   1.80000000   121.8849493662
  3.50000000   1.80000000   121.8849493662

  0.00000000   1.90000000     0.0000000000
  0.10000000   1.90000000     8.6523919881
  0.20000000   1.90000000    17.3429001432
  0.30000000   1.90000000    26.1112641064
  0.40000000   1.90000000    35.0006167285
  0.50000000   1.90000000    44.0595701995
  0.60000000   1.90000000    53.3448424901
  0.70000000   1.90000000    62.9247461797
  0.80000000   1.90000000    72.8840337419
  0.90000000   1.90000000    83.3309013413
  1.00000000   1.90000000    94.4075470558
  1.10000000   1.90000000   106.3069978332
  1.20000000   1.90000000   119.3025202912
  1.30000000   1.90000000   133.8081846458
  1.40000000   1.90000000   150.5384178252
  1.50000000   1.90000000   171.0531189259
  1.60000000   1.90000000   200.0000000000
  1.70000000   1.90000000   200.0000000000
  1.80000000   1.90000000   200.0000000000
  1.90000000   1.90000000   200.0000000000
  2.00000000   1.90000000   180.1277609403
  2.10000000   1.90000000   167.3550800637
  2.20000000   1.90000000   157.8922543392
  2.30000000   1.90000000   150.4507860648
  2.40000000   1.90000000   144.4355584739
  2.50000000   1.90000000   139.5020476340
  2.60000000   1.90000000   135.4253537598
  2.70000000   1.90000000   132.0499020673
  2.80000000   1.90000000   129.2647958745
  2.90000000   1.90000000   126.9896666706
  3.00000000   1.90000000   125.1658360323
  3.10000000   1.90000000   123.7505529309
  3.20000000   1.90000000   122.7131587871
  3.30000000   1.90000000   122.0325298235
  3.40000000   1.90000000   121.6954108963
  3.50000000   1.90000000   121.6954108963

  0.00000000   2.00000000     0.0000000000
  0.10000000   2.00000000     8.5817632864
  0.20000000   2.00000000    17.1981063726
  0.30000000   2.00000000    25.8849037683
  0.40000000   2.00000000    34.6807077583
  0.50000000   2.00000000    43.6283160475
  0.60000000   2.00000000    52.7766357561
  0.70000000   2.00000000    62.1829773728
  0.80000000   2.00000000    71.9159348966
  0.90000000   2.00000000    82.0590141734
  1.00000000   2.00000000    92.7151070211
  1.10000000   2.00000000   104.0116021552
  1.20000000   2.00000000   116.1047303690
  1.30000000   2.00000000   129.1768037247
  1.40000000   2.00000000   143.3970917281
  1.50000000   2.00000000   158.7009840107
  1.60000000   2.00000000   173.6265051086
  1.70000000   2.00000000   179.1226493940
  1.80000000   2.00000000   180.5086141763
  1.90000000   2.00000000   178.4237156343
  2.00000000   2.00000000   169.7318949331
  2.10000000   2.00000000   161.1908305844
  2.20000000   2.00000000   153.8097065547
  2.30000000   2.00000000   147.5780880725
  2.40000000   2.00000000   142.3334075916
  2.50000000   2.00000000   137.9176455169
  2.60000000   2.00000000   134.2014774481
  2.70000000   2.00000000   131.0835502563
  2.80000000   2.00000000   128.4856358303
  2.90000000   2.00000000   126.3478449991
  3.00000000   2.00000000   124.6247007854
  3.10000000   2.00000000   123.2821125974
  3.20000000   2.00000000   122.2951237290
  3.30000000   2.00000000   121.6462871585
  3.40000000   2.00000000   121.3245486095
  3.50000000   2.00000000   121.3245486095

  0.00000000   2.10000000     0.0000000000
  0.10000000   2.10000000     8.4803722465
  0.20000000   2.10000000    16.9904428770
  0.30000000   2.10000000    25.5607870176
  0.40000000   2.10000000    34.2237557949
  0.50000000   2.10000000    43.0144126811
  0.60000000   2.10000000    51.9715001772
  0.70000000   2.10000000    61.1383810898
  0.80000000   2.10000000    70.5637895219
  0.90000000   2.10000000    80.3019835764
  1.00000000   2.10000000    90.4113410878
  1.10000000   2.10000000   100.9491529910
  1.20000000   2.10000000   111.9572386973
  1.30000000   2.10000000   123.4251153535
  1.40000000   2.10000000   135.1975617785
  1.50000000   2.10000000   146.7488709952
  1.60000000   2.10000000   156.6997020664
  1.70000000   2.10000000   162.3727857409
  1.80000000   2.10000000   164.5080610197
  1.90000000   2.10000000   163.4808484110
  2.00000000   2.10000000   159.2279027641
  2.10000000   2.10000000   153.9256506393
  2.20000000   2.10000000   148.6516720473
  2.30000000   2.10000000   143.8059422197
  2.40000000   2.10000000   139.5018505905
  2.50000000   2.10000000   135.7438483555
  2.60000000   2.10000000   132.4990063552
  2.70000000   2.10000000   129.7251127565
  2.80000000   2.10000000   127.3814480454
  2.90000000   2.10000000   125.4325678647
  3.00000000   2.10000000   123.8492497788
  3.10000000   2.10000000   122.6083349879
  3.20000000   2.10000000   121.6922055706
  3.30000000   2.10000000   121.0882164241
  3.40000000   2.10000000   120.7882169680
  3.50000000   2.10000000   120.7882169680

  0.00000000   2.20000000     0.0000000000
  0.10000000   2.20000000     8.3531986449
  0.20000000   2.20000000    16.7302912081
  0.30000000   2.20000000    25.1556073253
  0.40000000   2.20000000    33.6543126668
  0.50000000   2.20000000    42.2527201450
  0.60000000   2.20000000    50.9784143990
  0.70000000   2.20000000    59.8600046498
  0.80000000   2.20000000    68.9261539894
  0.90000000   2.20000000    78.2032149143
  1.00000000   2.20000000    87.7101926795
  1.10000000   2.20000000    97.4485995430
  1.20000000   2.20000000   107.3826165094
  1.30000000   2.20000000   117.4013729990
  1.40000000   2.20000000   127.2509587794
  1.50000000   2.20000000   136.4279917279
  1.60000000   2.20000000   144.0808589024
  1.70000000   2.20000000   149.1925869045
  1.80000000   2.20000000   151.7059684618
  1.90000000   2.20000000   151.8069595165
  2.00000000   2.20000000   149.8278245767
  2.10000000   2.20000000   146.6995234330
  2.20000000   2.20000000   143.1453257614
  2.30000000   2.20000000   139.5839923535
  2.40000000   2.20000000   136.2269959338
  2.50000000   2.20000000   133.1696268994
  2.60000000   2.20000000   130.4472385784
  2.70000000   2.20000000   128.0659911640
  2.80000000   2.20000000   126.0189022549
  2.90000000   2.20000000   124.2940367310
  3.00000000   2.20000000   122.8785940810
  3.10000000   2.20000000   121.7608767546
  3.20000000   2.20000000   120.9311782623
  3.30000000   2.20000000   120.3821366487
  3.40000000   2.20000000   120.1088408997
  3.50000000   2.20000000   120.1088408997

  0.00000000   2.30000000     0.0000000000
  0.10000000   2.30000000     8.2061708095
  0.20000000   2.30000000    16.4299538785
  0.30000000   2.30000000    24.6889913444
  0.40000000   2.30000000    33.0009101164
  0.50000000   2.30000000    41.3831054208
  0.60000000   2.30000000    49.8522079819
  0.70000000   2.30000000    58.4230006062
  0.80000000   2.30000000    67.1063966512
  0.90000000   2.30000000    75.9058383700
  1.00000000   2.30000000    84.8110680995
  1.10000000   2.30000000    93.7876332693
  1.20000000   2.30000000   102.7597968250
  1.30000000   2.30000000   111.5843373310
  1.40000000   2.30000000   120.0152302982
  1.50000000   2.30000000   127.6704882097
  1.60000000   2.30000000   134.0439217688
  1.70000000   2.30000000   138.6545037500
  1.80000000   2.30000000   141.3649019500
  1.90000000   2.30000000   142.2688818146
  2.00000000   2.30000000   141.6418628325
  2.10000000   2.30000000   139.9747013729
  2.20000000   2.30000000   137.7322782610
  2.30000000   2.30000000   135.2543579334
  2.40000000   2.30000000   132.7590779801
  2.50000000   2.30000000   130.3761557524
  2.60000000   2.30000000   128.1783949832
  2.70000000   2.30000000   126.2042305004
  2.80000000   2.30000000   124.4722016466
  2.90000000   2.30000000   122.9897806904
  3.00000000   2.30000000   121.7586118602
  3.10000000   2.30000000   120.7775649594
  3.20000000   2.30000000   120.0444874414
  3.30000000   2.30000000   119.5571912827
  3.40000000   2.30000000   119.3139932616
  3.50000000   2.30000000   119.3139932616

  0.00000000   2.40000000     0.0000000000
  0.10000000   2.40000000     8.0457142843
  0.20000000   2.40000000    16.1026930962
  0.30000000   2.40000000    24.1819000767
  0.40000000   2.40000000    32.2936039543
  0.50000000   2.40000000    40.4467797079
  0.60000000   2.40000000    48.6481531427
  0.70000000   2.40000000    56.9006695782
  0.80000000   2.40000000    65.2010649772
  0.90000000   2.40000000    73.5360766955
  1.00000000   2.40000000    81.8766658398
  1.10000000   2.40000000    90.1695087145
  1.20000000   2.40000000    98.3251835042
  1.30000000   2.40000000   106.2035178749
  1.40000000   2.40000000   113.5996887101
  1.50000000   2.40000000   120.2416016861
  1.60000000   2.40000000   125.8195015475
  1.70000000   2.40000000   130.0701974385
  1.80000000   2.40000000   132.8891195539
  1.90000000   2.40000000   134.3274281650
  2.00000000   2.40000000   134.5698121719
  2.10000000   2.40000000   133.9079523178
  2.20000000   2.40000000   132.6469445635
  2.30000000   2.40000000   131.0436413672
  2.40000000   2.40000000   129.2893435935
  2.50000000   2.40000000   127.5164963823
  2.60000000   2.40000000   125.8126858721
  2.70000000   2.40000000   124.2340688745
  2.80000000   2.40000000   122.8158261947
  2.90000000   2.40000000   121.5795635950
  3.00000000   2.40000000   120.5382923316
  3.10000000   2.40000000   119.6996804844
  3.20000000   2.40000000   119.0681305265
  3.30000000   2.40000000   118.6460797743
  3.40000000   2.40000000   118.4347892386
  3.50000000   2.40000000   118.4347892386

  0.00000000   2.50000000     0.0000000000
  0.10000000   2.50000000     7.8783346781
  0.20000000   2.50000000    15.7618562402
  0.30000000   2.50000000    23.6552134019
  0.40000000   2.50000000    31.5618858462
  0.50000000   2.50000000    39.4833553280
  0.60000000   2.50000000    47.4179477575
  0.70000000   2.50000000    55.3591768601
  0.80000000   2.50000000    63.2933726374
  0.90000000   2.50000000    71.1963353254
  1.00000000   2.50000000    79.0287556847
  1.10000000   2.50000000    86.7302729692
  1.20000000   2.50000000    94.2124810401
  1.30000000   2.50000000   101.3522437475
  1.40000000   2.50000000   107.9886979443
  1.50000000   2.50000000   113.9302294499
  1.60000000   2.50000000   118.9795378157
  1.70000000   2.50000000   122.9794611653
  1.80000000   2.50000000   125.8612581566
  1.90000000   2.50000000   127.6557447995
  2.00000000   2.50000000   128.4833167078
  2.10000000   2.50000000   128.5297811803
  2.20000000   2.50000000   128.0017713592
  2.30000000   2.50000000   127.0902265505
  2.40000000   2.50000000   125.9526679290
  2.50000000   2.50000000   124.7100877082
  2.60000000   2.50000000   123.4512921794
  2.70000000   2.50000000   122.2396122611
  2.80000000   2.50000000   121.1194016360
  2.90000000   2.50000000   120.1213702080
  3.00000000   2.50000000   119.2666093673
  3.10000000   2.50000000   118.5694818958
  3.20000000   2.50000000   118.0396260296
  3.30000000   2.50000000   117.6833024645
  3.40000000   2.50000000   117.5042625119
  3.50000000   2.50000000   117.5042625119

  0.00000000   2.60000000     0.0000000000
  0.10000000   2.60000000     7.7102752810
  0.20000000   2.60000000    15.4201724056
  0.30000000   2.60000000    23.1286309914
  0.40000000   2.60000000    30.8331466564
  0.50000000   2.60000000    38.5288437963
  0.60000000   2.60000000    46.2072855429
  0.70000000   2.60000000    53.8549105185
  0.80000000   2.60000000    61.4509797731
  0.90000000   2.60000000    68.9649357118
  1.00000000   2.60000000    76.3531524773
  1.10000000   2.60000000    83.5552546211
  1.20000000   2.60000000    90.4905871903
  1.30000000   2.60000000    97.0561265725
  1.40000000   2.60000000   103.1281058540
  1.50000000   2.60000000   108.5704700496
  1.60000000   2.60000000   113.2527110126
  1.70000000   2.60000000   117.0755653486
  1.80000000   2.60000000   119.9950840971
  1.90000000   2.60000000   122.0317370303
  2.00000000   2.60000000   123.2657146370
  2.10000000   2.60000000   123.8213610572
  2.20000000   2.60000000   123.8431418316
  2.30000000   2.60000000   123.4735818013
  2.40000000   2.60000000   122.8393343490
  2.50000000   2.60000000   122.0454329268
  2.60000000   2.60000000   121.1750655834
  2.70000000   2.60000000   120.2921409040
  2.80000000   2.60000000   119.4447770512
  2.90000000   2.60000000   118.6687058508
  3.00000000   2.60000000   117.9901657263
  3.10000000   2.60000000   117.4281775940
  3.20000000   2.60000000   116.9962444566
  3.30000000   2.60000000   116.7035653014
  3.40000000   2.60000000   116.5558565003
  3.50000000   2.60000000   116.5558565003

  0.00000000   2.70000000     0.0000000000
  0.10000000   2.70000000     7.5472684523
  0.20000000   2.70000000    15.0892552251
  0.30000000   2.70000000    22.6199325466
  0.40000000   2.70000000    30.1317204739
  0.50000000   2.70000000    37.6145595301
  0.60000000   2.70000000    45.0547999483
  0.70000000   2.70000000    52.4338494128
  0.80000000   2.70000000    59.7265383412
  0.90000000   2.70000000    66.8992064222
  1.00000000   2.70000000    73.9076088972
  1.10000000   2.70000000    80.6949158581
  1.20000000   2.70000000    87.1903601598
  1.30000000   2.70000000    93.3094724511
  1.40000000   2.70000000    98.9572138329
  1.50000000   2.70000000   104.0353562974
  1.60000000   2.70000000   108.4545932500
  1.70000000   2.70000000   112.1495827886
  1.80000000   2.70000000   115.0921196774
  1.90000000   2.70000000   117.2970259636
  2.00000000   2.70000000   118.8197902582
  2.10000000   2.70000000   119.7472030723
  2.20000000   2.70000000   120.1834656114
  2.30000000   2.70000000   120.2364503319
  2.40000000   2.70000000   120.0075321090
  2.50000000   2.70000000   119.5858714652
  2.60000000   2.70000000   119.0463552342
  2.70000000   2.70000000   118.4498852062
  2.80000000   2.70000000   117.8448634548
  2.90000000   2.70000000   117.2690901711
  3.00000000   2.70000000   116.7516273944
  3.10000000   2.70000000   116.3144178830
  3.20000000   2.70000000   115.9735879208
  3.30000000   2.70000000   115.7404336524
  3.40000000   2.70000000   115.6221190988
  3.50000000   2.70000000   115.6221190988

  0.00000000   2.80000000     0.0000000000
  0.10000000   2.80000000     7.3943809752
  0.20000000   2.80000000    14.7793064720
  0.30000000   2.80000000    22.1445717365
  0.40000000   2.80000000    29.4784343941
  0.50000000   2.80000000    36.7667498914
  0.60000000   2.80000000    43.9919990918
  0.70000000   2.80000000    51.1321891241
  0.80000000   2.80000000    58.1596346515
  0.90000000   2.80000000    65.0396751472
  1.00000000   2.80000000    71.7294655756
  1.10000000   2.80000000    78.1771025358
  1.20000000   2.80000000    84.3215129423
  1.30000000   2.80000000    90.0937032223
  1.40000000   2.80000000    95.4200475987
  1.50000000   2.80000000   100.2281068056
  1.60000000   2.80000000   104.4548028489
  1.70000000   2.80000000   108.0555994097
  1.80000000   2.80000000   111.0121726536
  1.90000000   2.80000000   113.3360475513
  2.00000000   2.80000000   115.0673224705
  2.10000000   2.80000000   116.2690334895
  2.20000000   2.80000000   117.0187381979
  2.30000000   2.80000000   117.3996953046
  2.40000000   2.80000000   117.4935892026
  2.50000000   2.80000000   117.3756480126
  2.60000000   2.80000000   117.1120640239
  2.70000000   2.80000000   116.7591575502
  2.80000000   2.80000000   116.3636421316
  2.90000000   2.80000000   115.9634613923
  3.00000000   2.80000000   115.5888327448
  3.10000000   2.80000000   115.2632790037
  3.20000000   2.80000000   115.0045335815
  3.30000000   2.80000000   114.8252701794
  3.40000000   2.80000000   114.7336434906
  3.50000000   2.80000000   114.7336434906

  0.00000000   2.90000000     0.0000000000
  0.10000000   2.90000000     7.2559406576
  0.20000000   2.90000000    14.4989886922
  0.30000000   2.90000000    21.7155387954
  0.40000000   2.90000000    28.8905402359
  0.50000000   2.90000000    36.0067275245
  0.60000000   2.90000000    43.0438061372
  0.70000000   2.90000000    49.9776002568
  0.80000000   2.90000000    56.7791955167
  0.90000000   2.90000000    63.4141507268
  1.00000000   2.90000000    69.8419120097
  1.10000000   2.90000000    76.0156395969
  1.20000000   2.90000000    81.8827397004
  1.30000000   2.90000000    87.3864487105
  1.40000000   2.90000000    92.4687836715
  1.50000000   2.90000000    97.0749694549
  1.60000000   2.90000000   101.1590217365
  1.70000000   2.90000000   104.6895715693
  1.80000000   2.90000000   107.6545516337
  1.90000000   2.90000000   110.0634491748
  2.00000000   2.90000000   111.9465620956
  2.10000000   2.90000000   113.3515150820
  2.20000000   2.90000000   114.3379492813
  2.30000000   2.90000000   114.9716810620
  2.40000000   2.90000000   115.3194801827
  2.50000000   2.90000000   115.4451203042
  2.60000000   2.90000000   115.4068423353
  2.70000000   2.90000000   115.2560376059
  2.80000000   2.90000000   115.0368232671
  2.90000000   2.90000000   114.7861827320
  3.00000000   2.90000000   114.5344076586
  3.10000000   2.90000000   114.3056558535
  3.20000000   2.90000000   114.1185072142
  3.30000000   2.90000000   113.9864496278
  3.40000000   2.90000000   113.9182593230
  3.50000000   2.90000000   113.9182593230

  0.00000000   3.00000000     0.0000000000
  0.10000000   3.00000000     7.1355248487
  0.20000000   3.00000000    14.2554231245
  0.30000000   3.00000000    21.3434128872
  0.40000000   3.00000000    28.3818969343
  0.50000000   3.00000000    35.3512977514
  0.60000000   3.00000000    42.2293951430
  0.70000000   3.00000000    48.9906886671
  0.80000000   3.00000000    55.6058286386
  0.90000000   3.00000000    62.0411896225
  1.00000000   3.00000000    68.2586983453
  1.10000000   3.00000000    74.2160690336
  1.20000000   3.00000000    79.8676309661
  1.30000000   3.00000000    85.1659326922
  1.40000000   3.00000000    90.0642420913
  1.50000000   3.00000000    94.5198994301
  1.60000000   3.00000000    98.4982179962
  1.70000000   3.00000000   101.9763272645
  1.80000000   3.00000000   104.9461642651
  1.90000000   3.00000000   107.4159028642
  2.00000000   3.00000000   109.4094831609
  2.10000000   3.00000000   110.9643676739
  2.20000000   3.00000000   112.1280458037
  2.30000000   3.00000000   112.9540273734
  2.40000000   3.00000000   113.4980274395
  2.50000000   3.00000000   113.8148138224
  2.60000000   3.00000000   113.9559099853
  2.70000000   3.00000000   113.9681274242
  2.80000000   3.00000000   113.8927796385
  2.90000000   3.00000000   113.7653901178
  3.00000000   3.00000000   113.6157182067
  3.10000000   3.00000000   113.4679609419
  3.20000000   3.00000000   113.3410274808
  3.30000000   3.00000000   113.2488163841
  3.40000000   3.00000000   113.2004516854
  3.50000000   3.00000000   113.2004516854

  0.00000000   3.10000000     0.0000000000
  0.10000000   3.10000000     7.0359900362
  0.20000000   3.10000000    14.0542679503
  0.30000000   3.10000000    21.0365287281
  0.40000000   3.10000000    27.9632886748
  0.50000000   3.10000000    34.8133174441
  0.60000000   3.10000000    41.5631060832
  0.70000000   3.10000000    48.1864009921
  0.80000000   3.10000000    54.6538498163
  0.90000000   3.10000000    60.9328251937
  1.00000000   3.10000000    66.9875136743
  1.10000000   3.10000000    72.7793746989
  1.20000000   3.10000000    78.2680788235
  1.30000000   3.10000000    83.4130115466
  1.40000000   3.10000000    88.1753638078
  1.50000000   3.10000000    92.5207134979
  1.60000000   3.10000000    96.4218452846
  1.70000000   3.10000000    99.8614028674
  1.80000000   3.10000000   102.8338922925
  1.90000000   3.10000000   105.3466229493
  2.00000000   3.10000000   107.4193828914
  2.10000000   3.10000000   109.0829147965
  2.20000000   3.10000000   110.3764973638
  2.30000000   3.10000000   111.3450754309
  2.40000000   3.10000000   112.0363842490
  2.50000000   3.10000000   112.4984052469
  2.60000000   3.10000000   112.7773373875
  2.70000000   3.10000000   112.9161289167
  2.80000000   3.10000000   112.9535189385
  2.90000000   3.10000000   112.9234899120
  3.00000000   3.10000000   112.8550197244
  3.10000000   3.10000000   112.7720309633
  3.20000000   3.10000000   112.6934535545
  3.30000000   3.10000000   112.6333373925
  3.40000000   3.10000000   112.6009700857
  3.50000000   3.10000000   112.6009700857

  0.00000000   3.20000000     0.0000000000
  0.10000000   3.20000000     6.9595234761
  0.20000000   3.20000000    13.8998371547
  0.30000000   3.20000000    20.8011943002
  0.40000000   3.20000000    27.6427894119
  0.50000000   3.20000000    34.4022696942
  0.60000000   3.20000000    41.0553041307
  0.70000000   3.20000000    47.5752434141
  0.80000000   3.20000000    53.9329151613
  0.90000000   3.20000000    60.0966108133
  1.00000000   3.20000000    66.0323306515
  1.10000000   3.20000000    71.7043569144
  1.20000000   3.20000000    77.0762155857
  1.30000000   3.20000000    82.1120575357
  1.40000000   3.20000000    86.7784333167
  1.50000000   3.20000000    91.0463535230
  1.60000000   3.20000000    94.8934310088
  1.70000000   3.20000000    98.3058208747
  1.80000000   3.20000000   101.2796467105
  1.90000000   3.20000000   103.8216551085
  2.00000000   3.20000000   105.9489701658
  2.10000000   3.20000000   107.6879853298
  2.20000000   3.20000000   109.0725804988
  2.30000000   3.20000000   110.1419461414
  2.40000000   3.20000000   110.9383128564
  2.50000000   3.20000000   111.5048343168
  2.60000000   3.20000000   111.8837849165
  2.70000000   3.20000000   112.1151435362
  2.80000000   3.20000000   112.2355631460
  2.90000000   3.20000000   112.2776802159
  3.00000000   3.20000000   112.2696960317
  3.10000000   3.20000000   112.2351576339
  3.20000000   3.20000000   112.1928722327
  3.30000000   3.20000000   112.1569001572
  3.40000000   3.20000000   112.1365840276
  3.50000000   3.20000000   112.1365840276

  0.00000000   3.30000000     0.0000000000
  0.10000000   3.30000000     6.9077012386
  0.20000000   3.30000000    13.7952283385
  0.30000000   3.30000000    20.6419116024
  0.40000000   3.30000000    27.4261102411
  0.50000000   3.30000000    34.1247794702
  0.60000000   3.30000000    40.7131077941
  0.70000000   3.30000000    47.1642588300
  0.80000000   3.30000000    53.4492596786
  0.90000000   3.30000000    59.5370846019
  1.00000000   3.30000000    65.3949859924
  1.10000000   3.30000000    70.9891205901
  1.20000000   3.30000000    76.2855033535
  1.30000000   3.30000000    81.2512903996
  1.40000000   3.30000000    85.8563446024
  1.50000000   3.30000000    90.0749765693
  1.60000000   3.30000000    93.8876912392
  1.70000000   3.30000000    97.2827250350
  1.80000000   3.30000000   100.2571513103
  1.90000000   3.30000000   102.8173755556
  2.00000000   3.30000000   104.9789315084
  2.10000000   3.30000000   106.7656016647
  2.20000000   3.30000000   108.2079898873
  2.30000000   3.30000000   109.3417432698
  2.40000000   3.30000000   110.2056415289
  2.50000000   3.30000000   110.8397482944
  2.60000000   3.30000000   111.2837659143
  2.70000000   3.30000000   111.5756734372
  2.80000000   3.30000000   111.7506718123
  2.90000000   3.30000000   111.8404192534
  3.00000000   3.30000000   111.8725149109
  3.10000000   3.30000000   111.8701781666
  3.20000000   3.30000000   111.8520701359
  3.30000000   3.30000000   111.8322094541
  3.40000000   3.30000000   111.8199431268
  3.50000000   3.30000000   111.8199431268

  0.00000000   3.40000000     0.0000000000
  0.10000000   3.40000000     6.8815409233
  0.20000000   3.40000000    13.7424362396
  0.30000000   3.40000000    20.5615666398
  0.40000000   3.40000000    27.3168877494
  0.50000000   3.40000000    33.9850257392
  0.60000000   3.40000000    40.5409488400
  0.70000000   3.40000000    46.9577493422
  0.80000000   3.40000000    53.2065765001
  0.90000000   3.40000000    59.2567649846
  1.00000000   3.40000000    65.0762035854
  1.10000000   3.40000000    70.6319816023
  1.20000000   3.40000000    75.8913325451
  1.30000000   3.40000000    80.8228641301
  1.40000000   3.40000000    85.3980204977
  1.50000000   3.40000000    89.5926718874
  1.60000000   3.40000000    93.3886789030
  1.70000000   3.40000000    96.7752474258
  1.80000000   3.40000000    99.7498904409
  1.90000000   3.40000000   102.3188519754
  2.00000000   3.40000000   104.4969211750
  2.10000000   3.40000000   106.3066543922
  2.20000000   3.40000000   107.7771074125
  2.30000000   3.40000000   108.9422385907
  2.40000000   3.40000000   109.8391657859
  2.50000000   3.40000000   110.5064465502
  2.60000000   3.40000000   110.9825124721
  2.70000000   3.40000000   111.3043391528
  2.80000000   3.40000000   111.5063855589
  2.90000000   3.40000000   111.6197983941
  3.00000000   3.40000000   111.6718517099
  3.10000000   3.40000000   111.6855786280
  3.20000000   3.40000000   111.6795482981
  3.30000000   3.40000000   111.6677440442
  3.40000000   3.40000000   111.6595053946
  3.50000000   3.40000000   111.6595053946

  0.00000000   3.50000000     0.0000000000
  0.10000000   3.50000000     6.8815409233
  0.20000000   3.50000000    13.7424362396
  0.30000000   3.50000000    20.5615666398
  0.40000000   3.50000000    27.3168877494
  0.50000000   3.50000000    33.9850257392
  0.60000000   3.50000000    40.5409488400
  0.70000000   3.50000000    46.9577493422
  0.80000000   3.50000000    53.2065765001
  0.90000000   3.50000000    59.2567649846
  1.00000000   3.50000000    65.0762035854
  1.10000000   3.50000000    70.6319816023
  1.20000000   3.50000000    75.8913325451
  1.30000000   3.50000000    80.8228641301
  1.40000000   3.50000000    85.3980204977
  1.50000000   3.50000000    89.5926718874
  1.60000000   3.50000000    93.3886789030
  1.70000000   3.50000000    96.7752474258
  1.80000000   3.50000000    99.7498904409
  1.90000000   3.50000000   102.3188519754
  2.00000000   3.50000000   104.4969211750
  2.10000000   3.50000000   106.3066543922
  2.20000000   3.50000000   107.7771074125
  2.30000000   3.50000000   108.9422385907
  2.40000000   3.50000000   109.8391657859
  2.50000000   3.50000000   110.5064465502
  2.60000000   3.50000000   110.9825124721
  2.70000000   3.50000000   111.3043391528
  2.80000000   3.50000000   111.5063855589
  2.90000000   3.50000000   111.6197983941
  3.00000000   3.50000000   111.6718517099
  3.10000000   3.50000000   111.6855786280
  3.20000000   3.50000000   111.6795482981
  3.30000000   3.50000000   111.6677440442
  3.40000000   3.50000000   111.6595053946
  3.50000000   3.50000000   111.6595053946

