  0.00000000   0.00000000     0.0000000000
  0.10000000   0.00000000     7.1431463564
  0.20000000   0.00000000    14.2655603819
  0.30000000   0.00000000    21.3460586306
  0.40000000   0.00000000    28.3625767773
  0.50000000   0.00000000    35.2917847588
  0.60000000   0.00000000    42.1087744985
  0.70000000   0.00000000    48.7868533096
  0.80000000   0.00000000    55.2974816561
  0.90000000   0.00000000    61.6103979686
  1.00000000   0.00000000    67.6939731956
  1.10000000   0.00000000    73.5158307031
  1.20000000   0.00000000    79.0437499083
  1.30000000   0.00000000    84.2468425184
  1.40000000   0.00000000    89.0969488758
  1.50000000   0.00000000    93.5701533869
  1.60000000   0.00000000    97.6482722336
  1.70000000   0.00000000   101.3201374488
  1.80000000   0.00000000   104.5825025753
  1.90000000   0.00000000   107.4404334059
  2.00000000   0.00000000   109.9071177155
  2.10000000   0.00000000   112.0031138938
  2.20000000   0.00000000   113.7551382408
  2.30000000   0.00000000   115.1945454797
  2.40000000   0.00000000   116.3556768014
  2.50000000   0.00000000   117.2742358400
  2.60000000   0.00000000   117.9858155831
  2.70000000   0.00000000   118.5246519442
  2.80000000   0.00000000   118.9226344156
  2.90000000   0.00000000   119.2085682924
  3.00000000   0.00000000   119.4076591512
  3.10000000   0.00000000   119.5411779346
  3.20000000   0.00000000   119.6262617118
  3.30000000   0.00000000   119.6758080745
  3.40000000   0.00000000   119.6984276649
  3.50000000   0.00000000   119.6984276649

  0.00000000   0.10000000     0.0000000000
  0.10000000   0.10000000     7.1431463564
  0.20000000   0.10000000    14.2655603819
  0.30000000   0.10000000    21.3460586306
  0.40000000   0.10000000    28.3625767773
  0.50000000   0.10000000    35.2917847588
  0.60000000   0.10000000    42.1087744985
  0.70000000   0.10000000    48.7868533096
  0.80000000   0.10000000    55.2974816561
  0.90000000   0.10000000    61.6103979686
  1.00000000   0.10000000    67.6939731956
  1.10000000   0.10000000    73.5158307031
  1.20000000   0.10000000    79.0437499083
  1.30000000   0.10000000    84.2468425184
  1.40000000   0.10000000    89.0969488758
  1.50000000   0.10000000    93.5701533869
  1.60000000   0.10000000    97.6482722336
  1.70000000   0.10000000   101.3201374488
  1.80000000   0.10000000   104.5825025753
  1.90000000   0.10000000   107.4404334059
  2.00000000   0.10000000   109.9071177155
  2.10000000   0.10000000   112.0031138938
  2.20000000   0.10000000   113.7551382408
  2.30000000   0.10000000   115.1945454797
  2.40000000   0.10000000   116.3556768014
  2.50000000   0.10000000   117.2742358400
  2.60000000   0.10000000   117.9858155831
  2.70000000   0.10000000   118.5246519442
  2.80000000   0.10000000   118.9226344156
  2.90000000   0.10000000   119.2085682924
  3.00000000   0.10000000   119.4076591512
  3.10000000   0.10000000   119.5411779346
  3.20000000   0.10000000   119.6262617118
  3.30000000   0.10000000   119.6758080745
  3.40000000   0.10000000   119.6984276649
  3.50000000   0.10000000   119.6984276649

  0.00000000   0.20000000     0.0000000000
  0.10000000   0.20000000     7.1680279515
  0.20000000   0.20000000    14.3157735643
  0.30000000   0.20000000    21.4224823871
  0.40000000   0.20000000    28.4664748759
  0.50000000   0.20000000    35.4247341622
  0.60000000   0.20000000    42.2725609370
  0.70000000   0.20000000    48.9833283493
  0.80000000   0.20000000    55.5283771466
  0.90000000   0.20000000    61.8770977477
  1.00000000   0.20000000    67.9972489543
  1.10000000   0.20000000    73.8555590434
  1.20000000   0.20000000    79.4186398912
  1.30000000   0.20000000    84.6542148560
  1.40000000   0.20000000    89.5326151019
  1.50000000   0.20000000    94.0284406460
  1.60000000   0.20000000    98.1222227760
  1.70000000   0.20000000   101.8018817815
  1.80000000   0.20000000   105.0637682235
  1.90000000   0.20000000   107.9131192399
  2.00000000   0.20000000   110.3638483027
  2.10000000   0.20000000   112.4376945132
  2.20000000   0.20000000   114.1628562231
  2.30000000   0.20000000   115.5722984668
  2.40000000   0.20000000   116.7019420602
  2.50000000   0.20000000   117.5889180989
  2.60000000   0.20000000   118.2700206187
  2.70000000   0.20000000   118.7804310821
  2.80000000   0.20000000   119.1527356802
  2.90000000   0.20000000   119.4162177961
  3.00000000   0.20000000   119.5963848488
  3.10000000   0.20000000   119.7146788435
  3.20000000   0.20000000   119.7883195533
  3.30000000   0.20000000   119.8302346788
  3.40000000   0.20000000   119.8490397151
  3.50000000   0.20000000   119.8490397151

  0.00000000   0.30000000     0.0000000000
  0.10000000   0.30000000     7.2173208492
  0.20000000   0.30000000    14.4152800001
  0.30000000   0.30000000    21.5740038779
  0.40000000   0.30000000    28.6726095760
  0.50000000   0.30000000    35.6887392038
  0.60000000   0.30000000    42.5981493079
  0.70000000   0.30000000    49.3743872426
  0.80000000   0.30000000    55.9885971035
  0.90000000   0.30000000    62.4095093223
  1.00000000   0.30000000    68.6036775993
  1.10000000   0.30000000    74.5360301386
  1.20000000   0.30000000    80.1707929007
  1.30000000   0.30000000    85.4728135734
  1.40000000   0.30000000    90.4092604909
  1.50000000   0.30000000    94.9515913827
  1.60000000   0.30000000    99.0775952177
  1.70000000   0.30000000   102.7732341062
  1.80000000   0.30000000   106.0339876634
  1.90000000   0.30000000   108.8654558507
  2.00000000   0.30000000   111.2831025717
  2.10000000   0.30000000   113.3111813034
  2.20000000   0.30000000   114.9810265327
  2.30000000   0.30000000   116.3289816153
  2.40000000   0.30000000   117.3942467871
  2.50000000   0.30000000   118.2168810666
  2.60000000   0.30000000   118.8361085632
  2.70000000   0.30000000   119.2889942689
  2.80000000   0.30000000   119.6094868123
  2.90000000   0.30000000   119.8277828550
  3.00000000   0.30000000   119.9699476669
  3.10000000   0.30000000   120.0577227155
  3.20000000   0.30000000   120.1084572693
  3.30000000   0.30000000   120.1351118257
  3.40000000   0.30000000   120.1462932710
  3.50000000   0.30000000   120.1462932710

  0.00000000   0.40000000     0.0000000000
  0.10000000   0.40000000     7.2900642540
  0.20000000   0.40000000    14.5621971669
  0.30000000   0.40000000    21.7979017297
  0.40000000   0.40000000    28.9775563326
  0.50000000   0.40000000    36.0798727846
  0.60000000   0.40000000    43.0813887124
  0.70000000   0.40000000    49.9560230466
  0.80000000   0.40000000    56.6747388178
  0.90000000   0.40000000    63.2053766355
  1.00000000   0.40000000    69.5127427495
  1.10000000   0.40000000    75.5590523593
  1.20000000   0.40000000    81.3048326851
  1.30000000   0.40000000    86.7103678873
  1.40000000   0.40000000    91.7377044921
  1.50000000   0.40000000    96.3531231256
  1.60000000   0.40000000   100.5298312230
  1.70000000   0.40000000   104.2504851450
  1.80000000   0.40000000   107.5090803157
  1.90000000   0.40000000   110.3118175067
  2.00000000   0.40000000   112.6767588180
  2.10000000   0.40000000   114.6323464171
  2.20000000   0.40000000   116.2150823595
  2.30000000   0.40000000   117.4667947962
  2.40000000   0.40000000   118.4319130473
  2.50000000   0.40000000   119.1550682916
  2.60000000   0.40000000   119.6791901745
  2.70000000   0.40000000   120.0441378961
  2.80000000   0.40000000   120.2858149038
  2.90000000   0.40000000   120.4356715653
  3.00000000   0.40000000   120.5204892647
  3.10000000   0.40000000   120.5623484621
  3.20000000   0.40000000   120.5787011821
  3.30000000   0.40000000   120.5824879711
  3.40000000   0.40000000   120.5822569502
  3.50000000   0.40000000   120.5822569502

  0.00000000   0.50000000     0.0000000000
  0.10000000   0.50000000     7.3847687007
  0.20000000   0.50000000    14.7535988549
  0.30000000   0.50000000    22.0899261498
  0.40000000   0.50000000    29.3759302988
  0.50000000   0.50000000    36.5918997143
  0.60000000   0.50000000    43.7155985597
  0.70000000   0.50000000    50.7216574657
  0.80000000   0.50000000    57.5810300819
  0.90000000   0.50000000    64.2605866930
  1.00000000   0.50000000    70.7229527243
  1.10000000   0.50000000    76.9267393673
  1.20000000   0.50000000    82.8273438169
  1.30000000   0.50000000    88.3784955508
  1.40000000   0.50000000    93.5346611057
  1.50000000   0.50000000    98.2542623846
  1.60000000   0.50000000   102.5034097849
  1.70000000   0.50000000   106.2595638423
  1.80000000   0.50000000   109.5143612260
  1.90000000   0.50000000   112.2749297248
  2.00000000   0.50000000   114.5633832501
  2.10000000   0.50000000   116.4146360405
  2.20000000   0.50000000   117.8730471288
  2.30000000   0.50000000   118.9886045885
  2.40000000   0.50000000   119.8133133203
  2.50000000   0.50000000   120.3982265358
  2.60000000   0.50000000   120.7912961004
  2.70000000   0.50000000   121.0360113777
  2.80000000   0.50000000   121.1706826503
  2.90000000   0.50000000   121.2281894310
  3.00000000   0.50000000   121.2360260505
  3.10000000   0.50000000   121.2165100246
  3.20000000   0.50000000   121.1870555485
  3.30000000   0.50000000   121.1604464255
  3.40000000   0.50000000   121.1450670513
  3.50000000   0.50000000   121.1450670513

  0.00000000   0.60000000     0.0000000000
  0.10000000   0.60000000     7.4993647078
  0.20000000   0.60000000    14.9854047245
  0.30000000   0.60000000    22.4441144011
  0.40000000   0.60000000    29.8601067924
  0.50000000   0.60000000    37.2158779533
  0.60000000   0.60000000    44.4910278190
  0.70000000   0.60000000    51.6614444293
  0.80000000   0.60000000    58.6984834061
  0.90000000   0.60000000    65.5682142013
  1.00000000   0.60000000    72.2308619806
  1.10000000   0.60000000    78.6406480002
  1.20000000   0.60000000    84.7463101415
  1.30000000   0.60000000    90.4926371799
  1.40000000   0.60000000    95.8233163603
  1.50000000   0.60000000   100.6851948499
  1.60000000   0.60000000   105.0336369279
  1.70000000   0.60000000   108.8380864388
  1.80000000   0.60000000   112.0865013764
  1.90000000   0.60000000   114.7874247310
  2.00000000   0.60000000   116.9691787845
  2.10000000   0.60000000   118.6764646440
  2.20000000   0.60000000   119.9652640679
  2.30000000   0.60000000   120.8972810252
  2.40000000   0.60000000   121.5350052742
  2.50000000   0.60000000   121.9380024025
  2.60000000   0.60000000   122.1605506174
  2.70000000   0.60000000   122.2504329657
  2.80000000   0.60000000   122.2485702796
  2.90000000   0.60000000   122.1891833858
  3.00000000   0.60000000   122.1002349963
  3.10000000   0.60000000   122.0039761462
  3.20000000   0.60000000   121.9174863723
  3.30000000   0.60000000   121.8531439265
  3.40000000   0.60000000   121.8189930142
  3.50000000   0.60000000   121.8189930142

  0.00000000   0.70000000     0.0000000000
  0.10000000   0.70000000     7.6311460232
  0.20000000   0.70000000    15.2522555536
  0.30000000   0.70000000    22.8525758280
  0.40000000   0.70000000    30.4198838389
  0.50000000   0.70000000    37.9396588327
  0.60000000   0.70000000    45.3941508142
  0.70000000   0.70000000    52.7613269456
  0.80000000   0.70000000    60.0137030099
  0.90000000   0.70000000    67.1171139750
  1.00000000   0.70000000    74.0295568369
  1.10000000   0.70000000    80.7003592949
  1.20000000   0.70000000    87.0700868320
  1.30000000   0.70000000    93.0717646042
  1.40000000   0.70000000    98.6340656127
  1.50000000   0.70000000   103.6869308107
  1.60000000   0.70000000   108.1694372388
  1.70000000   0.70000000   112.0385902585
  1.80000000   0.70000000   115.2765985901
  1.90000000   0.70000000   117.8942109432
  2.00000000   0.70000000   119.9293268285
  2.10000000   0.70000000   121.4414856981
  2.20000000   0.70000000   122.5037920608
  2.30000000   0.70000000   123.1945365728
  2.40000000   0.70000000   123.5903355078
  2.50000000   0.70000000   123.7615628799
  2.60000000   0.70000000   123.7699677639
  2.70000000   0.70000000   123.6679363356
  2.80000000   0.70000000   123.4987867216
  2.90000000   0.70000000   123.2975950421
  3.00000000   0.70000000   123.0922087382
  3.10000000   0.70000000   122.9042417110
  3.20000000   0.70000000   122.7499446396
  3.30000000   0.70000000   122.6409052435
  3.40000000   0.70000000   122.5845666110
  3.50000000   0.70000000   122.5845666110

  0.00000000   0.80000000     0.0000000000
  0.10000000   0.80000000     7.7767187269
  0.20000000   0.80000000    15.5473964466
  0.30000000   0.80000000    23.3052787908
  0.40000000   0.80000000    31.0421267867
  0.50000000   0.80000000    38.7473286076
  0.60000000   0.80000000    46.4068344566
  0.70000000   0.80000000    54.0018586930
  0.80000000   0.80000000    61.5073100373
  0.90000000   0.80000000    68.8899541194
  1.00000000   0.80000000    76.1064045539
  1.10000000   0.80000000    83.1012080176
  1.20000000   0.80000000    89.8055617647
  1.30000000   0.80000000    96.1375712282
  1.40000000   0.80000000   102.0053115511
  1.50000000   0.80000000   107.3139870975
  1.60000000   0.80000000   111.9776295936
  1.70000000   0.80000000   115.9335552656
  1.80000000   0.80000000   119.1548952528
  1.90000000   0.80000000   121.6559806644
  2.00000000   0.80000000   123.4897639527
  2.10000000   0.80000000   124.7386419928
  2.20000000   0.80000000   125.5011499210
  2.30000000   0.80000000   125.8789463755
  2.40000000   0.80000000   125.9672611874
  2.50000000   0.80000000   125.8495820432
  2.60000000   0.80000000   125.5957959499
  2.70000000   0.80000000   125.2625345702
  2.80000000   0.80000000   124.8946330722
  2.90000000   0.80000000   124.5269637424
  3.00000000   0.80000000   124.1862257472
  3.10000000   0.80000000   123.8924950259
  3.20000000   0.80000000   123.6604694324
  3.30000000   0.80000000   123.5004104597
  3.40000000   0.80000000   123.4188092850
  3.50000000   0.80000000   123.4188092850

  0.00000000   0.90000000     0.0000000000
  0.10000000   0.90000000     7.9319711985
  0.20000000   0.90000000    15.8625984180
  0.30000000   0.90000000    23.7898856238
  0.40000000   0.90000000    31.7104558865
  0.50000000   0.90000000    39.6186628606
  0.60000000   0.90000000    47.5054486580
  0.70000000   0.90000000    55.3568417279
  0.80000000   0.90000000    63.1519825663
  0.90000000   0.90000000    70.8605832703
  1.00000000   0.90000000    78.4398027141
  1.10000000   0.90000000    85.8307109613
  1.20000000   0.90000000    92.9549106675
  1.30000000   0.90000000    99.7125669179
  1.40000000   0.90000000   105.9840469339
  1.50000000   0.90000000   111.6381748367
  1.60000000   0.90000000   116.5495328728
  1.70000000   0.90000000   120.6232598649
  1.80000000   0.90000000   123.8180454306
  1.90000000   0.90000000   126.1543737497
  2.00000000   0.90000000   127.7093866373
  2.10000000   0.90000000   128.6015744911
  2.20000000   0.90000000   128.9678275162
  2.30000000   0.90000000   128.9426255950
  2.40000000   0.90000000   128.6450274914
  2.50000000   0.90000000   128.1734026447
  2.60000000   0.90000000   127.6053509097
  2.70000000   0.90000000   127.0002224516
  2.80000000   0.90000000   126.4024789277
  2.90000000   0.90000000   125.8449522704
  3.00000000   0.90000000   125.3516057266
  3.10000000   0.90000000   124.9397022917
  3.20000000   0.90000000   124.6214224300
  3.30000000   0.90000000   124.4050188120
  3.40000000   0.90000000   124.2955974251
  3.50000000   0.90000000   124.2955974251

  0.00000000   1.00000000     0.0000000000
  0.10000000   1.00000000     8.0920832935
  0.20000000   1.00000000    16.1881565900
  0.30000000   1.00000000    24.2916963992
  0.40000000   1.00000000    32.4050627206
  0.50000000   1.00000000    40.5287047808
  0.60000000   1.00000000    48.6600490438
  0.70000000   1.00000000    56.7919059881
  0.80000000   1.00000000    64.9101865526
  0.90000000   1.00000000    72.9906785174
  1.00000000   1.00000000    80.9946341499
  1.10000000   1.00000000    88.8630485101
  1.20000000   1.00000000    96.5099357054
  1.30000000   1.00000000   103.8159314238
  1.40000000   1.00000000   110.6255058613
  1.50000000   1.00000000   116.7538791531
  1.60000000   1.00000000   122.0114664463
  1.70000000   1.00000000   126.2483048263
  1.80000000   1.00000000   129.4004404645
  1.90000000   1.00000000   131.4996476418
  2.00000000   1.00000000   132.6625179597
  2.10000000   1.00000000   133.0664908436
  2.20000000   1.00000000   132.9075010177
  2.30000000   1.00000000   132.3657322348
  2.40000000   1.00000000   131.5892193791
  2.50000000   1.00000000   130.6911876815
  2.60000000   1.00000000   129.7543408418
  2.70000000   1.00000000   128.8373136250
  2.80000000   1.00000000   127.9808770308
  2.90000000   1.00000000   127.2130152848
  3.00000000   1.00000000   126.5527509233
  3.10000000   1.00000000   126.0128881700
  3.20000000   1.00000000   125.6019142061
  3.30000000   1.00000000   125.3252766250
  3.40000000   1.00000000   125.1862066004
  3.50000000   1.00000000   125.1862066004

  0.00000000   1.10000000     0.0000000000
  0.10000000   1.10000000     8.2515948475
  0.20000000   1.10000000    16.5130083982
  0.30000000   1.10000000    24.7937743337
  0.40000000   1.10000000    33.1027662792
  0.50000000   1.10000000    41.4476248256
  0.60000000   1.10000000    49.8338399078
  0.70000000   1.10000000    58.2632765745
  0.80000000   1.10000000    66.7318333010
  0.90000000   1.10000000    75.2257858073
  1.00000000   1.10000000    83.7162104405
  1.10000000   1.10000000    92.1507725811
  1.20000000   1.10000000   100.4423337211
  1.30000000   1.10000000   108.4548471392
  1.40000000   1.10000000   115.9900552886
  1.50000000   1.10000000   122.7852378025
  1.60000000   1.10000000   128.5423383683
  1.70000000   1.10000000   133.0100195532
  1.80000000   1.10000000   136.0920411025
  1.90000000   1.10000000   137.8423933452
  2.00000000   1.10000000   138.4410265580
  2.10000000   1.10000000   138.1665484786
  2.20000000   1.10000000   137.3080142712
  2.30000000   1.10000000   136.1075381696
  2.40000000   1.10000000   134.7446408523
  2.50000000   1.10000000   133.3429914508
  2.60000000   1.10000000   131.9838476228
  2.70000000   1.10000000   130.7188486500
  2.80000000   1.10000000   129.5799406939
  2.90000000   1.10000000   128.5863916466
  3.00000000   1.10000000   127.7495068814
  3.10000000   1.10000000   127.0757056447
  3.20000000   1.10000000   126.5684859516
  3.30000000   1.10000000   126.2296541245
  3.40000000   1.10000000   126.0600704749
  3.50000000   1.10000000   126.0600704749

  0.00000000   1.20000000     0.0000000000
  0.10000000   1.20000000     8.4045522344
  0.20000000   1.20000000    16.8250141607
  0.30000000   1.20000000    25.2773291799
  0.40000000   1.20000000    33.7774355769
  0.50000000   1.20000000    42.3410619307
  0.60000000   1.20000000    50.9832164246
  0.70000000   1.20000000    59.7171433554
  0.80000000   1.20000000    68.5523717379
  0.90000000   1.20000000    77.4912346075
  1.00000000   1.20000000    86.5228458770
  1.10000000   1.20000000    95.6129499110
  1.20000000   1.20000000   104.6873961874
  1.30000000   1.20000000   113.6068237149
  1.40000000   1.20000000   122.1326034800
  1.50000000   1.20000000   129.8950966519
  1.60000000   1.20000000   136.4059065127
  1.70000000   1.20000000   141.2041311966
  1.80000000   1.20000000   144.1662430428
  1.90000000   1.20000000   145.3927640690
  2.00000000   1.20000000   145.1542303042
  2.10000000   1.20000000   143.9184197741
  2.20000000   1.20000000   142.1246411088
  2.30000000   1.20000000   140.0923570015
  2.40000000   1.20000000   138.0256443093
  2.50000000   1.20000000   136.0450361664
  2.60000000   1.20000000   134.2174502033
  2.70000000   1.20000000   132.5775328890
  2.80000000   1.20000000   131.1413390431
  2.90000000   1.20000000   129.9146670987
  3.00000000   1.20000000   128.8980015736
  3.10000000   1.20000000   128.0893918329
  3.20000000   1.20000000   127.4861026807
  3.30000000   1.20000000   127.0855433584
  3.40000000   1.20000000   126.8857757081
  3.50000000   1.20000000   126.8857757081

  0.00000000   1.30000000     0.0000000000
  0.10000000   1.30000000     8.5447453949
  0.20000000   1.30000000    17.1114309463
  0.30000000   1.30000000    25.7224218403
  0.40000000   1.30000000    34.4008990004
  0.50000000   1.30000000    43.1711634035
  0.60000000   1.30000000    52.0587593705
  0.70000000   1.30000000    61.0902375487
  0.80000000   1.30000000    70.2922163132
  0.90000000   1.30000000    79.6890916201
  1.00000000   1.30000000    89.2981554370
  1.10000000   1.30000000    99.1197595943
  1.20000000   1.30000000   109.1180823262
  1.30000000   1.30000000   119.1845672149
  1.40000000   1.30000000   129.0720730221
  1.50000000   1.30000000   138.2919866836
  1.60000000   1.30000000   146.0196010509
  1.70000000   1.30000000   151.2748903640
  1.80000000   1.30000000   154.0205836818
  1.90000000   1.30000000   154.4578779896
  2.00000000   1.30000000   152.9205894929
  2.10000000   1.30000000   150.2910106975
  2.20000000   1.30000000   147.2496732685
  2.30000000   1.30000000   144.1886050872
  2.40000000   1.30000000   141.3043731738
  2.50000000   1.30000000   138.6843001211
  2.60000000   1.30000000   136.3595253346
  2.70000000   1.30000000   134.3339624843
  2.80000000   1.30000000   132.5994000615
  2.90000000   1.30000000   131.1431977595
  3.00000000   1.30000000   129.9521218645
  3.10000000   1.30000000   129.0141880746
  3.20000000   1.30000000   128.3194895978
  3.30000000   1.30000000   127.8605239344
  3.40000000   1.30000000   127.6322888043
  3.50000000   1.30000000   127.6322888043

  0.00000000   1.40000000     0.0000000000
  0.10000000   1.40000000     8.6660353422
  0.20000000   1.40000000    17.3595854680
  0.30000000   1.40000000    26.1090156568
  0.40000000   1.40000000    34.9444138359
  0.50000000   1.40000000    43.8984983205
  0.60000000   1.40000000    53.0075543437
  0.70000000   1.40000000    62.3123449396
  0.80000000   1.40000000    71.8588356155
  0.90000000   1.40000000    81.6983358067
  1.00000000   1.40000000    91.8861244999
  1.10000000   1.40000000   102.4763760079
  1.20000000   1.40000000   113.5081582890
  1.30000000   1.40000000   124.9696063582
  1.40000000   1.40000000   136.7080612054
  1.50000000   1.40000000   148.2107923575
  1.60000000   1.40000000   158.1364342380
  1.70000000   1.40000000   163.8883509997
  1.80000000   1.40000000   166.2201326610
  1.90000000   1.40000000   165.5397427736
  2.00000000   1.40000000   161.8284456707
  2.10000000   1.40000000   157.1325111683
  2.20000000   1.40000000   152.4597567890
  2.30000000   1.40000000   148.1813071537
  2.40000000   1.40000000   144.3997656475
  2.50000000   1.40000000   141.1160560961
  2.60000000   1.40000000   138.2965149710
  2.70000000   1.40000000   135.8991866370
  2.80000000   1.40000000   133.8838771251
  2.90000000   1.40000000   132.2156605958
  3.00000000   1.40000000   130.8657352295
  3.10000000   1.40000000   129.8112502545
  3.20000000   1.40000000   129.0347971966
  3.30000000   1.40000000   128.5238635606
  3.40000000   1.40000000   128.2703747737
  3.50000000   1.40000000   128.2703747737

  0.00000000   1.50000000     0.0000000000
  0.10000000   1.50000000     8.7627540264
  0.20000000   1.50000000    17.5577125060
  0.30000000   1.50000000    26.4183337748
  0.40000000   1.50000000    35.3806692778
  0.50000000   1.50000000    44.4848810736
  0.60000000   1.50000000    53.7770455515
  0.70000000   1.50000000    63.3113722948
  0.80000000   1.50000000    73.1529886050
  0.90000000   1.50000000    83.3814449910
  1.00000000   1.50000000    94.0950324700
  1.10000000   1.50000000   105.4156999774
  1.20000000   1.50000000   117.4931879955
  1.30000000   1.50000000   130.5021619722
  1.40000000   1.50000000   144.6037631021
  1.50000000   1.50000000   159.7299131181
  1.60000000   1.50000000   174.4498263810
  1.70000000   1.50000000   179.9460420506
  1.80000000   1.50000000   181.4590814916
  1.90000000   1.50000000   179.6852679242
  2.00000000   1.50000000   171.7623181248
  2.10000000   1.50000000   164.0018659818
  2.20000000   1.50000000   157.3361452596
  2.30000000   1.50000000   151.7467463717
  2.40000000   1.50000000   147.0752955412
  2.50000000   1.50000000   143.1691692724
  2.60000000   1.50000000   139.9035939505
  2.70000000   1.50000000   137.1806947262
  2.80000000   1.50000000   134.9247968705
  2.90000000   1.50000000   133.0778411856
  3.00000000   1.50000000   131.5956372452
  3.10000000   1.50000000   130.4449813156
  3.20000000   1.50000000   129.6015127729
  3.30000000   1.50000000   129.0481692020
  3.40000000   1.50000000   128.7741242968
  3.50000000   1.50000000   128.7741242968

  0.00000000   1.60000000     0.0000000000
  0.10000000   1.60000000     8.8301375879
  0.20000000   1.60000000    17.6958779055
  0.30000000   1.60000000    26.6343949559
  0.40000000   1.60000000    35.6861466726
  0.50000000   1.60000000    44.8968934576
  0.60000000   1.60000000    54.3202391845
  0.70000000   1.60000000    64.0210063288
  0.80000000   1.60000000    74.0799235175
  0.90000000   1.60000000    84.6004022456
  1.00000000   1.60000000    95.7187550640
  1.10000000   1.60000000   107.6204854315
  1.20000000   1.60000000   120.5687697161
  1.30000000   1.60000000   134.9631313584
  1.40000000   1.60000000   151.4940775698
  1.50000000   1.60000000   171.6716147358
  1.60000000   1.60000000   200.0000000000
  1.70000000   1.60000000   200.0000000000
  1.80000000   1.60000000   200.0000000000
  1.90000000   1.60000000   200.0000000000
  2.00000000   1.60000000   181.5660037859
  2.10000000   1.60000000   169.8212285347
  2.20000000   1.60000000   161.1923426459
  2.30000000   1.60000000   154.4605959648
  2.40000000   1.60000000   149.0609895474
  2.50000000   1.60000000   144.6653385958
  2.60000000   1.60000000   141.0587827037
  2.70000000   1.60000000   138.0922815806
  2.80000000   1.60000000   135.6593047490
  2.90000000   1.60000000   133.6824353428
  3.00000000   1.60000000   132.1049967098
  3.10000000   1.60000000   130.8855897036
  3.20000000   1.60000000   129.9944558155
  3.30000000   1.60000000   129.4110508389
  3.40000000   1.60000000   129.1224638617
  3.50000000   1.60000000   129.1224638617

  0.00000000   1.70000000     0.0000000000
  0.10000000   1.70000000     8.8647362215
  0.20000000   1.70000000    17.7668624712
  0.30000000   1.70000000    26.7455152211
  0.40000000   1.70000000    35.8434980655
  0.50000000   1.70000000    45.1095836267
  0.60000000   1.70000000    54.6014788193
  0.70000000   1.70000000    64.3898761422
  0.80000000   1.70000000    74.5642649954
  0.90000000   1.70000000    85.2416237031
  1.00000000   1.70000000    96.5799029903
  1.10000000   1.70000000   108.7995592474
  1.20000000   1.70000000   122.2183701304
  1.30000000   1.70000000   137.3058490531
  1.40000000   1.70000000   154.7529734975
  1.50000000   1.70000000   175.4722897417
  1.60000000   1.70000000   200.0000000000
  1.70000000   1.70000000   200.0000000000
  1.80000000   1.70000000   200.0000000000
  1.90000000   1.70000000   200.0000000000
  2.00000000   1.70000000   184.7033590511
  2.10000000   1.70000000   172.5639551419
  2.20000000   1.70000000   163.2039316970
  2.30000000   1.70000000   155.9061377105
  2.40000000   1.70000000   150.1163650935
  2.50000000   1.70000000   145.4546172358
  2.60000000   1.70000000   141.6636107233
  2.70000000   1.70000000   138.5665538774
  2.80000000   1.70000000   136.0395259401
  2.90000000   1.70000000   133.9941725478
  3.00000000   1.70000000   132.3668252127
  3.10000000   1.70000000   131.1115476066
  3.20000000   1.70000000   130.1956238731
  3.30000000   1.70000000   129.5966181500
  3.40000000   1.70000000   129.3004937391
  3.50000000   1.70000000   129.3004937391

  0.00000000   1.80000000     0.0000000000
  0.10000000   1.80000000     8.8647362215
  0.20000000   1.80000000    17.7668624712
  0.30000000   1.80000000    26.7455152211
  0.40000000   1.80000000    35.8434980655
  0.50000000   1.80000000    45.1095836267
  0.60000000   1.80000000    54.6014788193
  0.70000000   1.80000000    64.3898761422
  0.80000000   1.80000000    74.5642649954
  0.90000000   1.80000000    85.2416237031
  1.00000000   1.80000000    96.5799029903
  1.10000000   1.80000000   108.7995592474
  1.20000000   1.80000000   122.2183701304
  1.30000000   1.80000000   137.3058490531
  1.40000000   1.80000000   154.7529734975
  1.50000000   1.80000000   175.4722897417
  1.60000000   1.80000000   200.0000000000
  1.70000000   1.80000000   200.0000000000
  1.80000000   1.80000000   200.0000000000
  1.90000000   1.80000000   200.0000000000
  2.00000000   1.80000000   184.7033590511
  2.10000000   1.80000000   172.5639551419
  2.20000000   1.80000000   163.2039316970
  2.30000000   1.80000000   155.9061377105
  2.40000000   1.80000000   150.1163650935
  2.50000000   1.80000000   145.4546172358
  2.60000000   1.80000000   141.6636107233
  2.70000000   1.80000000   138.5665538774
  2.80000000   1.80000000   136.0395259401
  2.90000000   1.80000000   133.9941725478
  3.00000000   1.80000000   132.3668252127
  3.10000000   1.80000000   131.1115476066
  3.20000000   1.80000000   130.1956238731
  3.30000000   1.80000000   129.5966181500
  3.40000000   1.80000000   129.3004937391
  3.50000000   1.80000000   129.3004937391

  0.00000000   1.90000000     0.0000000000
  0.10000000   1.90000000     8.8301375879
  0.20000000   1.90000000    17.6958779055
  0.30000000   1.90000000    26.6343949559
  0.40000000   1.90000000    35.6861466726
  0.50000000   1.90000000    44.8968934576
  0.60000000   1.90000000    54.3202391845
  0.70000000   1.90000000    64.0210063288
  0.80000000   1.90000000    74.0799235175
  0.90000000   1.90000000    84.6004022456
  1.00000000   1.90000000    95.7187550640
  1.10000000   1.90000000   107.6204854315
  1.20000000   1.90000000   120.5687697161
  1.30000000   1.90000000   134.9631313584
  1.40000000   1.90000000   151.4940775698
  1.50000000   1.90000000   171.6716147358
  1.60000000   1.90000000   200.0000000000
  1.70000000   1.90000000   200.0000000000
  1.80000000   1.90000000   200.0000000000
  1.90000000   1.90000000   200.0000000000
  2.00000000   1.90000000   181.5660037859
  2.10000000   1.90000000   169.8212285347
  2.20000000   1.90000000   161.1923426459
  2.30000000   1.90000000   154.4605959648
  2.40000000   1.90000000   149.0609895474
  2.50000000   1.90000000   144.6653385958
  2.60000000   1.90000000   141.0587827037
  2.70000000   1.90000000   138.0922815806
  2.80000000   1.90000000   135.6593047490
  2.90000000   1.90000000   133.6824353428
  3.00000000   1.90000000   132.1049967098
  3.10000000   1.90000000   130.8855897036
  3.20000000   1.90000000   129.9944558155
  3.30000000   1.90000000   129.4110508389
  3.40000000   1.90000000   129.1224638617
  3.50000000   1.90000000   129.1224638617

  0.00000000   2.00000000     0.0000000000
  0.10000000   2.00000000     8.7627540264
  0.20000000   2.00000000    17.5577125060
  0.30000000   2.00000000    26.4183337748
  0.40000000   2.00000000    35.3806692778
  0.50000000   2.00000000    44.4848810736
  0.60000000   2.00000000    53.7770455515
  0.70000000   2.00000000    63.3113722948
  0.80000000   2.00000000    73.1529886050
  0.90000000   2.00000000    83.3814449910
  1.00000000   2.00000000    94.0950324700
  1.10000000   2.00000000   105.4156999774
  1.20000000   2.00000000   117.4931879955
  1.30000000   2.00000000   130.5021619722
  1.40000000   2.00000000   144.6037631021
  1.50000000   2.00000000   159.7299131181
  1.60000000   2.00000000   174.4498263810
  1.70000000   2.00000000   179.9460420506
  1.80000000   2.00000000   181.4590814916
  1.90000000   2.00000000   179.6852679242
  2.00000000   2.00000000   171.7623181248
  2.10000000   2.00000000   164.0018659818
  2.20000000   2.00000000   157.3361452596
  2.30000000   2.00000000   151.7467463717
  2.40000000   2.00000000   147.0752955412
  2.50000000   2.00000000   143.1691692724
  2.60000000   2.00000000   139.9035939505
  2.70000000   2.00000000   137.1806947262
  2.80000000   2.00000000   134.9247968705
  2.90000000   2.00000000   133.0778411856
  3.00000000   2.00000000   131.5956372452
  3.10000000   2.00000000   130.4449813156
  3.20000000   2.00000000   129.6015127729
  3.30000000   2.00000000   129.0481692020
  3.40000000   2.00000000   128.7741242968
  3.50000000   2.00000000   128.7741242968

  0.00000000   2.10000000     0.0000000000
  0.10000000   2.10000000     8.6660353422
  0.20000000   2.10000000    17.3595854680
  0.30000000   2.10000000    26.1090156568
  0.40000000   2.10000000    34.9444138359
  0.50000000   2.10000000    43.8984983205
  0.60000000   2.10000000    53.0075543437
  0.70000000   2.10000000    62.3123449396
  0.80000000   2.10000000    71.8588356155
  0.90000000   2.10000000    81.6983358067
  1.00000000   2.10000000    91.8861244999
  1.10000000   2.10000000   102.4763760079
  1.20000000   2.10000000   113.5081582890
  1.30000000   2.10000000   124.9696063582
  1.40000000   2.10000000   136.7080612054
  1.50000000   2.10000000   148.2107923575
  1.60000000   2.10000000   158.1364342380
  1.70000000   2.10000000   163.8883509997
  1.80000000   2.10000000   166.2201326610
  1.90000000   2.10000000   165.5397427736
  2.00000000   2.10000000   161.8284456707
  2.10000000   2.10000000   157.1325111683
  2.20000000   2.10000000   152.4597567890
  2.30000000   2.10000000   148.1813071537
  2.40000000   2.10000000   144.3997656475
  2.50000000   2.10000000   141.1160560961
  2.60000000   2.10000000   138.2965149710
  2.70000000   2.10000000   135.8991866370
  2.80000000   2.10000000   133.8838771251
  2.90000000   2.10000000   132.2156605958
  3.00000000   2.10000000   130.8657352295
  3.10000000   2.10000000   129.8112502545
  3.20000000   2.10000000   129.0347971966
  3.30000000   2.10000000   128.5238635606
  3.40000000   2.10000000   128.2703747737
  3.50000000   2.10000000   128.2703747737

  0.00000000   2.20000000     0.0000000000
  0.10000000   2.20000000     8.5447453949
  0.20000000   2.20000000    17.1114309463
  0.30000000   2.20000000    25.7224218403
  0.40000000   2.20000000    34.4008990004
  0.50000000   2.20000000    43.1711634035
  0.60000000   2.20000000    52.0587593705
  0.70000000   2.20000000    61.0902375487
  0.80000000   2.20000000    70.2922163132
  0.90000000   2.20000000    79.6890916201
  1.00000000   2.20000000    89.2981554370
  1.10000000   2.20000000    99.1197595943
  1.20000000   2.20000000   109.1180823262
  1.30000000   2.20000000   119.1845672149
  1.40000000   2.20000000   129.0720730221
  1.50000000   2.20000000   138.2919866836
  1.60000000   2.20000000   146.0196010509
  1.70000000   2.20000000   151.2748903640
  1.80000000   2.20000000   154.0205836818
  1.90000000   2.20000000   154.4578779896
  2.00000000   2.20000000   152.9205894929
  2.10000000   2.20000000   150.2910106975
  2.20000000   2.20000000   147.2496732685
  2.30000000   2.20000000   144.1886050872
  2.40000000   2.20000000   141.3043731738
  2.50000000   2.20000000   138.6843001211
  2.60000000   2.20000000   136.3595253346
  2.70000000   2.20000000   134.3339624843
  2.80000000   2.20000000   132.5994000615
  2.90000000   2.20000000   131.1431977595
  3.00000000   2.20000000   129.9521218645
  3.10000000   2.20000000   129.0141880746
  3.20000000   2.20000000   128.3194895978
  3.30000000   2.20000000   127.8605239344
  3.40000000   2.20000000   127.6322888043
  3.50000000   2.20000000   127.6322888043

  0.00000000   2.30000000     0.0000000000
  0.10000000   2.30000000     8.4045522344
  0.20000000   2.30000000    16.8250141607
  0.30000000   2.30000000    25.2773291799
  0.40000000   2.30000000    33.7774355769
  0.50000000   2.30000000    42.3410619307
  0.60000000   2.30000000    50.9832164246
  0.70000000   2.30000000    59.7171433554
  0.80000000   2.30000000    68.5523717379
  0.90000000   2.30000000    77.4912346075
  1.00000000   2.30000000    86.5228458770
  1.10000000   2.30000000    95.6129499110
  1.20000000   2.30000000   104.6873961874
  1.30000000   2.30000000   113.6068237149
  1.40000000   2.30000000   122.1326034800
  1.50000000   2.30000000   129.8950966519
  1.60000000   2.30000000   136.4059065127
  1.70000000   2.30000000   141.2041311966
  1.80000000   2.30000000   144.1662430428
  1.90000000   2.30000000   145.3927640690
  2.00000000   2.30000000   145.1542303042
  2.10000000   2.30000000   143.9184197741
  2.20000000   2.30000000   142.1246411088
  2.30000000   2.30000000   140.0923570015
  2.40000000   2.30000000   138.0256443093
  2.50000000   2.30000000   136.0450361664
  2.60000000   2.30000000   134.2174502033
  2.70000000   2.30000000   132.5775328890
  2.80000000   2.30000000   131.1413390431
  2.90000000   2.30000000   129.9146670987
  3.00000000   2.30000000   128.8980015736
  3.10000000   2.30000000   128.0893918329
  3.20000000   2.30000000   127.4861026807
  3.30000000   2.30000000   127.0855433584
  3.40000000   2.30000000   126.8857757081
  3.50000000   2.30000000   126.8857757081

  0.00000000   2.40000000     0.0000000000
  0.10000000   2.40000000     8.2515948475
  0.20000000   2.40000000    16.5130083982
  0.30000000   2.40000000    24.7937743337
  0.40000000   2.40000000    33.1027662792
  0.50000000   2.40000000    41.4476248256
  0.60000000   2.40000000    49.8338399078
  0.70000000   2.40000000    58.2632765745
  0.80000000   2.40000000    66.7318333010
  0.90000000   2.40000000    75.2257858073
  1.00000000   2.40000000    83.7162104405
  1.10000000   2.40000000    92.1507725811
  1.20000000   2.40000000   100.4423337211
  1.30000000   2.40000000   108.4548471392
  1.40000000   2.40000000   115.9900552886
  1.50000000   2.40000000   122.7852378025
  1.60000000   2.40000000   128.5423383683
  1.70000000   2.40000000   133.0100195532
  1.80000000   2.40000000   136.0920411025
  1.90000000   2.40000000   137.8423933452
  2.00000000   2.40000000   138.4410265580
  2.10000000   2.40000000   138.1665484786
  2.20000000   2.40000000   137.3080142712
  2.30000000   2.40000000   136.1075381696
  2.40000000   2.40000000   134.7446408523
  2.50000000   2.40000000   133.3429914508
  2.60000000   2.40000000   131.9838476228
  2.70000000   2.40000000   130.7188486500
  2.80000000   2.40000000   129.5799406939
  2.90000000   2.40000000   128.5863916466
  3.00000000   2.40000000   127.7495068814
  3.10000000   2.40000000   127.0757056447
  3.20000000   2.40000000   126.5684859516
  3.30000000   2.40000000   126.2296541245
  3.40000000   2.40000000   126.0600704749
  3.50000000   2.40000000   126.0600704749

  0.00000000   2.50000000     0.0000000000
  0.10000000   2.50000000     8.0920832935
  0.20000000   2.50000000    16.1881565900
  0.30000000   2.50000000    24.2916963992
  0.40000000   2.50000000    32.4050627206
  0.50000000   2.50000000    40.5287047808
  0.60000000   2.50000000    48.6600490438
  0.70000000   2.50000000    56.7919059881
  0.80000000   2.50000000    64.9101865526
  0.90000000   2.50000000    72.9906785174
  1.00000000   2.50000000    80.9946341499
  1.10000000   2.50000000    88.8630485101
  1.20000000   2.50000000    96.5099357054
  1.30000000   2.50000000   103.8159314238
  1.40000000   2.50000000   110.6255058613
  1.50000000   2.50000000   116.7538791531
  1.60000000   2.50000000   122.0114664463
  1.70000000   2.50000000   126.2483048263
  1.80000000   2.50000000   129.4004404645
  1.90000000   2.50000000   131.4996476418
  2.00000000   2.50000000   132.6625179597
  2.10000000   2.50000000   133.0664908436
  2.20000000   2.50000000   132.9075010177
  2.30000000   2.50000000   132.3657322348
  2.40000000   2.50000000   131.5892193791
  2.50000000   2.50000000   130.6911876815
  2.60000000   2.50000000   129.7543408418
  2.70000000   2.50000000   128.8373136250
  2.80000000   2.50000000   127.9808770308
  2.90000000   2.50000000   127.2130152848
  3.00000000   2.50000000   126.5527509233
  3.10000000   2.50000000   126.0128881700
  3.20000000   2.50000000   125.6019142061
  3.30000000   2.50000000   125.3252766250
  3.40000000   2.50000000   125.1862066004
  3.50000000   2.50000000   125.1862066004

  0.00000000   2.60000000     0.0000000000
  0.10000000   2.60000000     7.9319711985
  0.20000000   2.60000000    15.8625984180
  0.30000000   2.60000000    23.7898856238
  0.40000000   2.60000000    31.7104558865
  0.50000000   2.60000000    39.6186628606
  0.60000000   2.60000000    47.5054486580
  0.70000000   2.60000000    55.3568417279
  0.80000000   2.60000000    63.1519825663
  0.90000000   2.60000000    70.8605832703
  1.00000000   2.60000000    78.4398027141
  1.10000000   2.60000000    85.8307109613
  1.20000000   2.60000000    92.9549106675
  1.30000000   2.60000000    99.7125669179
  1.40000000   2.60000000   105.9840469339
  1.50000000   2.60000000   111.6381748367
  1.60000000   2.60000000   116.5495328728
  1.70000000   2.60000000   120.6232598649
  1.80000000   2.60000000   123.8180454306
  1.90000000   2.60000000   126.1543737497
  2.00000000   2.60000000   127.7093866373
  2.10000000   2.60000000   128.6015744911
  2.20000000   2.60000000   128.9678275162
  2.30000000   2.60000000   128.9426255950
  2.40000000   2.60000000   128.6450274914
  2.50000000   2.60000000   128.1734026447
  2.60000000   2.60000000   127.6053509097
  2.70000000   2.60000000   127.0002224516
  2.80000000   2.60000000   126.4024789277
  2.90000000   2.60000000   125.8449522704
  3.00000000   2.60000000   125.3516057266
  3.10000000   2.60000000   124.9397022917
  3.20000000   2.60000000   124.6214224300
  3.30000000   2.60000000   124.4050188120
  3.40000000   2.60000000   124.2955974251
  3.50000000   2.60000000   124.2955974251

  0.00000000   2.70000000     0.0000000000
  0.10000000   2.70000000     7.7767187269
  0.20000000   2.70000000    15.5473964466
  0.30000000   2.70000000    23.3052787908
  0.40000000   2.70000000    31.0421267867
  0.50000000   2.70000000    38.7473286076
  0.60000000   2.70000000    46.4068344566
  0.70000000   2.70000000    54.0018586930
  0.80000000   2.70000000    61.5073100373
  0.90000000   2.70000000    68.8899541194
  1.00000000   2.70000000    76.1064045539
  1.10000000   2.70000000    83.1012080176
  1.20000000   2.70000000    89.8055617647
  1.30000000   2.70000000    96.1375712282
  1.40000000   2.70000000   102.0053115511
  1.50000000   2.70000000   107.3139870975
  1.60000000   2.70000000   111.9776295936
  1.70000000   2.70000000   115.9335552656
  1.80000000   2.70000000   119.1548952528
  1.90000000   2.70000000   121.6559806644
  2.00000000   2.70000000   123.4897639527
  2.10000000   2.70000000   124.7386419928
  2.20000000   2.70000000   125.5011499210
  2.30000000   2.70000000   125.8789463755
  2.40000000   2.70000000   125.9672611874
  2.50000000   2.70000000   125.8495820432
  2.60000000   2.70000000   125.5957959499
  2.70000000   2.70000000   125.2625345702
  2.80000000   2.70000000   124.8946330722
  2.90000000   2.70000000   124.5269637424
  3.00000000   2.70000000   124.1862257472
  3.10000000   2.70000000   123.8924950259
  3.20000000   2.70000000   123.6604694324
  3.30000000   2.70000000   123.5004104597
  3.40000000   2.70000000   123.4188092850
  3.50000000   2.70000000   123.4188092850

  0.00000000   2.80000000     0.0000000000
  0.10000000   2.80000000     7.6311460232
  0.20000000   2.80000000    15.2522555536
  0.30000000   2.80000000    22.8525758280
  0.40000000   2.80000000    30.4198838389
  0.50000000   2.80000000    37.9396588327
  0.60000000   2.80000000    45.3941508142
  0.70000000   2.80000000    52.7613269456
  0.80000000   2.80000000    60.0137030099
  0.90000000   2.80000000    67.1171139750
  1.00000000   2.80000000    74.0295568369
  1.10000000   2.80000000    80.7003592949
  1.20000000   2.80000000    87.0700868320
  1.30000000   2.80000000    93.0717646042
  1.40000000   2.80000000    98.6340656127
  1.50000000   2.80000000   103.6869308107
  1.60000000   2.80000000   108.1694372388
  1.70000000   2.80000000   112.0385902585
  1.80000000   2.80000000   115.2765985901
  1.90000000   2.80000000   117.8942109432
  2.00000000   2.80000000   119.9293268285
  2.10000000   2.80000000   121.4414856981
  2.20000000   2.80000000   122.5037920608
  2.30000000   2.80000000   123.1945365728
  2.40000000   2.80000000   123.5903355078
  2.50000000   2.80000000   123.7615628799
  2.60000000   2.80000000   123.7699677639
  2.70000000   2.80000000   123.6679363356
  2.80000000   2.80000000   123.4987867216
  2.90000000   2.80000000   123.2975950421
  3.00000000   2.80000000   123.0922087382
  3.10000000   2.80000000   122.9042417110
  3.20000000   2.80000000   122.7499446396
  3.30000000   2.80000000   122.6409052435
  3.40000000   2.80000000   122.5845666110
  3.50000000   2.80000000   122.5845666110

  0.00000000   2.90000000     0.0000000000
  0.10000000   2.90000000     7.4993647078
  0.20000000   2.90000000    14.9854047245
  0.30000000   2.90000000    22.4441144011
  0.40000000   2.90000000    29.8601067924
  0.50000000   2.90000000    37.2158779533
  0.60000000   2.90000000    44.4910278190
  0.70000000   2.90000000    51.6614444293
  0.80000000   2.90000000    58.6984834061
  0.90000000   2.90000000    65.5682142013
  1.00000000   2.90000000    72.2308619806
  1.10000000   2.90000000    78.6406480002
  1.20000000   2.90000000    84.7463101415
  1.30000000   2.90000000    90.4926371799
  1.40000000   2.90000000    95.8233163603
  1.50000000   2.90000000   100.6851948499
  1.60000000   2.90000000   105.0336369279
  1.70000000   2.90000000   108.8380864388
  1.80000000   2.90000000   112.0865013764
  1.90000000   2.90000000   114.7874247310
  2.00000000   2.90000000   116.9691787845
  2.10000000   2.90000000   118.6764646440
  2.20000000   2.90000000   119.9652640679
  2.30000000   2.90000000   120.8972810252
  2.40000000   2.90000000   121.5350052742
  2.50000000   2.90000000   121.9380024025
  2.60000000   2.90000000   122.1605506174
  2.70000000   2.90000000   122.2504329657
  2.80000000   2.90000000   122.2485702796
  2.90000000   2.90000000   122.1891833858
  3.00000000   2.90000000   122.1002349963
  3.10000000   2.90000000   122.0039761462
  3.20000000   2.90000000   121.9174863723
  3.30000000   2.90000000   121.8531439265
  3.40000000   2.90000000   121.8189930142
  3.50000000   2.90000000   121.8189930142

  0.00000000   3.00000000     0.0000000000
  0.10000000   3.00000000     7.3847687007
  0.20000000   3.00000000    14.7535988549
  0.30000000   3.00000000    22.0899261498
  0.40000000   3.00000000    29.3759302988
  0.50000000   3.00000000    36.5918997143
  0.60000000   3.00000000    43.7155985597
  0.70000000   3.00000000    50.7216574657
  0.80000000   3.00000000    57.5810300819
  0.90000000   3.00000000    64.2605866930
  1.00000000   3.00000000    70.7229527243
  1.10000000   3.00000000    76.9267393673
  1.20000000   3.00000000    82.8273438169
  1.30000000   3.00000000    88.3784955508
  1.40000000   3.00000000    93.5346611057
  1.50000000   3.00000000    98.2542623846
  1.60000000   3.00000000   102.5034097849
  1.70000000   3.00000000   106.2595638423
  1.80000000   3.00000000   109.5143612260
  1.90000000   3.00000000   112.2749297248
  2.00000000   3.00000000   114.5633832501
  2.10000000   3.00000000   116.4146360405
  2.20000000   3.00000000   117.8730471288
  2.30000000   3.00000000   118.9886045885
  2.40000000   3.00000000   119.8133133203
  2.50000000   3.00000000   120.3982265358
  2.60000000   3.00000000   120.7912961004
  2.70000000   3.00000000   121.0360113777
  2.80000000   3.00000000   121.1706826503
  2.90000000   3.00000000   121.2281894310
  3.00000000   3.00000000   121.2360260505
  3.10000000   3.00000000   121.2165100246
  3.20000000   3.00000000   121.1870555485
  3.30000000   3.00000000   121.1604464255
  3.40000000   3.00000000   121.1450670513
  3.50000000   3.00000000   121.1450670513

  0.00000000   3.10000000     0.0000000000
  0.10000000   3.10000000     7.2900642540
  0.20000000   3.10000000    14.5621971669
  0.30000000   3.10000000    21.7979017297
  0.40000000   3.10000000    28.9775563326
  0.50000000   3.10000000    36.0798727846
  0.60000000   3.10000000    43.0813887124
  0.70000000   3.10000000    49.9560230466
  0.80000000   3.10000000    56.6747388178
  0.90000000   3.10000000    63.2053766355
  1.00000000   3.10000000    69.5127427495
  1.10000000   3.10000000    75.5590523593
  1.20000000   3.10000000    81.3048326851
  1.30000000   3.10000000    86.7103678873
  1.40000000   3.10000000    91.7377044921
  1.50000000   3.10000000    96.3531231256
  1.60000000   3.10000000   100.5298312230
  1.70000000   3.10000000   104.2504851450
  1.80000000   3.10000000   107.5090803157
  1.90000000   3.10000000   110.3118175067
  2.00000000   3.10000000   112.6767588180
  2.10000000   3.10000000   114.6323464171
  2.20000000   3.10000000   116.2150823595
  2.30000000   3.10000000   117.4667947962
  2.40000000   3.10000000   118.4319130473
  2.50000000   3.10000000   119.1550682916
  2.60000000   3.10000000   119.6791901745
  2.70000000   3.10000000   120.0441378961
  2.80000000   3.10000000   120.2858149038
  2.90000000   3.10000000   120.4356715653
  3.00000000   3.10000000   120.5204892647
  3.10000000   3.10000000   120.5623484621
  3.20000000   3.10000000   120.5787011821
  3.30000000   3.10000000   120.5824879711
  3.40000000   3.10000000   120.5822569502
  3.50000000   3.10000000   120.5822569502

  0.00000000   3.20000000     0.0000000000
  0.10000000   3.20000000     7.2173208492
  0.20000000   3.20000000    14.4152800001
  0.30000000   3.20000000    21.5740038779
  0.40000000   3.20000000    28.6726095760
  0.50000000   3.20000000    35.6887392038
  0.60000000   3.20000000    42.5981493079
  0.70000000   3.20000000    49.3743872426
  0.80000000   3.20000000    55.9885971035
  0.90000000   3.20000000    62.4095093223
  1.00000000   3.20000000    68.6036775993
  1.10000000   3.20000000    74.5360301386
  1.20000000   3.20000000    80.1707929007
  1.30000000   3.20000000    85.4728135734
  1.40000000   3.20000000    90.4092604909
  1.50000000   3.20000000    94.9515913827
  1.60000000   3.20000000    99.0775952177
  1.70000000   3.20000000   102.7732341062
  1.80000000   3.20000000   106.0339876634
  1.90000000   3.20000000   108.8654558507
  2.00000000   3.20000000   111.2831025717
  2.10000000   3.20000000   113.3111813034
  2.20000000   3.20000000   114.9810265327
  2.30000000   3.20000000   116.3289816153
  2.40000000   3.20000000   117.3942467871
  2.50000000   3.20000000   118.2168810666
  2.60000000   3.20000000   118.8361085632
  2.70000000   3.20000000   119.2889942689
  2.80000000   3.20000000   119.6094868123
  2.90000000   3.20000000   119.8277828550
  3.00000000   3.20000000   119.9699476669
  3.10000000   3.20000000   120.0577227155
  3.20000000   3.20000000   120.1084572693
  3.30000000   3.20000000   120.1351118257
  3.40000000   3.20000000   120.1462932710
  3.50000000   3.20000000   120.1462932710

  0.00000000   3.30000000     0.0000000000
  0.10000000   3.30000000     7.1680279515
  0.20000000   3.30000000    14.3157735643
  0.30000000   3.30000000    21.4224823871
  0.40000000   3.30000000    28.4664748759
  0.50000000   3.30000000    35.4247341622
  0.60000000   3.30000000    42.2725609370
  0.70000000   3.30000000    48.9833283493
  0.80000000   3.30000000    55.5283771466
  0.90000000   3.30000000    61.8770977477
  1.00000000   3.30000000    67.9972489543
  1.10000000   3.30000000    73.8555590434
  1.20000000   3.30000000    79.4186398912
  1.30000000   3.30000000    84.6542148560
  1.40000000   3.30000000    89.5326151019
  1.50000000   3.30000000    94.0284406460
  1.60000000   3.30000000    98.1222227760
  1.70000000   3.30000000   101.8018817815
  1.80000000   3.30000000   105.0637682235
  1.90000000   3.30000000   107.9131192399
  2.00000000   3.30000000   110.3638483027
  2.10000000   3.30000000   112.4376945132
  2.20000000   3.30000000   114.1628562231
  2.30000000   3.30000000   115.5722984668
  2.40000000   3.30000000   116.7019420602
  2.50000000   3.30000000   117.5889180989
  2.60000000   3.30000000   118.2700206187
  2.70000000   3.30000000   118.7804310821
  2.80000000   3.30000000   119.1527356802
  2.90000000   3.30000000   119.4162177961
  3.00000000   3.30000000   119.5963848488
  3.10000000   3.30000000   119.7146788435
  3.20000000   3.30000000   119.7883195533
  3.30000000   3.30000000   119.8302346788
  3.40000000   3.30000000   119.8490397151
  3.50000000   3.30000000   119.8490397151

  0.00000000   3.40000000     0.0000000000
  0.10000000   3.40000000     7.1431463564
  0.20000000   3.40000000    14.2655603819
  0.30000000   3.40000000    21.3460586306
  0.40000000   3.40000000    28.3625767773
  0.50000000   3.40000000    35.2917847588
  0.60000000   3.40000000    42.1087744985
  0.70000000   3.40000000    48.7868533096
  0.80000000   3.40000000    55.2974816561
  0.90000000   3.40000000    61.6103979686
  1.00000000   3.40000000    67.6939731956
  1.10000000   3.40000000    73.5158307031
  1.20000000   3.40000000    79.0437499083
  1.30000000   3.40000000    84.2468425184
  1.40000000   3.40000000    89.0969488758
  1.50000000   3.40000000    93.5701533869
  1.60000000   3.40000000    97.6482722336
  1.70000000   3.40000000   101.3201374488
  1.80000000   3.40000000   104.5825025753
  1.90000000   3.40000000   107.4404334059
  2.00000000   3.40000000   109.9071177155
  2.10000000   3.40000000   112.0031138938
  2.20000000   3.40000000   113.7551382408
  2.30000000   3.40000000   115.1945454797
  2.40000000   3.40000000   116.3556768014
  2.50000000   3.40000000   117.2742358400
  2.60000000   3.40000000   117.9858155831
  2.70000000   3.40000000   118.5246519442
  2.80000000   3.40000000   118.9226344156
  2.90000000   3.40000000   119.2085682924
  3.00000000   3.40000000   119.4076591512
  3.10000000   3.40000000   119.5411779346
  3.20000000   3.40000000   119.6262617118
  3.30000000   3.40000000   119.6758080745
  3.40000000   3.40000000   119.6984276649
  3.50000000   3.40000000   119.6984276649

  0.00000000   3.50000000     0.0000000000
  0.10000000   3.50000000     7.1431463564
  0.20000000   3.50000000    14.2655603819
  0.30000000   3.50000000    21.3460586306
  0.40000000   3.50000000    28.3625767773
  0.50000000   3.50000000    35.2917847588
  0.60000000   3.50000000    42.1087744985
  0.70000000   3.50000000    48.7868533096
  0.80000000   3.50000000    55.2974816561
  0.90000000   3.50000000    61.6103979686
  1.00000000   3.50000000    67.6939731956
  1.10000000   3.50000000    73.5158307031
  1.20000000   3.50000000    79.0437499083
  1.30000000   3.50000000    84.2468425184
  1.40000000   3.50000000    89.0969488758
  1.50000000   3.50000000    93.5701533869
  1.60000000   3.50000000    97.6482722336
  1.70000000   3.50000000   101.3201374488
  1.80000000   3.50000000   104.5825025753
  1.90000000   3.50000000   107.4404334059
  2.00000000   3.50000000   109.9071177155
  2.10000000   3.50000000   112.0031138938
  2.20000000   3.50000000   113.7551382408
  2.30000000   3.50000000   115.1945454797
  2.40000000   3.50000000   116.3556768014
  2.50000000   3.50000000   117.2742358400
  2.60000000   3.50000000   117.9858155831
  2.70000000   3.50000000   118.5246519442
  2.80000000   3.50000000   118.9226344156
  2.90000000   3.50000000   119.2085682924
  3.00000000   3.50000000   119.4076591512
  3.10000000   3.50000000   119.5411779346
  3.20000000   3.50000000   119.6262617118
  3.30000000   3.50000000   119.6758080745
  3.40000000   3.50000000   119.6984276649
  3.50000000   3.50000000   119.6984276649

