  0.00000000   0.00000000     0.0000000000
  0.10000000   0.00000000     7.4578099665
  0.20000000   0.00000000    14.8948159914
  0.30000000   0.00000000    22.2897895938
  0.40000000   0.00000000    29.6206733898
  0.50000000   0.00000000    36.8642191709
  0.60000000   0.00000000    43.9956946087
  0.70000000   0.00000000    50.9886898966
  0.80000000   0.00000000    57.8150609257
  0.90000000   0.00000000    64.4450493442
  1.00000000   0.00000000    70.8476197507
  1.10000000   0.00000000    76.9910474321
  1.20000000   0.00000000    82.8437735357
  1.30000000   0.00000000    88.3755164046
  1.40000000   0.00000000    93.5585884699
  1.50000000   0.00000000    98.3693221807
  1.60000000   0.00000000   102.7894654896
  1.70000000   0.00000000   106.8073806501
  1.80000000   0.00000000   110.4188823538
  1.90000000   0.00000000   113.6275887295
  2.00000000   0.00000000   116.4447262218
  2.10000000   0.00000000   118.8884107225
  2.20000000   0.00000000   120.9825018632
  2.30000000   0.00000000   122.7551775134
  2.40000000   0.00000000   124.2373924332
  2.50000000   0.00000000   125.4613705318
  2.60000000   0.00000000   126.4592441832
  2.70000000   0.00000000   127.2619093622
  2.80000000   0.00000000   127.8981229930
  2.90000000   0.00000000   128.3938355900
  3.00000000   0.00000000   128.7717304302
  3.10000000   0.00000000   129.0509293798
  3.20000000   0.00000000   129.2468227876
  3.30000000   0.00000000   129.3709838241
  3.40000000   0.00000000   129.4311339298
  3.50000000   0.00000000   129.4311339298

  0.00000000   0.10000000     0.0000000000
  0.10000000   0.10000000     7.4578099665
  0.20000000   0.10000000    14.8948159914
  0.30000000   0.10000000    22.2897895938
  0.40000000   0.10000000    29.6206733898
  0.50000000   0.10000000    36.8642191709
  0.60000000   0.10000000    43.9956946087
  0.70000000   0.10000000    50.9886898966
  0.80000000   0.10000000    57.8150609257
  0.90000000   0.10000000    64.4450493442
  1.00000000   0.10000000    70.8476197507
  1.10000000   0.10000000    76.9910474321
  1.20000000   0.10000000    82.8437735357
  1.30000000   0.10000000    88.3755164046
  1.40000000   0.10000000    93.5585884699
  1.50000000   0.10000000    98.3693221807
  1.60000000   0.10000000   102.7894654896
  1.70000000   0.10000000   106.8073806501
  1.80000000   0.10000000   110.4188823538
  1.90000000   0.10000000   113.6275887295
  2.00000000   0.10000000   116.4447262218
  2.10000000   0.10000000   118.8884107225
  2.20000000   0.10000000   120.9825018632
  2.30000000   0.10000000   122.7551775134
  2.40000000   0.10000000   124.2373924332
  2.50000000   0.10000000   125.4613705318
  2.60000000   0.10000000   126.4592441832
  2.70000000   0.10000000   127.2619093622
  2.80000000   0.10000000   127.8981229930
  2.90000000   0.10000000   128.3938355900
  3.00000000   0.10000000   128.7717304302
  3.10000000   0.10000000   129.0509293798
  3.20000000   0.10000000   129.2468227876
  3.30000000   0.10000000   129.3709838241
  3.40000000   0.10000000   129.4311339298
  3.50000000   0.10000000   129.4311339298

  0.00000000   0.20000000     0.0000000000
  0.10000000   0.20000000     7.4811510411
  0.20000000   0.20000000    14.9419221797
  0.30000000   0.20000000    22.3614890117
  0.40000000   0.20000000    29.7181562030
  0.50000000   0.20000000    36.9889695708
  0.60000000   0.20000000    44.1493916243
  0.70000000   0.20000000    51.1730717202
  0.80000000   0.20000000    58.0317489283
  0.90000000   0.20000000    64.6953318018
  1.00000000   0.20000000    71.1322020214
  1.10000000   0.20000000    77.3097849801
  1.20000000   0.20000000    83.1954158376
  1.30000000   0.20000000    88.7575009375
  1.40000000   0.20000000    93.9669305765
  1.50000000   0.20000000    98.7986436959
  1.60000000   0.20000000   103.2331888654
  1.70000000   0.20000000   107.2580863666
  1.80000000   0.20000000   110.8687922612
  1.90000000   0.20000000   114.0691080557
  2.00000000   0.20000000   116.8709631658
  2.10000000   0.20000000   119.2935994035
  2.20000000   0.20000000   121.3622787683
  2.30000000   0.20000000   123.1066947555
  2.40000000   0.20000000   124.5592824512
  2.50000000   0.20000000   125.7535982814
  2.60000000   0.20000000   126.7228914710
  2.70000000   0.20000000   127.4989336114
  2.80000000   0.20000000   128.1111236282
  2.90000000   0.20000000   128.5858497552
  3.00000000   0.20000000   128.9460690238
  3.10000000   0.20000000   129.2110560087
  3.20000000   0.20000000   129.3962725794
  3.30000000   0.20000000   129.5133157349
  3.40000000   0.20000000   129.5699086022
  3.50000000   0.20000000   129.5699086022

  0.00000000   0.30000000     0.0000000000
  0.10000000   0.30000000     7.5273967240
  0.20000000   0.30000000    15.0352813771
  0.30000000   0.30000000    22.5036595706
  0.40000000   0.30000000    29.9115858859
  0.50000000   0.30000000    37.2367251981
  0.60000000   0.30000000    44.4549660680
  0.70000000   0.30000000    51.5401164331
  0.80000000   0.30000000    58.4637220341
  0.90000000   0.30000000    65.1950589031
  1.00000000   0.30000000    71.7013602742
  1.10000000   0.30000000    77.9483412349
  1.20000000   0.30000000    83.9010753854
  1.30000000   0.30000000    89.5252498083
  1.40000000   0.30000000    94.7887724734
  1.50000000   0.30000000    99.6636305416
  1.60000000   0.30000000   104.1278112208
  1.70000000   0.30000000   108.1670254816
  1.80000000   0.30000000   111.7759538190
  1.90000000   0.30000000   114.9587870050
  2.00000000   0.30000000   117.7289568600
  2.10000000   0.30000000   120.1081030947
  2.20000000   0.30000000   122.1244549923
  2.30000000   0.30000000   123.8108850914
  2.40000000   0.30000000   125.2029008395
  2.50000000   0.30000000   126.3367907852
  2.60000000   0.30000000   127.2480627451
  2.70000000   0.30000000   127.9702313594
  2.80000000   0.30000000   128.5339497822
  2.90000000   0.30000000   128.9664410423
  3.00000000   0.30000000   129.2911665344
  3.10000000   0.30000000   129.5276662453
  3.20000000   0.30000000   129.6915114977
  3.30000000   0.30000000   129.7943213484
  3.40000000   0.30000000   129.8438052203
  3.50000000   0.30000000   129.8438052203

  0.00000000   0.40000000     0.0000000000
  0.10000000   0.40000000     7.5956546027
  0.20000000   0.40000000    15.1731461477
  0.30000000   0.40000000    22.7137780747
  0.40000000   0.40000000    30.1977931258
  0.50000000   0.40000000    37.6038620933
  0.60000000   0.40000000    44.9086050259
  0.70000000   0.40000000    52.0861721742
  0.80000000   0.40000000    59.1079267484
  0.90000000   0.40000000    65.9422897913
  1.00000000   0.40000000    72.5548269491
  1.10000000   0.40000000    78.9086727139
  1.20000000   0.40000000    84.9653910039
  1.30000000   0.40000000    90.6863490073
  1.40000000   0.40000000    96.0346200189
  1.50000000   0.40000000   100.9773228117
  1.60000000   0.40000000   105.4881610832
  1.70000000   0.40000000   109.5497886609
  1.80000000   0.40000000   113.1555632193
  1.90000000   0.40000000   116.3103225916
  2.00000000   0.40000000   119.0300176926
  2.10000000   0.40000000   121.3402832814
  2.20000000   0.40000000   123.2742371013
  2.30000000   0.40000000   124.8699109861
  2.40000000   0.40000000   126.1677086652
  2.50000000   0.40000000   127.2081821264
  2.60000000   0.40000000   128.0302801475
  2.70000000   0.40000000   128.6700999918
  2.80000000   0.40000000   129.1600910094
  2.90000000   0.40000000   129.5286184649
  3.00000000   0.40000000   129.7997868117
  3.10000000   0.40000000   129.9934308854
  3.20000000   0.40000000   130.1252006699
  3.30000000   0.40000000   130.2066837886
  3.40000000   0.40000000   130.2455263753
  3.50000000   0.40000000   130.2455263753

  0.00000000   0.50000000     0.0000000000
  0.10000000   0.50000000     7.6845394799
  0.20000000   0.50000000    15.3527966253
  0.30000000   0.50000000    22.9878983642
  0.40000000   0.50000000    30.5717858293
  0.50000000   0.50000000    38.0846142608
  0.60000000   0.50000000    45.5041549768
  0.70000000   0.50000000    52.8052197044
  0.80000000   0.50000000    59.9591475267
  0.90000000   0.50000000    66.9334224469
  1.00000000   0.50000000    73.6915244383
  1.10000000   0.50000000    80.1931542531
  1.20000000   0.50000000    86.3950006574
  1.30000000   0.50000000    92.2522168465
  1.40000000   0.50000000    97.7207103409
  1.50000000   0.50000000   102.7601988219
  1.60000000   0.50000000   107.3377412420
  1.70000000   0.50000000   111.4311805077
  1.80000000   0.50000000   115.0317699626
  1.90000000   0.50000000   118.1453505192
  2.00000000   0.50000000   120.7918043189
  2.10000000   0.50000000   123.0029392972
  2.20000000   0.50000000   124.8193031589
  2.30000000   0.50000000   126.2865985053
  2.40000000   0.50000000   127.4523164106
  2.50000000   0.50000000   128.3629907630
  2.60000000   0.50000000   129.0622273925
  2.70000000   0.50000000   129.5894721435
  2.80000000   0.50000000   129.9793787808
  2.90000000   0.50000000   130.2616065618
  3.00000000   0.50000000   130.4608901388
  3.10000000   0.50000000   130.5972562530
  3.20000000   0.50000000   130.6862964705
  3.30000000   0.50000000   130.7394351580
  3.40000000   0.50000000   130.7641545568
  3.50000000   0.50000000   130.7641545568

  0.00000000   0.60000000     0.0000000000
  0.10000000   0.60000000     7.7921236869
  0.20000000   0.60000000    15.5704338022
  0.30000000   0.60000000    23.3204734041
  0.40000000   0.60000000    31.0264802587
  0.50000000   0.60000000    38.6706910771
  0.60000000   0.60000000    46.2326042344
  0.70000000   0.60000000    53.6882075030
  0.80000000   0.60000000    61.0092014308
  0.90000000   0.60000000    68.1622869218
  1.00000000   0.60000000    75.1086403908
  1.10000000   0.60000000    81.8037704251
  1.20000000   0.60000000    88.1980246551
  1.30000000   0.60000000    94.2380638732
  1.40000000   0.60000000    99.8695856083
  1.50000000   0.60000000   105.0413857736
  1.60000000   0.60000000   109.7104435190
  1.70000000   0.60000000   113.8471673924
  1.80000000   0.60000000   117.4395261313
  1.90000000   0.60000000   120.4948996241
  2.00000000   0.60000000   123.0391985960
  2.10000000   0.60000000   125.1135650395
  2.20000000   0.60000000   126.7695306545
  2.30000000   0.60000000   128.0638005626
  2.40000000   0.60000000   129.0536623258
  2.50000000   0.60000000   129.7935660438
  2.60000000   0.60000000   130.3329713665
  2.70000000   0.60000000   130.7152720969
  2.80000000   0.60000000   130.9774992560
  2.90000000   0.60000000   131.1505101322
  3.00000000   0.60000000   131.2594305474
  3.10000000   0.60000000   131.3241878713
  3.20000000   0.60000000   131.3600325223
  3.30000000   0.60000000   131.3779895316
  3.40000000   0.60000000   131.3852101702
  3.50000000   0.60000000   131.3852101702

  0.00000000   0.70000000     0.0000000000
  0.10000000   0.70000000     7.9158818971
  0.20000000   0.70000000    15.8210584871
  0.30000000   0.70000000    23.7041473119
  0.40000000   0.70000000    31.5523755780
  0.50000000   0.70000000    39.3507967212
  0.60000000   0.70000000    47.0814076821
  0.70000000   0.70000000    54.7221497582
  0.80000000   0.70000000    62.2458002105
  0.90000000   0.70000000    69.6188068212
  1.00000000   0.70000000    76.8001934886
  1.10000000   0.70000000    83.7407801706
  1.20000000   0.70000000    90.3831122411
  1.30000000   0.70000000    96.6626496208
  1.40000000   0.70000000   102.5108344107
  1.50000000   0.70000000   107.8604716113
  1.60000000   0.70000000   112.6532274111
  1.70000000   0.70000000   116.8479529562
  1.80000000   0.70000000   120.4274814570
  1.90000000   0.70000000   123.4016026486
  2.00000000   0.70000000   125.8055358825
  2.10000000   0.70000000   127.6945699698
  2.20000000   0.70000000   129.1364008957
  2.30000000   0.70000000   130.2032868542
  2.40000000   0.70000000   130.9656897240
  2.50000000   0.70000000   131.4880874309
  2.60000000   0.70000000   131.8268298653
  2.70000000   0.70000000   132.0295202180
  2.80000000   0.70000000   132.1353462461
  2.90000000   0.70000000   132.1758937866
  3.00000000   0.70000000   132.1761238583
  3.10000000   0.70000000   132.1553241518
  3.20000000   0.70000000   132.1279375673
  3.30000000   0.70000000   132.1042272194
  3.40000000   0.70000000   132.0907679572
  3.50000000   0.70000000   132.0907679572

  0.00000000   0.80000000     0.0000000000
  0.10000000   0.80000000     8.0526411241
  0.20000000   0.80000000    16.0983570344
  0.30000000   0.80000000    24.1295479343
  0.40000000   0.80000000    32.1372095393
  0.50000000   0.80000000    40.1100913642
  0.60000000   0.80000000    48.0336860813
  0.70000000   0.80000000    55.8889967498
  0.80000000   0.80000000    63.6510449411
  0.90000000   0.80000000    71.2871247016
  1.00000000   0.80000000    78.7548957825
  1.10000000   0.80000000    86.0005722155
  1.20000000   0.80000000    92.9577239723
  1.30000000   0.80000000    99.5475621154
  1.40000000   0.80000000   105.6819149358
  1.50000000   0.80000000   111.2701213284
  1.60000000   0.80000000   116.2302316193
  1.70000000   0.80000000   120.5027573099
  1.80000000   0.80000000   124.0624266186
  1.90000000   0.80000000   126.9229582450
  2.00000000   0.80000000   129.1342186292
  2.10000000   0.80000000   130.7732713078
  2.20000000   0.80000000   131.9317777843
  2.30000000   0.80000000   132.7038590745
  2.40000000   0.80000000   133.1772892514
  2.50000000   0.80000000   133.4286704718
  2.60000000   0.80000000   133.5218178695
  2.70000000   0.80000000   133.5081740697
  2.80000000   0.80000000   133.4282366406
  2.90000000   0.80000000   133.3133146253
  3.00000000   0.80000000   133.1872293927
  3.10000000   0.80000000   133.0677815880
  3.20000000   0.80000000   132.9679269555
  3.30000000   0.80000000   132.8966644483
  3.40000000   0.80000000   132.8596638726
  3.50000000   0.80000000   132.8596638726

  0.00000000   0.90000000     0.0000000000
  0.10000000   0.90000000     8.1985501755
  0.20000000   0.90000000    16.3946227530
  0.30000000   0.90000000    24.5851237530
  0.40000000   0.90000000    32.7656530066
  0.50000000   0.90000000    40.9296616610
  0.60000000   0.90000000    49.0673672571
  0.70000000   0.90000000    57.1643248375
  0.80000000   0.90000000    65.1995472750
  0.90000000   0.90000000    73.1430859493
  1.00000000   0.90000000    80.9530563558
  1.10000000   0.90000000    88.5722784119
  1.20000000   0.90000000    95.9250806909
  1.30000000   0.90000000   102.9154743206
  1.40000000   0.90000000   109.4288106866
  1.50000000   0.90000000   115.3397951010
  1.60000000   0.90000000   120.5291446940
  1.70000000   0.90000000   124.9073015382
  1.80000000   0.90000000   128.4361279503
  1.90000000   0.90000000   131.1361093440
  2.00000000   0.90000000   133.0806849264
  2.10000000   0.90000000   134.3812489718
  2.20000000   0.90000000   135.1655113956
  2.30000000   0.90000000   135.5582015651
  2.40000000   0.90000000   135.6691704526
  2.50000000   0.90000000   135.5887038882
  2.60000000   0.90000000   135.3876186393
  2.70000000   0.90000000   135.1197273503
  2.80000000   0.90000000   134.8250457818
  2.90000000   0.90000000   134.5328765051
  3.00000000   0.90000000   134.2644109989
  3.10000000   0.90000000   134.0347686249
  3.20000000   0.90000000   133.8545157577
  3.30000000   0.90000000   133.7307493234
  3.40000000   0.90000000   133.6678294476
  3.50000000   0.90000000   133.6678294476

  0.00000000   1.00000000     0.0000000000
  0.10000000   1.00000000     8.3490860614
  0.20000000   1.00000000    16.7007494473
  0.30000000   1.00000000    25.0570830169
  0.40000000   1.00000000    33.4191250222
  0.50000000   1.00000000    41.7861059463
  0.60000000   1.00000000    50.1543913019
  0.70000000   1.00000000    58.5159640159
  0.80000000   1.00000000    66.8562465987
  0.90000000   1.00000000    75.1510249247
  1.00000000   1.00000000    83.3622376704
  1.10000000   1.00000000    91.4325205413
  1.20000000   1.00000000    99.2788088172
  1.30000000   1.00000000   106.7862870235
  1.40000000   1.00000000   113.8058561862
  1.50000000   1.00000000   120.1609775930
  1.60000000   1.00000000   125.6713715482
  1.70000000   1.00000000   130.1957581733
  1.80000000   1.00000000   133.6759566092
  1.90000000   1.00000000   136.1448882597
  2.00000000   1.00000000   137.7145338868
  2.10000000   1.00000000   138.5522005813
  2.20000000   1.00000000   138.8408686780
  2.30000000   1.00000000   138.7476949492
  2.40000000   1.00000000   138.4092195984
  2.50000000   1.00000000   137.9292507113
  2.60000000   1.00000000   137.3830869109
  2.70000000   1.00000000   136.8236588440
  2.80000000   1.00000000   136.2873808089
  2.90000000   1.00000000   135.7989182526
  3.00000000   1.00000000   135.3747713570
  3.10000000   1.00000000   135.0258417168
  3.20000000   1.00000000   134.7592097292
  3.30000000   1.00000000   134.5793282844
  3.40000000   1.00000000   134.4887917941
  3.50000000   1.00000000   134.4887917941

  0.00000000   1.10000000     0.0000000000
  0.10000000   1.10000000     8.4991166056
  0.20000000   1.10000000    17.0063385974
  0.30000000   1.10000000    25.5295047195
  0.40000000   1.10000000    34.0758342099
  0.50000000   1.10000000    42.6513843158
  0.60000000   1.10000000    51.2601776329
  0.70000000   1.10000000    59.9027961744
  0.80000000   1.10000000    68.5741444048
  0.90000000   1.10000000    77.2599532723
  1.00000000   1.10000000    85.9314459679
  1.10000000   1.10000000    94.5374846910
  1.20000000   1.10000000   102.9936853343
  1.30000000   1.10000000   111.1689752716
  1.40000000   1.10000000   118.8730132978
  1.50000000   1.10000000   125.8543844178
  1.60000000   1.10000000   131.8291463959
  1.70000000   1.10000000   136.5602682688
  1.80000000   1.10000000   139.9615693390
  1.90000000   1.10000000   142.0904591421
  2.00000000   1.10000000   143.1211557628
  2.10000000   1.10000000   143.3164503387
  2.20000000   1.10000000   142.9459857737
  2.30000000   1.10000000   142.2340340029
  2.40000000   1.10000000   141.3458471289
  2.50000000   1.10000000   140.3944567296
  2.60000000   1.10000000   139.4534419375
  2.70000000   1.10000000   138.5689536506
  2.80000000   1.10000000   137.7690019665
  2.90000000   1.10000000   137.0700047684
  3.00000000   1.10000000   136.4811838445
  3.10000000   1.10000000   136.0074302263
  3.20000000   1.10000000   135.6511332473
  3.30000000   1.10000000   135.4133246734
  3.40000000   1.10000000   135.2943724395
  3.50000000   1.10000000   135.2943724395

  0.00000000   1.20000000     0.0000000000
  0.10000000   1.20000000     8.6430372608
  0.20000000   1.20000000    17.2999608577
  0.30000000   1.20000000    25.9846946770
  0.40000000   1.20000000    34.7111681437
  0.50000000   1.20000000    43.4931252151
  0.60000000   1.20000000    52.3436397143
  0.70000000   1.20000000    61.2741194003
  0.80000000   1.20000000    70.2924386776
  0.90000000   1.20000000    79.3996034396
  1.00000000   1.20000000    88.5839758309
  1.10000000   1.20000000    97.8115395265
  1.20000000   1.20000000   107.0100554714
  1.30000000   1.20000000   116.0448140827
  1.40000000   1.20000000   124.6861010089
  1.50000000   1.20000000   132.5791696507
  1.60000000   1.20000000   139.2570906206
  1.70000000   1.20000000   144.2832583461
  1.80000000   1.20000000   147.5508335310
  1.90000000   1.20000000   149.1685231312
  2.00000000   1.20000000   149.4009717548
  2.10000000   1.20000000   148.6880481251
  2.20000000   1.20000000   147.4381236509
  2.30000000   1.20000000   145.9460901592
  2.40000000   1.20000000   144.3989970615
  2.50000000   1.20000000   142.9062453851
  2.60000000   1.20000000   141.5276084924
  2.70000000   1.20000000   140.2931257151
  2.80000000   1.20000000   139.2158225218
  2.90000000   1.20000000   138.2994500423
  3.00000000   1.20000000   137.5430694575
  3.10000000   1.20000000   136.9437197938
  3.20000000   1.20000000   136.4979462022
  3.30000000   1.20000000   136.2026593046
  3.40000000   1.20000000   136.0556047760
  3.50000000   1.20000000   136.0556047760

  0.00000000   1.30000000     0.0000000000
  0.10000000   1.30000000     8.7749941746
  0.20000000   1.30000000    17.5696018287
  0.30000000   1.30000000    26.4038477749
  0.40000000   1.30000000    35.2985464867
  0.50000000   1.30000000    44.2755973435
  0.60000000   1.30000000    53.3581057698
  0.70000000   1.30000000    62.5701577856
  0.80000000   1.30000000    71.9359195762
  0.90000000   1.30000000    81.4774365332
  1.00000000   1.30000000    91.2099384244
  1.10000000   1.30000000   101.1323765956
  1.20000000   1.30000000   111.2089202624
  1.30000000   1.30000000   121.3337946483
  1.40000000   1.30000000   131.2680116601
  1.50000000   1.30000000   140.5407638021
  1.60000000   1.30000000   148.3598011799
  1.70000000   1.30000000   153.7896972627
  1.80000000   1.30000000   156.8173089360
  1.90000000   1.30000000   157.6623153086
  2.00000000   1.30000000   156.6604535054
  2.10000000   1.30000000   154.6351658770
  2.20000000   1.30000000   152.2152847350
  2.30000000   1.30000000   149.7604861587
  2.40000000   1.30000000   147.4492852732
  2.50000000   1.30000000   145.3593418765
  2.60000000   1.30000000   143.5166721694
  2.70000000   1.30000000   141.9224464843
  2.80000000   1.30000000   140.5669416128
  2.90000000   1.30000000   139.4366409542
  3.00000000   1.30000000   138.5177657442
  3.10000000   1.30000000   137.7979665227
  3.20000000   1.30000000   137.2670790649
  3.30000000   1.30000000   136.9174192126
  3.40000000   1.30000000   136.7438663775
  3.50000000   1.30000000   136.7438663775

  0.00000000   1.40000000     0.0000000000
  0.10000000   1.40000000     8.8891937584
  0.20000000   1.40000000    17.8032981017
  0.30000000   1.40000000    26.7680416242
  0.40000000   1.40000000    35.8108095705
  0.50000000   1.40000000    44.9615162831
  0.60000000   1.40000000    54.2535046077
  0.70000000   1.40000000    63.7244194119
  0.80000000   1.40000000    73.4168998641
  0.90000000   1.40000000    83.3787067392
  1.00000000   1.40000000    93.6613835955
  1.10000000   1.40000000   104.3153418546
  1.20000000   1.40000000   115.3763207781
  1.30000000   1.40000000   126.8307721446
  1.40000000   1.40000000   138.5291059711
  1.50000000   1.40000000   149.9742205245
  1.60000000   1.40000000   159.8705415684
  1.70000000   1.40000000   165.7187215374
  1.80000000   1.40000000   168.2889695852
  1.90000000   1.40000000   168.0288505559
  2.00000000   1.40000000   164.9735624995
  2.10000000   1.40000000   161.0119614114
  2.20000000   1.40000000   157.0674691530
  2.30000000   1.40000000   153.4762894604
  2.40000000   1.40000000   150.3279517004
  2.50000000   1.40000000   147.6190846149
  2.60000000   1.40000000   145.3151080768
  2.70000000   1.40000000   143.3743488735
  2.80000000   1.40000000   141.7572227047
  2.90000000   1.40000000   140.4294068775
  3.00000000   1.40000000   139.3625867638
  3.10000000   1.40000000   138.5342654933
  3.20000000   1.40000000   137.9272725194
  3.30000000   1.40000000   137.5292439064
  3.40000000   1.40000000   137.3321889914
  3.50000000   1.40000000   137.3321889914

  0.00000000   1.50000000     0.0000000000
  0.10000000   1.50000000     8.9802817057
  0.20000000   1.50000000    17.9899321473
  0.30000000   1.50000000    27.0595238504
  0.40000000   1.50000000    36.2221186382
  0.50000000   1.50000000    45.5147238414
  0.60000000   1.50000000    54.9800225164
  0.70000000   1.50000000    64.6685009770
  0.80000000   1.50000000    74.6411172589
  0.90000000   1.50000000    84.9726577258
  1.00000000   1.50000000    95.7558645083
  1.10000000   1.50000000   107.1061187535
  1.20000000   1.50000000   119.1653182079
  1.30000000   1.50000000   132.0988818620
  1.40000000   1.50000000   146.0581125478
  1.50000000   1.50000000   160.9707011100
  1.60000000   1.50000000   175.4434192813
  1.70000000   1.50000000   180.9404535608
  1.80000000   1.50000000   182.6077008712
  1.90000000   1.50000000   181.2106543800
  2.00000000   1.50000000   174.2183841286
  2.10000000   1.50000000   167.4029805783
  2.20000000   1.50000000   161.6035575039
  2.30000000   1.50000000   156.7920204576
  2.40000000   1.50000000   152.8150336510
  2.50000000   1.50000000   149.5264682585
  2.60000000   1.50000000   146.8070245720
  2.70000000   1.50000000   144.5630060528
  2.80000000   1.50000000   142.7217994760
  2.90000000   1.50000000   141.2275344141
  3.00000000   1.50000000   140.0375545655
  3.10000000   1.50000000   139.1197098978
  3.20000000   1.50000000   138.4503451418
  3.30000000   1.50000000   138.0128510933
  3.40000000   1.50000000   137.7966690666
  3.50000000   1.50000000   137.7966690666

  0.00000000   1.60000000     0.0000000000
  0.10000000   1.60000000     9.0437544395
  0.20000000   1.60000000    18.1201091621
  0.30000000   1.60000000    27.2631718972
  0.40000000   1.60000000    36.5102007746
  0.50000000   1.60000000    45.9035404952
  0.60000000   1.60000000    55.4930594607
  0.70000000   1.60000000    65.3393869617
  0.80000000   1.60000000    75.5184096797
  0.90000000   1.60000000    86.1277736991
  1.00000000   1.60000000    97.2966916969
  1.10000000   1.60000000   109.2015839494
  1.20000000   1.60000000   122.0934387208
  1.30000000   1.60000000   136.3542049471
  1.40000000   1.60000000   152.6454946311
  1.50000000   1.60000000   172.4170640666
  1.60000000   1.60000000   200.0000000000
  1.70000000   1.60000000   200.0000000000
  1.80000000   1.60000000   200.0000000000
  1.90000000   1.60000000   200.0000000000
  2.00000000   1.60000000   183.3061750390
  2.10000000   1.60000000   172.8054896385
  2.20000000   1.60000000   165.1862288660
  2.30000000   1.60000000   159.3139548994
  2.40000000   1.60000000   154.6600590976
  2.50000000   1.60000000   150.9160852890
  2.60000000   1.60000000   147.8792842693
  2.70000000   1.60000000   145.4084897063
  2.80000000   1.60000000   143.4024246285
  2.90000000   1.60000000   141.7872171640
  3.00000000   1.60000000   140.5085895320
  3.10000000   1.60000000   139.5267585107
  3.20000000   1.60000000   138.8130384641
  3.30000000   1.60000000   138.3475740994
  3.40000000   1.60000000   138.1178626783
  3.50000000   1.60000000   138.1178626783

  0.00000000   1.70000000     0.0000000000
  0.10000000   1.70000000     9.0763488617
  0.20000000   1.70000000    18.1869979481
  0.30000000   1.70000000    27.3679225608
  0.40000000   1.70000000    36.6586152073
  0.50000000   1.70000000    46.1042933228
  0.60000000   1.70000000    55.7587433710
  0.70000000   1.70000000    65.6882073186
  0.80000000   1.70000000    75.9769594358
  0.90000000   1.70000000    86.7356518273
  1.00000000   1.70000000    98.1142694146
  1.10000000   1.70000000   110.3228378966
  1.20000000   1.70000000   123.6649449779
  1.30000000   1.70000000   138.5902252582
  1.40000000   1.70000000   155.7618854116
  1.50000000   1.70000000   176.0580746592
  1.60000000   1.70000000   200.0000000000
  1.70000000   1.70000000   200.0000000000
  1.80000000   1.70000000   200.0000000000
  1.90000000   1.70000000   200.0000000000
  2.00000000   1.70000000   186.2148815763
  2.10000000   1.70000000   175.3506785806
  2.20000000   1.70000000   167.0541740247
  2.30000000   1.70000000   160.6567154411
  2.40000000   1.70000000   155.6403918514
  2.50000000   1.70000000   151.6490244905
  2.60000000   1.70000000   148.4406364901
  2.70000000   1.70000000   145.8483487571
  2.80000000   1.70000000   143.7547471970
  2.90000000   1.70000000   142.0757980737
  3.00000000   1.70000000   140.7507209798
  3.10000000   1.70000000   139.7355094819
  3.20000000   1.70000000   138.9987234487
  3.30000000   1.70000000   138.5187448218
  3.40000000   1.70000000   138.2820214259
  3.50000000   1.70000000   138.2820214259

  0.00000000   1.80000000     0.0000000000
  0.10000000   1.80000000     9.0763488617
  0.20000000   1.80000000    18.1869979481
  0.30000000   1.80000000    27.3679225608
  0.40000000   1.80000000    36.6586152073
  0.50000000   1.80000000    46.1042933228
  0.60000000   1.80000000    55.7587433710
  0.70000000   1.80000000    65.6882073186
  0.80000000   1.80000000    75.9769594358
  0.90000000   1.80000000    86.7356518273
  1.00000000   1.80000000    98.1142694146
  1.10000000   1.80000000   110.3228378966
  1.20000000   1.80000000   123.6649449779
  1.30000000   1.80000000   138.5902252582
  1.40000000   1.80000000   155.7618854116
  1.50000000   1.80000000   176.0580746592
  1.60000000   1.80000000   200.0000000000
  1.70000000   1.80000000   200.0000000000
  1.80000000   1.80000000   200.0000000000
  1.90000000   1.80000000   200.0000000000
  2.00000000   1.80000000   186.2148815763
  2.10000000   1.80000000   175.3506785806
  2.20000000   1.80000000   167.0541740247
  2.30000000   1.80000000   160.6567154411
  2.40000000   1.80000000   155.6403918514
  2.50000000   1.80000000   151.6490244905
  2.60000000   1.80000000   148.4406364901
  2.70000000   1.80000000   145.8483487571
  2.80000000   1.80000000   143.7547471970
  2.90000000   1.80000000   142.0757980737
  3.00000000   1.80000000   140.7507209798
  3.10000000   1.80000000   139.7355094819
  3.20000000   1.80000000   138.9987234487
  3.30000000   1.80000000   138.5187448218
  3.40000000   1.80000000   138.2820214259
  3.50000000   1.80000000   138.2820214259

  0.00000000   1.90000000     0.0000000000
  0.10000000   1.90000000     9.0437544395
  0.20000000   1.90000000    18.1201091621
  0.30000000   1.90000000    27.2631718972
  0.40000000   1.90000000    36.5102007746
  0.50000000   1.90000000    45.9035404952
  0.60000000   1.90000000    55.4930594607
  0.70000000   1.90000000    65.3393869617
  0.80000000   1.90000000    75.5184096797
  0.90000000   1.90000000    86.1277736991
  1.00000000   1.90000000    97.2966916969
  1.10000000   1.90000000   109.2015839494
  1.20000000   1.90000000   122.0934387208
  1.30000000   1.90000000   136.3542049471
  1.40000000   1.90000000   152.6454946311
  1.50000000   1.90000000   172.4170640666
  1.60000000   1.90000000   200.0000000000
  1.70000000   1.90000000   200.0000000000
  1.80000000   1.90000000   200.0000000000
  1.90000000   1.90000000   200.0000000000
  2.00000000   1.90000000   183.3061750390
  2.10000000   1.90000000   172.8054896385
  2.20000000   1.90000000   165.1862288660
  2.30000000   1.90000000   159.3139548994
  2.40000000   1.90000000   154.6600590976
  2.50000000   1.90000000   150.9160852890
  2.60000000   1.90000000   147.8792842693
  2.70000000   1.90000000   145.4084897063
  2.80000000   1.90000000   143.4024246285
  2.90000000   1.90000000   141.7872171640
  3.00000000   1.90000000   140.5085895320
  3.10000000   1.90000000   139.5267585107
  3.20000000   1.90000000   138.8130384641
  3.30000000   1.90000000   138.3475740994
  3.40000000   1.90000000   138.1178626783
  3.50000000   1.90000000   138.1178626783

  0.00000000   2.00000000     0.0000000000
  0.10000000   2.00000000     8.9802817057
  0.20000000   2.00000000    17.9899321473
  0.30000000   2.00000000    27.0595238504
  0.40000000   2.00000000    36.2221186382
  0.50000000   2.00000000    45.5147238414
  0.60000000   2.00000000    54.9800225164
  0.70000000   2.00000000    64.6685009770
  0.80000000   2.00000000    74.6411172589
  0.90000000   2.00000000    84.9726577258
  1.00000000   2.00000000    95.7558645083
  1.10000000   2.00000000   107.1061187535
  1.20000000   2.00000000   119.1653182079
  1.30000000   2.00000000   132.0988818620
  1.40000000   2.00000000   146.0581125478
  1.50000000   2.00000000   160.9707011100
  1.60000000   2.00000000   175.4434192813
  1.70000000   2.00000000   180.9404535608
  1.80000000   2.00000000   182.6077008712
  1.90000000   2.00000000   181.2106543800
  2.00000000   2.00000000   174.2183841286
  2.10000000   2.00000000   167.4029805783
  2.20000000   2.00000000   161.6035575039
  2.30000000   2.00000000   156.7920204576
  2.40000000   2.00000000   152.8150336510
  2.50000000   2.00000000   149.5264682585
  2.60000000   2.00000000   146.8070245720
  2.70000000   2.00000000   144.5630060528
  2.80000000   2.00000000   142.7217994760
  2.90000000   2.00000000   141.2275344141
  3.00000000   2.00000000   140.0375545655
  3.10000000   2.00000000   139.1197098978
  3.20000000   2.00000000   138.4503451418
  3.30000000   2.00000000   138.0128510933
  3.40000000   2.00000000   137.7966690666
  3.50000000   2.00000000   137.7966690666

  0.00000000   2.10000000     0.0000000000
  0.10000000   2.10000000     8.8891937584
  0.20000000   2.10000000    17.8032981017
  0.30000000   2.10000000    26.7680416242
  0.40000000   2.10000000    35.8108095705
  0.50000000   2.10000000    44.9615162831
  0.60000000   2.10000000    54.2535046077
  0.70000000   2.10000000    63.7244194119
  0.80000000   2.10000000    73.4168998641
  0.90000000   2.10000000    83.3787067392
  1.00000000   2.10000000    93.6613835955
  1.10000000   2.10000000   104.3153418546
  1.20000000   2.10000000   115.3763207781
  1.30000000   2.10000000   126.8307721446
  1.40000000   2.10000000   138.5291059711
  1.50000000   2.10000000   149.9742205245
  1.60000000   2.10000000   159.8705415684
  1.70000000   2.10000000   165.7187215374
  1.80000000   2.10000000   168.2889695852
  1.90000000   2.10000000   168.0288505559
  2.00000000   2.10000000   164.9735624995
  2.10000000   2.10000000   161.0119614114
  2.20000000   2.10000000   157.0674691530
  2.30000000   2.10000000   153.4762894604
  2.40000000   2.10000000   150.3279517004
  2.50000000   2.10000000   147.6190846149
  2.60000000   2.10000000   145.3151080768
  2.70000000   2.10000000   143.3743488735
  2.80000000   2.10000000   141.7572227047
  2.90000000   2.10000000   140.4294068775
  3.00000000   2.10000000   139.3625867638
  3.10000000   2.10000000   138.5342654933
  3.20000000   2.10000000   137.9272725194
  3.30000000   2.10000000   137.5292439064
  3.40000000   2.10000000   137.3321889914
  3.50000000   2.10000000   137.3321889914

  0.00000000   2.20000000     0.0000000000
  0.10000000   2.20000000     8.7749941746
  0.20000000   2.20000000    17.5696018287
  0.30000000   2.20000000    26.4038477749
  0.40000000   2.20000000    35.2985464867
  0.50000000   2.20000000    44.2755973435
  0.60000000   2.20000000    53.3581057698
  0.70000000   2.20000000    62.5701577856
  0.80000000   2.20000000    71.9359195762
  0.90000000   2.20000000    81.4774365332
  1.00000000   2.20000000    91.2099384244
  1.10000000   2.20000000   101.1323765956
  1.20000000   2.20000000   111.2089202624
  1.30000000   2.20000000   121.3337946483
  1.40000000   2.20000000   131.2680116601
  1.50000000   2.20000000   140.5407638021
  1.60000000   2.20000000   148.3598011799
  1.70000000   2.20000000   153.7896972627
  1.80000000   2.20000000   156.8173089360
  1.90000000   2.20000000   157.6623153086
  2.00000000   2.20000000   156.6604535054
  2.10000000   2.20000000   154.6351658770
  2.20000000   2.20000000   152.2152847350
  2.30000000   2.20000000   149.7604861587
  2.40000000   2.20000000   147.4492852732
  2.50000000   2.20000000   145.3593418765
  2.60000000   2.20000000   143.5166721694
  2.70000000   2.20000000   141.9224464843
  2.80000000   2.20000000   140.5669416128
  2.90000000   2.20000000   139.4366409542
  3.00000000   2.20000000   138.5177657442
  3.10000000   2.20000000   137.7979665227
  3.20000000   2.20000000   137.2670790649
  3.30000000   2.20000000   136.9174192126
  3.40000000   2.20000000   136.7438663775
  3.50000000   2.20000000   136.7438663775

  0.00000000   2.30000000     0.0000000000
  0.10000000   2.30000000     8.6430372608
  0.20000000   2.30000000    17.2999608577
  0.30000000   2.30000000    25.9846946770
  0.40000000   2.30000000    34.7111681437
  0.50000000   2.30000000    43.4931252151
  0.60000000   2.30000000    52.3436397143
  0.70000000   2.30000000    61.2741194003
  0.80000000   2.30000000    70.2924386776
  0.90000000   2.30000000    79.3996034396
  1.00000000   2.30000000    88.5839758309
  1.10000000   2.30000000    97.8115395265
  1.20000000   2.30000000   107.0100554714
  1.30000000   2.30000000   116.0448140827
  1.40000000   2.30000000   124.6861010089
  1.50000000   2.30000000   132.5791696507
  1.60000000   2.30000000   139.2570906206
  1.70000000   2.30000000   144.2832583461
  1.80000000   2.30000000   147.5508335310
  1.90000000   2.30000000   149.1685231312
  2.00000000   2.30000000   149.4009717548
  2.10000000   2.30000000   148.6880481251
  2.20000000   2.30000000   147.4381236509
  2.30000000   2.30000000   145.9460901592
  2.40000000   2.30000000   144.3989970615
  2.50000000   2.30000000   142.9062453851
  2.60000000   2.30000000   141.5276084924
  2.70000000   2.30000000   140.2931257151
  2.80000000   2.30000000   139.2158225218
  2.90000000   2.30000000   138.2994500423
  3.00000000   2.30000000   137.5430694575
  3.10000000   2.30000000   136.9437197938
  3.20000000   2.30000000   136.4979462022
  3.30000000   2.30000000   136.2026593046
  3.40000000   2.30000000   136.0556047760
  3.50000000   2.30000000   136.0556047760

  0.00000000   2.40000000     0.0000000000
  0.10000000   2.40000000     8.4991166056
  0.20000000   2.40000000    17.0063385974
  0.30000000   2.40000000    25.5295047195
  0.40000000   2.40000000    34.0758342099
  0.50000000   2.40000000    42.6513843158
  0.60000000   2.40000000    51.2601776329
  0.70000000   2.40000000    59.9027961744
  0.80000000   2.40000000    68.5741444048
  0.90000000   2.40000000    77.2599532723
  1.00000000   2.40000000    85.9314459679
  1.10000000   2.40000000    94.5374846910
  1.20000000   2.40000000   102.9936853343
  1.30000000   2.40000000   111.1689752716
  1.40000000   2.40000000   118.8730132978
  1.50000000   2.40000000   125.8543844178
  1.60000000   2.40000000   131.8291463959
  1.70000000   2.40000000   136.5602682688
  1.80000000   2.40000000   139.9615693390
  1.90000000   2.40000000   142.0904591421
  2.00000000   2.40000000   143.1211557628
  2.10000000   2.40000000   143.3164503387
  2.20000000   2.40000000   142.9459857737
  2.30000000   2.40000000   142.2340340029
  2.40000000   2.40000000   141.3458471289
  2.50000000   2.40000000   140.3944567296
  2.60000000   2.40000000   139.4534419375
  2.70000000   2.40000000   138.5689536506
  2.80000000   2.40000000   137.7690019665
  2.90000000   2.40000000   137.0700047684
  3.00000000   2.40000000   136.4811838445
  3.10000000   2.40000000   136.0074302263
  3.20000000   2.40000000   135.6511332473
  3.30000000   2.40000000   135.4133246734
  3.40000000   2.40000000   135.2943724395
  3.50000000   2.40000000   135.2943724395

  0.00000000   2.50000000     0.0000000000
  0.10000000   2.50000000     8.3490860614
  0.20000000   2.50000000    16.7007494473
  0.30000000   2.50000000    25.0570830169
  0.40000000   2.50000000    33.4191250222
  0.50000000   2.50000000    41.7861059463
  0.60000000   2.50000000    50.1543913019
  0.70000000   2.50000000    58.5159640159
  0.80000000   2.50000000    66.8562465987
  0.90000000   2.50000000    75.1510249247
  1.00000000   2.50000000    83.3622376704
  1.10000000   2.50000000    91.4325205413
  1.20000000   2.50000000    99.2788088172
  1.30000000   2.50000000   106.7862870235
  1.40000000   2.50000000   113.8058561862
  1.50000000   2.50000000   120.1609775930
  1.60000000   2.50000000   125.6713715482
  1.70000000   2.50000000   130.1957581733
  1.80000000   2.50000000   133.6759566092
  1.90000000   2.50000000   136.1448882597
  2.00000000   2.50000000   137.7145338868
  2.10000000   2.50000000   138.5522005813
  2.20000000   2.50000000   138.8408686780
  2.30000000   2.50000000   138.7476949492
  2.40000000   2.50000000   138.4092195984
  2.50000000   2.50000000   137.9292507113
  2.60000000   2.50000000   137.3830869109
  2.70000000   2.50000000   136.8236588440
  2.80000000   2.50000000   136.2873808089
  2.90000000   2.50000000   135.7989182526
  3.00000000   2.50000000   135.3747713570
  3.10000000   2.50000000   135.0258417168
  3.20000000   2.50000000   134.7592097292
  3.30000000   2.50000000   134.5793282844
  3.40000000   2.50000000   134.4887917941
  3.50000000   2.50000000   134.4887917941

  0.00000000   2.60000000     0.0000000000
  0.10000000   2.60000000     8.1985501755
  0.20000000   2.60000000    16.3946227530
  0.30000000   2.60000000    24.5851237530
  0.40000000   2.60000000    32.7656530066
  0.50000000   2.60000000    40.9296616610
  0.60000000   2.60000000    49.0673672571
  0.70000000   2.60000000    57.1643248375
  0.80000000   2.60000000    65.1995472750
  0.90000000   2.60000000    73.1430859493
  1.00000000   2.60000000    80.9530563558
  1.10000000   2.60000000    88.5722784119
  1.20000000   2.60000000    95.9250806909
  1.30000000   2.60000000   102.9154743206
  1.40000000   2.60000000   109.4288106866
  1.50000000   2.60000000   115.3397951010
  1.60000000   2.60000000   120.5291446940
  1.70000000   2.60000000   124.9073015382
  1.80000000   2.60000000   128.4361279503
  1.90000000   2.60000000   131.1361093440
  2.00000000   2.60000000   133.0806849264
  2.10000000   2.60000000   134.3812489718
  2.20000000   2.60000000   135.1655113956
  2.30000000   2.60000000   135.5582015651
  2.40000000   2.60000000   135.6691704526
  2.50000000   2.60000000   135.5887038882
  2.60000000   2.60000000   135.3876186393
  2.70000000   2.60000000   135.1197273503
  2.80000000   2.60000000   134.8250457818
  2.90000000   2.60000000   134.5328765051
  3.00000000   2.60000000   134.2644109989
  3.10000000   2.60000000   134.0347686249
  3.20000000   2.60000000   133.8545157577
  3.30000000   2.60000000   133.7307493234
  3.40000000   2.60000000   133.6678294476
  3.50000000   2.60000000   133.6678294476

  0.00000000   2.70000000     0.0000000000
  0.10000000   2.70000000     8.0526411241
  0.20000000   2.70000000    16.0983570344
  0.30000000   2.70000000    24.1295479343
  0.40000000   2.70000000    32.1372095393
  0.50000000   2.70000000    40.1100913642
  0.60000000   2.70000000    48.0336860813
  0.70000000   2.70000000    55.8889967498
  0.80000000   2.70000000    63.6510449411
  0.90000000   2.70000000    71.2871247016
  1.00000000   2.70000000    78.7548957825
  1.10000000   2.70000000    86.0005722155
  1.20000000   2.70000000    92.9577239723
  1.30000000   2.70000000    99.5475621154
  1.40000000   2.70000000   105.6819149358
  1.50000000   2.70000000   111.2701213284
  1.60000000   2.70000000   116.2302316193
  1.70000000   2.70000000   120.5027573099
  1.80000000   2.70000000   124.0624266186
  1.90000000   2.70000000   126.9229582450
  2.00000000   2.70000000   129.1342186292
  2.10000000   2.70000000   130.7732713078
  2.20000000   2.70000000   131.9317777843
  2.30000000   2.70000000   132.7038590745
  2.40000000   2.70000000   133.1772892514
  2.50000000   2.70000000   133.4286704718
  2.60000000   2.70000000   133.5218178695
  2.70000000   2.70000000   133.5081740697
  2.80000000   2.70000000   133.4282366406
  2.90000000   2.70000000   133.3133146253
  3.00000000   2.70000000   133.1872293927
  3.10000000   2.70000000   133.0677815880
  3.20000000   2.70000000   132.9679269555
  3.30000000   2.70000000   132.8966644483
  3.40000000   2.70000000   132.8596638726
  3.50000000   2.70000000   132.8596638726

  0.00000000   2.80000000     0.0000000000
  0.10000000   2.80000000     7.9158818971
  0.20000000   2.80000000    15.8210584871
  0.30000000   2.80000000    23.7041473119
  0.40000000   2.80000000    31.5523755780
  0.50000000   2.80000000    39.3507967212
  0.60000000   2.80000000    47.0814076821
  0.70000000   2.80000000    54.7221497582
  0.80000000   2.80000000    62.2458002105
  0.90000000   2.80000000    69.6188068212
  1.00000000   2.80000000    76.8001934886
  1.10000000   2.80000000    83.7407801706
  1.20000000   2.80000000    90.3831122411
  1.30000000   2.80000000    96.6626496208
  1.40000000   2.80000000   102.5108344107
  1.50000000   2.80000000   107.8604716113
  1.60000000   2.80000000   112.6532274111
  1.70000000   2.80000000   116.8479529562
  1.80000000   2.80000000   120.4274814570
  1.90000000   2.80000000   123.4016026486
  2.00000000   2.80000000   125.8055358825
  2.10000000   2.80000000   127.6945699698
  2.20000000   2.80000000   129.1364008957
  2.30000000   2.80000000   130.2032868542
  2.40000000   2.80000000   130.9656897240
  2.50000000   2.80000000   131.4880874309
  2.60000000   2.80000000   131.8268298653
  2.70000000   2.80000000   132.0295202180
  2.80000000   2.80000000   132.1353462461
  2.90000000   2.80000000   132.1758937866
  3.00000000   2.80000000   132.1761238583
  3.10000000   2.80000000   132.1553241518
  3.20000000   2.80000000   132.1279375673
  3.30000000   2.80000000   132.1042272194
  3.40000000   2.80000000   132.0907679572
  3.50000000   2.80000000   132.0907679572

  0.00000000   2.90000000     0.0000000000
  0.10000000   2.90000000     7.7921236869
  0.20000000   2.90000000    15.5704338022
  0.30000000   2.90000000    23.3204734041
  0.40000000   2.90000000    31.0264802587
  0.50000000   2.90000000    38.6706910771
  0.60000000   2.90000000    46.2326042344
  0.70000000   2.90000000    53.6882075030
  0.80000000   2.90000000    61.0092014308
  0.90000000   2.90000000    68.1622869218
  1.00000000   2.90000000    75.1086403908
  1.10000000   2.90000000    81.8037704251
  1.20000000   2.90000000    88.1980246551
  1.30000000   2.90000000    94.2380638732
  1.40000000   2.90000000    99.8695856083
  1.50000000   2.90000000   105.0413857736
  1.60000000   2.90000000   109.7104435190
  1.70000000   2.90000000   113.8471673924
  1.80000000   2.90000000   117.4395261313
  1.90000000   2.90000000   120.4948996241
  2.00000000   2.90000000   123.0391985960
  2.10000000   2.90000000   125.1135650395
  2.20000000   2.90000000   126.7695306545
  2.30000000   2.90000000   128.0638005626
  2.40000000   2.90000000   129.0536623258
  2.50000000   2.90000000   129.7935660438
  2.60000000   2.90000000   130.3329713665
  2.70000000   2.90000000   130.7152720969
  2.80000000   2.90000000   130.9774992560
  2.90000000   2.90000000   131.1505101322
  3.00000000   2.90000000   131.2594305474
  3.10000000   2.90000000   131.3241878713
  3.20000000   2.90000000   131.3600325223
  3.30000000   2.90000000   131.3779895316
  3.40000000   2.90000000   131.3852101702
  3.50000000   2.90000000   131.3852101702

  0.00000000   3.00000000     0.0000000000
  0.10000000   3.00000000     7.6845394799
  0.20000000   3.00000000    15.3527966253
  0.30000000   3.00000000    22.9878983642
  0.40000000   3.00000000    30.5717858293
  0.50000000   3.00000000    38.0846142608
  0.60000000   3.00000000    45.5041549768
  0.70000000   3.00000000    52.8052197044
  0.80000000   3.00000000    59.9591475267
  0.90000000   3.00000000    66.9334224469
  1.00000000   3.00000000    73.6915244383
  1.10000000   3.00000000    80.1931542531
  1.20000000   3.00000000    86.3950006574
  1.30000000   3.00000000    92.2522168465
  1.40000000   3.00000000    97.7207103409
  1.50000000   3.00000000   102.7601988219
  1.60000000   3.00000000   107.3377412420
  1.70000000   3.00000000   111.4311805077
  1.80000000   3.00000000   115.0317699626
  1.90000000   3.00000000   118.1453505192
  2.00000000   3.00000000   120.7918043189
  2.10000000   3.00000000   123.0029392972
  2.20000000   3.00000000   124.8193031589
  2.30000000   3.00000000   126.2865985053
  2.40000000   3.00000000   127.4523164106
  2.50000000   3.00000000   128.3629907630
  2.60000000   3.00000000   129.0622273925
  2.70000000   3.00000000   129.5894721435
  2.80000000   3.00000000   129.9793787808
  2.90000000   3.00000000   130.2616065618
  3.00000000   3.00000000   130.4608901388
  3.10000000   3.00000000   130.5972562530
  3.20000000   3.00000000   130.6862964705
  3.30000000   3.00000000   130.7394351580
  3.40000000   3.00000000   130.7641545568
  3.50000000   3.00000000   130.7641545568

  0.00000000   3.10000000     0.0000000000
  0.10000000   3.10000000     7.5956546027
  0.20000000   3.10000000    15.1731461477
  0.30000000   3.10000000    22.7137780747
  0.40000000   3.10000000    30.1977931258
  0.50000000   3.10000000    37.6038620933
  0.60000000   3.10000000    44.9086050259
  0.70000000   3.10000000    52.0861721742
  0.80000000   3.10000000    59.1079267484
  0.90000000   3.10000000    65.9422897913
  1.00000000   3.10000000    72.5548269491
  1.10000000   3.10000000    78.9086727139
  1.20000000   3.10000000    84.9653910039
  1.30000000   3.10000000    90.6863490073
  1.40000000   3.10000000    96.0346200189
  1.50000000   3.10000000   100.9773228117
  1.60000000   3.10000000   105.4881610832
  1.70000000   3.10000000   109.5497886609
  1.80000000   3.10000000   113.1555632193
  1.90000000   3.10000000   116.3103225916
  2.00000000   3.10000000   119.0300176926
  2.10000000   3.10000000   121.3402832814
  2.20000000   3.10000000   123.2742371013
  2.30000000   3.10000000   124.8699109861
  2.40000000   3.10000000   126.1677086652
  2.50000000   3.10000000   127.2081821264
  2.60000000   3.10000000   128.0302801475
  2.70000000   3.10000000   128.6700999918
  2.80000000   3.10000000   129.1600910094
  2.90000000   3.10000000   129.5286184649
  3.00000000   3.10000000   129.7997868117
  3.10000000   3.10000000   129.9934308854
  3.20000000   3.10000000   130.1252006699
  3.30000000   3.10000000   130.2066837886
  3.40000000   3.10000000   130.2455263753
  3.50000000   3.10000000   130.2455263753

  0.00000000   3.20000000     0.0000000000
  0.10000000   3.20000000     7.5273967240
  0.20000000   3.20000000    15.0352813771
  0.30000000   3.20000000    22.5036595706
  0.40000000   3.20000000    29.9115858859
  0.50000000   3.20000000    37.2367251981
  0.60000000   3.20000000    44.4549660680
  0.70000000   3.20000000    51.5401164331
  0.80000000   3.20000000    58.4637220341
  0.90000000   3.20000000    65.1950589031
  1.00000000   3.20000000    71.7013602742
  1.10000000   3.20000000    77.9483412349
  1.20000000   3.20000000    83.9010753854
  1.30000000   3.20000000    89.5252498083
  1.40000000   3.20000000    94.7887724734
  1.50000000   3.20000000    99.6636305416
  1.60000000   3.20000000   104.1278112208
  1.70000000   3.20000000   108.1670254816
  1.80000000   3.20000000   111.7759538190
  1.90000000   3.20000000   114.9587870050
  2.00000000   3.20000000   117.7289568600
  2.10000000   3.20000000   120.1081030947
  2.20000000   3.20000000   122.1244549923
  2.30000000   3.20000000   123.8108850914
  2.40000000   3.20000000   125.2029008395
  2.50000000   3.20000000   126.3367907852
  2.60000000   3.20000000   127.2480627451
  2.70000000   3.20000000   127.9702313594
  2.80000000   3.20000000   128.5339497822
  2.90000000   3.20000000   128.9664410423
  3.00000000   3.20000000   129.2911665344
  3.10000000   3.20000000   129.5276662453
  3.20000000   3.20000000   129.6915114977
  3.30000000   3.20000000   129.7943213484
  3.40000000   3.20000000   129.8438052203
  3.50000000   3.20000000   129.8438052203

  0.00000000   3.30000000     0.0000000000
  0.10000000   3.30000000     7.4811510411
  0.20000000   3.30000000    14.9419221797
  0.30000000   3.30000000    22.3614890117
  0.40000000   3.30000000    29.7181562030
  0.50000000   3.30000000    36.9889695708
  0.60000000   3.30000000    44.1493916243
  0.70000000   3.30000000    51.1730717202
  0.80000000   3.30000000    58.0317489283
  0.90000000   3.30000000    64.6953318018
  1.00000000   3.30000000    71.1322020214
  1.10000000   3.30000000    77.3097849801
  1.20000000   3.30000000    83.1954158376
  1.30000000   3.30000000    88.7575009375
  1.40000000   3.30000000    93.9669305765
  1.50000000   3.30000000    98.7986436959
  1.60000000   3.30000000   103.2331888654
  1.70000000   3.30000000   107.2580863666
  1.80000000   3.30000000   110.8687922612
  1.90000000   3.30000000   114.0691080557
  2.00000000   3.30000000   116.8709631658
  2.10000000   3.30000000   119.2935994035
  2.20000000   3.30000000   121.3622787683
  2.30000000   3.30000000   123.1066947555
  2.40000000   3.30000000   124.5592824512
  2.50000000   3.30000000   125.7535982814
  2.60000000   3.30000000   126.7228914710
  2.70000000   3.30000000   127.4989336114
  2.80000000   3.30000000   128.1111236282
  2.90000000   3.30000000   128.5858497552
  3.00000000   3.30000000   128.9460690238
  3.10000000   3.30000000   129.2110560087
  3.20000000   3.30000000   129.3962725794
  3.30000000   3.30000000   129.5133157349
  3.40000000   3.30000000   129.5699086022
  3.50000000   3.30000000   129.5699086022

  0.00000000   3.40000000     0.0000000000
  0.10000000   3.40000000     7.4578099665
  0.20000000   3.40000000    14.8948159914
  0.30000000   3.40000000    22.2897895938
  0.40000000   3.40000000    29.6206733898
  0.50000000   3.40000000    36.8642191709
  0.60000000   3.40000000    43.9956946087
  0.70000000   3.40000000    50.9886898966
  0.80000000   3.40000000    57.8150609257
  0.90000000   3.40000000    64.4450493442
  1.00000000   3.40000000    70.8476197507
  1.10000000   3.40000000    76.9910474321
  1.20000000   3.40000000    82.8437735357
  1.30000000   3.40000000    88.3755164046
  1.40000000   3.40000000    93.5585884699
  1.50000000   3.40000000    98.3693221807
  1.60000000   3.40000000   102.7894654896
  1.70000000   3.40000000   106.8073806501
  1.80000000   3.40000000   110.4188823538
  1.90000000   3.40000000   113.6275887295
  2.00000000   3.40000000   116.4447262218
  2.10000000   3.40000000   118.8884107225
  2.20000000   3.40000000   120.9825018632
  2.30000000   3.40000000   122.7551775134
  2.40000000   3.40000000   124.2373924332
  2.50000000   3.40000000   125.4613705318
  2.60000000   3.40000000   126.4592441832
  2.70000000   3.40000000   127.2619093622
  2.80000000   3.40000000   127.8981229930
  2.90000000   3.40000000   128.3938355900
  3.00000000   3.40000000   128.7717304302
  3.10000000   3.40000000   129.0509293798
  3.20000000   3.40000000   129.2468227876
  3.30000000   3.40000000   129.3709838241
  3.40000000   3.40000000   129.4311339298
  3.50000000   3.40000000   129.4311339298

  0.00000000   3.50000000     0.0000000000
  0.10000000   3.50000000     7.4578099665
  0.20000000   3.50000000    14.8948159914
  0.30000000   3.50000000    22.2897895938
  0.40000000   3.50000000    29.6206733898
  0.50000000   3.50000000    36.8642191709
  0.60000000   3.50000000    43.9956946087
  0.70000000   3.50000000    50.9886898966
  0.80000000   3.50000000    57.8150609257
  0.90000000   3.50000000    64.4450493442
  1.00000000   3.50000000    70.8476197507
  1.10000000   3.50000000    76.9910474321
  1.20000000   3.50000000    82.8437735357
  1.30000000   3.50000000    88.3755164046
  1.40000000   3.50000000    93.5585884699
  1.50000000   3.50000000    98.3693221807
  1.60000000   3.50000000   102.7894654896
  1.70000000   3.50000000   106.8073806501
  1.80000000   3.50000000   110.4188823538
  1.90000000   3.50000000   113.6275887295
  2.00000000   3.50000000   116.4447262218
  2.10000000   3.50000000   118.8884107225
  2.20000000   3.50000000   120.9825018632
  2.30000000   3.50000000   122.7551775134
  2.40000000   3.50000000   124.2373924332
  2.50000000   3.50000000   125.4613705318
  2.60000000   3.50000000   126.4592441832
  2.70000000   3.50000000   127.2619093622
  2.80000000   3.50000000   127.8981229930
  2.90000000   3.50000000   128.3938355900
  3.00000000   3.50000000   128.7717304302
  3.10000000   3.50000000   129.0509293798
  3.20000000   3.50000000   129.2468227876
  3.30000000   3.50000000   129.3709838241
  3.40000000   3.50000000   129.4311339298
  3.50000000   3.50000000   129.4311339298

