  0.00000000   0.00000000     0.0000000000
  0.10000000   0.00000000     7.2322725081
  0.20000000   0.00000000    14.4437898943
  0.30000000   0.00000000    21.6133534941
  0.40000000   0.00000000    28.7188985757
  0.50000000   0.00000000    35.7371160202
  0.60000000   0.00000000    42.6431454619
  0.70000000   0.00000000    49.4103724776
  0.80000000   0.00000000    56.0103679144
  0.90000000   0.00000000    62.4130113876
  1.00000000   0.00000000    68.5868409410
  1.10000000   0.00000000    74.4996638601
  1.20000000   0.00000000    80.1194465998
  1.30000000   0.00000000    85.4154726585
  1.40000000   0.00000000    90.3597164364
  1.50000000   0.00000000    94.9283333283
  1.60000000   0.00000000    99.1031213247
  1.70000000   0.00000000   102.8727809390
  1.80000000   0.00000000   106.2338017373
  1.90000000   0.00000000   109.1908418089
  2.00000000   0.00000000   111.7565360944
  2.10000000   0.00000000   113.9507541799
  2.20000000   0.00000000   115.7994065107
  2.30000000   0.00000000   117.3329514546
  2.40000000   0.00000000   118.5847745972
  2.50000000   0.00000000   119.5895975714
  2.60000000   0.00000000   120.3820367239
  2.70000000   0.00000000   120.9953853777
  2.80000000   0.00000000   121.4606489685
  2.90000000   0.00000000   121.8058271502
  3.00000000   0.00000000   122.0554137089
  3.10000000   0.00000000   122.2300731414
  3.20000000   0.00000000   122.3464496277
  3.30000000   0.00000000   122.4170670458
  3.40000000   0.00000000   122.4502851361
  3.50000000   0.00000000   122.4502851361

  0.00000000   0.10000000     0.0000000000
  0.10000000   0.10000000     7.2322725081
  0.20000000   0.10000000    14.4437898943
  0.30000000   0.10000000    21.6133534941
  0.40000000   0.10000000    28.7188985757
  0.50000000   0.10000000    35.7371160202
  0.60000000   0.10000000    42.6431454619
  0.70000000   0.10000000    49.4103724776
  0.80000000   0.10000000    56.0103679144
  0.90000000   0.10000000    62.4130113876
  1.00000000   0.10000000    68.5868409410
  1.10000000   0.10000000    74.4996638601
  1.20000000   0.10000000    80.1194465998
  1.30000000   0.10000000    85.4154726585
  1.40000000   0.10000000    90.3597164364
  1.50000000   0.10000000    94.9283333283
  1.60000000   0.10000000    99.1031213247
  1.70000000   0.10000000   102.8727809390
  1.80000000   0.10000000   106.2338017373
  1.90000000   0.10000000   109.1908418089
  2.00000000   0.10000000   111.7565360944
  2.10000000   0.10000000   113.9507541799
  2.20000000   0.10000000   115.7994065107
  2.30000000   0.10000000   117.3329514546
  2.40000000   0.10000000   118.5847745972
  2.50000000   0.10000000   119.5895975714
  2.60000000   0.10000000   120.3820367239
  2.70000000   0.10000000   120.9953853777
  2.80000000   0.10000000   121.4606489685
  2.90000000   0.10000000   121.8058271502
  3.00000000   0.10000000   122.0554137089
  3.10000000   0.10000000   122.2300731414
  3.20000000   0.10000000   122.3464496277
  3.30000000   0.10000000   122.4170670458
  3.40000000   0.10000000   122.4502851361
  3.50000000   0.10000000   122.4502851361

  0.00000000   0.20000000     0.0000000000
  0.10000000   0.20000000     7.2567179498
  0.20000000   0.20000000    14.4931234282
  0.30000000   0.20000000    21.6884397165
  0.40000000   0.20000000    28.8209804346
  0.50000000   0.20000000    35.8677442366
  0.60000000   0.20000000    42.8040755858
  0.70000000   0.20000000    49.6034240100
  0.80000000   0.20000000    56.2372414629
  0.90000000   0.20000000    62.6750637723
  1.00000000   0.20000000    68.8848251096
  1.10000000   0.20000000    74.8334504629
  1.20000000   0.20000000    80.4877561655
  1.30000000   0.20000000    85.8156589716
  1.40000000   0.20000000    90.7876487318
  1.50000000   0.20000000    95.3784221641
  1.60000000   0.20000000    99.5685165558
  1.70000000   0.20000000   103.3457404120
  1.80000000   0.20000000   106.7061928589
  1.90000000   0.20000000   109.6547067277
  2.00000000   0.20000000   112.2046362191
  2.10000000   0.20000000   114.3770161226
  2.20000000   0.20000000   116.1992163861
  2.30000000   0.20000000   117.7032788965
  2.40000000   0.20000000   118.9241407684
  2.50000000   0.20000000   119.8979242333
  2.60000000   0.20000000   120.6604228647
  2.70000000   0.20000000   121.2458557490
  2.80000000   0.20000000   121.6859095457
  2.90000000   0.20000000   122.0090505753
  3.00000000   0.20000000   122.2400665198
  3.10000000   0.20000000   122.3997877454
  3.20000000   0.20000000   122.5049379717
  3.30000000   0.20000000   122.5680694084
  3.40000000   0.20000000   122.5975457531
  3.50000000   0.20000000   122.5975457531

  0.00000000   0.30000000     0.0000000000
  0.10000000   0.30000000     7.3051481197
  0.20000000   0.30000000    14.5908894694
  0.30000000   0.30000000    21.8373138196
  0.40000000   0.30000000    29.0235182113
  0.50000000   0.30000000    36.1271489861
  0.60000000   0.30000000    43.1239980354
  0.70000000   0.30000000    49.9876846779
  0.80000000   0.30000000    56.6894651627
  0.90000000   0.30000000    63.1982231102
  1.00000000   0.30000000    69.4807036289
  1.10000000   0.30000000    75.5020570412
  1.20000000   0.30000000    81.2267489574
  1.30000000   0.30000000    86.6198647207
  1.40000000   0.30000000    91.6487824245
  1.50000000   0.30000000    96.2851103986
  1.60000000   0.30000000   100.5066948033
  1.70000000   0.30000000   104.2994280729
  1.80000000   0.30000000   107.6585653590
  1.90000000   0.30000000   110.5893097817
  2.00000000   0.30000000   113.1065523701
  2.10000000   0.30000000   115.2338093223
  2.20000000   0.30000000   117.0015389396
  2.30000000   0.30000000   118.4451050439
  2.40000000   0.30000000   119.6026655848
  2.50000000   0.30000000   120.5132153193
  2.60000000   0.30000000   121.2149293784
  2.70000000   0.30000000   121.7438706331
  2.80000000   0.30000000   122.1330575659
  2.90000000   0.30000000   122.4118475714
  3.00000000   0.30000000   122.6055710493
  3.10000000   0.30000000   122.7353481940
  3.20000000   0.30000000   122.8180265499
  3.30000000   0.30000000   122.8661880843
  3.40000000   0.30000000   122.8881864440
  3.50000000   0.30000000   122.8881864440

  0.00000000   0.40000000     0.0000000000
  0.10000000   0.40000000     7.3766215869
  0.20000000   0.40000000    14.7352437494
  0.30000000   0.40000000    22.0573105503
  0.40000000   0.40000000    29.3231596394
  0.50000000   0.40000000    36.5114890176
  0.60000000   0.40000000    43.5988576323
  0.70000000   0.40000000    50.5592481083
  0.80000000   0.40000000    57.3637352262
  0.90000000   0.40000000    63.9803226524
  1.00000000   0.40000000    70.3740306545
  1.10000000   0.40000000    76.5073340276
  1.20000000   0.40000000    82.3410531455
  1.30000000   0.40000000    87.8357787660
  1.40000000   0.40000000    92.9538484189
  1.50000000   0.40000000    97.6617806736
  1.60000000   0.40000000   101.9329244668
  1.70000000   0.40000000   105.7499368032
  1.80000000   0.40000000   109.1066342762
  1.90000000   0.40000000   112.0088338756
  2.00000000   0.40000000   114.4740024222
  2.10000000   0.40000000   116.5297899987
  2.20000000   0.40000000   118.2117434946
  2.30000000   0.40000000   119.5606194277
  2.40000000   0.40000000   120.6197106714
  2.50000000   0.40000000   121.4324967985
  2.60000000   0.40000000   122.0407836230
  2.70000000   0.40000000   122.4833683637
  2.80000000   0.40000000   122.7951794448
  2.90000000   0.40000000   123.0067964302
  3.00000000   0.40000000   123.1442451643
  3.10000000   0.40000000   123.2289723444
  3.20000000   0.40000000   123.2779214527
  3.30000000   0.40000000   123.3036512563
  3.40000000   0.40000000   123.3144553558
  3.50000000   0.40000000   123.3144553558

  0.00000000   0.50000000     0.0000000000
  0.10000000   0.50000000     7.4696784119
  0.20000000   0.50000000    14.9233184892
  0.30000000   0.50000000    22.3442660971
  0.40000000   0.50000000    29.7146310912
  0.50000000   0.50000000    37.0146620091
  0.60000000   0.50000000    44.2221230490
  0.70000000   0.50000000    51.3116943376
  0.80000000   0.50000000    58.2544371171
  0.90000000   0.50000000    65.0173941638
  1.00000000   0.50000000    71.5634318617
  1.10000000   0.50000000    77.8514691928
  1.20000000   0.50000000    83.8372686369
  1.30000000   0.50000000    89.4749626768
  1.40000000   0.50000000    94.7194260561
  1.50000000   0.50000000    99.5294480976
  1.60000000   0.50000000   103.8714086528
  1.70000000   0.50000000   107.7228777752
  1.80000000   0.50000000   111.0753852502
  1.90000000   0.50000000   113.9356965647
  2.00000000   0.50000000   116.3252961979
  2.10000000   0.50000000   118.2782217109
  2.20000000   0.50000000   119.8377561404
  2.30000000   0.50000000   121.0526775257
  2.40000000   0.50000000   121.9737161877
  2.50000000   0.50000000   122.6506492115
  2.60000000   0.50000000   123.1302013214
  2.70000000   0.50000000   123.4547202372
  2.80000000   0.50000000   123.6614839518
  2.90000000   0.50000000   123.7824629371
  3.00000000   0.50000000   123.8443725730
  3.10000000   0.50000000   123.8688838372
  3.20000000   0.50000000   123.8728965562
  3.30000000   0.50000000   123.8688109096
  3.40000000   0.50000000   123.8647567245
  3.50000000   0.50000000   123.8647567245

  0.00000000   0.60000000     0.0000000000
  0.10000000   0.60000000     7.5822892689
  0.20000000   0.60000000    15.1511130115
  0.30000000   0.60000000    22.6923354341
  0.40000000   0.60000000    30.1904610609
  0.50000000   0.60000000    37.6279103821
  0.60000000   0.60000000    44.9842526197
  0.70000000   0.60000000    52.2354023035
  0.80000000   0.60000000    59.3528112049
  0.90000000   0.60000000    66.3027263067
  1.00000000   0.60000000    73.0456411189
  1.10000000   0.60000000    79.5361406711
  1.20000000   0.60000000    85.7234181801
  1.30000000   0.60000000    91.5527922883
  1.40000000   0.60000000    96.9685195346
  1.50000000   0.60000000   101.9179992511
  1.60000000   0.60000000   106.3570536720
  1.70000000   0.60000000   110.2554008785
  1.80000000   0.60000000   113.6010034183
  1.90000000   0.60000000   116.4020769381
  2.00000000   0.60000000   118.6862633679
  2.10000000   0.60000000   120.4972589889
  2.20000000   0.60000000   121.8897888332
  2.30000000   0.60000000   122.9241450024
  2.40000000   0.60000000   123.6613479255
  2.50000000   0.60000000   124.1595184056
  2.60000000   0.60000000   124.4715738314
  2.70000000   0.60000000   124.6440578000
  2.80000000   0.60000000   124.7167928541
  2.90000000   0.60000000   124.7230502432
  3.00000000   0.60000000   124.6899918828
  3.10000000   0.60000000   124.6392129627
  3.20000000   0.60000000   124.5872768127
  3.30000000   0.60000000   124.5461798174
  3.40000000   0.60000000   124.5237142203
  3.50000000   0.60000000   124.5237142203

  0.00000000   0.70000000     0.0000000000
  0.10000000   0.70000000     7.7117991351
  0.20000000   0.70000000    15.4133700370
  0.30000000   0.70000000    23.0937793269
  0.40000000   0.70000000    30.7406461018
  0.50000000   0.70000000    38.3393269535
  0.60000000   0.70000000    45.8719983201
  0.70000000   0.70000000    53.3166183342
  0.80000000   0.70000000    60.6457753393
  0.90000000   0.70000000    67.8254765872
  1.00000000   0.70000000    74.8140088547
  1.10000000   0.70000000    81.5611216314
  1.20000000   0.70000000    88.0079404990
  1.30000000   0.70000000    94.0881797347
  1.40000000   0.70000000    99.7312963517
  1.50000000   0.70000000   104.8680424395
  1.60000000   0.70000000   109.4382286218
  1.70000000   0.70000000   113.3993837217
  1.80000000   0.70000000   116.7338945742
  1.90000000   0.70000000   119.4522402047
  2.00000000   0.70000000   121.5915636996
  2.10000000   0.70000000   123.2102039881
  2.20000000   0.70000000   124.3797376662
  2.30000000   0.70000000   125.1767510983
  2.40000000   0.70000000   125.6761218507
  2.50000000   0.70000000   125.9465583253
  2.60000000   0.70000000   126.0482845241
  2.70000000   0.70000000   126.0323357869
  2.80000000   0.70000000   125.9408638979
  2.90000000   0.70000000   125.8079595422
  3.00000000   0.70000000   125.6606553497
  3.10000000   0.70000000   125.5199086526
  3.20000000   0.70000000   125.4014599569
  3.30000000   0.70000000   125.3165232074
  3.40000000   0.70000000   125.2722965149
  3.50000000   0.70000000   125.2722965149

  0.00000000   0.80000000     0.0000000000
  0.10000000   0.80000000     7.8548766451
  0.20000000   0.80000000    15.7034596045
  0.30000000   0.80000000    23.5387528602
  0.40000000   0.80000000    31.3522985708
  0.50000000   0.80000000    39.1333020419
  0.60000000   0.80000000    46.8675820715
  0.70000000   0.80000000    54.5362915409
  0.80000000   0.80000000    62.1143697027
  0.90000000   0.80000000    69.5687306223
  1.00000000   0.80000000    76.8562831751
  1.10000000   0.80000000    83.9220454152
  1.20000000   0.80000000    90.6978858904
  1.30000000   0.80000000    97.1027890167
  1.40000000   0.80000000   103.0458924100
  1.50000000   0.80000000   108.4335710467
  1.60000000   0.80000000   113.1809946441
  1.70000000   0.80000000   117.2263846164
  1.80000000   0.80000000   120.5433252556
  1.90000000   0.80000000   123.1459758901
  2.00000000   0.80000000   125.0864176035
  2.10000000   0.80000000   126.4455403707
  2.20000000   0.80000000   127.3199369024
  2.30000000   0.80000000   127.8091357361
  2.40000000   0.80000000   128.0062598559
  2.50000000   0.80000000   127.9928514420
  2.60000000   0.80000000   127.8370821389
  2.70000000   0.80000000   127.5941179094
  2.80000000   0.80000000   127.3075689559
  2.90000000   0.80000000   127.0113014885
  3.00000000   0.80000000   126.7312022987
  3.10000000   0.80000000   126.4867051566
  3.20000000   0.80000000   126.2920163167
  3.30000000   0.80000000   126.1570410517
  3.40000000   0.80000000   126.0880388176
  3.50000000   0.80000000   126.0880388176

  0.00000000   0.90000000     0.0000000000
  0.10000000   0.90000000     8.0074839129
  0.20000000   0.90000000    16.0133006034
  0.30000000   0.90000000    24.0151409454
  0.40000000   0.90000000    32.0093361694
  0.50000000   0.90000000    39.9899824181
  0.60000000   0.90000000    47.9478148558
  0.70000000   0.90000000    55.8687263119
  0.80000000   0.90000000    63.7318198005
  0.90000000   0.90000000    71.5069023749
  1.00000000   0.90000000    79.1514028878
  1.10000000   0.90000000    86.6068861785
  1.20000000   0.90000000    93.7957261972
  1.30000000   0.90000000   100.6191765762
  1.40000000   0.90000000   106.9590153767
  1.50000000   0.90000000   112.6857315618
  1.60000000   0.90000000   117.6756441111
  1.70000000   0.90000000   121.8353933240
  1.80000000   0.90000000   125.1245675397
  1.90000000   0.90000000   127.5636525216
  2.00000000   0.90000000   129.2287440803
  2.10000000   0.90000000   130.2363269198
  2.20000000   0.90000000   130.7206962554
  2.30000000   0.90000000   130.8135758788
  2.40000000   0.90000000   130.6314221057
  2.50000000   0.90000000   130.2703199727
  2.60000000   0.90000000   129.8059527960
  2.70000000   0.90000000   129.2961064676
  2.80000000   0.90000000   128.7839870452
  2.90000000   0.90000000   128.3014299673
  3.00000000   0.90000000   127.8716160959
  3.10000000   0.90000000   127.5112034975
  3.20000000   0.90000000   127.2319172474
  3.30000000   0.90000000   127.0416840034
  3.40000000   0.90000000   126.9453993895
  3.50000000   0.90000000   126.9453993895

  0.00000000   1.00000000     0.0000000000
  0.10000000   1.00000000     8.1648849227
  0.20000000   1.00000000    16.3333576511
  0.30000000   1.00000000    24.5085007692
  0.40000000   1.00000000    32.6922979820
  0.50000000   1.00000000    40.8848515368
  0.60000000   1.00000000    49.0832857867
  0.70000000   1.00000000    57.2801754063
  0.80000000   1.00000000    65.4612917918
  0.90000000   1.00000000    73.6024211798
  1.00000000   1.00000000    81.6650094122
  1.10000000   1.00000000    89.5905154922
  1.20000000   1.00000000    97.2937801550
  1.30000000   1.00000000   104.6567265905
  1.40000000   1.00000000   111.5256452670
  1.50000000   1.00000000   117.7180889737
  1.60000000   1.00000000   123.0471065779
  1.70000000   1.00000000   127.3651927282
  1.80000000   1.00000000   130.6100276356
  1.90000000   1.00000000   132.8137109168
  2.00000000   1.00000000   134.0915308955
  2.10000000   1.00000000   134.6180622528
  2.20000000   1.00000000   134.5855770883
  2.30000000   1.00000000   134.1705762659
  2.40000000   1.00000000   133.5178453640
  2.50000000   1.00000000   132.7379480232
  2.60000000   1.00000000   131.9114954816
  2.70000000   1.00000000   131.0955111147
  2.80000000   1.00000000   130.3295355561
  2.90000000   1.00000000   129.6406161041
  3.00000000   1.00000000   129.0470634592
  3.10000000   1.00000000   128.5611450865
  3.20000000   1.00000000   128.1909514160
  3.30000000   1.00000000   127.9416495800
  3.40000000   1.00000000   127.8162912489
  3.50000000   1.00000000   127.8162912489

  0.00000000   1.10000000     0.0000000000
  0.10000000   1.10000000     8.3217123659
  0.20000000   1.10000000    16.6527561763
  0.30000000   1.10000000    25.0021831140
  0.40000000   1.10000000    33.3783963964
  0.50000000   1.10000000    41.7885864812
  0.60000000   1.10000000    50.2378262188
  0.70000000   1.10000000    58.7276159943
  0.80000000   1.10000000    67.2535717142
  0.90000000   1.10000000    75.8018139902
  1.00000000   1.10000000    84.3434601300
  1.10000000   1.10000000    92.8265139552
  1.20000000   1.10000000   101.1646165066
  1.30000000   1.10000000   109.2231290368
  1.40000000   1.10000000   116.8060347724
  1.50000000   1.10000000   123.6538131902
  1.60000000   1.10000000   129.4724024316
  1.70000000   1.10000000   134.0145135075
  1.80000000   1.10000000   137.1867523395
  1.90000000   1.10000000   139.0440765575
  2.00000000   1.10000000   139.7648153297
  2.10000000   1.10000000   139.6231035303
  2.20000000   1.10000000   138.9025070073
  2.30000000   1.10000000   137.8400951126
  2.40000000   1.10000000   136.6113546660
  2.50000000   1.10000000   135.3369480540
  2.60000000   1.10000000   134.0959631544
  2.70000000   1.10000000   132.9384888969
  2.80000000   1.10000000   131.8953600654
  2.90000000   1.10000000   130.9850402231
  3.00000000   1.10000000   130.2182470185
  3.10000000   1.10000000   129.6009688458
  3.20000000   1.10000000   129.1363912899
  3.30000000   1.10000000   128.8261024823
  3.40000000   1.10000000   128.6708240718
  3.50000000   1.10000000   128.6708240718

  0.00000000   1.20000000     0.0000000000
  0.10000000   1.20000000     8.4721114390
  0.20000000   1.20000000    16.9595575889
  0.30000000   1.20000000    25.4777080166
  0.40000000   1.20000000    34.0419303065
  0.50000000   1.20000000    42.6673893702
  0.60000000   1.20000000    51.3685441742
  0.70000000   1.20000000    60.1581177550
  0.80000000   1.20000000    69.0451696653
  0.90000000   1.20000000    78.0316564968
  1.00000000   1.20000000    87.1064789132
  1.10000000   1.20000000    96.2354488745
  1.20000000   1.20000000   105.3449570239
  1.30000000   1.20000000   114.2969592320
  1.40000000   1.20000000   122.8553500185
  1.50000000   1.20000000   130.6547056718
  1.60000000   1.20000000   137.2127048628
  1.70000000   1.20000000   142.0753206289
  1.80000000   1.20000000   145.1237457171
  1.90000000   1.20000000   146.4608160159
  2.00000000   1.20000000   146.3554001958
  2.10000000   1.20000000   145.2673827090
  2.20000000   1.20000000   143.6273231463
  2.30000000   1.20000000   141.7477363161
  2.40000000   1.20000000   139.8278849984
  2.50000000   1.20000000   137.9851557772
  2.60000000   1.20000000   136.2844476617
  2.70000000   1.20000000   134.7591060546
  2.80000000   1.20000000   133.4243308756
  2.90000000   1.20000000   132.2853432834
  3.00000000   1.20000000   131.3422268278
  3.10000000   1.20000000   130.5927465073
  3.20000000   1.20000000   130.0339647356
  3.30000000   1.20000000   129.6631506143
  3.40000000   1.20000000   129.4782771649
  3.50000000   1.20000000   129.4782771649

  0.00000000   1.30000000     0.0000000000
  0.10000000   1.30000000     8.6099729210
  0.20000000   1.30000000    17.2412251947
  0.30000000   1.30000000    25.9154573884
  0.40000000   1.30000000    34.6551785481
  0.50000000   1.30000000    43.4840080056
  0.60000000   1.30000000    52.4267981142
  0.70000000   1.30000000    61.5094005545
  0.80000000   1.30000000    70.7577385821
  0.90000000   1.30000000    80.1955421582
  1.00000000   1.30000000    89.8395192565
  1.10000000   1.30000000    99.6896253903
  1.20000000   1.30000000   109.7100366743
  1.30000000   1.30000000   119.7929847123
  1.40000000   1.30000000   129.6936367170
  1.50000000   1.30000000   138.9284197655
  1.60000000   1.30000000   146.6818127347
  1.70000000   1.30000000   151.9864101448
  1.80000000   1.30000000   154.8117637214
  1.90000000   1.30000000   155.3642938696
  2.00000000   1.30000000   153.9783566973
  2.10000000   1.30000000   151.5195998015
  2.20000000   1.30000000   148.6539338954
  2.30000000   1.30000000   145.7642385680
  2.40000000   1.30000000   143.0419772170
  2.50000000   1.30000000   140.5717415816
  2.60000000   1.30000000   138.3832241505
  2.70000000   1.30000000   136.4795647249
  2.80000000   1.30000000   134.8521261757
  2.90000000   1.30000000   133.4880221485
  3.00000000   1.30000000   132.3738663900
  3.10000000   1.30000000   131.4975727246
  3.20000000   1.30000000   130.8491627120
  3.30000000   1.30000000   130.4210833672
  3.40000000   1.30000000   130.2082995554
  3.50000000   1.30000000   130.2082995554

  0.00000000   1.40000000     0.0000000000
  0.10000000   1.40000000     8.7292556014
  0.20000000   1.40000000    17.4852866585
  0.30000000   1.40000000    26.2957099917
  0.40000000   1.40000000    35.1898465154
  0.50000000   1.40000000    44.1996190506
  0.60000000   1.40000000    53.3604784041
  0.70000000   1.40000000    62.7123037309
  0.80000000   1.40000000    72.3001180877
  0.90000000   1.40000000    82.1742259274
  1.00000000   1.40000000    92.3888488233
  1.10000000   1.40000000   102.9970963631
  1.20000000   1.40000000   114.0370951483
  1.30000000   1.40000000   125.4965050229
  1.40000000   1.40000000   137.2235372359
  1.50000000   1.40000000   148.7098864745
  1.60000000   1.40000000   158.6271484787
  1.70000000   1.40000000   164.4062204909
  1.80000000   1.40000000   166.8053844716
  1.90000000   1.40000000   166.2437948349
  2.00000000   1.40000000   162.7179617817
  2.10000000   1.40000000   158.2296347398
  2.20000000   1.40000000   153.7627639324
  2.30000000   1.40000000   149.6785996934
  2.40000000   1.40000000   146.0760499917
  2.50000000   1.40000000   142.9548261172
  2.60000000   1.40000000   140.2810074775
  2.70000000   1.40000000   138.0127204077
  2.80000000   1.40000000   136.1099453485
  2.90000000   1.40000000   134.5379288744
  3.00000000   1.40000000   133.2680085980
  3.10000000   1.40000000   132.2774352623
  3.20000000   1.40000000   131.5488688596
  3.30000000   1.40000000   131.0698398136
  3.40000000   1.40000000   130.8322978953
  3.50000000   1.40000000   130.8322978953

  0.00000000   1.50000000     0.0000000000
  0.10000000   1.50000000     8.8243802439
  0.20000000   1.50000000    17.6801601048
  0.30000000   1.50000000    26.5999789700
  0.40000000   1.50000000    35.6190400826
  0.50000000   1.50000000    44.7766107618
  0.60000000   1.50000000    54.1178053769
  0.70000000   1.50000000    63.6957784200
  0.80000000   1.50000000    73.5744762377
  0.90000000   1.50000000    83.8321004358
  1.00000000   1.50000000    94.5653714977
  1.10000000   1.50000000   105.8943799776
  1.20000000   1.50000000   117.9666477275
  1.30000000   1.50000000   130.9542249611
  1.40000000   1.50000000   145.0154709453
  1.50000000   1.50000000   160.0811136192
  1.60000000   1.50000000   174.7310019896
  1.70000000   1.50000000   180.2273933039
  1.80000000   1.50000000   181.7840066112
  1.90000000   1.50000000   180.1167109000
  2.00000000   1.50000000   172.4569189165
  2.10000000   1.50000000   164.9636755979
  2.20000000   1.50000000   158.5428823571
  2.30000000   1.50000000   153.1733935508
  2.40000000   1.50000000   148.6982628639
  2.50000000   1.50000000   144.9667060517
  2.60000000   1.50000000   141.8554999337
  2.70000000   1.50000000   139.2679535542
  2.80000000   1.50000000   137.1292600824
  2.90000000   1.50000000   135.3819812227
  3.00000000   1.50000000   133.9823621050
  3.10000000   1.50000000   132.8974984495
  3.20000000   1.50000000   132.1032303115
  3.30000000   1.50000000   131.5826243670
  3.40000000   1.50000000   131.3249306170
  3.50000000   1.50000000   131.3249306170

  0.00000000   1.60000000     0.0000000000
  0.10000000   1.60000000     8.8906566679
  0.20000000   1.60000000    17.8160640531
  0.30000000   1.60000000    26.8125261472
  0.40000000   1.60000000    35.9195932111
  0.50000000   1.60000000    45.1820570645
  0.60000000   1.60000000    54.6524627528
  0.70000000   1.60000000    64.3944446968
  0.80000000   1.60000000    74.4873602313
  0.90000000   1.60000000    85.0329886331
  1.00000000   1.60000000    96.1656330510
  1.10000000   1.60000000   108.0682267916
  1.20000000   1.60000000   121.0004979735
  1.30000000   1.60000000   135.3569981248
  1.40000000   1.60000000   151.8200596272
  1.50000000   1.60000000   171.8826417520
  1.60000000   1.60000000   200.0000000000
  1.70000000   1.60000000   200.0000000000
  1.80000000   1.60000000   200.0000000000
  1.90000000   1.60000000   200.0000000000
  2.00000000   1.60000000   182.0581096408
  2.10000000   1.60000000   170.6651222498
  2.20000000   1.60000000   162.3217027628
  2.30000000   1.60000000   155.8329497405
  2.40000000   1.60000000   150.6441589366
  2.50000000   1.60000000   146.4327277397
  2.60000000   1.60000000   142.9872234174
  2.70000000   1.60000000   140.1608348349
  2.80000000   1.60000000   137.8485193984
  2.90000000   1.60000000   135.9738647429
  3.00000000   1.60000000   134.4808743629
  3.10000000   1.60000000   133.3286075899
  3.20000000   1.60000000   132.4876105477
  3.30000000   1.60000000   131.9375347897
  3.40000000   1.60000000   131.6655854672
  3.50000000   1.60000000   131.6655854672

  0.00000000   1.70000000     0.0000000000
  0.10000000   1.70000000     8.9246879196
  0.20000000   1.70000000    17.8858891372
  0.30000000   1.70000000    26.9218432619
  0.40000000   1.70000000    36.0744147276
  0.50000000   1.70000000    45.3913681064
  0.60000000   1.70000000    54.9292991441
  0.70000000   1.70000000    64.7576394677
  0.80000000   1.70000000    74.9644015895
  0.90000000   1.70000000    85.6647729285
  1.00000000   1.70000000    97.0144497795
  1.10000000   1.70000000   109.2309370753
  1.20000000   1.70000000   122.6279977452
  1.30000000   1.70000000   137.6695212013
  1.40000000   1.70000000   155.0386282223
  1.50000000   1.70000000   175.6381338509
  1.60000000   1.70000000   200.0000000000
  1.70000000   1.70000000   200.0000000000
  1.80000000   1.70000000   200.0000000000
  1.90000000   1.70000000   200.0000000000
  2.00000000   1.70000000   185.1307895171
  2.10000000   1.70000000   173.3519712995
  2.20000000   1.70000000   164.2926572738
  2.30000000   1.70000000   157.2494147693
  2.40000000   1.70000000   151.6783036844
  2.50000000   1.70000000   147.2060660497
  2.60000000   1.70000000   143.5797498436
  2.70000000   1.70000000   140.6253691312
  2.80000000   1.70000000   138.2208454771
  2.90000000   1.70000000   136.2790483997
  3.00000000   1.70000000   134.7371279282
  3.10000000   1.70000000   133.5496950179
  3.20000000   1.70000000   132.6843958218
  3.30000000   1.70000000   132.1190266944
  3.40000000   1.70000000   131.8396885967
  3.50000000   1.70000000   131.8396885967

  0.00000000   1.80000000     0.0000000000
  0.10000000   1.80000000     8.9246879196
  0.20000000   1.80000000    17.8858891372
  0.30000000   1.80000000    26.9218432619
  0.40000000   1.80000000    36.0744147276
  0.50000000   1.80000000    45.3913681064
  0.60000000   1.80000000    54.9292991441
  0.70000000   1.80000000    64.7576394677
  0.80000000   1.80000000    74.9644015895
  0.90000000   1.80000000    85.6647729285
  1.00000000   1.80000000    97.0144497795
  1.10000000   1.80000000   109.2309370753
  1.20000000   1.80000000   122.6279977452
  1.30000000   1.80000000   137.6695212013
  1.40000000   1.80000000   155.0386282223
  1.50000000   1.80000000   175.6381338509
  1.60000000   1.80000000   200.0000000000
  1.70000000   1.80000000   200.0000000000
  1.80000000   1.80000000   200.0000000000
  1.90000000   1.80000000   200.0000000000
  2.00000000   1.80000000   185.1307895171
  2.10000000   1.80000000   173.3519712995
  2.20000000   1.80000000   164.2926572738
  2.30000000   1.80000000   157.2494147693
  2.40000000   1.80000000   151.6783036844
  2.50000000   1.80000000   147.2060660497
  2.60000000   1.80000000   143.5797498436
  2.70000000   1.80000000   140.6253691312
  2.80000000   1.80000000   138.2208454771
  2.90000000   1.80000000   136.2790483997
  3.00000000   1.80000000   134.7371279282
  3.10000000   1.80000000   133.5496950179
  3.20000000   1.80000000   132.6843958218
  3.30000000   1.80000000   132.1190266944
  3.40000000   1.80000000   131.8396885967
  3.50000000   1.80000000   131.8396885967

  0.00000000   1.90000000     0.0000000000
  0.10000000   1.90000000     8.8906566679
  0.20000000   1.90000000    17.8160640531
  0.30000000   1.90000000    26.8125261472
  0.40000000   1.90000000    35.9195932111
  0.50000000   1.90000000    45.1820570645
  0.60000000   1.90000000    54.6524627528
  0.70000000   1.90000000    64.3944446968
  0.80000000   1.90000000    74.4873602313
  0.90000000   1.90000000    85.0329886331
  1.00000000   1.90000000    96.1656330510
  1.10000000   1.90000000   108.0682267916
  1.20000000   1.90000000   121.0004979735
  1.30000000   1.90000000   135.3569981248
  1.40000000   1.90000000   151.8200596272
  1.50000000   1.90000000   171.8826417520
  1.60000000   1.90000000   200.0000000000
  1.70000000   1.90000000   200.0000000000
  1.80000000   1.90000000   200.0000000000
  1.90000000   1.90000000   200.0000000000
  2.00000000   1.90000000   182.0581096408
  2.10000000   1.90000000   170.6651222498
  2.20000000   1.90000000   162.3217027628
  2.30000000   1.90000000   155.8329497405
  2.40000000   1.90000000   150.6441589366
  2.50000000   1.90000000   146.4327277397
  2.60000000   1.90000000   142.9872234174
  2.70000000   1.90000000   140.1608348349
  2.80000000   1.90000000   137.8485193984
  2.90000000   1.90000000   135.9738647429
  3.00000000   1.90000000   134.4808743629
  3.10000000   1.90000000   133.3286075899
  3.20000000   1.90000000   132.4876105477
  3.30000000   1.90000000   131.9375347897
  3.40000000   1.90000000   131.6655854672
  3.50000000   1.90000000   131.6655854672

  0.00000000   2.00000000     0.0000000000
  0.10000000   2.00000000     8.8243802439
  0.20000000   2.00000000    17.6801601048
  0.30000000   2.00000000    26.5999789700
  0.40000000   2.00000000    35.6190400826
  0.50000000   2.00000000    44.7766107618
  0.60000000   2.00000000    54.1178053769
  0.70000000   2.00000000    63.6957784200
  0.80000000   2.00000000    73.5744762377
  0.90000000   2.00000000    83.8321004358
  1.00000000   2.00000000    94.5653714977
  1.10000000   2.00000000   105.8943799776
  1.20000000   2.00000000   117.9666477275
  1.30000000   2.00000000   130.9542249611
  1.40000000   2.00000000   145.0154709453
  1.50000000   2.00000000   160.0811136192
  1.60000000   2.00000000   174.7310019896
  1.70000000   2.00000000   180.2273933039
  1.80000000   2.00000000   181.7840066112
  1.90000000   2.00000000   180.1167109000
  2.00000000   2.00000000   172.4569189165
  2.10000000   2.00000000   164.9636755979
  2.20000000   2.00000000   158.5428823571
  2.30000000   2.00000000   153.1733935508
  2.40000000   2.00000000   148.6982628639
  2.50000000   2.00000000   144.9667060517
  2.60000000   2.00000000   141.8554999337
  2.70000000   2.00000000   139.2679535542
  2.80000000   2.00000000   137.1292600824
  2.90000000   2.00000000   135.3819812227
  3.00000000   2.00000000   133.9823621050
  3.10000000   2.00000000   132.8974984495
  3.20000000   2.00000000   132.1032303115
  3.30000000   2.00000000   131.5826243670
  3.40000000   2.00000000   131.3249306170
  3.50000000   2.00000000   131.3249306170

  0.00000000   2.10000000     0.0000000000
  0.10000000   2.10000000     8.7292556014
  0.20000000   2.10000000    17.4852866585
  0.30000000   2.10000000    26.2957099917
  0.40000000   2.10000000    35.1898465154
  0.50000000   2.10000000    44.1996190506
  0.60000000   2.10000000    53.3604784041
  0.70000000   2.10000000    62.7123037309
  0.80000000   2.10000000    72.3001180877
  0.90000000   2.10000000    82.1742259274
  1.00000000   2.10000000    92.3888488233
  1.10000000   2.10000000   102.9970963631
  1.20000000   2.10000000   114.0370951483
  1.30000000   2.10000000   125.4965050229
  1.40000000   2.10000000   137.2235372359
  1.50000000   2.10000000   148.7098864745
  1.60000000   2.10000000   158.6271484787
  1.70000000   2.10000000   164.4062204909
  1.80000000   2.10000000   166.8053844716
  1.90000000   2.10000000   166.2437948349
  2.00000000   2.10000000   162.7179617817
  2.10000000   2.10000000   158.2296347398
  2.20000000   2.10000000   153.7627639324
  2.30000000   2.10000000   149.6785996934
  2.40000000   2.10000000   146.0760499917
  2.50000000   2.10000000   142.9548261172
  2.60000000   2.10000000   140.2810074775
  2.70000000   2.10000000   138.0127204077
  2.80000000   2.10000000   136.1099453485
  2.90000000   2.10000000   134.5379288744
  3.00000000   2.10000000   133.2680085980
  3.10000000   2.10000000   132.2774352623
  3.20000000   2.10000000   131.5488688596
  3.30000000   2.10000000   131.0698398136
  3.40000000   2.10000000   130.8322978953
  3.50000000   2.10000000   130.8322978953

  0.00000000   2.20000000     0.0000000000
  0.10000000   2.20000000     8.6099729210
  0.20000000   2.20000000    17.2412251947
  0.30000000   2.20000000    25.9154573884
  0.40000000   2.20000000    34.6551785481
  0.50000000   2.20000000    43.4840080056
  0.60000000   2.20000000    52.4267981142
  0.70000000   2.20000000    61.5094005545
  0.80000000   2.20000000    70.7577385821
  0.90000000   2.20000000    80.1955421582
  1.00000000   2.20000000    89.8395192565
  1.10000000   2.20000000    99.6896253903
  1.20000000   2.20000000   109.7100366743
  1.30000000   2.20000000   119.7929847123
  1.40000000   2.20000000   129.6936367170
  1.50000000   2.20000000   138.9284197655
  1.60000000   2.20000000   146.6818127347
  1.70000000   2.20000000   151.9864101448
  1.80000000   2.20000000   154.8117637214
  1.90000000   2.20000000   155.3642938696
  2.00000000   2.20000000   153.9783566973
  2.10000000   2.20000000   151.5195998015
  2.20000000   2.20000000   148.6539338954
  2.30000000   2.20000000   145.7642385680
  2.40000000   2.20000000   143.0419772170
  2.50000000   2.20000000   140.5717415816
  2.60000000   2.20000000   138.3832241505
  2.70000000   2.20000000   136.4795647249
  2.80000000   2.20000000   134.8521261757
  2.90000000   2.20000000   133.4880221485
  3.00000000   2.20000000   132.3738663900
  3.10000000   2.20000000   131.4975727246
  3.20000000   2.20000000   130.8491627120
  3.30000000   2.20000000   130.4210833672
  3.40000000   2.20000000   130.2082995554
  3.50000000   2.20000000   130.2082995554

  0.00000000   2.30000000     0.0000000000
  0.10000000   2.30000000     8.4721114390
  0.20000000   2.30000000    16.9595575889
  0.30000000   2.30000000    25.4777080166
  0.40000000   2.30000000    34.0419303065
  0.50000000   2.30000000    42.6673893702
  0.60000000   2.30000000    51.3685441742
  0.70000000   2.30000000    60.1581177550
  0.80000000   2.30000000    69.0451696653
  0.90000000   2.30000000    78.0316564968
  1.00000000   2.30000000    87.1064789132
  1.10000000   2.30000000    96.2354488745
  1.20000000   2.30000000   105.3449570239
  1.30000000   2.30000000   114.2969592320
  1.40000000   2.30000000   122.8553500185
  1.50000000   2.30000000   130.6547056718
  1.60000000   2.30000000   137.2127048628
  1.70000000   2.30000000   142.0753206289
  1.80000000   2.30000000   145.1237457171
  1.90000000   2.30000000   146.4608160159
  2.00000000   2.30000000   146.3554001958
  2.10000000   2.30000000   145.2673827090
  2.20000000   2.30000000   143.6273231463
  2.30000000   2.30000000   141.7477363161
  2.40000000   2.30000000   139.8278849984
  2.50000000   2.30000000   137.9851557772
  2.60000000   2.30000000   136.2844476617
  2.70000000   2.30000000   134.7591060546
  2.80000000   2.30000000   133.4243308756
  2.90000000   2.30000000   132.2853432834
  3.00000000   2.30000000   131.3422268278
  3.10000000   2.30000000   130.5927465073
  3.20000000   2.30000000   130.0339647356
  3.30000000   2.30000000   129.6631506143
  3.40000000   2.30000000   129.4782771649
  3.50000000   2.30000000   129.4782771649

  0.00000000   2.40000000     0.0000000000
  0.10000000   2.40000000     8.3217123659
  0.20000000   2.40000000    16.6527561763
  0.30000000   2.40000000    25.0021831140
  0.40000000   2.40000000    33.3783963964
  0.50000000   2.40000000    41.7885864812
  0.60000000   2.40000000    50.2378262188
  0.70000000   2.40000000    58.7276159943
  0.80000000   2.40000000    67.2535717142
  0.90000000   2.40000000    75.8018139902
  1.00000000   2.40000000    84.3434601300
  1.10000000   2.40000000    92.8265139552
  1.20000000   2.40000000   101.1646165066
  1.30000000   2.40000000   109.2231290368
  1.40000000   2.40000000   116.8060347724
  1.50000000   2.40000000   123.6538131902
  1.60000000   2.40000000   129.4724024316
  1.70000000   2.40000000   134.0145135075
  1.80000000   2.40000000   137.1867523395
  1.90000000   2.40000000   139.0440765575
  2.00000000   2.40000000   139.7648153297
  2.10000000   2.40000000   139.6231035303
  2.20000000   2.40000000   138.9025070073
  2.30000000   2.40000000   137.8400951126
  2.40000000   2.40000000   136.6113546660
  2.50000000   2.40000000   135.3369480540
  2.60000000   2.40000000   134.0959631544
  2.70000000   2.40000000   132.9384888969
  2.80000000   2.40000000   131.8953600654
  2.90000000   2.40000000   130.9850402231
  3.00000000   2.40000000   130.2182470185
  3.10000000   2.40000000   129.6009688458
  3.20000000   2.40000000   129.1363912899
  3.30000000   2.40000000   128.8261024823
  3.40000000   2.40000000   128.6708240718
  3.50000000   2.40000000   128.6708240718

  0.00000000   2.50000000     0.0000000000
  0.10000000   2.50000000     8.1648849227
  0.20000000   2.50000000    16.3333576511
  0.30000000   2.50000000    24.5085007692
  0.40000000   2.50000000    32.6922979820
  0.50000000   2.50000000    40.8848515368
  0.60000000   2.50000000    49.0832857867
  0.70000000   2.50000000    57.2801754063
  0.80000000   2.50000000    65.4612917918
  0.90000000   2.50000000    73.6024211798
  1.00000000   2.50000000    81.6650094122
  1.10000000   2.50000000    89.5905154922
  1.20000000   2.50000000    97.2937801550
  1.30000000   2.50000000   104.6567265905
  1.40000000   2.50000000   111.5256452670
  1.50000000   2.50000000   117.7180889737
  1.60000000   2.50000000   123.0471065779
  1.70000000   2.50000000   127.3651927282
  1.80000000   2.50000000   130.6100276356
  1.90000000   2.50000000   132.8137109168
  2.00000000   2.50000000   134.0915308955
  2.10000000   2.50000000   134.6180622528
  2.20000000   2.50000000   134.5855770883
  2.30000000   2.50000000   134.1705762659
  2.40000000   2.50000000   133.5178453640
  2.50000000   2.50000000   132.7379480232
  2.60000000   2.50000000   131.9114954816
  2.70000000   2.50000000   131.0955111147
  2.80000000   2.50000000   130.3295355561
  2.90000000   2.50000000   129.6406161041
  3.00000000   2.50000000   129.0470634592
  3.10000000   2.50000000   128.5611450865
  3.20000000   2.50000000   128.1909514160
  3.30000000   2.50000000   127.9416495800
  3.40000000   2.50000000   127.8162912489
  3.50000000   2.50000000   127.8162912489

  0.00000000   2.60000000     0.0000000000
  0.10000000   2.60000000     8.0074839129
  0.20000000   2.60000000    16.0133006034
  0.30000000   2.60000000    24.0151409454
  0.40000000   2.60000000    32.0093361694
  0.50000000   2.60000000    39.9899824181
  0.60000000   2.60000000    47.9478148558
  0.70000000   2.60000000    55.8687263119
  0.80000000   2.60000000    63.7318198005
  0.90000000   2.60000000    71.5069023749
  1.00000000   2.60000000    79.1514028878
  1.10000000   2.60000000    86.6068861785
  1.20000000   2.60000000    93.7957261972
  1.30000000   2.60000000   100.6191765762
  1.40000000   2.60000000   106.9590153767
  1.50000000   2.60000000   112.6857315618
  1.60000000   2.60000000   117.6756441111
  1.70000000   2.60000000   121.8353933240
  1.80000000   2.60000000   125.1245675397
  1.90000000   2.60000000   127.5636525216
  2.00000000   2.60000000   129.2287440803
  2.10000000   2.60000000   130.2363269198
  2.20000000   2.60000000   130.7206962554
  2.30000000   2.60000000   130.8135758788
  2.40000000   2.60000000   130.6314221057
  2.50000000   2.60000000   130.2703199727
  2.60000000   2.60000000   129.8059527960
  2.70000000   2.60000000   129.2961064676
  2.80000000   2.60000000   128.7839870452
  2.90000000   2.60000000   128.3014299673
  3.00000000   2.60000000   127.8716160959
  3.10000000   2.60000000   127.5112034975
  3.20000000   2.60000000   127.2319172474
  3.30000000   2.60000000   127.0416840034
  3.40000000   2.60000000   126.9453993895
  3.50000000   2.60000000   126.9453993895

  0.00000000   2.70000000     0.0000000000
  0.10000000   2.70000000     7.8548766451
  0.20000000   2.70000000    15.7034596045
  0.30000000   2.70000000    23.5387528602
  0.40000000   2.70000000    31.3522985708
  0.50000000   2.70000000    39.1333020419
  0.60000000   2.70000000    46.8675820715
  0.70000000   2.70000000    54.5362915409
  0.80000000   2.70000000    62.1143697027
  0.90000000   2.70000000    69.5687306223
  1.00000000   2.70000000    76.8562831751
  1.10000000   2.70000000    83.9220454152
  1.20000000   2.70000000    90.6978858904
  1.30000000   2.70000000    97.1027890167
  1.40000000   2.70000000   103.0458924100
  1.50000000   2.70000000   108.4335710467
  1.60000000   2.70000000   113.1809946441
  1.70000000   2.70000000   117.2263846164
  1.80000000   2.70000000   120.5433252556
  1.90000000   2.70000000   123.1459758901
  2.00000000   2.70000000   125.0864176035
  2.10000000   2.70000000   126.4455403707
  2.20000000   2.70000000   127.3199369024
  2.30000000   2.70000000   127.8091357361
  2.40000000   2.70000000   128.0062598559
  2.50000000   2.70000000   127.9928514420
  2.60000000   2.70000000   127.8370821389
  2.70000000   2.70000000   127.5941179094
  2.80000000   2.70000000   127.3075689559
  2.90000000   2.70000000   127.0113014885
  3.00000000   2.70000000   126.7312022987
  3.10000000   2.70000000   126.4867051566
  3.20000000   2.70000000   126.2920163167
  3.30000000   2.70000000   126.1570410517
  3.40000000   2.70000000   126.0880388176
  3.50000000   2.70000000   126.0880388176

  0.00000000   2.80000000     0.0000000000
  0.10000000   2.80000000     7.7117991351
  0.20000000   2.80000000    15.4133700370
  0.30000000   2.80000000    23.0937793269
  0.40000000   2.80000000    30.7406461018
  0.50000000   2.80000000    38.3393269535
  0.60000000   2.80000000    45.8719983201
  0.70000000   2.80000000    53.3166183342
  0.80000000   2.80000000    60.6457753393
  0.90000000   2.80000000    67.8254765872
  1.00000000   2.80000000    74.8140088547
  1.10000000   2.80000000    81.5611216314
  1.20000000   2.80000000    88.0079404990
  1.30000000   2.80000000    94.0881797347
  1.40000000   2.80000000    99.7312963517
  1.50000000   2.80000000   104.8680424395
  1.60000000   2.80000000   109.4382286218
  1.70000000   2.80000000   113.3993837217
  1.80000000   2.80000000   116.7338945742
  1.90000000   2.80000000   119.4522402047
  2.00000000   2.80000000   121.5915636996
  2.10000000   2.80000000   123.2102039881
  2.20000000   2.80000000   124.3797376662
  2.30000000   2.80000000   125.1767510983
  2.40000000   2.80000000   125.6761218507
  2.50000000   2.80000000   125.9465583253
  2.60000000   2.80000000   126.0482845241
  2.70000000   2.80000000   126.0323357869
  2.80000000   2.80000000   125.9408638979
  2.90000000   2.80000000   125.8079595422
  3.00000000   2.80000000   125.6606553497
  3.10000000   2.80000000   125.5199086526
  3.20000000   2.80000000   125.4014599569
  3.30000000   2.80000000   125.3165232074
  3.40000000   2.80000000   125.2722965149
  3.50000000   2.80000000   125.2722965149

  0.00000000   2.90000000     0.0000000000
  0.10000000   2.90000000     7.5822892689
  0.20000000   2.90000000    15.1511130115
  0.30000000   2.90000000    22.6923354341
  0.40000000   2.90000000    30.1904610609
  0.50000000   2.90000000    37.6279103821
  0.60000000   2.90000000    44.9842526197
  0.70000000   2.90000000    52.2354023035
  0.80000000   2.90000000    59.3528112049
  0.90000000   2.90000000    66.3027263067
  1.00000000   2.90000000    73.0456411189
  1.10000000   2.90000000    79.5361406711
  1.20000000   2.90000000    85.7234181801
  1.30000000   2.90000000    91.5527922883
  1.40000000   2.90000000    96.9685195346
  1.50000000   2.90000000   101.9179992511
  1.60000000   2.90000000   106.3570536720
  1.70000000   2.90000000   110.2554008785
  1.80000000   2.90000000   113.6010034183
  1.90000000   2.90000000   116.4020769381
  2.00000000   2.90000000   118.6862633679
  2.10000000   2.90000000   120.4972589889
  2.20000000   2.90000000   121.8897888332
  2.30000000   2.90000000   122.9241450024
  2.40000000   2.90000000   123.6613479255
  2.50000000   2.90000000   124.1595184056
  2.60000000   2.90000000   124.4715738314
  2.70000000   2.90000000   124.6440578000
  2.80000000   2.90000000   124.7167928541
  2.90000000   2.90000000   124.7230502432
  3.00000000   2.90000000   124.6899918828
  3.10000000   2.90000000   124.6392129627
  3.20000000   2.90000000   124.5872768127
  3.30000000   2.90000000   124.5461798174
  3.40000000   2.90000000   124.5237142203
  3.50000000   2.90000000   124.5237142203

  0.00000000   3.00000000     0.0000000000
  0.10000000   3.00000000     7.4696784119
  0.20000000   3.00000000    14.9233184892
  0.30000000   3.00000000    22.3442660971
  0.40000000   3.00000000    29.7146310912
  0.50000000   3.00000000    37.0146620091
  0.60000000   3.00000000    44.2221230490
  0.70000000   3.00000000    51.3116943376
  0.80000000   3.00000000    58.2544371171
  0.90000000   3.00000000    65.0173941638
  1.00000000   3.00000000    71.5634318617
  1.10000000   3.00000000    77.8514691928
  1.20000000   3.00000000    83.8372686369
  1.30000000   3.00000000    89.4749626768
  1.40000000   3.00000000    94.7194260561
  1.50000000   3.00000000    99.5294480976
  1.60000000   3.00000000   103.8714086528
  1.70000000   3.00000000   107.7228777752
  1.80000000   3.00000000   111.0753852502
  1.90000000   3.00000000   113.9356965647
  2.00000000   3.00000000   116.3252961979
  2.10000000   3.00000000   118.2782217109
  2.20000000   3.00000000   119.8377561404
  2.30000000   3.00000000   121.0526775257
  2.40000000   3.00000000   121.9737161877
  2.50000000   3.00000000   122.6506492115
  2.60000000   3.00000000   123.1302013214
  2.70000000   3.00000000   123.4547202372
  2.80000000   3.00000000   123.6614839518
  2.90000000   3.00000000   123.7824629371
  3.00000000   3.00000000   123.8443725730
  3.10000000   3.00000000   123.8688838372
  3.20000000   3.00000000   123.8728965562
  3.30000000   3.00000000   123.8688109096
  3.40000000   3.00000000   123.8647567245
  3.50000000   3.00000000   123.8647567245

  0.00000000   3.10000000     0.0000000000
  0.10000000   3.10000000     7.3766215869
  0.20000000   3.10000000    14.7352437494
  0.30000000   3.10000000    22.0573105503
  0.40000000   3.10000000    29.3231596394
  0.50000000   3.10000000    36.5114890176
  0.60000000   3.10000000    43.5988576323
  0.70000000   3.10000000    50.5592481083
  0.80000000   3.10000000    57.3637352262
  0.90000000   3.10000000    63.9803226524
  1.00000000   3.10000000    70.3740306545
  1.10000000   3.10000000    76.5073340276
  1.20000000   3.10000000    82.3410531455
  1.30000000   3.10000000    87.8357787660
  1.40000000   3.10000000    92.9538484189
  1.50000000   3.10000000    97.6617806736
  1.60000000   3.10000000   101.9329244668
  1.70000000   3.10000000   105.7499368032
  1.80000000   3.10000000   109.1066342762
  1.90000000   3.10000000   112.0088338756
  2.00000000   3.10000000   114.4740024222
  2.10000000   3.10000000   116.5297899987
  2.20000000   3.10000000   118.2117434946
  2.30000000   3.10000000   119.5606194277
  2.40000000   3.10000000   120.6197106714
  2.50000000   3.10000000   121.4324967985
  2.60000000   3.10000000   122.0407836230
  2.70000000   3.10000000   122.4833683637
  2.80000000   3.10000000   122.7951794448
  2.90000000   3.10000000   123.0067964302
  3.00000000   3.10000000   123.1442451643
  3.10000000   3.10000000   123.2289723444
  3.20000000   3.10000000   123.2779214527
  3.30000000   3.10000000   123.3036512563
  3.40000000   3.10000000   123.3144553558
  3.50000000   3.10000000   123.3144553558

  0.00000000   3.20000000     0.0000000000
  0.10000000   3.20000000     7.3051481197
  0.20000000   3.20000000    14.5908894694
  0.30000000   3.20000000    21.8373138196
  0.40000000   3.20000000    29.0235182113
  0.50000000   3.20000000    36.1271489861
  0.60000000   3.20000000    43.1239980354
  0.70000000   3.20000000    49.9876846779
  0.80000000   3.20000000    56.6894651627
  0.90000000   3.20000000    63.1982231102
  1.00000000   3.20000000    69.4807036289
  1.10000000   3.20000000    75.5020570412
  1.20000000   3.20000000    81.2267489574
  1.30000000   3.20000000    86.6198647207
  1.40000000   3.20000000    91.6487824245
  1.50000000   3.20000000    96.2851103986
  1.60000000   3.20000000   100.5066948033
  1.70000000   3.20000000   104.2994280729
  1.80000000   3.20000000   107.6585653590
  1.90000000   3.20000000   110.5893097817
  2.00000000   3.20000000   113.1065523701
  2.10000000   3.20000000   115.2338093223
  2.20000000   3.20000000   117.0015389396
  2.30000000   3.20000000   118.4451050439
  2.40000000   3.20000000   119.6026655848
  2.50000000   3.20000000   120.5132153193
  2.60000000   3.20000000   121.2149293784
  2.70000000   3.20000000   121.7438706331
  2.80000000   3.20000000   122.1330575659
  2.90000000   3.20000000   122.4118475714
  3.00000000   3.20000000   122.6055710493
  3.10000000   3.20000000   122.7353481940
  3.20000000   3.20000000   122.8180265499
  3.30000000   3.20000000   122.8661880843
  3.40000000   3.20000000   122.8881864440
  3.50000000   3.20000000   122.8881864440

  0.00000000   3.30000000     0.0000000000
  0.10000000   3.30000000     7.2567179498
  0.20000000   3.30000000    14.4931234282
  0.30000000   3.30000000    21.6884397165
  0.40000000   3.30000000    28.8209804346
  0.50000000   3.30000000    35.8677442366
  0.60000000   3.30000000    42.8040755858
  0.70000000   3.30000000    49.6034240100
  0.80000000   3.30000000    56.2372414629
  0.90000000   3.30000000    62.6750637723
  1.00000000   3.30000000    68.8848251096
  1.10000000   3.30000000    74.8334504629
  1.20000000   3.30000000    80.4877561655
  1.30000000   3.30000000    85.8156589716
  1.40000000   3.30000000    90.7876487318
  1.50000000   3.30000000    95.3784221641
  1.60000000   3.30000000    99.5685165558
  1.70000000   3.30000000   103.3457404120
  1.80000000   3.30000000   106.7061928589
  1.90000000   3.30000000   109.6547067277
  2.00000000   3.30000000   112.2046362191
  2.10000000   3.30000000   114.3770161226
  2.20000000   3.30000000   116.1992163861
  2.30000000   3.30000000   117.7032788965
  2.40000000   3.30000000   118.9241407684
  2.50000000   3.30000000   119.8979242333
  2.60000000   3.30000000   120.6604228647
  2.70000000   3.30000000   121.2458557490
  2.80000000   3.30000000   121.6859095457
  2.90000000   3.30000000   122.0090505753
  3.00000000   3.30000000   122.2400665198
  3.10000000   3.30000000   122.3997877454
  3.20000000   3.30000000   122.5049379717
  3.30000000   3.30000000   122.5680694084
  3.40000000   3.30000000   122.5975457531
  3.50000000   3.30000000   122.5975457531

  0.00000000   3.40000000     0.0000000000
  0.10000000   3.40000000     7.2322725081
  0.20000000   3.40000000    14.4437898943
  0.30000000   3.40000000    21.6133534941
  0.40000000   3.40000000    28.7188985757
  0.50000000   3.40000000    35.7371160202
  0.60000000   3.40000000    42.6431454619
  0.70000000   3.40000000    49.4103724776
  0.80000000   3.40000000    56.0103679144
  0.90000000   3.40000000    62.4130113876
  1.00000000   3.40000000    68.5868409410
  1.10000000   3.40000000    74.4996638601
  1.20000000   3.40000000    80.1194465998
  1.30000000   3.40000000    85.4154726585
  1.40000000   3.40000000    90.3597164364
  1.50000000   3.40000000    94.9283333283
  1.60000000   3.40000000    99.1031213247
  1.70000000   3.40000000   102.8727809390
  1.80000000   3.40000000   106.2338017373
  1.90000000   3.40000000   109.1908418089
  2.00000000   3.40000000   111.7565360944
  2.10000000   3.40000000   113.9507541799
  2.20000000   3.40000000   115.7994065107
  2.30000000   3.40000000   117.3329514546
  2.40000000   3.40000000   118.5847745972
  2.50000000   3.40000000   119.5895975714
  2.60000000   3.40000000   120.3820367239
  2.70000000   3.40000000   120.9953853777
  2.80000000   3.40000000   121.4606489685
  2.90000000   3.40000000   121.8058271502
  3.00000000   3.40000000   122.0554137089
  3.10000000   3.40000000   122.2300731414
  3.20000000   3.40000000   122.3464496277
  3.30000000   3.40000000   122.4170670458
  3.40000000   3.40000000   122.4502851361
  3.50000000   3.40000000   122.4502851361

  0.00000000   3.50000000     0.0000000000
  0.10000000   3.50000000     7.2322725081
  0.20000000   3.50000000    14.4437898943
  0.30000000   3.50000000    21.6133534941
  0.40000000   3.50000000    28.7188985757
  0.50000000   3.50000000    35.7371160202
  0.60000000   3.50000000    42.6431454619
  0.70000000   3.50000000    49.4103724776
  0.80000000   3.50000000    56.0103679144
  0.90000000   3.50000000    62.4130113876
  1.00000000   3.50000000    68.5868409410
  1.10000000   3.50000000    74.4996638601
  1.20000000   3.50000000    80.1194465998
  1.30000000   3.50000000    85.4154726585
  1.40000000   3.50000000    90.3597164364
  1.50000000   3.50000000    94.9283333283
  1.60000000   3.50000000    99.1031213247
  1.70000000   3.50000000   102.8727809390
  1.80000000   3.50000000   106.2338017373
  1.90000000   3.50000000   109.1908418089
  2.00000000   3.50000000   111.7565360944
  2.10000000   3.50000000   113.9507541799
  2.20000000   3.50000000   115.7994065107
  2.30000000   3.50000000   117.3329514546
  2.40000000   3.50000000   118.5847745972
  2.50000000   3.50000000   119.5895975714
  2.60000000   3.50000000   120.3820367239
  2.70000000   3.50000000   120.9953853777
  2.80000000   3.50000000   121.4606489685
  2.90000000   3.50000000   121.8058271502
  3.00000000   3.50000000   122.0554137089
  3.10000000   3.50000000   122.2300731414
  3.20000000   3.50000000   122.3464496277
  3.30000000   3.50000000   122.4170670458
  3.40000000   3.50000000   122.4502851361
  3.50000000   3.50000000   122.4502851361

