  0.00000000   0.00000000     0.0000000000
  0.10000000   0.00000000     7.6935873038
  0.20000000   0.00000000    15.3663265635
  0.30000000   0.00000000    22.9969649358
  0.40000000   0.00000000    30.5634592784
  0.50000000   0.00000000    38.0426312537
  0.60000000   0.00000000    45.4098881024
  0.70000000   0.00000000    52.6390390680
  0.80000000   0.00000000    59.7022425032
  0.90000000   0.00000000    66.5701222540
  1.00000000   0.00000000    73.2120917497
  1.10000000   0.00000000    79.5969175526
  1.20000000   0.00000000    85.6935381410
  1.30000000   0.00000000    91.4721265407
  1.40000000   0.00000000    96.9053476175
  1.50000000   0.00000000   101.9697168900
  1.60000000   0.00000000   106.6469268661
  1.70000000   0.00000000   110.9249819206
  1.80000000   0.00000000   114.7989858483
  1.90000000   0.00000000   118.2714631417
  2.00000000   0.00000000   121.3521603403
  2.10000000   0.00000000   124.0573516802
  2.20000000   0.00000000   126.4087438101
  2.30000000   0.00000000   128.4321209796
  2.40000000   0.00000000   130.1558868687
  2.50000000   0.00000000   131.6096442906
  2.60000000   0.00000000   132.8229190430
  2.70000000   0.00000000   133.8240914432
  2.80000000   0.00000000   134.6395589098
  2.90000000   0.00000000   135.2931216122
  3.00000000   0.00000000   135.8055628351
  3.10000000   0.00000000   136.1943855138
  3.20000000   0.00000000   136.4736641043
  3.30000000   0.00000000   136.6539739814
  3.40000000   0.00000000   136.7423666551
  3.50000000   0.00000000   136.7423666551

  0.00000000   0.10000000     0.0000000000
  0.10000000   0.10000000     7.6935873038
  0.20000000   0.10000000    15.3663265635
  0.30000000   0.10000000    22.9969649358
  0.40000000   0.10000000    30.5634592784
  0.50000000   0.10000000    38.0426312537
  0.60000000   0.10000000    45.4098881024
  0.70000000   0.10000000    52.6390390680
  0.80000000   0.10000000    59.7022425032
  0.90000000   0.10000000    66.5701222540
  1.00000000   0.10000000    73.2120917497
  1.10000000   0.10000000    79.5969175526
  1.20000000   0.10000000    85.6935381410
  1.30000000   0.10000000    91.4721265407
  1.40000000   0.10000000    96.9053476175
  1.50000000   0.10000000   101.9697168900
  1.60000000   0.10000000   106.6469268661
  1.70000000   0.10000000   110.9249819206
  1.80000000   0.10000000   114.7989858483
  1.90000000   0.10000000   118.2714631417
  2.00000000   0.10000000   121.3521603403
  2.10000000   0.10000000   124.0573516802
  2.20000000   0.10000000   126.4087438101
  2.30000000   0.10000000   128.4321209796
  2.40000000   0.10000000   130.1558868687
  2.50000000   0.10000000   131.6096442906
  2.60000000   0.10000000   132.8229190430
  2.70000000   0.10000000   133.8240914432
  2.80000000   0.10000000   134.6395589098
  2.90000000   0.10000000   135.2931216122
  3.00000000   0.10000000   135.8055628351
  3.10000000   0.10000000   136.1943855138
  3.20000000   0.10000000   136.4736641043
  3.30000000   0.10000000   136.6539739814
  3.40000000   0.10000000   136.7423666551
  3.50000000   0.10000000   136.7423666551

  0.00000000   0.20000000     0.0000000000
  0.10000000   0.20000000     7.7157733524
  0.20000000   0.20000000    15.4111032179
  0.30000000   0.20000000    23.0651221239
  0.40000000   0.20000000    30.6561319126
  0.50000000   0.20000000    38.1612338775
  0.60000000   0.20000000    45.5560196337
  0.70000000   0.20000000    52.8143525679
  0.80000000   0.20000000    59.9082763703
  0.90000000   0.20000000    66.8080929710
  1.00000000   0.20000000    73.4826547998
  1.10000000   0.20000000    79.8999124265
  1.20000000   0.20000000    86.0277445218
  1.30000000   0.20000000    91.8350693991
  1.40000000   0.20000000    97.2931951103
  1.50000000   0.20000000   102.3773118740
  1.60000000   0.20000000   107.0679770019
  1.70000000   0.20000000   111.3524052795
  1.80000000   0.20000000   115.2253751833
  1.90000000   0.20000000   118.6896036416
  2.00000000   0.20000000   121.7555231373
  2.10000000   0.20000000   124.4404927290
  2.20000000   0.20000000   126.7675616480
  2.30000000   0.20000000   128.7639587188
  2.40000000   0.20000000   130.4594934294
  2.50000000   0.20000000   131.8850298551
  2.60000000   0.20000000   133.0711474543
  2.70000000   0.20000000   134.0470496749
  2.80000000   0.20000000   134.8397348854
  2.90000000   0.20000000   135.4734106767
  3.00000000   0.20000000   135.9691130080
  3.10000000   0.20000000   136.3444837491
  3.20000000   0.20000000   136.6136604841
  3.30000000   0.20000000   136.7872377040
  3.40000000   0.20000000   136.8722662295
  3.50000000   0.20000000   136.8722662295

  0.00000000   0.30000000     0.0000000000
  0.10000000   0.30000000     7.7597343372
  0.20000000   0.30000000    15.4998533776
  0.30000000   0.30000000    23.2002814840
  0.40000000   0.30000000    30.8400353377
  0.50000000   0.30000000    38.3968053155
  0.60000000   0.30000000    45.8465866973
  0.70000000   0.30000000    53.1633897012
  0.80000000   0.30000000    60.3190671536
  0.90000000   0.30000000    67.2833090448
  1.00000000   0.30000000    74.0238618410
  1.10000000   0.30000000    80.5070331409
  1.20000000   0.30000000    86.6985333511
  1.30000000   0.30000000    92.5646788834
  1.40000000   0.30000000    98.0739309163
  1.50000000   0.30000000   103.1986708661
  1.60000000   0.30000000   107.9170305132
  1.70000000   0.30000000   112.2145270976
  1.80000000   0.30000000   116.0852351651
  1.90000000   0.30000000   119.5322808146
  2.00000000   0.30000000   122.5675629465
  2.10000000   0.30000000   125.2107511501
  2.20000000   0.30000000   127.4877352512
  2.30000000   0.30000000   129.4287735793
  2.40000000   0.30000000   131.0665925951
  2.50000000   0.30000000   132.4346415487
  2.60000000   0.30000000   133.5656297900
  2.70000000   0.30000000   134.4903983805
  2.80000000   0.30000000   135.2371187030
  2.90000000   0.30000000   135.8307742396
  3.00000000   0.30000000   136.2928651696
  3.10000000   0.30000000   136.6412732217
  3.20000000   0.30000000   136.8902303929
  3.30000000   0.30000000   137.0503451746
  3.40000000   0.30000000   137.1286508604
  3.50000000   0.30000000   137.1286508604

  0.00000000   0.40000000     0.0000000000
  0.10000000   0.40000000     7.8246291012
  0.20000000   0.40000000    15.6309308591
  0.30000000   0.40000000    23.4000683597
  0.40000000   0.40000000    31.1121915397
  0.50000000   0.40000000    38.7459488040
  0.60000000   0.40000000    46.2780296741
  0.70000000   0.40000000    53.6827646849
  0.80000000   0.40000000    60.9318229905
  0.90000000   0.40000000    67.9940656837
  1.00000000   0.40000000    74.8356315260
  1.10000000   0.40000000    81.4203468359
  1.20000000   0.40000000    87.7105541728
  1.30000000   0.40000000    93.6684328574
  1.40000000   0.40000000    99.2578248620
  1.50000000   0.40000000   104.4464749098
  1.60000000   0.40000000   109.2084549716
  1.70000000   0.40000000   113.5264117903
  1.80000000   0.40000000   117.3932182893
  1.90000000   0.40000000   120.8126824398
  2.00000000   0.40000000   123.7991629636
  2.10000000   0.40000000   126.3761792436
  2.20000000   0.40000000   128.5743001435
  2.30000000   0.40000000   130.4286990247
  2.40000000   0.40000000   131.9767488671
  2.50000000   0.40000000   133.2559306598
  2.60000000   0.40000000   134.3021961398
  2.70000000   0.40000000   135.1488101875
  2.80000000   0.40000000   135.8256213278
  2.90000000   0.40000000   136.3586716158
  3.00000000   0.40000000   136.7700494614
  3.10000000   0.40000000   137.0778983135
  3.20000000   0.40000000   137.2965107501
  3.30000000   0.40000000   137.4364552150
  3.40000000   0.40000000   137.5046983204
  3.50000000   0.40000000   137.5046983204

  0.00000000   0.50000000     0.0000000000
  0.10000000   0.50000000     7.9091506038
  0.20000000   0.50000000    15.8017704650
  0.30000000   0.50000000    23.6607641822
  0.40000000   0.50000000    31.4679028123
  0.50000000   0.50000000    39.2032500193
  0.60000000   0.50000000    46.8445900721
  0.70000000   0.50000000    54.3668772444
  0.80000000   0.50000000    61.7417454409
  0.90000000   0.50000000    68.9371436293
  1.00000000   0.50000000    75.9171962330
  1.10000000   0.50000000    82.6424235360
  1.20000000   0.50000000    89.0704841497
  1.30000000   0.50000000    95.1575990235
  1.40000000   0.50000000   100.8607551854
  1.50000000   0.50000000   106.1406397191
  1.60000000   0.50000000   110.9650193475
  1.70000000   0.50000000   115.3120188637
  1.80000000   0.50000000   119.1725979446
  1.90000000   0.50000000   122.5516248781
  2.00000000   0.50000000   125.4672992526
  2.10000000   0.50000000   127.9490894097
  2.20000000   0.50000000   130.0346737580
  2.30000000   0.50000000   131.7665293360
  2.40000000   0.50000000   133.1887500398
  2.50000000   0.50000000   134.3444684190
  2.60000000   0.50000000   135.2740191806
  2.70000000   0.50000000   136.0138044382
  2.80000000   0.50000000   136.5957252018
  2.90000000   0.50000000   137.0470160812
  3.00000000   0.50000000   137.3903335822
  3.10000000   0.50000000   137.6439791772
  3.20000000   0.50000000   137.8221715803
  3.30000000   0.50000000   137.9353110952
  3.40000000   0.50000000   137.9902003205
  3.50000000   0.50000000   137.9902003205

  0.00000000   0.60000000     0.0000000000
  0.10000000   0.60000000     8.0114774804
  0.20000000   0.60000000    16.0087840760
  0.30000000   0.60000000    23.9771335280
  0.40000000   0.60000000    31.9004909066
  0.50000000   0.60000000    39.7609066256
  0.60000000   0.60000000    47.5378103807
  0.70000000   0.60000000    55.2072713745
  0.80000000   0.60000000    62.7412545077
  0.90000000   0.60000000    70.1069388742
  1.00000000   0.60000000    77.2662178142
  1.10000000   0.60000000    84.1755677656
  1.20000000   0.60000000    90.7865448852
  1.30000000   0.60000000    97.0472140718
  1.40000000   0.60000000   102.9047795570
  1.50000000   0.60000000   108.3094967020
  1.60000000   0.60000000   113.2195525649
  1.70000000   0.60000000   117.6060747699
  1.80000000   0.60000000   121.4570343486
  1.90000000   0.60000000   124.7789316892
  2.00000000   0.60000000   127.5958602359
  2.10000000   0.60000000   129.9462826877
  2.20000000   0.60000000   131.8783821407
  2.30000000   0.60000000   133.4451027644
  2.40000000   0.60000000   134.6998182841
  2.50000000   0.60000000   135.6931299893
  2.60000000   0.60000000   136.4708717325
  2.70000000   0.60000000   137.0731340850
  2.80000000   0.60000000   137.5340202051
  2.90000000   0.60000000   137.8818551913
  3.00000000   0.60000000   138.1396287721
  3.10000000   0.60000000   138.3255183700
  3.20000000   0.60000000   138.4533966898
  3.30000000   0.60000000   138.5332693735
  3.40000000   0.60000000   138.5716149754
  3.50000000   0.60000000   138.5716149754

  0.00000000   0.70000000     0.0000000000
  0.10000000   0.70000000     8.1292200356
  0.20000000   0.70000000    16.2472423984
  0.30000000   0.70000000    24.3422214086
  0.40000000   0.70000000    32.4009805951
  0.50000000   0.70000000    40.4082621332
  0.60000000   0.70000000    48.3458805375
  0.70000000   0.70000000    56.1917642160
  0.80000000   0.70000000    63.9188920765
  0.90000000   0.70000000    71.4941760031
  1.00000000   0.70000000    78.8774134750
  1.10000000   0.70000000    86.0205459569
  1.20000000   0.70000000    92.8676049890
  1.30000000   0.70000000    99.3558767975
  1.40000000   0.70000000   105.4188795721
  1.50000000   0.70000000   110.9915646654
  1.60000000   0.70000000   116.0175374541
  1.70000000   0.70000000   120.4570296296
  1.80000000   0.70000000   124.2933376373
  1.90000000   0.70000000   127.5355252675
  2.00000000   0.70000000   130.2167932996
  2.10000000   0.70000000   132.3892324313
  2.20000000   0.70000000   134.1164707556
  2.30000000   0.70000000   135.4662297327
  2.40000000   0.70000000   136.5043426843
  2.50000000   0.70000000   137.2908527855
  2.60000000   0.70000000   137.8780482890
  2.70000000   0.70000000   138.3099335967
  2.80000000   0.70000000   138.6225880356
  2.90000000   0.70000000   138.8449701221
  3.00000000   0.70000000   138.9998676125
  3.10000000   0.70000000   139.1048163517
  3.20000000   0.70000000   139.1728975564
  3.30000000   0.70000000   139.2133764408
  3.40000000   0.70000000   139.2321736823
  3.50000000   0.70000000   139.2321736823

  0.00000000   0.80000000     0.0000000000
  0.10000000   0.80000000     8.2593709156
  0.20000000   0.80000000    16.5111625915
  0.30000000   0.80000000    24.7471500893
  0.40000000   0.80000000    32.9577636768
  0.50000000   0.80000000    41.1312818374
  0.60000000   0.80000000    49.2528613225
  0.70000000   0.80000000    57.3033530712
  0.80000000   0.80000000    65.2578686718
  0.90000000   0.80000000    73.0841028179
  1.00000000   0.80000000    80.7405031307
  1.10000000   0.80000000    88.1745363791
  1.20000000   0.80000000    95.3215533131
  1.30000000   0.80000000   102.1050945735
  1.40000000   0.80000000   108.4398028918
  1.50000000   0.80000000   114.2381169317
  1.60000000   0.80000000   119.4210991012
  1.70000000   0.80000000   123.9316545520
  1.80000000   0.80000000   127.7457051771
  1.90000000   0.80000000   130.8765043981
  2.00000000   0.80000000   133.3715959363
  2.10000000   0.80000000   135.3040328507
  2.20000000   0.80000000   136.7603091595
  2.30000000   0.80000000   137.8288793610
  2.40000000   0.80000000   138.5919120979
  2.50000000   0.80000000   139.1208320261
  2.60000000   0.80000000   139.4748876627
  2.70000000   0.80000000   139.7016180283
  2.80000000   0.80000000   139.8382567022
  2.90000000   0.80000000   139.9134306480
  3.00000000   0.80000000   139.9487944582
  3.10000000   0.80000000   139.9604351680
  3.20000000   0.80000000   139.9599961459
  3.30000000   0.80000000   139.9555250460
  3.40000000   0.80000000   139.9520726909
  3.50000000   0.80000000   139.9520726909

  0.00000000   0.90000000     0.0000000000
  0.10000000   0.90000000     8.3982741821
  0.20000000   0.90000000    16.7932295522
  0.30000000   0.90000000    25.1809574688
  0.40000000   0.90000000    33.5562987270
  0.50000000   0.90000000    41.9120354002
  0.60000000   0.90000000    50.2378486560
  0.70000000   0.90000000    58.5189446466
  0.80000000   0.90000000    66.7342456992
  0.90000000   0.90000000    74.8540617734
  1.00000000   0.90000000    82.8372288863
  1.10000000   0.90000000    90.6278813904
  1.20000000   0.90000000    98.1523934431
  1.30000000   0.90000000   105.3176611233
  1.40000000   0.90000000   112.0127738359
  1.50000000   0.90000000   118.1168473356
  1.60000000   0.90000000   123.5151991570
  1.70000000   0.90000000   128.1222474972
  1.80000000   0.90000000   131.9022316806
  1.90000000   0.90000000   134.8756333435
  2.00000000   0.90000000   137.1131069198
  2.10000000   0.90000000   138.7207134371
  2.20000000   0.90000000   139.8192639783
  2.30000000   0.90000000   140.5261602406
  2.40000000   0.90000000   140.9443324936
  2.50000000   0.90000000   141.1579896267
  2.60000000   0.90000000   141.2328478497
  2.70000000   0.90000000   141.2185545800
  2.80000000   0.90000000   141.1517802891
  2.90000000   0.90000000   141.0591709106
  3.00000000   0.90000000   140.9598307554
  3.10000000   0.90000000   140.8672644247
  3.20000000   0.90000000   140.7908220337
  3.30000000   0.90000000   140.7367293890
  3.40000000   0.90000000   140.7087843248
  3.50000000   0.90000000   140.7087843248

  0.00000000   1.00000000     0.0000000000
  0.10000000   1.00000000     8.5416296461
  0.20000000   1.00000000    17.0847859709
  0.30000000   1.00000000    25.6305327482
  0.40000000   1.00000000    34.1789251575
  0.50000000   1.00000000    42.7282872566
  0.60000000   1.00000000    51.2741957006
  0.70000000   1.00000000    59.8080186895
  0.80000000   1.00000000    68.3148173229
  0.90000000   1.00000000    76.7703798728
  1.00000000   1.00000000    85.1371625665
  1.10000000   1.00000000    93.3590333322
  1.20000000   1.00000000   101.3551192302
  1.30000000   1.00000000   109.0140167468
  1.40000000   1.00000000   116.1914501526
  1.50000000   1.00000000   122.7170618953
  1.60000000   1.00000000   128.4175518630
  1.70000000   1.00000000   133.1581533993
  1.80000000   1.00000000   136.8850155653
  1.90000000   1.00000000   139.6319176996
  2.00000000   1.00000000   141.5073753409
  2.10000000   1.00000000   142.6710837431
  2.20000000   1.00000000   143.2962913272
  2.30000000   1.00000000   143.5403674282
  2.40000000   1.00000000   143.5312146021
  2.50000000   1.00000000   143.3655627675
  2.60000000   1.00000000   143.1131429783
  2.70000000   1.00000000   142.8225955510
  2.80000000   1.00000000   142.5270564446
  2.90000000   1.00000000   142.2486925604
  3.00000000   1.00000000   142.0021041613
  3.10000000   1.00000000   141.7967590195
  3.20000000   1.00000000   141.6386769109
  3.30000000   1.00000000   141.5315605113
  3.40000000   1.00000000   141.4775238493
  3.50000000   1.00000000   141.4775238493

  0.00000000   1.10000000     0.0000000000
  0.10000000   1.10000000     8.6845510643
  0.20000000   1.10000000    17.3759312483
  0.30000000   1.10000000    26.0807165962
  0.40000000   1.10000000    34.8048936286
  0.50000000   1.10000000    43.5533395291
  0.60000000   1.10000000    52.3289830230
  0.70000000   1.10000000    61.1314495197
  0.80000000   1.10000000    69.9549025703
  0.90000000   1.10000000    78.7846679947
  1.00000000   1.10000000    87.5920814240
  1.10000000   1.10000000    96.3269039267
  1.20000000   1.10000000   104.9068176122
  1.30000000   1.10000000   113.2044803819
  1.40000000   1.10000000   121.0354883545
  1.50000000   1.10000000   128.1569064902
  1.60000000   1.10000000   134.2953806302
  1.70000000   1.10000000   139.2246139705
  1.80000000   1.10000000   142.8659753248
  1.90000000   1.10000000   145.2794406777
  2.00000000   1.10000000   146.6349234849
  2.10000000   1.10000000   147.1833365599
  2.20000000   1.10000000   147.1797426651
  2.30000000   1.10000000   146.8350109011
  2.40000000   1.10000000   146.3036729275
  2.50000000   1.10000000   145.6907657335
  2.60000000   1.10000000   145.0640954768
  2.70000000   1.10000000   144.4656846317
  2.80000000   1.10000000   143.9205807282
  2.90000000   1.10000000   143.4430550266
  3.00000000   1.10000000   143.0407588035
  3.10000000   1.10000000   142.7174303630
  3.20000000   1.10000000   142.4746222218
  3.30000000   1.10000000   142.3127812092
  3.40000000   1.10000000   142.2319032769
  3.50000000   1.10000000   142.2319032769

  0.00000000   1.20000000     0.0000000000
  0.10000000   1.20000000     8.8216956483
  0.20000000   1.20000000    17.6557686965
  0.30000000   1.20000000    26.5146367488
  0.40000000   1.20000000    35.4107304909
  0.50000000   1.20000000    44.3563126625
  0.60000000   1.20000000    53.3630127143
  0.70000000   1.20000000    62.4408663824
  0.80000000   1.20000000    71.5965113428
  0.90000000   1.20000000    80.8299611227
  1.00000000   1.20000000    90.1290157728
  1.10000000   1.20000000    99.4598389995
  1.20000000   1.20000000   108.7516249397
  1.30000000   1.20000000   117.8731516564
  1.40000000   1.20000000   126.6013901914
  1.50000000   1.20000000   134.5927641086
  1.60000000   1.20000000   141.3964488251
  1.70000000   1.20000000   146.5940700547
  1.80000000   1.20000000   150.0913176633
  1.90000000   1.20000000   152.0030485492
  2.00000000   1.20000000   152.5894877628
  2.10000000   1.20000000   152.2695476524
  2.20000000   1.20000000   151.4283661628
  2.30000000   1.20000000   150.3423798485
  2.40000000   1.20000000   149.1858458401
  2.50000000   1.20000000   148.0597989678
  2.60000000   1.20000000   147.0186405675
  2.70000000   1.20000000   146.0889430892
  2.80000000   1.20000000   145.2814501352
  2.90000000   1.20000000   144.5983688470
  3.00000000   1.20000000   144.0376855832
  3.10000000   1.20000000   143.5956754458
  3.20000000   1.20000000   143.2683388384
  3.30000000   1.20000000   143.0522086102
  3.40000000   1.20000000   142.9447907445
  3.50000000   1.20000000   142.9447907445

  0.00000000   1.30000000     0.0000000000
  0.10000000   1.30000000     8.9474766600
  0.20000000   1.30000000    17.9128302395
  0.30000000   1.30000000    26.9143384830
  0.40000000   1.30000000    35.9710487707
  0.50000000   1.30000000    45.1030663396
  0.60000000   1.30000000    54.3316736005
  0.70000000   1.30000000    63.6791131787
  0.80000000   1.30000000    73.1677159480
  0.90000000   1.30000000    82.8177668420
  1.00000000   1.30000000    92.6429500087
  1.10000000   1.30000000   102.6411660412
  1.20000000   1.30000000   112.7765757414
  1.30000000   1.30000000   122.9454880758
  1.40000000   1.30000000   132.9150274093
  1.50000000   1.30000000   142.2277399779
  1.60000000   1.30000000   150.1157237415
  1.70000000   1.30000000   155.6770165594
  1.80000000   1.30000000   158.9165975933
  1.90000000   1.30000000   160.0680384501
  2.00000000   1.30000000   159.4685315443
  2.10000000   1.30000000   157.8973314972
  2.20000000   1.30000000   155.9444465277
  2.30000000   1.30000000   153.9452539076
  2.40000000   1.30000000   152.0647064906
  2.50000000   1.30000000   150.3732006416
  2.60000000   1.30000000   148.8928977644
  2.70000000   1.30000000   147.6229005587
  2.80000000   1.30000000   146.5523433529
  2.90000000   1.30000000   145.6670447197
  3.00000000   1.30000000   144.9528104678
  3.10000000   1.30000000   144.3970115970
  3.20000000   1.30000000   143.9892861568
  3.30000000   1.30000000   143.7218101814
  3.40000000   1.30000000   143.5893719365
  3.50000000   1.30000000   143.5893719365

  0.00000000   1.40000000     0.0000000000
  0.10000000   1.40000000     9.0563595283
  0.20000000   1.40000000    18.1356848224
  0.30000000   1.40000000    27.2617350474
  0.40000000   1.40000000    36.4598760346
  0.50000000   1.40000000    45.7579260245
  0.60000000   1.40000000    55.1870270062
  0.70000000   1.40000000    64.7824900018
  0.80000000   1.40000000    74.5844628588
  0.90000000   1.40000000    84.6380467727
  1.00000000   1.40000000    94.9919839868
  1.10000000   1.40000000   105.6938622526
  1.20000000   1.40000000   116.7769210323
  1.30000000   1.40000000   128.2263447864
  1.40000000   1.40000000   139.8948394212
  1.50000000   1.40000000   151.2970197826
  1.60000000   1.40000000   161.1716563938
  1.70000000   1.40000000   167.0923878038
  1.80000000   1.40000000   169.8419342078
  1.90000000   1.40000000   169.8976324366
  2.00000000   1.40000000   167.3352091422
  2.10000000   1.40000000   163.9253189869
  2.20000000   1.40000000   160.5280046095
  2.30000000   1.40000000   157.4532395265
  2.40000000   1.40000000   154.7807273877
  2.50000000   1.40000000   152.5038633268
  2.60000000   1.40000000   150.5873706675
  2.70000000   1.40000000   148.9897802827
  2.80000000   1.40000000   147.6719581186
  2.90000000   1.40000000   146.6000274080
  3.00000000   1.40000000   145.7460330901
  3.10000000   1.40000000   145.0877386125
  3.20000000   1.40000000   144.6081476094
  3.30000000   1.40000000   144.2950042563
  3.40000000   1.40000000   144.1403785642
  3.50000000   1.40000000   144.1403785642

  0.00000000   1.50000000     0.0000000000
  0.10000000   1.50000000     9.1432252320
  0.20000000   1.50000000    18.3137006457
  0.30000000   1.50000000    27.5398423899
  0.40000000   1.50000000    36.8524775491
  0.50000000   1.50000000    46.2862541367
  0.60000000   1.50000000    55.8813159505
  0.70000000   1.50000000    65.6853613739
  0.80000000   1.50000000    75.7562245699
  0.90000000   1.50000000    86.1651202019
  1.00000000   1.50000000    97.0006282490
  1.10000000   1.50000000   108.3732013914
  1.20000000   1.50000000   120.4188502727
  1.30000000   1.50000000   133.2960512024
  1.40000000   1.50000000   147.1487171600
  1.50000000   1.50000000   161.9013513591
  1.60000000   1.50000000   176.1888794695
  1.70000000   1.50000000   181.6867413749
  1.80000000   1.50000000   183.4699343653
  1.90000000   1.50000000   182.3559563511
  2.00000000   1.50000000   176.0627601308
  2.10000000   1.50000000   169.9572694393
  2.20000000   1.50000000   164.8086586385
  2.30000000   1.50000000   160.5815493234
  2.40000000   1.50000000   157.1263788031
  2.50000000   1.50000000   154.3018859104
  2.60000000   1.50000000   151.9928725678
  2.70000000   1.50000000   150.1087714485
  2.80000000   1.50000000   148.5792604532
  2.90000000   1.50000000   147.3501055792
  3.00000000   1.50000000   146.3797961301
  3.10000000   1.50000000   145.6369677963
  3.20000000   1.50000000   145.0984904261
  3.30000000   1.50000000   144.7480916535
  3.40000000   1.50000000   144.5754113922
  3.50000000   1.50000000   144.5754113922

  0.00000000   1.60000000     0.0000000000
  0.10000000   1.60000000     9.2037653914
  0.20000000   1.60000000    18.4378873970
  0.30000000   1.60000000    27.7341819478
  0.40000000   1.60000000    37.1275147119
  0.50000000   1.60000000    46.6576752354
  0.60000000   1.60000000    56.3717359162
  0.70000000   1.60000000    66.3271854863
  0.80000000   1.60000000    76.5962819754
  0.90000000   1.60000000    87.2723484295
  1.00000000   1.60000000    98.4792715537
  1.10000000   1.60000000   110.3866557201
  1.20000000   1.60000000   123.2363416335
  1.30000000   1.60000000   137.3970870365
  1.40000000   1.60000000   153.5088164645
  1.50000000   1.60000000   172.9760711726
  1.60000000   1.60000000   200.0000000000
  1.70000000   1.60000000   200.0000000000
  1.80000000   1.60000000   200.0000000000
  1.90000000   1.60000000   200.0000000000
  2.00000000   1.60000000   184.6130758122
  2.10000000   1.60000000   175.0468404893
  2.20000000   1.60000000   168.1860064661
  2.30000000   1.60000000   162.9594335746
  2.40000000   1.60000000   158.8658283845
  2.50000000   1.60000000   155.6115394859
  2.60000000   1.60000000   153.0029030146
  2.70000000   1.60000000   150.9046567246
  2.80000000   1.60000000   149.2194606007
  2.90000000   1.60000000   147.8760974787
  3.00000000   1.60000000   146.8220844432
  3.10000000   1.60000000   146.0188461121
  3.20000000   1.60000000   145.4384978971
  3.30000000   1.60000000   145.0616983051
  3.40000000   1.60000000   144.8762487216
  3.50000000   1.60000000   144.8762487216

  0.00000000   1.70000000     0.0000000000
  0.10000000   1.70000000     9.2348569303
  0.20000000   1.70000000    18.5017048634
  0.30000000   1.70000000    27.8341560917
  0.40000000   1.70000000    37.2692271537
  0.50000000   1.70000000    46.8494756584
  0.60000000   1.70000000    56.6257532571
  0.70000000   1.70000000    66.6609682453
  0.80000000   1.70000000    77.0354862088
  0.90000000   1.70000000    87.8552153975
  1.00000000   1.70000000    99.2641650056
  1.10000000   1.70000000   111.4645337429
  1.20000000   1.70000000   124.7492597453
  1.30000000   1.70000000   139.5530575555
  1.40000000   1.70000000   156.5182902316
  1.50000000   1.70000000   176.4972895539
  1.60000000   1.70000000   200.0000000000
  1.70000000   1.70000000   200.0000000000
  1.80000000   1.70000000   200.0000000000
  1.90000000   1.70000000   200.0000000000
  2.00000000   1.70000000   187.3501218020
  2.10000000   1.70000000   177.4437343168
  2.20000000   1.70000000   169.9461229300
  2.30000000   1.70000000   164.2250456852
  2.40000000   1.70000000   159.7898381839
  2.50000000   1.70000000   156.3021972826
  2.60000000   1.70000000   153.5316308260
  2.70000000   1.70000000   151.3186945444
  2.80000000   1.70000000   149.5508522286
  2.90000000   1.70000000   148.1473072191
  3.00000000   1.70000000   147.0494412801
  3.10000000   1.70000000   146.2146915481
  3.20000000   1.70000000   145.6125712400
  3.30000000   1.70000000   145.2220728663
  3.40000000   1.70000000   145.0300056971
  3.50000000   1.70000000   145.0300056971

  0.00000000   1.80000000     0.0000000000
  0.10000000   1.80000000     9.2348569303
  0.20000000   1.80000000    18.5017048634
  0.30000000   1.80000000    27.8341560917
  0.40000000   1.80000000    37.2692271537
  0.50000000   1.80000000    46.8494756584
  0.60000000   1.80000000    56.6257532571
  0.70000000   1.80000000    66.6609682453
  0.80000000   1.80000000    77.0354862088
  0.90000000   1.80000000    87.8552153975
  1.00000000   1.80000000    99.2641650056
  1.10000000   1.80000000   111.4645337429
  1.20000000   1.80000000   124.7492597453
  1.30000000   1.80000000   139.5530575555
  1.40000000   1.80000000   156.5182902316
  1.50000000   1.80000000   176.4972895539
  1.60000000   1.80000000   200.0000000000
  1.70000000   1.80000000   200.0000000000
  1.80000000   1.80000000   200.0000000000
  1.90000000   1.80000000   200.0000000000
  2.00000000   1.80000000   187.3501218020
  2.10000000   1.80000000   177.4437343168
  2.20000000   1.80000000   169.9461229300
  2.30000000   1.80000000   164.2250456852
  2.40000000   1.80000000   159.7898381839
  2.50000000   1.80000000   156.3021972826
  2.60000000   1.80000000   153.5316308260
  2.70000000   1.80000000   151.3186945444
  2.80000000   1.80000000   149.5508522286
  2.90000000   1.80000000   148.1473072191
  3.00000000   1.80000000   147.0494412801
  3.10000000   1.80000000   146.2146915481
  3.20000000   1.80000000   145.6125712400
  3.30000000   1.80000000   145.2220728663
  3.40000000   1.80000000   145.0300056971
  3.50000000   1.80000000   145.0300056971

  0.00000000   1.90000000     0.0000000000
  0.10000000   1.90000000     9.2037653914
  0.20000000   1.90000000    18.4378873970
  0.30000000   1.90000000    27.7341819478
  0.40000000   1.90000000    37.1275147119
  0.50000000   1.90000000    46.6576752354
  0.60000000   1.90000000    56.3717359162
  0.70000000   1.90000000    66.3271854863
  0.80000000   1.90000000    76.5962819754
  0.90000000   1.90000000    87.2723484295
  1.00000000   1.90000000    98.4792715537
  1.10000000   1.90000000   110.3866557201
  1.20000000   1.90000000   123.2363416335
  1.30000000   1.90000000   137.3970870365
  1.40000000   1.90000000   153.5088164645
  1.50000000   1.90000000   172.9760711726
  1.60000000   1.90000000   200.0000000000
  1.70000000   1.90000000   200.0000000000
  1.80000000   1.90000000   200.0000000000
  1.90000000   1.90000000   200.0000000000
  2.00000000   1.90000000   184.6130758122
  2.10000000   1.90000000   175.0468404893
  2.20000000   1.90000000   168.1860064661
  2.30000000   1.90000000   162.9594335746
  2.40000000   1.90000000   158.8658283845
  2.50000000   1.90000000   155.6115394859
  2.60000000   1.90000000   153.0029030146
  2.70000000   1.90000000   150.9046567246
  2.80000000   1.90000000   149.2194606007
  2.90000000   1.90000000   147.8760974787
  3.00000000   1.90000000   146.8220844432
  3.10000000   1.90000000   146.0188461121
  3.20000000   1.90000000   145.4384978971
  3.30000000   1.90000000   145.0616983051
  3.40000000   1.90000000   144.8762487216
  3.50000000   1.90000000   144.8762487216

  0.00000000   2.00000000     0.0000000000
  0.10000000   2.00000000     9.1432252320
  0.20000000   2.00000000    18.3137006457
  0.30000000   2.00000000    27.5398423899
  0.40000000   2.00000000    36.8524775491
  0.50000000   2.00000000    46.2862541367
  0.60000000   2.00000000    55.8813159505
  0.70000000   2.00000000    65.6853613739
  0.80000000   2.00000000    75.7562245699
  0.90000000   2.00000000    86.1651202019
  1.00000000   2.00000000    97.0006282490
  1.10000000   2.00000000   108.3732013914
  1.20000000   2.00000000   120.4188502727
  1.30000000   2.00000000   133.2960512024
  1.40000000   2.00000000   147.1487171600
  1.50000000   2.00000000   161.9013513591
  1.60000000   2.00000000   176.1888794695
  1.70000000   2.00000000   181.6867413749
  1.80000000   2.00000000   183.4699343653
  1.90000000   2.00000000   182.3559563511
  2.00000000   2.00000000   176.0627601308
  2.10000000   2.00000000   169.9572694393
  2.20000000   2.00000000   164.8086586385
  2.30000000   2.00000000   160.5815493234
  2.40000000   2.00000000   157.1263788031
  2.50000000   2.00000000   154.3018859104
  2.60000000   2.00000000   151.9928725678
  2.70000000   2.00000000   150.1087714485
  2.80000000   2.00000000   148.5792604532
  2.90000000   2.00000000   147.3501055792
  3.00000000   2.00000000   146.3797961301
  3.10000000   2.00000000   145.6369677963
  3.20000000   2.00000000   145.0984904261
  3.30000000   2.00000000   144.7480916535
  3.40000000   2.00000000   144.5754113922
  3.50000000   2.00000000   144.5754113922

  0.00000000   2.10000000     0.0000000000
  0.10000000   2.10000000     9.0563595283
  0.20000000   2.10000000    18.1356848224
  0.30000000   2.10000000    27.2617350474
  0.40000000   2.10000000    36.4598760346
  0.50000000   2.10000000    45.7579260245
  0.60000000   2.10000000    55.1870270062
  0.70000000   2.10000000    64.7824900018
  0.80000000   2.10000000    74.5844628588
  0.90000000   2.10000000    84.6380467727
  1.00000000   2.10000000    94.9919839868
  1.10000000   2.10000000   105.6938622526
  1.20000000   2.10000000   116.7769210323
  1.30000000   2.10000000   128.2263447864
  1.40000000   2.10000000   139.8948394212
  1.50000000   2.10000000   151.2970197826
  1.60000000   2.10000000   161.1716563938
  1.70000000   2.10000000   167.0923878038
  1.80000000   2.10000000   169.8419342078
  1.90000000   2.10000000   169.8976324366
  2.00000000   2.10000000   167.3352091422
  2.10000000   2.10000000   163.9253189869
  2.20000000   2.10000000   160.5280046095
  2.30000000   2.10000000   157.4532395265
  2.40000000   2.10000000   154.7807273877
  2.50000000   2.10000000   152.5038633268
  2.60000000   2.10000000   150.5873706675
  2.70000000   2.10000000   148.9897802827
  2.80000000   2.10000000   147.6719581186
  2.90000000   2.10000000   146.6000274080
  3.00000000   2.10000000   145.7460330901
  3.10000000   2.10000000   145.0877386125
  3.20000000   2.10000000   144.6081476094
  3.30000000   2.10000000   144.2950042563
  3.40000000   2.10000000   144.1403785642
  3.50000000   2.10000000   144.1403785642

  0.00000000   2.20000000     0.0000000000
  0.10000000   2.20000000     8.9474766600
  0.20000000   2.20000000    17.9128302395
  0.30000000   2.20000000    26.9143384830
  0.40000000   2.20000000    35.9710487707
  0.50000000   2.20000000    45.1030663396
  0.60000000   2.20000000    54.3316736005
  0.70000000   2.20000000    63.6791131787
  0.80000000   2.20000000    73.1677159480
  0.90000000   2.20000000    82.8177668420
  1.00000000   2.20000000    92.6429500087
  1.10000000   2.20000000   102.6411660412
  1.20000000   2.20000000   112.7765757414
  1.30000000   2.20000000   122.9454880758
  1.40000000   2.20000000   132.9150274093
  1.50000000   2.20000000   142.2277399779
  1.60000000   2.20000000   150.1157237415
  1.70000000   2.20000000   155.6770165594
  1.80000000   2.20000000   158.9165975933
  1.90000000   2.20000000   160.0680384501
  2.00000000   2.20000000   159.4685315443
  2.10000000   2.20000000   157.8973314972
  2.20000000   2.20000000   155.9444465277
  2.30000000   2.20000000   153.9452539076
  2.40000000   2.20000000   152.0647064906
  2.50000000   2.20000000   150.3732006416
  2.60000000   2.20000000   148.8928977644
  2.70000000   2.20000000   147.6229005587
  2.80000000   2.20000000   146.5523433529
  2.90000000   2.20000000   145.6670447197
  3.00000000   2.20000000   144.9528104678
  3.10000000   2.20000000   144.3970115970
  3.20000000   2.20000000   143.9892861568
  3.30000000   2.20000000   143.7218101814
  3.40000000   2.20000000   143.5893719365
  3.50000000   2.20000000   143.5893719365

  0.00000000   2.30000000     0.0000000000
  0.10000000   2.30000000     8.8216956483
  0.20000000   2.30000000    17.6557686965
  0.30000000   2.30000000    26.5146367488
  0.40000000   2.30000000    35.4107304909
  0.50000000   2.30000000    44.3563126625
  0.60000000   2.30000000    53.3630127143
  0.70000000   2.30000000    62.4408663824
  0.80000000   2.30000000    71.5965113428
  0.90000000   2.30000000    80.8299611227
  1.00000000   2.30000000    90.1290157728
  1.10000000   2.30000000    99.4598389995
  1.20000000   2.30000000   108.7516249397
  1.30000000   2.30000000   117.8731516564
  1.40000000   2.30000000   126.6013901914
  1.50000000   2.30000000   134.5927641086
  1.60000000   2.30000000   141.3964488251
  1.70000000   2.30000000   146.5940700547
  1.80000000   2.30000000   150.0913176633
  1.90000000   2.30000000   152.0030485492
  2.00000000   2.30000000   152.5894877628
  2.10000000   2.30000000   152.2695476524
  2.20000000   2.30000000   151.4283661628
  2.30000000   2.30000000   150.3423798485
  2.40000000   2.30000000   149.1858458401
  2.50000000   2.30000000   148.0597989678
  2.60000000   2.30000000   147.0186405675
  2.70000000   2.30000000   146.0889430892
  2.80000000   2.30000000   145.2814501352
  2.90000000   2.30000000   144.5983688470
  3.00000000   2.30000000   144.0376855832
  3.10000000   2.30000000   143.5956754458
  3.20000000   2.30000000   143.2683388384
  3.30000000   2.30000000   143.0522086102
  3.40000000   2.30000000   142.9447907445
  3.50000000   2.30000000   142.9447907445

  0.00000000   2.40000000     0.0000000000
  0.10000000   2.40000000     8.6845510643
  0.20000000   2.40000000    17.3759312483
  0.30000000   2.40000000    26.0807165962
  0.40000000   2.40000000    34.8048936286
  0.50000000   2.40000000    43.5533395291
  0.60000000   2.40000000    52.3289830230
  0.70000000   2.40000000    61.1314495197
  0.80000000   2.40000000    69.9549025703
  0.90000000   2.40000000    78.7846679947
  1.00000000   2.40000000    87.5920814240
  1.10000000   2.40000000    96.3269039267
  1.20000000   2.40000000   104.9068176122
  1.30000000   2.40000000   113.2044803819
  1.40000000   2.40000000   121.0354883545
  1.50000000   2.40000000   128.1569064902
  1.60000000   2.40000000   134.2953806302
  1.70000000   2.40000000   139.2246139705
  1.80000000   2.40000000   142.8659753248
  1.90000000   2.40000000   145.2794406777
  2.00000000   2.40000000   146.6349234849
  2.10000000   2.40000000   147.1833365599
  2.20000000   2.40000000   147.1797426651
  2.30000000   2.40000000   146.8350109011
  2.40000000   2.40000000   146.3036729275
  2.50000000   2.40000000   145.6907657335
  2.60000000   2.40000000   145.0640954768
  2.70000000   2.40000000   144.4656846317
  2.80000000   2.40000000   143.9205807282
  2.90000000   2.40000000   143.4430550266
  3.00000000   2.40000000   143.0407588035
  3.10000000   2.40000000   142.7174303630
  3.20000000   2.40000000   142.4746222218
  3.30000000   2.40000000   142.3127812092
  3.40000000   2.40000000   142.2319032769
  3.50000000   2.40000000   142.2319032769

  0.00000000   2.50000000     0.0000000000
  0.10000000   2.50000000     8.5416296461
  0.20000000   2.50000000    17.0847859709
  0.30000000   2.50000000    25.6305327482
  0.40000000   2.50000000    34.1789251575
  0.50000000   2.50000000    42.7282872566
  0.60000000   2.50000000    51.2741957006
  0.70000000   2.50000000    59.8080186895
  0.80000000   2.50000000    68.3148173229
  0.90000000   2.50000000    76.7703798728
  1.00000000   2.50000000    85.1371625665
  1.10000000   2.50000000    93.3590333322
  1.20000000   2.50000000   101.3551192302
  1.30000000   2.50000000   109.0140167468
  1.40000000   2.50000000   116.1914501526
  1.50000000   2.50000000   122.7170618953
  1.60000000   2.50000000   128.4175518630
  1.70000000   2.50000000   133.1581533993
  1.80000000   2.50000000   136.8850155653
  1.90000000   2.50000000   139.6319176996
  2.00000000   2.50000000   141.5073753409
  2.10000000   2.50000000   142.6710837431
  2.20000000   2.50000000   143.2962913272
  2.30000000   2.50000000   143.5403674282
  2.40000000   2.50000000   143.5312146021
  2.50000000   2.50000000   143.3655627675
  2.60000000   2.50000000   143.1131429783
  2.70000000   2.50000000   142.8225955510
  2.80000000   2.50000000   142.5270564446
  2.90000000   2.50000000   142.2486925604
  3.00000000   2.50000000   142.0021041613
  3.10000000   2.50000000   141.7967590195
  3.20000000   2.50000000   141.6386769109
  3.30000000   2.50000000   141.5315605113
  3.40000000   2.50000000   141.4775238493
  3.50000000   2.50000000   141.4775238493

  0.00000000   2.60000000     0.0000000000
  0.10000000   2.60000000     8.3982741821
  0.20000000   2.60000000    16.7932295522
  0.30000000   2.60000000    25.1809574688
  0.40000000   2.60000000    33.5562987270
  0.50000000   2.60000000    41.9120354002
  0.60000000   2.60000000    50.2378486560
  0.70000000   2.60000000    58.5189446466
  0.80000000   2.60000000    66.7342456992
  0.90000000   2.60000000    74.8540617734
  1.00000000   2.60000000    82.8372288863
  1.10000000   2.60000000    90.6278813904
  1.20000000   2.60000000    98.1523934431
  1.30000000   2.60000000   105.3176611233
  1.40000000   2.60000000   112.0127738359
  1.50000000   2.60000000   118.1168473356
  1.60000000   2.60000000   123.5151991570
  1.70000000   2.60000000   128.1222474972
  1.80000000   2.60000000   131.9022316806
  1.90000000   2.60000000   134.8756333435
  2.00000000   2.60000000   137.1131069198
  2.10000000   2.60000000   138.7207134371
  2.20000000   2.60000000   139.8192639783
  2.30000000   2.60000000   140.5261602406
  2.40000000   2.60000000   140.9443324936
  2.50000000   2.60000000   141.1579896267
  2.60000000   2.60000000   141.2328478497
  2.70000000   2.60000000   141.2185545800
  2.80000000   2.60000000   141.1517802891
  2.90000000   2.60000000   141.0591709106
  3.00000000   2.60000000   140.9598307554
  3.10000000   2.60000000   140.8672644247
  3.20000000   2.60000000   140.7908220337
  3.30000000   2.60000000   140.7367293890
  3.40000000   2.60000000   140.7087843248
  3.50000000   2.60000000   140.7087843248

  0.00000000   2.70000000     0.0000000000
  0.10000000   2.70000000     8.2593709156
  0.20000000   2.70000000    16.5111625915
  0.30000000   2.70000000    24.7471500893
  0.40000000   2.70000000    32.9577636768
  0.50000000   2.70000000    41.1312818374
  0.60000000   2.70000000    49.2528613225
  0.70000000   2.70000000    57.3033530712
  0.80000000   2.70000000    65.2578686718
  0.90000000   2.70000000    73.0841028179
  1.00000000   2.70000000    80.7405031307
  1.10000000   2.70000000    88.1745363791
  1.20000000   2.70000000    95.3215533131
  1.30000000   2.70000000   102.1050945735
  1.40000000   2.70000000   108.4398028918
  1.50000000   2.70000000   114.2381169317
  1.60000000   2.70000000   119.4210991012
  1.70000000   2.70000000   123.9316545520
  1.80000000   2.70000000   127.7457051771
  1.90000000   2.70000000   130.8765043981
  2.00000000   2.70000000   133.3715959363
  2.10000000   2.70000000   135.3040328507
  2.20000000   2.70000000   136.7603091595
  2.30000000   2.70000000   137.8288793610
  2.40000000   2.70000000   138.5919120979
  2.50000000   2.70000000   139.1208320261
  2.60000000   2.70000000   139.4748876627
  2.70000000   2.70000000   139.7016180283
  2.80000000   2.70000000   139.8382567022
  2.90000000   2.70000000   139.9134306480
  3.00000000   2.70000000   139.9487944582
  3.10000000   2.70000000   139.9604351680
  3.20000000   2.70000000   139.9599961459
  3.30000000   2.70000000   139.9555250460
  3.40000000   2.70000000   139.9520726909
  3.50000000   2.70000000   139.9520726909

  0.00000000   2.80000000     0.0000000000
  0.10000000   2.80000000     8.1292200356
  0.20000000   2.80000000    16.2472423984
  0.30000000   2.80000000    24.3422214086
  0.40000000   2.80000000    32.4009805951
  0.50000000   2.80000000    40.4082621332
  0.60000000   2.80000000    48.3458805375
  0.70000000   2.80000000    56.1917642160
  0.80000000   2.80000000    63.9188920765
  0.90000000   2.80000000    71.4941760031
  1.00000000   2.80000000    78.8774134750
  1.10000000   2.80000000    86.0205459569
  1.20000000   2.80000000    92.8676049890
  1.30000000   2.80000000    99.3558767975
  1.40000000   2.80000000   105.4188795721
  1.50000000   2.80000000   110.9915646654
  1.60000000   2.80000000   116.0175374541
  1.70000000   2.80000000   120.4570296296
  1.80000000   2.80000000   124.2933376373
  1.90000000   2.80000000   127.5355252675
  2.00000000   2.80000000   130.2167932996
  2.10000000   2.80000000   132.3892324313
  2.20000000   2.80000000   134.1164707556
  2.30000000   2.80000000   135.4662297327
  2.40000000   2.80000000   136.5043426843
  2.50000000   2.80000000   137.2908527855
  2.60000000   2.80000000   137.8780482890
  2.70000000   2.80000000   138.3099335967
  2.80000000   2.80000000   138.6225880356
  2.90000000   2.80000000   138.8449701221
  3.00000000   2.80000000   138.9998676125
  3.10000000   2.80000000   139.1048163517
  3.20000000   2.80000000   139.1728975564
  3.30000000   2.80000000   139.2133764408
  3.40000000   2.80000000   139.2321736823
  3.50000000   2.80000000   139.2321736823

  0.00000000   2.90000000     0.0000000000
  0.10000000   2.90000000     8.0114774804
  0.20000000   2.90000000    16.0087840760
  0.30000000   2.90000000    23.9771335280
  0.40000000   2.90000000    31.9004909066
  0.50000000   2.90000000    39.7609066256
  0.60000000   2.90000000    47.5378103807
  0.70000000   2.90000000    55.2072713745
  0.80000000   2.90000000    62.7412545077
  0.90000000   2.90000000    70.1069388742
  1.00000000   2.90000000    77.2662178142
  1.10000000   2.90000000    84.1755677656
  1.20000000   2.90000000    90.7865448852
  1.30000000   2.90000000    97.0472140718
  1.40000000   2.90000000   102.9047795570
  1.50000000   2.90000000   108.3094967020
  1.60000000   2.90000000   113.2195525649
  1.70000000   2.90000000   117.6060747699
  1.80000000   2.90000000   121.4570343486
  1.90000000   2.90000000   124.7789316892
  2.00000000   2.90000000   127.5958602359
  2.10000000   2.90000000   129.9462826877
  2.20000000   2.90000000   131.8783821407
  2.30000000   2.90000000   133.4451027644
  2.40000000   2.90000000   134.6998182841
  2.50000000   2.90000000   135.6931299893
  2.60000000   2.90000000   136.4708717325
  2.70000000   2.90000000   137.0731340850
  2.80000000   2.90000000   137.5340202051
  2.90000000   2.90000000   137.8818551913
  3.00000000   2.90000000   138.1396287721
  3.10000000   2.90000000   138.3255183700
  3.20000000   2.90000000   138.4533966898
  3.30000000   2.90000000   138.5332693735
  3.40000000   2.90000000   138.5716149754
  3.50000000   2.90000000   138.5716149754

  0.00000000   3.00000000     0.0000000000
  0.10000000   3.00000000     7.9091506038
  0.20000000   3.00000000    15.8017704650
  0.30000000   3.00000000    23.6607641822
  0.40000000   3.00000000    31.4679028123
  0.50000000   3.00000000    39.2032500193
  0.60000000   3.00000000    46.8445900721
  0.70000000   3.00000000    54.3668772444
  0.80000000   3.00000000    61.7417454409
  0.90000000   3.00000000    68.9371436293
  1.00000000   3.00000000    75.9171962330
  1.10000000   3.00000000    82.6424235360
  1.20000000   3.00000000    89.0704841497
  1.30000000   3.00000000    95.1575990235
  1.40000000   3.00000000   100.8607551854
  1.50000000   3.00000000   106.1406397191
  1.60000000   3.00000000   110.9650193475
  1.70000000   3.00000000   115.3120188637
  1.80000000   3.00000000   119.1725979446
  1.90000000   3.00000000   122.5516248781
  2.00000000   3.00000000   125.4672992526
  2.10000000   3.00000000   127.9490894097
  2.20000000   3.00000000   130.0346737580
  2.30000000   3.00000000   131.7665293360
  2.40000000   3.00000000   133.1887500398
  2.50000000   3.00000000   134.3444684190
  2.60000000   3.00000000   135.2740191806
  2.70000000   3.00000000   136.0138044382
  2.80000000   3.00000000   136.5957252018
  2.90000000   3.00000000   137.0470160812
  3.00000000   3.00000000   137.3903335822
  3.10000000   3.00000000   137.6439791772
  3.20000000   3.00000000   137.8221715803
  3.30000000   3.00000000   137.9353110952
  3.40000000   3.00000000   137.9902003205
  3.50000000   3.00000000   137.9902003205

  0.00000000   3.10000000     0.0000000000
  0.10000000   3.10000000     7.8246291012
  0.20000000   3.10000000    15.6309308591
  0.30000000   3.10000000    23.4000683597
  0.40000000   3.10000000    31.1121915397
  0.50000000   3.10000000    38.7459488040
  0.60000000   3.10000000    46.2780296741
  0.70000000   3.10000000    53.6827646849
  0.80000000   3.10000000    60.9318229905
  0.90000000   3.10000000    67.9940656837
  1.00000000   3.10000000    74.8356315260
  1.10000000   3.10000000    81.4203468359
  1.20000000   3.10000000    87.7105541728
  1.30000000   3.10000000    93.6684328574
  1.40000000   3.10000000    99.2578248620
  1.50000000   3.10000000   104.4464749098
  1.60000000   3.10000000   109.2084549716
  1.70000000   3.10000000   113.5264117903
  1.80000000   3.10000000   117.3932182893
  1.90000000   3.10000000   120.8126824398
  2.00000000   3.10000000   123.7991629636
  2.10000000   3.10000000   126.3761792436
  2.20000000   3.10000000   128.5743001435
  2.30000000   3.10000000   130.4286990247
  2.40000000   3.10000000   131.9767488671
  2.50000000   3.10000000   133.2559306598
  2.60000000   3.10000000   134.3021961398
  2.70000000   3.10000000   135.1488101875
  2.80000000   3.10000000   135.8256213278
  2.90000000   3.10000000   136.3586716158
  3.00000000   3.10000000   136.7700494614
  3.10000000   3.10000000   137.0778983135
  3.20000000   3.10000000   137.2965107501
  3.30000000   3.10000000   137.4364552150
  3.40000000   3.10000000   137.5046983204
  3.50000000   3.10000000   137.5046983204

  0.00000000   3.20000000     0.0000000000
  0.10000000   3.20000000     7.7597343372
  0.20000000   3.20000000    15.4998533776
  0.30000000   3.20000000    23.2002814840
  0.40000000   3.20000000    30.8400353377
  0.50000000   3.20000000    38.3968053155
  0.60000000   3.20000000    45.8465866973
  0.70000000   3.20000000    53.1633897012
  0.80000000   3.20000000    60.3190671536
  0.90000000   3.20000000    67.2833090448
  1.00000000   3.20000000    74.0238618410
  1.10000000   3.20000000    80.5070331409
  1.20000000   3.20000000    86.6985333511
  1.30000000   3.20000000    92.5646788834
  1.40000000   3.20000000    98.0739309163
  1.50000000   3.20000000   103.1986708661
  1.60000000   3.20000000   107.9170305132
  1.70000000   3.20000000   112.2145270976
  1.80000000   3.20000000   116.0852351651
  1.90000000   3.20000000   119.5322808146
  2.00000000   3.20000000   122.5675629465
  2.10000000   3.20000000   125.2107511501
  2.20000000   3.20000000   127.4877352512
  2.30000000   3.20000000   129.4287735793
  2.40000000   3.20000000   131.0665925951
  2.50000000   3.20000000   132.4346415487
  2.60000000   3.20000000   133.5656297900
  2.70000000   3.20000000   134.4903983805
  2.80000000   3.20000000   135.2371187030
  2.90000000   3.20000000   135.8307742396
  3.00000000   3.20000000   136.2928651696
  3.10000000   3.20000000   136.6412732217
  3.20000000   3.20000000   136.8902303929
  3.30000000   3.20000000   137.0503451746
  3.40000000   3.20000000   137.1286508604
  3.50000000   3.20000000   137.1286508604

  0.00000000   3.30000000     0.0000000000
  0.10000000   3.30000000     7.7157733524
  0.20000000   3.30000000    15.4111032179
  0.30000000   3.30000000    23.0651221239
  0.40000000   3.30000000    30.6561319126
  0.50000000   3.30000000    38.1612338775
  0.60000000   3.30000000    45.5560196337
  0.70000000   3.30000000    52.8143525679
  0.80000000   3.30000000    59.9082763703
  0.90000000   3.30000000    66.8080929710
  1.00000000   3.30000000    73.4826547998
  1.10000000   3.30000000    79.8999124265
  1.20000000   3.30000000    86.0277445218
  1.30000000   3.30000000    91.8350693991
  1.40000000   3.30000000    97.2931951103
  1.50000000   3.30000000   102.3773118740
  1.60000000   3.30000000   107.0679770019
  1.70000000   3.30000000   111.3524052795
  1.80000000   3.30000000   115.2253751833
  1.90000000   3.30000000   118.6896036416
  2.00000000   3.30000000   121.7555231373
  2.10000000   3.30000000   124.4404927290
  2.20000000   3.30000000   126.7675616480
  2.30000000   3.30000000   128.7639587188
  2.40000000   3.30000000   130.4594934294
  2.50000000   3.30000000   131.8850298551
  2.60000000   3.30000000   133.0711474543
  2.70000000   3.30000000   134.0470496749
  2.80000000   3.30000000   134.8397348854
  2.90000000   3.30000000   135.4734106767
  3.00000000   3.30000000   135.9691130080
  3.10000000   3.30000000   136.3444837491
  3.20000000   3.30000000   136.6136604841
  3.30000000   3.30000000   136.7872377040
  3.40000000   3.30000000   136.8722662295
  3.50000000   3.30000000   136.8722662295

  0.00000000   3.40000000     0.0000000000
  0.10000000   3.40000000     7.6935873038
  0.20000000   3.40000000    15.3663265635
  0.30000000   3.40000000    22.9969649358
  0.40000000   3.40000000    30.5634592784
  0.50000000   3.40000000    38.0426312537
  0.60000000   3.40000000    45.4098881024
  0.70000000   3.40000000    52.6390390680
  0.80000000   3.40000000    59.7022425032
  0.90000000   3.40000000    66.5701222540
  1.00000000   3.40000000    73.2120917497
  1.10000000   3.40000000    79.5969175526
  1.20000000   3.40000000    85.6935381410
  1.30000000   3.40000000    91.4721265407
  1.40000000   3.40000000    96.9053476175
  1.50000000   3.40000000   101.9697168900
  1.60000000   3.40000000   106.6469268661
  1.70000000   3.40000000   110.9249819206
  1.80000000   3.40000000   114.7989858483
  1.90000000   3.40000000   118.2714631417
  2.00000000   3.40000000   121.3521603403
  2.10000000   3.40000000   124.0573516802
  2.20000000   3.40000000   126.4087438101
  2.30000000   3.40000000   128.4321209796
  2.40000000   3.40000000   130.1558868687
  2.50000000   3.40000000   131.6096442906
  2.60000000   3.40000000   132.8229190430
  2.70000000   3.40000000   133.8240914432
  2.80000000   3.40000000   134.6395589098
  2.90000000   3.40000000   135.2931216122
  3.00000000   3.40000000   135.8055628351
  3.10000000   3.40000000   136.1943855138
  3.20000000   3.40000000   136.4736641043
  3.30000000   3.40000000   136.6539739814
  3.40000000   3.40000000   136.7423666551
  3.50000000   3.40000000   136.7423666551

  0.00000000   3.50000000     0.0000000000
  0.10000000   3.50000000     7.6935873038
  0.20000000   3.50000000    15.3663265635
  0.30000000   3.50000000    22.9969649358
  0.40000000   3.50000000    30.5634592784
  0.50000000   3.50000000    38.0426312537
  0.60000000   3.50000000    45.4098881024
  0.70000000   3.50000000    52.6390390680
  0.80000000   3.50000000    59.7022425032
  0.90000000   3.50000000    66.5701222540
  1.00000000   3.50000000    73.2120917497
  1.10000000   3.50000000    79.5969175526
  1.20000000   3.50000000    85.6935381410
  1.30000000   3.50000000    91.4721265407
  1.40000000   3.50000000    96.9053476175
  1.50000000   3.50000000   101.9697168900
  1.60000000   3.50000000   106.6469268661
  1.70000000   3.50000000   110.9249819206
  1.80000000   3.50000000   114.7989858483
  1.90000000   3.50000000   118.2714631417
  2.00000000   3.50000000   121.3521603403
  2.10000000   3.50000000   124.0573516802
  2.20000000   3.50000000   126.4087438101
  2.30000000   3.50000000   128.4321209796
  2.40000000   3.50000000   130.1558868687
  2.50000000   3.50000000   131.6096442906
  2.60000000   3.50000000   132.8229190430
  2.70000000   3.50000000   133.8240914432
  2.80000000   3.50000000   134.6395589098
  2.90000000   3.50000000   135.2931216122
  3.00000000   3.50000000   135.8055628351
  3.10000000   3.50000000   136.1943855138
  3.20000000   3.50000000   136.4736641043
  3.30000000   3.50000000   136.6539739814
  3.40000000   3.50000000   136.7423666551
  3.50000000   3.50000000   136.7423666551

