  0.00000000   0.00000000     0.0000000000
  0.10000000   0.00000000     3.2700750014
  0.20000000   0.00000000     6.5350700158
  0.30000000   0.00000000     9.7888635926
  0.40000000   0.00000000    13.0232139761
  0.50000000   0.00000000    16.2269263509
  0.60000000   0.00000000    19.3849301086
  0.70000000   0.00000000    22.4778510152
  0.80000000   0.00000000    25.4814985402
  0.90000000   0.00000000    28.3670884978
  1.00000000   0.00000000    31.1014475190
  1.10000000   0.00000000    33.6481361514
  1.20000000   0.00000000    35.9686228716
  1.30000000   0.00000000    38.0243930324
  1.40000000   0.00000000    39.7790492409
  1.50000000   0.00000000    41.2010548210
  1.60000000   0.00000000    42.2661637132
  1.70000000   0.00000000    42.9598723564
  1.80000000   0.00000000    43.2791012092
  1.90000000   0.00000000    43.2332234380
  2.00000000   0.00000000    42.8440837477
  2.10000000   0.00000000    42.1450693471
  2.20000000   0.00000000    41.1794492688
  2.30000000   0.00000000    39.9979879517
  2.40000000   0.00000000    38.6564795159
  2.50000000   0.00000000    37.2129915866
  2.60000000   0.00000000    35.7256243623
  2.70000000   0.00000000    34.2502620910
  2.80000000   0.00000000    32.8391073575
  2.90000000   0.00000000    31.5392483169
  3.00000000   0.00000000    30.3919752605
  3.10000000   0.00000000    29.4320468919
  3.20000000   0.00000000    28.6875165712
  3.30000000   0.00000000    28.1794346916
  3.40000000   0.00000000    27.9218822003
  3.50000000   0.00000000    27.9218822003

  0.00000000   0.10000000     0.0000000000
  0.10000000   0.10000000     3.2700750014
  0.20000000   0.10000000     6.5350700158
  0.30000000   0.10000000     9.7888635926
  0.40000000   0.10000000    13.0232139761
  0.50000000   0.10000000    16.2269263509
  0.60000000   0.10000000    19.3849301086
  0.70000000   0.10000000    22.4778510152
  0.80000000   0.10000000    25.4814985402
  0.90000000   0.10000000    28.3670884978
  1.00000000   0.10000000    31.1014475190
  1.10000000   0.10000000    33.6481361514
  1.20000000   0.10000000    35.9686228716
  1.30000000   0.10000000    38.0243930324
  1.40000000   0.10000000    39.7790492409
  1.50000000   0.10000000    41.2010548210
  1.60000000   0.10000000    42.2661637132
  1.70000000   0.10000000    42.9598723564
  1.80000000   0.10000000    43.2791012092
  1.90000000   0.10000000    43.2332234380
  2.00000000   0.10000000    42.8440837477
  2.10000000   0.10000000    42.1450693471
  2.20000000   0.10000000    41.1794492688
  2.30000000   0.10000000    39.9979879517
  2.40000000   0.10000000    38.6564795159
  2.50000000   0.10000000    37.2129915866
  2.60000000   0.10000000    35.7256243623
  2.70000000   0.10000000    34.2502620910
  2.80000000   0.10000000    32.8391073575
  2.90000000   0.10000000    31.5392483169
  3.00000000   0.10000000    30.3919752605
  3.10000000   0.10000000    29.4320468919
  3.20000000   0.10000000    28.6875165712
  3.30000000   0.10000000    28.1794346916
  3.40000000   0.10000000    27.9218822003
  3.50000000   0.10000000    27.9218822003

  0.00000000   0.20000000     0.0000000000
  0.10000000   0.20000000     3.3119125706
  0.20000000   0.20000000     6.6194964430
  0.30000000   0.20000000     9.9172679469
  0.40000000   0.20000000    13.1977101892
  0.50000000   0.20000000    16.4500094972
  0.60000000   0.20000000    19.6596060934
  0.70000000   0.20000000    22.8070591117
  0.80000000   0.20000000    25.8682135847
  0.90000000   0.20000000    28.8135300352
  1.00000000   0.20000000    31.6091058922
  1.10000000   0.20000000    34.2168642093
  1.20000000   0.20000000    36.5966333816
  1.30000000   0.20000000    38.7074636978
  1.40000000   0.20000000    40.5106822649
  1.50000000   0.20000000    41.9721349799
  1.60000000   0.20000000    43.0655115293
  1.70000000   0.20000000    43.7745839314
  1.80000000   0.20000000    44.0954856190
  1.90000000   0.20000000    44.0376588405
  2.00000000   0.20000000    43.6239391468
  2.10000000   0.20000000    42.8895780439
  2.20000000   0.20000000    41.8801195778
  2.30000000   0.20000000    40.6490986776
  2.40000000   0.20000000    39.2548219407
  2.50000000   0.20000000    37.7579827245
  2.60000000   0.20000000    36.2186124798
  2.70000000   0.20000000    34.6944904470
  2.80000000   0.20000000    33.2389212348
  2.90000000   0.20000000    31.9000995150
  3.00000000   0.20000000    30.7197564552
  3.10000000   0.20000000    29.7331832092
  3.20000000   0.20000000    28.9685144717
  3.30000000   0.20000000    28.4470076545
  3.40000000   0.20000000    28.1827177213
  3.50000000   0.20000000    28.1827177213

  0.00000000   0.30000000     0.0000000000
  0.10000000   0.30000000     3.3947699762
  0.20000000   0.30000000     6.7866645258
  0.30000000   0.30000000    10.1717470938
  0.40000000   0.30000000    13.5436041981
  0.50000000   0.30000000    16.8927592106
  0.60000000   0.30000000    20.2050875170
  0.70000000   0.30000000    23.4618287920
  0.80000000   0.30000000    26.6381444092
  0.90000000   0.30000000    29.7039206077
  1.00000000   0.30000000    32.6229346213
  1.10000000   0.30000000    35.3547253649
  1.20000000   0.30000000    37.8549112543
  1.30000000   0.30000000    40.0783377609
  1.40000000   0.30000000    41.9808435103
  1.50000000   0.30000000    43.5233916696
  1.60000000   0.30000000    44.6747698349
  1.70000000   0.30000000    45.4154313135
  1.80000000   0.30000000    45.7395894590
  1.90000000   0.30000000    45.6568891939
  2.00000000   0.30000000    45.1923632494
  2.10000000   0.30000000    44.3849893788
  2.20000000   0.30000000    43.2854981639
  2.30000000   0.30000000    41.9527405475
  2.40000000   0.30000000    40.4508413449
  2.50000000   0.30000000    38.8452098382
  2.60000000   0.30000000    37.2005211277
  2.70000000   0.30000000    35.5775868214
  2.80000000   0.30000000    34.0326278475
  2.90000000   0.30000000    32.6152496665
  3.00000000   0.30000000    31.3686754010
  3.10000000   0.30000000    30.3285778501
  3.20000000   0.30000000    29.5237111124
  3.30000000   0.30000000    28.9752950433
  3.40000000   0.30000000    28.6975791344
  3.50000000   0.30000000    28.6975791344

  0.00000000   0.40000000     0.0000000000
  0.10000000   0.40000000     3.5169028833
  0.20000000   0.40000000     7.0333004645
  0.30000000   0.40000000    10.5473112217
  0.40000000   0.40000000    14.0548443581
  0.50000000   0.40000000    17.5477833495
  0.60000000   0.40000000    21.0137536474
  0.70000000   0.40000000    24.4340944153
  0.80000000   0.40000000    27.7843321824
  0.90000000   0.40000000    31.0323760480
  1.00000000   0.40000000    34.1399540021
  1.10000000   0.40000000    37.0617237632
  1.20000000   0.40000000    39.7481033414
  1.30000000   0.40000000    42.1460986212
  1.40000000   0.40000000    44.2038191077
  1.50000000   0.40000000    45.8732873218
  1.60000000   0.40000000    47.1159183974
  1.70000000   0.40000000    47.9060307983
  1.80000000   0.40000000    48.2349136084
  1.90000000   0.40000000    48.1124216717
  2.00000000   0.40000000    47.5671161939
  2.10000000   0.40000000    46.6445234676
  2.20000000   0.40000000    45.4033538054
  2.30000000   0.40000000    43.9118346079
  2.40000000   0.40000000    42.2424929646
  2.50000000   0.40000000    40.4691199357
  2.60000000   0.40000000    38.6624252294
  2.70000000   0.40000000    36.8888460724
  2.80000000   0.40000000    35.2077351916
  2.90000000   0.40000000    33.6717054993
  3.00000000   0.40000000    32.3250154372
  3.10000000   0.40000000    31.2046230531
  3.20000000   0.40000000    30.3392979364
  3.30000000   0.40000000    29.7506786703
  3.40000000   0.40000000    29.4528201296
  3.50000000   0.40000000    29.4528201296

  0.00000000   0.50000000     0.0000000000
  0.10000000   0.50000000     3.6757432899
  0.20000000   0.50000000     7.3541162906
  0.30000000   0.50000000    11.0365695196
  0.40000000   0.50000000    14.7215575201
  0.50000000   0.50000000    18.4039961386
  0.60000000   0.50000000    22.0729098113
  0.70000000   0.50000000    25.7115170157
  0.80000000   0.50000000    29.2946454100
  0.90000000   0.50000000    32.7895751606
  1.00000000   0.50000000    36.1538711166
  1.10000000   0.50000000    39.3374459122
  1.20000000   0.50000000    42.2819158864
  1.30000000   0.50000000    44.9247041141
  1.40000000   0.50000000    47.2011553545
  1.50000000   0.50000000    49.0510890873
  1.60000000   0.50000000    50.4235871518
  1.70000000   0.50000000    51.2841307136
  1.80000000   0.50000000    51.6189364448
  1.90000000   0.50000000    51.4382641086
  2.00000000   0.50000000    50.7763111677
  2.10000000   0.50000000    49.6882274983
  2.20000000   0.50000000    48.2455928444
  2.30000000   0.50000000    46.5296351459
  2.40000000   0.50000000    44.6262460954
  2.50000000   0.50000000    42.6197405179
  2.60000000   0.50000000    40.5904367383
  2.70000000   0.50000000    38.6107371532
  2.80000000   0.50000000    36.7452968601
  2.90000000   0.50000000    35.0489633593
  3.00000000   0.50000000    33.5682694162
  3.10000000   0.50000000    32.3403704514
  3.20000000   0.50000000    31.3947359796
  3.30000000   0.50000000    30.7525755273
  3.40000000   0.50000000    30.4280616595
  3.50000000   0.50000000    30.4280616595

  0.00000000   0.60000000     0.0000000000
  0.10000000   0.60000000     3.8675991587
  0.20000000   0.60000000     7.7421052693
  0.30000000   0.60000000    11.6288094724
  0.40000000   0.60000000    15.5304897207
  0.50000000   0.60000000    19.4450287320
  0.60000000   0.60000000    23.3651152756
  0.70000000   0.60000000    27.2752062738
  0.80000000   0.60000000    31.1517603426
  0.90000000   0.60000000    34.9599681720
  1.00000000   0.60000000    38.6547712999
  1.10000000   0.60000000    42.1784017137
  1.20000000   0.60000000    45.4631566609
  1.30000000   0.60000000    48.4316611021
  1.40000000   0.60000000    51.0030556328
  1.50000000   0.60000000    53.0978906022
  1.60000000   0.60000000    54.6480070169
  1.70000000   0.60000000    55.6044662158
  1.80000000   0.60000000    55.9461446308
  1.90000000   0.60000000    55.6836763533
  2.00000000   0.60000000    54.8596067040
  2.10000000   0.60000000    53.5441815707
  2.20000000   0.60000000    51.8271427383
  2.30000000   0.60000000    49.8096200094
  2.40000000   0.60000000    47.5946918928
  2.50000000   0.60000000    45.2822656679
  2.60000000   0.60000000    42.9632341231
  2.70000000   0.60000000    40.7188246384
  2.80000000   0.60000000    38.6179986335
  2.90000000   0.60000000    36.7193270070
  3.00000000   0.60000000    35.0699410674
  3.10000000   0.60000000    33.7080074263
  3.20000000   0.60000000    32.6622151099
  3.30000000   0.60000000    31.9537868013
  3.40000000   0.60000000    31.5961816135
  3.50000000   0.60000000    31.5961816135

  0.00000000   0.70000000     0.0000000000
  0.10000000   0.70000000     4.0878711843
  0.20000000   0.70000000     8.1877955140
  0.30000000   0.70000000    12.3105405534
  0.40000000   0.70000000    16.4634478341
  0.50000000   0.70000000    20.6497939482
  0.60000000   0.70000000    24.8657007386
  0.70000000   0.70000000    29.0998826465
  0.80000000   0.70000000    33.3297155241
  0.90000000   0.70000000    37.5212589764
  1.00000000   0.70000000    41.6250986235
  1.10000000   0.70000000    45.5772275035
  1.20000000   0.70000000    49.2964821269
  1.30000000   0.70000000    52.6884379064
  1.40000000   0.70000000    55.6480294788
  1.50000000   0.70000000    58.0698072292
  1.60000000   0.70000000    59.8584195392
  1.70000000   0.70000000    60.9438392078
  1.80000000   0.70000000    61.2928651532
  1.90000000   0.70000000    60.9167780512
  2.00000000   0.70000000    59.8711279440
  2.10000000   0.70000000    58.2483705578
  2.20000000   0.70000000    56.1661362402
  2.30000000   0.70000000    53.7525411931
  2.40000000   0.70000000    51.1355871048
  2.50000000   0.70000000    48.4334217212
  2.60000000   0.70000000    45.7514494555
  2.70000000   0.70000000    43.1787756205
  2.80000000   0.70000000    40.7902904914
  2.90000000   0.70000000    38.6459301120
  3.00000000   0.70000000    36.7941510945
  3.10000000   0.70000000    35.2718307824
  3.20000000   0.70000000    34.1073025144
  3.30000000   0.70000000    33.3202492905
  3.40000000   0.70000000    32.9236441372
  3.50000000   0.70000000    32.9236441372

  0.00000000   0.80000000     0.0000000000
  0.10000000   0.80000000     4.3306429360
  0.20000000   0.80000000     8.6797839996
  0.30000000   0.80000000    13.0642154685
  0.40000000   0.80000000    17.4980940951
  0.50000000   0.80000000    21.9901796754
  0.60000000   0.80000000    26.5432888985
  0.70000000   0.80000000    31.1502952078
  0.80000000   0.80000000    35.7935049568
  0.90000000   0.80000000    40.4394607618
  1.00000000   0.80000000    45.0380858504
  1.10000000   0.80000000    49.5172235494
  1.20000000   0.80000000    53.7829205397
  1.30000000   0.80000000    57.7172368099
  1.40000000   0.80000000    61.1846409428
  1.50000000   0.80000000    64.0404160596
  1.60000000   0.80000000    66.1496785624
  1.70000000   0.80000000    67.4083058671
  1.80000000   0.80000000    67.7646955041
  1.90000000   0.80000000    67.2307958437
  2.00000000   0.80000000    65.8821041842
  2.10000000   0.80000000    63.8461018870
  2.20000000   0.80000000    61.2809808381
  2.30000000   0.80000000    58.3547214058
  2.40000000   0.80000000    55.2268111026
  2.50000000   0.80000000    52.0397619712
  2.60000000   0.80000000    48.9132382759
  2.70000000   0.80000000    45.9458965095
  2.80000000   0.80000000    43.2153954435
  2.90000000   0.80000000    40.7832901146
  3.00000000   0.80000000    38.6959854646
  3.10000000   0.80000000    36.9891781111
  3.20000000   0.80000000    35.6883488697
  3.30000000   0.80000000    34.8117932749
  3.40000000   0.80000000    34.3707121858
  3.50000000   0.80000000    34.3707121858

  0.00000000   0.90000000     0.0000000000
  0.10000000   0.90000000     4.5890436425
  0.20000000   0.90000000     9.2038903063
  0.30000000   0.90000000    13.8691563331
  0.40000000   0.90000000    18.6061141698
  0.50000000   0.90000000    23.4320246605
  0.60000000   0.90000000    28.3566315520
  0.70000000   0.90000000    33.3813580953
  0.80000000   0.90000000    38.4940448233
  0.90000000   0.90000000    43.6671810212
  1.00000000   0.90000000    48.8506680195
  1.10000000   0.90000000    53.9688243219
  1.20000000   0.90000000    58.9126817672
  1.30000000   0.90000000    63.5390260994
  1.40000000   0.90000000    67.6699962574
  1.50000000   0.90000000    71.1063745084
  1.60000000   0.90000000    73.6506489699
  1.70000000   0.90000000    75.1451963613
  1.80000000   0.90000000    75.5081480794
  1.90000000   0.90000000    74.7526056809
  2.00000000   0.90000000    72.9860073722
  2.10000000   0.90000000    70.3907106590
  2.20000000   0.90000000    67.1880643595
  2.30000000   0.90000000    63.6012774791
  2.40000000   0.90000000    59.8326581752
  2.50000000   0.90000000    56.0511313390
  2.60000000   0.90000000    52.3924824862
  2.70000000   0.90000000    48.9607469896
  2.80000000   0.90000000    45.8354604374
  2.90000000   0.90000000    43.0748829072
  3.00000000   0.90000000    40.7226136399
  3.10000000   0.90000000    38.8094188164
  3.20000000   0.90000000    37.3577093982
  3.30000000   0.90000000    36.3821640228
  3.40000000   0.90000000    35.8922296842
  3.50000000   0.90000000    35.8922296842

  0.00000000   1.00000000     0.0000000000
  0.10000000   1.00000000     4.8548683863
  0.20000000   1.00000000     9.7440259609
  0.30000000   1.00000000    14.7003435110
  0.40000000   1.00000000    19.7545848523
  0.50000000   1.00000000    24.9327794969
  0.60000000   1.00000000    30.2556051182
  0.70000000   1.00000000    35.7339576772
  0.80000000   1.00000000    41.3672885239
  0.90000000   1.00000000    47.1363947091
  1.00000000   1.00000000    52.9990597152
  1.10000000   1.00000000    58.8790246807
  1.20000000   1.00000000    64.6582287039
  1.30000000   1.00000000    70.1645978159
  1.40000000   1.00000000    75.1691143405
  1.50000000   1.00000000    79.3922699053
  1.60000000   1.00000000    82.5390997697
  1.70000000   1.00000000    84.3612596506
  1.80000000   1.00000000    84.7289722133
  1.90000000   1.00000000    83.6569482276
  2.00000000   1.00000000    81.3034019689
  2.10000000   1.00000000    77.9424099285
  2.20000000   1.00000000    73.8931460804
  2.30000000   1.00000000    69.4589609167
  2.40000000   1.00000000    64.8938306096
  2.50000000   1.00000000    60.3961479060
  2.60000000   1.00000000    56.1122445695
  2.70000000   1.00000000    52.1482498410
  2.80000000   1.00000000    48.5781435805
  2.90000000   1.00000000    45.4542630577
  3.00000000   1.00000000    42.8118490125
  3.10000000   1.00000000    40.6756363285
  3.20000000   1.00000000    39.0615611529
  3.30000000   1.00000000    37.9804356959
  3.40000000   1.00000000    37.4383585310
  3.50000000   1.00000000    37.4383585310

  0.00000000   1.10000000     0.0000000000
  0.10000000   1.10000000     5.1191434635
  0.20000000   1.10000000    10.2815809111
  0.30000000   1.10000000    15.5299410959
  0.40000000   1.10000000    20.9045920853
  0.50000000   1.10000000    26.4433653734
  0.60000000   1.10000000    32.1784827723
  0.70000000   1.10000000    38.1356885046
  0.80000000   1.10000000    44.3286192919
  0.90000000   1.10000000    50.7553071976
  1.00000000   1.10000000    57.3876187013
  1.10000000   1.10000000    64.1613971160
  1.20000000   1.10000000    70.9573712675
  1.30000000   1.10000000    77.5823185787
  1.40000000   1.10000000    83.7464327525
  1.50000000   1.10000000    89.0590253224
  1.60000000   1.10000000    93.0639058716
  1.70000000   1.10000000    95.3528320085
  1.80000000   1.10000000    95.7216542390
  1.90000000   1.10000000    94.1882087164
  2.00000000   1.10000000    90.9893680489
  2.10000000   1.10000000    86.5598540918
  2.20000000   1.10000000    81.3787697692
  2.30000000   1.10000000    75.8598164242
  2.40000000   1.10000000    70.3173797365
  2.50000000   1.10000000    64.9717799163
  2.60000000   1.10000000    59.9716241417
  2.70000000   1.10000000    55.4128770666
  2.80000000   1.10000000    51.3574457360
  2.90000000   1.10000000    47.8432524855
  3.00000000   1.10000000    44.8942954770
  3.10000000   1.10000000    42.5243389996
  3.20000000   1.10000000    40.7420032576
  3.30000000   1.10000000    39.5517033293
  3.40000000   1.10000000    38.9560758495
  3.50000000   1.10000000    38.9560758495

  0.00000000   1.20000000     0.0000000000
  0.10000000   1.20000000     5.3719478376
  0.20000000   1.20000000    10.7967658654
  0.30000000   1.20000000    16.3267378873
  0.40000000   1.20000000    22.0136150544
  0.50000000   1.20000000    27.9069974790
  0.60000000   1.20000000    34.0544159666
  0.70000000   1.20000000    40.4979631949
  0.80000000   1.20000000    47.2728897634
  0.90000000   1.20000000    54.4004107700
  1.00000000   1.20000000    61.8808518200
  1.10000000   1.20000000    69.6768105181
  1.20000000   1.20000000    77.6913120834
  1.30000000   1.20000000    85.7290847152
  1.40000000   1.20000000    93.4483129100
  1.50000000   1.20000000   100.3097823677
  1.60000000   1.20000000   105.5864813389
  1.70000000   1.20000000   108.5536472246
  1.80000000   1.20000000   108.9167868906
  1.90000000   1.20000000   106.6997849809
  2.00000000   1.20000000   102.2385198617
  2.10000000   1.20000000    96.2819361037
  2.20000000   1.20000000    89.5757378840
  2.30000000   1.20000000    82.6792483930
  2.40000000   1.20000000    75.9582209326
  2.50000000   1.20000000    69.6354024928
  2.60000000   1.20000000    63.8386188734
  2.70000000   1.20000000    58.6387649312
  2.80000000   1.20000000    54.0717079274
  2.90000000   1.20000000    50.1546526798
  3.00000000   1.20000000    46.8932405398
  3.10000000   1.20000000    44.2883669883
  3.20000000   1.20000000    42.3378419203
  3.30000000   1.20000000    41.0393839370
  3.40000000   1.20000000    40.3907048456
  3.50000000   1.20000000    40.3907048456

  0.00000000   1.30000000     0.0000000000
  0.10000000   1.30000000     5.6032229497
  0.20000000   1.30000000    11.2685755785
  0.30000000   1.30000000    17.0585223625
  0.40000000   1.30000000    23.0355167487
  0.50000000   1.30000000    29.2628084652
  0.60000000   1.30000000    35.8031784560
  0.70000000   1.30000000    42.7195542375
  0.80000000   1.30000000    50.0718633561
  0.90000000   1.30000000    57.9151828446
  1.00000000   1.30000000    66.2908595702
  1.10000000   1.30000000    75.2142584439
  1.20000000   1.30000000    84.6456877969
  1.30000000   1.30000000    94.4403198067
  1.40000000   1.30000000   104.2528399346
  1.50000000   1.30000000   113.3902376676
  1.60000000   1.30000000   120.6644389044
  1.70000000   1.30000000   124.6099172498
  1.80000000   1.30000000   124.9540319262
  1.90000000   1.30000000   121.7338131679
  2.00000000   1.30000000   115.2829202367
  2.10000000   1.30000000   107.0777749190
  2.20000000   1.30000000    98.3134095258
  2.30000000   1.30000000    89.6981427025
  2.40000000   1.30000000    81.6002319211
  2.50000000   1.30000000    74.1931145949
  2.60000000   1.30000000    67.5489189241
  2.70000000   1.30000000    61.6879884732
  2.80000000   1.30000000    56.6073157513
  2.90000000   1.30000000    52.2929670421
  3.00000000   1.30000000    48.7286946336
  3.10000000   1.30000000    45.8981407055
  3.20000000   1.30000000    43.7878166149
  3.30000000   1.30000000    42.3868688202
  3.40000000   1.30000000    41.6882402868
  3.50000000   1.30000000    41.6882402868

  0.00000000   1.40000000     0.0000000000
  0.10000000   1.40000000     5.8029112112
  0.20000000   1.40000000    11.6766370151
  0.30000000   1.40000000    17.6926574791
  0.40000000   1.40000000    23.9243459181
  0.50000000   1.40000000    30.4472396661
  0.60000000   1.40000000    37.3408807101
  0.70000000   1.40000000    44.6887363089
  0.80000000   1.40000000    52.5801977522
  0.90000000   1.40000000    61.1092509923
  1.00000000   1.40000000    70.3739046859
  1.10000000   1.40000000    80.4676800142
  1.20000000   1.40000000    91.4617982622
  1.30000000   1.40000000   103.3544351574
  1.40000000   1.40000000   115.9478076258
  1.50000000   1.40000000   128.5419120006
  1.60000000   1.40000000   139.2750669389
  1.70000000   1.40000000   144.4732679491
  1.80000000   1.40000000   144.7712738603
  1.90000000   1.40000000   140.2328919582
  2.00000000   1.40000000   130.3427688523
  2.10000000   1.40000000   118.7256634376
  2.20000000   1.40000000   107.2262748391
  2.30000000   1.40000000    96.5550943549
  2.40000000   1.40000000    86.9342321170
  2.50000000   1.40000000    78.3965248205
  2.60000000   1.40000000    70.9058491737
  2.70000000   1.40000000    64.4066417776
  2.80000000   1.40000000    58.8416782886
  2.90000000   1.40000000    54.1603961905
  3.00000000   1.40000000    50.3198661808
  3.10000000   1.40000000    47.2861252598
  3.20000000   1.40000000    45.0326732692
  3.30000000   1.40000000    43.5406649092
  3.40000000   1.40000000    42.7976592701
  3.50000000   1.40000000    42.7976592701

  0.00000000   1.50000000     0.0000000000
  0.10000000   1.50000000     5.9619349810
  0.20000000   1.50000000    12.0018512017
  0.30000000   1.50000000    18.1992142646
  0.40000000   1.50000000    24.6362048042
  0.50000000   1.50000000    31.3999839050
  0.60000000   1.50000000    38.5842893992
  0.70000000   1.50000000    46.2930900093
  0.80000000   1.50000000    54.6434113652
  0.90000000   1.50000000    63.7711744960
  1.00000000   1.50000000    73.8362538880
  1.10000000   1.50000000    85.0307681727
  1.20000000   1.50000000    97.5846128778
  1.30000000   1.50000000   111.7645414876
  1.40000000   1.50000000   127.8248277044
  1.50000000   1.50000000   145.7216965148
  1.60000000   1.50000000   163.5735943024
  1.70000000   1.50000000   169.3871231775
  1.80000000   1.50000000   169.5836187121
  1.90000000   1.50000000   164.2635894045
  2.00000000   1.50000000   147.3464421262
  2.10000000   1.50000000   130.5137363370
  2.20000000   1.50000000   115.6094459045
  2.30000000   1.50000000   102.6966269141
  2.40000000   1.50000000    91.5533556341
  2.50000000   1.50000000    81.9493183332
  2.60000000   1.50000000    73.6931658577
  2.70000000   1.50000000    66.6334451231
  2.80000000   1.50000000    60.6531597474
  2.90000000   1.50000000    55.6620092769
  3.00000000   1.50000000    51.5915461676
  3.10000000   1.50000000    48.3899076317
  3.20000000   1.50000000    46.0192654595
  3.30000000   1.50000000    44.4528360845
  3.40000000   1.50000000    43.6737595221
  3.50000000   1.50000000    43.6737595221

  0.00000000   1.60000000     0.0000000000
  0.10000000   1.60000000     6.0725809477
  0.20000000   1.60000000    12.2284070782
  0.30000000   1.60000000    18.5525146428
  0.40000000   1.60000000    25.1339715679
  0.50000000   1.60000000    32.0681097660
  0.60000000   1.60000000    39.4602150793
  0.70000000   1.60000000    47.4295740061
  0.80000000   1.60000000    56.1164775927
  0.90000000   1.60000000    65.6910841800
  1.00000000   1.60000000    76.3684976764
  1.10000000   1.60000000    88.4312083734
  1.20000000   1.60000000   102.2702112544
  1.30000000   1.60000000   118.4676637915
  1.40000000   1.60000000   138.0166323354
  1.50000000   1.60000000   163.0680586559
  1.60000000   1.60000000   200.0000000000
  1.70000000   1.60000000   200.0000000000
  1.80000000   1.60000000   200.0000000000
  1.90000000   1.60000000   200.0000000000
  2.00000000   1.60000000   164.4314816028
  2.10000000   1.60000000   140.5963685077
  2.20000000   1.60000000   122.2743763301
  2.30000000   1.60000000   107.3859553605
  2.40000000   1.60000000    94.9877756310
  2.50000000   1.60000000    84.5413304389
  2.60000000   1.60000000    75.6980038909
  2.70000000   1.60000000    68.2182612922
  2.80000000   1.60000000    61.9317186876
  2.90000000   1.60000000    56.7153487131
  3.00000000   1.60000000    52.4791117411
  3.10000000   1.60000000    49.1575458857
  3.20000000   1.60000000    46.7034358660
  3.30000000   1.60000000    45.0843208068
  3.40000000   1.60000000    44.2796893386
  3.50000000   1.60000000    44.2796893386

  0.00000000   1.70000000     0.0000000000
  0.10000000   1.70000000     6.1293634258
  0.20000000   1.70000000    12.3446962524
  0.30000000   1.70000000    18.7340944352
  0.40000000   1.70000000    25.3900868353
  0.50000000   1.70000000    32.4126643169
  0.60000000   1.70000000    39.9130566575
  0.70000000   1.70000000    48.0193904797
  0.80000000   1.70000000    56.8845447568
  0.90000000   1.70000000    66.6985311913
  1.00000000   1.70000000    77.7072527240
  1.10000000   1.70000000    90.2430200228
  1.20000000   1.70000000   104.7730501938
  1.30000000   1.70000000   121.9749856716
  1.40000000   1.70000000   142.8304318475
  1.50000000   1.70000000   168.6116649266
  1.60000000   1.70000000   200.0000000000
  1.70000000   1.70000000   200.0000000000
  1.80000000   1.70000000   200.0000000000
  1.90000000   1.70000000   200.0000000000
  2.00000000   1.70000000   169.8973741740
  2.10000000   1.70000000   145.3582984008
  2.20000000   1.70000000   125.7593065165
  2.30000000   1.70000000   109.8882429817
  2.40000000   1.70000000    96.8154178641
  2.50000000   1.70000000    85.9097187380
  2.60000000   1.70000000    76.7482477294
  2.70000000   1.70000000    69.0430066101
  2.80000000   1.70000000    62.5937609821
  2.90000000   1.70000000    57.2585155698
  3.00000000   1.70000000    52.9354541932
  3.10000000   1.70000000    49.5512383884
  3.20000000   1.70000000    47.0537654854
  3.30000000   1.70000000    45.4072710834
  3.40000000   1.70000000    44.5894115767
  3.50000000   1.70000000    44.5894115767

  0.00000000   1.80000000     0.0000000000
  0.10000000   1.80000000     6.1293634258
  0.20000000   1.80000000    12.3446962524
  0.30000000   1.80000000    18.7340944352
  0.40000000   1.80000000    25.3900868353
  0.50000000   1.80000000    32.4126643169
  0.60000000   1.80000000    39.9130566575
  0.70000000   1.80000000    48.0193904797
  0.80000000   1.80000000    56.8845447568
  0.90000000   1.80000000    66.6985311913
  1.00000000   1.80000000    77.7072527240
  1.10000000   1.80000000    90.2430200228
  1.20000000   1.80000000   104.7730501938
  1.30000000   1.80000000   121.9749856716
  1.40000000   1.80000000   142.8304318475
  1.50000000   1.80000000   168.6116649266
  1.60000000   1.80000000   200.0000000000
  1.70000000   1.80000000   200.0000000000
  1.80000000   1.80000000   200.0000000000
  1.90000000   1.80000000   200.0000000000
  2.00000000   1.80000000   169.8973741740
  2.10000000   1.80000000   145.3582984008
  2.20000000   1.80000000   125.7593065165
  2.30000000   1.80000000   109.8882429817
  2.40000000   1.80000000    96.8154178641
  2.50000000   1.80000000    85.9097187380
  2.60000000   1.80000000    76.7482477294
  2.70000000   1.80000000    69.0430066101
  2.80000000   1.80000000    62.5937609821
  2.90000000   1.80000000    57.2585155698
  3.00000000   1.80000000    52.9354541932
  3.10000000   1.80000000    49.5512383884
  3.20000000   1.80000000    47.0537654854
  3.30000000   1.80000000    45.4072710834
  3.40000000   1.80000000    44.5894115767
  3.50000000   1.80000000    44.5894115767

  0.00000000   1.90000000     0.0000000000
  0.10000000   1.90000000     6.0725809477
  0.20000000   1.90000000    12.2284070782
  0.30000000   1.90000000    18.5525146428
  0.40000000   1.90000000    25.1339715679
  0.50000000   1.90000000    32.0681097660
  0.60000000   1.90000000    39.4602150793
  0.70000000   1.90000000    47.4295740061
  0.80000000   1.90000000    56.1164775927
  0.90000000   1.90000000    65.6910841800
  1.00000000   1.90000000    76.3684976764
  1.10000000   1.90000000    88.4312083734
  1.20000000   1.90000000   102.2702112544
  1.30000000   1.90000000   118.4676637915
  1.40000000   1.90000000   138.0166323354
  1.50000000   1.90000000   163.0680586559
  1.60000000   1.90000000   200.0000000000
  1.70000000   1.90000000   200.0000000000
  1.80000000   1.90000000   200.0000000000
  1.90000000   1.90000000   200.0000000000
  2.00000000   1.90000000   164.4314816028
  2.10000000   1.90000000   140.5963685077
  2.20000000   1.90000000   122.2743763301
  2.30000000   1.90000000   107.3859553605
  2.40000000   1.90000000    94.9877756310
  2.50000000   1.90000000    84.5413304389
  2.60000000   1.90000000    75.6980038909
  2.70000000   1.90000000    68.2182612922
  2.80000000   1.90000000    61.9317186876
  2.90000000   1.90000000    56.7153487131
  3.00000000   1.90000000    52.4791117411
  3.10000000   1.90000000    49.1575458857
  3.20000000   1.90000000    46.7034358660
  3.30000000   1.90000000    45.0843208068
  3.40000000   1.90000000    44.2796893386
  3.50000000   1.90000000    44.2796893386

  0.00000000   2.00000000     0.0000000000
  0.10000000   2.00000000     5.9619349810
  0.20000000   2.00000000    12.0018512017
  0.30000000   2.00000000    18.1992142646
  0.40000000   2.00000000    24.6362048042
  0.50000000   2.00000000    31.3999839050
  0.60000000   2.00000000    38.5842893992
  0.70000000   2.00000000    46.2930900093
  0.80000000   2.00000000    54.6434113652
  0.90000000   2.00000000    63.7711744960
  1.00000000   2.00000000    73.8362538880
  1.10000000   2.00000000    85.0307681727
  1.20000000   2.00000000    97.5846128778
  1.30000000   2.00000000   111.7645414876
  1.40000000   2.00000000   127.8248277044
  1.50000000   2.00000000   145.7216965148
  1.60000000   2.00000000   163.5735943024
  1.70000000   2.00000000   169.3871231775
  1.80000000   2.00000000   169.5836187121
  1.90000000   2.00000000   164.2635894045
  2.00000000   2.00000000   147.3464421262
  2.10000000   2.00000000   130.5137363370
  2.20000000   2.00000000   115.6094459045
  2.30000000   2.00000000   102.6966269141
  2.40000000   2.00000000    91.5533556341
  2.50000000   2.00000000    81.9493183332
  2.60000000   2.00000000    73.6931658577
  2.70000000   2.00000000    66.6334451231
  2.80000000   2.00000000    60.6531597474
  2.90000000   2.00000000    55.6620092769
  3.00000000   2.00000000    51.5915461676
  3.10000000   2.00000000    48.3899076317
  3.20000000   2.00000000    46.0192654595
  3.30000000   2.00000000    44.4528360845
  3.40000000   2.00000000    43.6737595221
  3.50000000   2.00000000    43.6737595221

  0.00000000   2.10000000     0.0000000000
  0.10000000   2.10000000     5.8029112112
  0.20000000   2.10000000    11.6766370151
  0.30000000   2.10000000    17.6926574791
  0.40000000   2.10000000    23.9243459181
  0.50000000   2.10000000    30.4472396661
  0.60000000   2.10000000    37.3408807101
  0.70000000   2.10000000    44.6887363089
  0.80000000   2.10000000    52.5801977522
  0.90000000   2.10000000    61.1092509923
  1.00000000   2.10000000    70.3739046859
  1.10000000   2.10000000    80.4676800142
  1.20000000   2.10000000    91.4617982622
  1.30000000   2.10000000   103.3544351574
  1.40000000   2.10000000   115.9478076258
  1.50000000   2.10000000   128.5419120006
  1.60000000   2.10000000   139.2750669389
  1.70000000   2.10000000   144.4732679491
  1.80000000   2.10000000   144.7712738603
  1.90000000   2.10000000   140.2328919582
  2.00000000   2.10000000   130.3427688523
  2.10000000   2.10000000   118.7256634376
  2.20000000   2.10000000   107.2262748391
  2.30000000   2.10000000    96.5550943549
  2.40000000   2.10000000    86.9342321170
  2.50000000   2.10000000    78.3965248205
  2.60000000   2.10000000    70.9058491737
  2.70000000   2.10000000    64.4066417776
  2.80000000   2.10000000    58.8416782886
  2.90000000   2.10000000    54.1603961905
  3.00000000   2.10000000    50.3198661808
  3.10000000   2.10000000    47.2861252598
  3.20000000   2.10000000    45.0326732692
  3.30000000   2.10000000    43.5406649092
  3.40000000   2.10000000    42.7976592701
  3.50000000   2.10000000    42.7976592701

  0.00000000   2.20000000     0.0000000000
  0.10000000   2.20000000     5.6032229497
  0.20000000   2.20000000    11.2685755785
  0.30000000   2.20000000    17.0585223625
  0.40000000   2.20000000    23.0355167487
  0.50000000   2.20000000    29.2628084652
  0.60000000   2.20000000    35.8031784560
  0.70000000   2.20000000    42.7195542375
  0.80000000   2.20000000    50.0718633561
  0.90000000   2.20000000    57.9151828446
  1.00000000   2.20000000    66.2908595702
  1.10000000   2.20000000    75.2142584439
  1.20000000   2.20000000    84.6456877969
  1.30000000   2.20000000    94.4403198067
  1.40000000   2.20000000   104.2528399346
  1.50000000   2.20000000   113.3902376676
  1.60000000   2.20000000   120.6644389044
  1.70000000   2.20000000   124.6099172498
  1.80000000   2.20000000   124.9540319262
  1.90000000   2.20000000   121.7338131679
  2.00000000   2.20000000   115.2829202367
  2.10000000   2.20000000   107.0777749190
  2.20000000   2.20000000    98.3134095258
  2.30000000   2.20000000    89.6981427025
  2.40000000   2.20000000    81.6002319211
  2.50000000   2.20000000    74.1931145949
  2.60000000   2.20000000    67.5489189241
  2.70000000   2.20000000    61.6879884732
  2.80000000   2.20000000    56.6073157513
  2.90000000   2.20000000    52.2929670421
  3.00000000   2.20000000    48.7286946336
  3.10000000   2.20000000    45.8981407055
  3.20000000   2.20000000    43.7878166149
  3.30000000   2.20000000    42.3868688202
  3.40000000   2.20000000    41.6882402868
  3.50000000   2.20000000    41.6882402868

  0.00000000   2.30000000     0.0000000000
  0.10000000   2.30000000     5.3719478376
  0.20000000   2.30000000    10.7967658654
  0.30000000   2.30000000    16.3267378873
  0.40000000   2.30000000    22.0136150544
  0.50000000   2.30000000    27.9069974790
  0.60000000   2.30000000    34.0544159666
  0.70000000   2.30000000    40.4979631949
  0.80000000   2.30000000    47.2728897634
  0.90000000   2.30000000    54.4004107700
  1.00000000   2.30000000    61.8808518200
  1.10000000   2.30000000    69.6768105181
  1.20000000   2.30000000    77.6913120834
  1.30000000   2.30000000    85.7290847152
  1.40000000   2.30000000    93.4483129100
  1.50000000   2.30000000   100.3097823677
  1.60000000   2.30000000   105.5864813389
  1.70000000   2.30000000   108.5536472246
  1.80000000   2.30000000   108.9167868906
  1.90000000   2.30000000   106.6997849809
  2.00000000   2.30000000   102.2385198617
  2.10000000   2.30000000    96.2819361037
  2.20000000   2.30000000    89.5757378840
  2.30000000   2.30000000    82.6792483930
  2.40000000   2.30000000    75.9582209326
  2.50000000   2.30000000    69.6354024928
  2.60000000   2.30000000    63.8386188734
  2.70000000   2.30000000    58.6387649312
  2.80000000   2.30000000    54.0717079274
  2.90000000   2.30000000    50.1546526798
  3.00000000   2.30000000    46.8932405398
  3.10000000   2.30000000    44.2883669883
  3.20000000   2.30000000    42.3378419203
  3.30000000   2.30000000    41.0393839370
  3.40000000   2.30000000    40.3907048456
  3.50000000   2.30000000    40.3907048456

  0.00000000   2.40000000     0.0000000000
  0.10000000   2.40000000     5.1191434635
  0.20000000   2.40000000    10.2815809111
  0.30000000   2.40000000    15.5299410959
  0.40000000   2.40000000    20.9045920853
  0.50000000   2.40000000    26.4433653734
  0.60000000   2.40000000    32.1784827723
  0.70000000   2.40000000    38.1356885046
  0.80000000   2.40000000    44.3286192919
  0.90000000   2.40000000    50.7553071976
  1.00000000   2.40000000    57.3876187013
  1.10000000   2.40000000    64.1613971160
  1.20000000   2.40000000    70.9573712675
  1.30000000   2.40000000    77.5823185787
  1.40000000   2.40000000    83.7464327525
  1.50000000   2.40000000    89.0590253224
  1.60000000   2.40000000    93.0639058716
  1.70000000   2.40000000    95.3528320085
  1.80000000   2.40000000    95.7216542390
  1.90000000   2.40000000    94.1882087164
  2.00000000   2.40000000    90.9893680489
  2.10000000   2.40000000    86.5598540918
  2.20000000   2.40000000    81.3787697692
  2.30000000   2.40000000    75.8598164242
  2.40000000   2.40000000    70.3173797365
  2.50000000   2.40000000    64.9717799163
  2.60000000   2.40000000    59.9716241417
  2.70000000   2.40000000    55.4128770666
  2.80000000   2.40000000    51.3574457360
  2.90000000   2.40000000    47.8432524855
  3.00000000   2.40000000    44.8942954770
  3.10000000   2.40000000    42.5243389996
  3.20000000   2.40000000    40.7420032576
  3.30000000   2.40000000    39.5517033293
  3.40000000   2.40000000    38.9560758495
  3.50000000   2.40000000    38.9560758495

  0.00000000   2.50000000     0.0000000000
  0.10000000   2.50000000     4.8548683863
  0.20000000   2.50000000     9.7440259609
  0.30000000   2.50000000    14.7003435110
  0.40000000   2.50000000    19.7545848523
  0.50000000   2.50000000    24.9327794969
  0.60000000   2.50000000    30.2556051182
  0.70000000   2.50000000    35.7339576772
  0.80000000   2.50000000    41.3672885239
  0.90000000   2.50000000    47.1363947091
  1.00000000   2.50000000    52.9990597152
  1.10000000   2.50000000    58.8790246807
  1.20000000   2.50000000    64.6582287039
  1.30000000   2.50000000    70.1645978159
  1.40000000   2.50000000    75.1691143405
  1.50000000   2.50000000    79.3922699053
  1.60000000   2.50000000    82.5390997697
  1.70000000   2.50000000    84.3612596506
  1.80000000   2.50000000    84.7289722133
  1.90000000   2.50000000    83.6569482276
  2.00000000   2.50000000    81.3034019689
  2.10000000   2.50000000    77.9424099285
  2.20000000   2.50000000    73.8931460804
  2.30000000   2.50000000    69.4589609167
  2.40000000   2.50000000    64.8938306096
  2.50000000   2.50000000    60.3961479060
  2.60000000   2.50000000    56.1122445695
  2.70000000   2.50000000    52.1482498410
  2.80000000   2.50000000    48.5781435805
  2.90000000   2.50000000    45.4542630577
  3.00000000   2.50000000    42.8118490125
  3.10000000   2.50000000    40.6756363285
  3.20000000   2.50000000    39.0615611529
  3.30000000   2.50000000    37.9804356959
  3.40000000   2.50000000    37.4383585310
  3.50000000   2.50000000    37.4383585310

  0.00000000   2.60000000     0.0000000000
  0.10000000   2.60000000     4.5890436425
  0.20000000   2.60000000     9.2038903063
  0.30000000   2.60000000    13.8691563331
  0.40000000   2.60000000    18.6061141698
  0.50000000   2.60000000    23.4320246605
  0.60000000   2.60000000    28.3566315520
  0.70000000   2.60000000    33.3813580953
  0.80000000   2.60000000    38.4940448233
  0.90000000   2.60000000    43.6671810212
  1.00000000   2.60000000    48.8506680195
  1.10000000   2.60000000    53.9688243219
  1.20000000   2.60000000    58.9126817672
  1.30000000   2.60000000    63.5390260994
  1.40000000   2.60000000    67.6699962574
  1.50000000   2.60000000    71.1063745084
  1.60000000   2.60000000    73.6506489699
  1.70000000   2.60000000    75.1451963613
  1.80000000   2.60000000    75.5081480794
  1.90000000   2.60000000    74.7526056809
  2.00000000   2.60000000    72.9860073722
  2.10000000   2.60000000    70.3907106590
  2.20000000   2.60000000    67.1880643595
  2.30000000   2.60000000    63.6012774791
  2.40000000   2.60000000    59.8326581752
  2.50000000   2.60000000    56.0511313390
  2.60000000   2.60000000    52.3924824862
  2.70000000   2.60000000    48.9607469896
  2.80000000   2.60000000    45.8354604374
  2.90000000   2.60000000    43.0748829072
  3.00000000   2.60000000    40.7226136399
  3.10000000   2.60000000    38.8094188164
  3.20000000   2.60000000    37.3577093982
  3.30000000   2.60000000    36.3821640228
  3.40000000   2.60000000    35.8922296842
  3.50000000   2.60000000    35.8922296842

  0.00000000   2.70000000     0.0000000000
  0.10000000   2.70000000     4.3306429360
  0.20000000   2.70000000     8.6797839996
  0.30000000   2.70000000    13.0642154685
  0.40000000   2.70000000    17.4980940951
  0.50000000   2.70000000    21.9901796754
  0.60000000   2.70000000    26.5432888985
  0.70000000   2.70000000    31.1502952078
  0.80000000   2.70000000    35.7935049568
  0.90000000   2.70000000    40.4394607618
  1.00000000   2.70000000    45.0380858504
  1.10000000   2.70000000    49.5172235494
  1.20000000   2.70000000    53.7829205397
  1.30000000   2.70000000    57.7172368099
  1.40000000   2.70000000    61.1846409428
  1.50000000   2.70000000    64.0404160596
  1.60000000   2.70000000    66.1496785624
  1.70000000   2.70000000    67.4083058671
  1.80000000   2.70000000    67.7646955041
  1.90000000   2.70000000    67.2307958437
  2.00000000   2.70000000    65.8821041842
  2.10000000   2.70000000    63.8461018870
  2.20000000   2.70000000    61.2809808381
  2.30000000   2.70000000    58.3547214058
  2.40000000   2.70000000    55.2268111026
  2.50000000   2.70000000    52.0397619712
  2.60000000   2.70000000    48.9132382759
  2.70000000   2.70000000    45.9458965095
  2.80000000   2.70000000    43.2153954435
  2.90000000   2.70000000    40.7832901146
  3.00000000   2.70000000    38.6959854646
  3.10000000   2.70000000    36.9891781111
  3.20000000   2.70000000    35.6883488697
  3.30000000   2.70000000    34.8117932749
  3.40000000   2.70000000    34.3707121858
  3.50000000   2.70000000    34.3707121858

  0.00000000   2.80000000     0.0000000000
  0.10000000   2.80000000     4.0878711843
  0.20000000   2.80000000     8.1877955140
  0.30000000   2.80000000    12.3105405534
  0.40000000   2.80000000    16.4634478341
  0.50000000   2.80000000    20.6497939482
  0.60000000   2.80000000    24.8657007386
  0.70000000   2.80000000    29.0998826465
  0.80000000   2.80000000    33.3297155241
  0.90000000   2.80000000    37.5212589764
  1.00000000   2.80000000    41.6250986235
  1.10000000   2.80000000    45.5772275035
  1.20000000   2.80000000    49.2964821269
  1.30000000   2.80000000    52.6884379064
  1.40000000   2.80000000    55.6480294788
  1.50000000   2.80000000    58.0698072292
  1.60000000   2.80000000    59.8584195392
  1.70000000   2.80000000    60.9438392078
  1.80000000   2.80000000    61.2928651532
  1.90000000   2.80000000    60.9167780512
  2.00000000   2.80000000    59.8711279440
  2.10000000   2.80000000    58.2483705578
  2.20000000   2.80000000    56.1661362402
  2.30000000   2.80000000    53.7525411931
  2.40000000   2.80000000    51.1355871048
  2.50000000   2.80000000    48.4334217212
  2.60000000   2.80000000    45.7514494555
  2.70000000   2.80000000    43.1787756205
  2.80000000   2.80000000    40.7902904914
  2.90000000   2.80000000    38.6459301120
  3.00000000   2.80000000    36.7941510945
  3.10000000   2.80000000    35.2718307824
  3.20000000   2.80000000    34.1073025144
  3.30000000   2.80000000    33.3202492905
  3.40000000   2.80000000    32.9236441372
  3.50000000   2.80000000    32.9236441372

  0.00000000   2.90000000     0.0000000000
  0.10000000   2.90000000     3.8675991587
  0.20000000   2.90000000     7.7421052693
  0.30000000   2.90000000    11.6288094724
  0.40000000   2.90000000    15.5304897207
  0.50000000   2.90000000    19.4450287320
  0.60000000   2.90000000    23.3651152756
  0.70000000   2.90000000    27.2752062738
  0.80000000   2.90000000    31.1517603426
  0.90000000   2.90000000    34.9599681720
  1.00000000   2.90000000    38.6547712999
  1.10000000   2.90000000    42.1784017137
  1.20000000   2.90000000    45.4631566609
  1.30000000   2.90000000    48.4316611021
  1.40000000   2.90000000    51.0030556328
  1.50000000   2.90000000    53.0978906022
  1.60000000   2.90000000    54.6480070169
  1.70000000   2.90000000    55.6044662158
  1.80000000   2.90000000    55.9461446308
  1.90000000   2.90000000    55.6836763533
  2.00000000   2.90000000    54.8596067040
  2.10000000   2.90000000    53.5441815707
  2.20000000   2.90000000    51.8271427383
  2.30000000   2.90000000    49.8096200094
  2.40000000   2.90000000    47.5946918928
  2.50000000   2.90000000    45.2822656679
  2.60000000   2.90000000    42.9632341231
  2.70000000   2.90000000    40.7188246384
  2.80000000   2.90000000    38.6179986335
  2.90000000   2.90000000    36.7193270070
  3.00000000   2.90000000    35.0699410674
  3.10000000   2.90000000    33.7080074263
  3.20000000   2.90000000    32.6622151099
  3.30000000   2.90000000    31.9537868013
  3.40000000   2.90000000    31.5961816135
  3.50000000   2.90000000    31.5961816135

  0.00000000   3.00000000     0.0000000000
  0.10000000   3.00000000     3.6757432899
  0.20000000   3.00000000     7.3541162906
  0.30000000   3.00000000    11.0365695196
  0.40000000   3.00000000    14.7215575201
  0.50000000   3.00000000    18.4039961386
  0.60000000   3.00000000    22.0729098113
  0.70000000   3.00000000    25.7115170157
  0.80000000   3.00000000    29.2946454100
  0.90000000   3.00000000    32.7895751606
  1.00000000   3.00000000    36.1538711166
  1.10000000   3.00000000    39.3374459122
  1.20000000   3.00000000    42.2819158864
  1.30000000   3.00000000    44.9247041141
  1.40000000   3.00000000    47.2011553545
  1.50000000   3.00000000    49.0510890873
  1.60000000   3.00000000    50.4235871518
  1.70000000   3.00000000    51.2841307136
  1.80000000   3.00000000    51.6189364448
  1.90000000   3.00000000    51.4382641086
  2.00000000   3.00000000    50.7763111677
  2.10000000   3.00000000    49.6882274983
  2.20000000   3.00000000    48.2455928444
  2.30000000   3.00000000    46.5296351459
  2.40000000   3.00000000    44.6262460954
  2.50000000   3.00000000    42.6197405179
  2.60000000   3.00000000    40.5904367383
  2.70000000   3.00000000    38.6107371532
  2.80000000   3.00000000    36.7452968601
  2.90000000   3.00000000    35.0489633593
  3.00000000   3.00000000    33.5682694162
  3.10000000   3.00000000    32.3403704514
  3.20000000   3.00000000    31.3947359796
  3.30000000   3.00000000    30.7525755273
  3.40000000   3.00000000    30.4280616595
  3.50000000   3.00000000    30.4280616595

  0.00000000   3.10000000     0.0000000000
  0.10000000   3.10000000     3.5169028833
  0.20000000   3.10000000     7.0333004645
  0.30000000   3.10000000    10.5473112217
  0.40000000   3.10000000    14.0548443581
  0.50000000   3.10000000    17.5477833495
  0.60000000   3.10000000    21.0137536474
  0.70000000   3.10000000    24.4340944153
  0.80000000   3.10000000    27.7843321824
  0.90000000   3.10000000    31.0323760480
  1.00000000   3.10000000    34.1399540021
  1.10000000   3.10000000    37.0617237632
  1.20000000   3.10000000    39.7481033414
  1.30000000   3.10000000    42.1460986212
  1.40000000   3.10000000    44.2038191077
  1.50000000   3.10000000    45.8732873218
  1.60000000   3.10000000    47.1159183974
  1.70000000   3.10000000    47.9060307983
  1.80000000   3.10000000    48.2349136084
  1.90000000   3.10000000    48.1124216717
  2.00000000   3.10000000    47.5671161939
  2.10000000   3.10000000    46.6445234676
  2.20000000   3.10000000    45.4033538054
  2.30000000   3.10000000    43.9118346079
  2.40000000   3.10000000    42.2424929646
  2.50000000   3.10000000    40.4691199357
  2.60000000   3.10000000    38.6624252294
  2.70000000   3.10000000    36.8888460724
  2.80000000   3.10000000    35.2077351916
  2.90000000   3.10000000    33.6717054993
  3.00000000   3.10000000    32.3250154372
  3.10000000   3.10000000    31.2046230531
  3.20000000   3.10000000    30.3392979364
  3.30000000   3.10000000    29.7506786703
  3.40000000   3.10000000    29.4528201296
  3.50000000   3.10000000    29.4528201296

  0.00000000   3.20000000     0.0000000000
  0.10000000   3.20000000     3.3947699762
  0.20000000   3.20000000     6.7866645258
  0.30000000   3.20000000    10.1717470938
  0.40000000   3.20000000    13.5436041981
  0.50000000   3.20000000    16.8927592106
  0.60000000   3.20000000    20.2050875170
  0.70000000   3.20000000    23.4618287920
  0.80000000   3.20000000    26.6381444092
  0.90000000   3.20000000    29.7039206077
  1.00000000   3.20000000    32.6229346213
  1.10000000   3.20000000    35.3547253649
  1.20000000   3.20000000    37.8549112543
  1.30000000   3.20000000    40.0783377609
  1.40000000   3.20000000    41.9808435103
  1.50000000   3.20000000    43.5233916696
  1.60000000   3.20000000    44.6747698349
  1.70000000   3.20000000    45.4154313135
  1.80000000   3.20000000    45.7395894590
  1.90000000   3.20000000    45.6568891939
  2.00000000   3.20000000    45.1923632494
  2.10000000   3.20000000    44.3849893788
  2.20000000   3.20000000    43.2854981639
  2.30000000   3.20000000    41.9527405475
  2.40000000   3.20000000    40.4508413449
  2.50000000   3.20000000    38.8452098382
  2.60000000   3.20000000    37.2005211277
  2.70000000   3.20000000    35.5775868214
  2.80000000   3.20000000    34.0326278475
  2.90000000   3.20000000    32.6152496665
  3.00000000   3.20000000    31.3686754010
  3.10000000   3.20000000    30.3285778501
  3.20000000   3.20000000    29.5237111124
  3.30000000   3.20000000    28.9752950433
  3.40000000   3.20000000    28.6975791344
  3.50000000   3.20000000    28.6975791344

  0.00000000   3.30000000     0.0000000000
  0.10000000   3.30000000     3.3119125706
  0.20000000   3.30000000     6.6194964430
  0.30000000   3.30000000     9.9172679469
  0.40000000   3.30000000    13.1977101892
  0.50000000   3.30000000    16.4500094972
  0.60000000   3.30000000    19.6596060934
  0.70000000   3.30000000    22.8070591117
  0.80000000   3.30000000    25.8682135847
  0.90000000   3.30000000    28.8135300352
  1.00000000   3.30000000    31.6091058922
  1.10000000   3.30000000    34.2168642093
  1.20000000   3.30000000    36.5966333816
  1.30000000   3.30000000    38.7074636978
  1.40000000   3.30000000    40.5106822649
  1.50000000   3.30000000    41.9721349799
  1.60000000   3.30000000    43.0655115293
  1.70000000   3.30000000    43.7745839314
  1.80000000   3.30000000    44.0954856190
  1.90000000   3.30000000    44.0376588405
  2.00000000   3.30000000    43.6239391468
  2.10000000   3.30000000    42.8895780439
  2.20000000   3.30000000    41.8801195778
  2.30000000   3.30000000    40.6490986776
  2.40000000   3.30000000    39.2548219407
  2.50000000   3.30000000    37.7579827245
  2.60000000   3.30000000    36.2186124798
  2.70000000   3.30000000    34.6944904470
  2.80000000   3.30000000    33.2389212348
  2.90000000   3.30000000    31.9000995150
  3.00000000   3.30000000    30.7197564552
  3.10000000   3.30000000    29.7331832092
  3.20000000   3.30000000    28.9685144717
  3.30000000   3.30000000    28.4470076545
  3.40000000   3.30000000    28.1827177213
  3.50000000   3.30000000    28.1827177213

  0.00000000   3.40000000     0.0000000000
  0.10000000   3.40000000     3.2700750014
  0.20000000   3.40000000     6.5350700158
  0.30000000   3.40000000     9.7888635926
  0.40000000   3.40000000    13.0232139761
  0.50000000   3.40000000    16.2269263509
  0.60000000   3.40000000    19.3849301086
  0.70000000   3.40000000    22.4778510152
  0.80000000   3.40000000    25.4814985402
  0.90000000   3.40000000    28.3670884978
  1.00000000   3.40000000    31.1014475190
  1.10000000   3.40000000    33.6481361514
  1.20000000   3.40000000    35.9686228716
  1.30000000   3.40000000    38.0243930324
  1.40000000   3.40000000    39.7790492409
  1.50000000   3.40000000    41.2010548210
  1.60000000   3.40000000    42.2661637132
  1.70000000   3.40000000    42.9598723564
  1.80000000   3.40000000    43.2791012092
  1.90000000   3.40000000    43.2332234380
  2.00000000   3.40000000    42.8440837477
  2.10000000   3.40000000    42.1450693471
  2.20000000   3.40000000    41.1794492688
  2.30000000   3.40000000    39.9979879517
  2.40000000   3.40000000    38.6564795159
  2.50000000   3.40000000    37.2129915866
  2.60000000   3.40000000    35.7256243623
  2.70000000   3.40000000    34.2502620910
  2.80000000   3.40000000    32.8391073575
  2.90000000   3.40000000    31.5392483169
  3.00000000   3.40000000    30.3919752605
  3.10000000   3.40000000    29.4320468919
  3.20000000   3.40000000    28.6875165712
  3.30000000   3.40000000    28.1794346916
  3.40000000   3.40000000    27.9218822003
  3.50000000   3.40000000    27.9218822003

  0.00000000   3.50000000     0.0000000000
  0.10000000   3.50000000     3.2700750014
  0.20000000   3.50000000     6.5350700158
  0.30000000   3.50000000     9.7888635926
  0.40000000   3.50000000    13.0232139761
  0.50000000   3.50000000    16.2269263509
  0.60000000   3.50000000    19.3849301086
  0.70000000   3.50000000    22.4778510152
  0.80000000   3.50000000    25.4814985402
  0.90000000   3.50000000    28.3670884978
  1.00000000   3.50000000    31.1014475190
  1.10000000   3.50000000    33.6481361514
  1.20000000   3.50000000    35.9686228716
  1.30000000   3.50000000    38.0243930324
  1.40000000   3.50000000    39.7790492409
  1.50000000   3.50000000    41.2010548210
  1.60000000   3.50000000    42.2661637132
  1.70000000   3.50000000    42.9598723564
  1.80000000   3.50000000    43.2791012092
  1.90000000   3.50000000    43.2332234380
  2.00000000   3.50000000    42.8440837477
  2.10000000   3.50000000    42.1450693471
  2.20000000   3.50000000    41.1794492688
  2.30000000   3.50000000    39.9979879517
  2.40000000   3.50000000    38.6564795159
  2.50000000   3.50000000    37.2129915866
  2.60000000   3.50000000    35.7256243623
  2.70000000   3.50000000    34.2502620910
  2.80000000   3.50000000    32.8391073575
  2.90000000   3.50000000    31.5392483169
  3.00000000   3.50000000    30.3919752605
  3.10000000   3.50000000    29.4320468919
  3.20000000   3.50000000    28.6875165712
  3.30000000   3.50000000    28.1794346916
  3.40000000   3.50000000    27.9218822003
  3.50000000   3.50000000    27.9218822003

