  0.00000000   0.00000000     0.0000000000
  0.10000000   0.00000000     6.6824164676
  0.20000000   0.00000000    13.3442833481
  0.30000000   0.00000000    19.9645596148
  0.40000000   0.00000000    26.5212444653
  0.50000000   0.00000000    32.9909575565
  0.60000000   0.00000000    39.3485977036
  0.70000000   0.00000000    45.5671157635
  0.80000000   0.00000000    51.6174434478
  0.90000000   0.00000000    57.4686241951
  1.00000000   0.00000000    63.0881923354
  1.10000000   0.00000000    68.4428393738
  1.20000000   0.00000000    73.4993879426
  1.30000000   0.00000000    78.2260624951
  1.40000000   0.00000000    82.5940014612
  1.50000000   0.00000000    86.5789032630
  1.60000000   0.00000000    90.1626487152
  1.70000000   0.00000000    93.3347097932
  1.80000000   0.00000000    96.0931542494
  1.90000000   0.00000000    98.4450949951
  2.00000000   0.00000000   100.4065078267
  2.10000000   0.00000000   102.0014338334
  2.20000000   0.00000000   103.2606704009
  2.30000000   0.00000000   104.2201162912
  2.40000000   0.00000000   104.9189601625
  2.50000000   0.00000000   105.3978888274
  2.60000000   0.00000000   105.6974521107
  2.70000000   0.00000000   105.8566701238
  2.80000000   0.00000000   105.9119191984
  2.90000000   0.00000000   105.8960929872
  3.00000000   0.00000000   105.8380085834
  3.10000000   0.00000000   105.7620134097
  3.20000000   0.00000000   105.6877445190
  3.30000000   0.00000000   105.6299947345
  3.40000000   0.00000000   105.5986469579
  3.50000000   0.00000000   105.5986469579

  0.00000000   0.10000000     0.0000000000
  0.10000000   0.10000000     6.6824164676
  0.20000000   0.10000000    13.3442833481
  0.30000000   0.10000000    19.9645596148
  0.40000000   0.10000000    26.5212444653
  0.50000000   0.10000000    32.9909575565
  0.60000000   0.10000000    39.3485977036
  0.70000000   0.10000000    45.5671157635
  0.80000000   0.10000000    51.6174434478
  0.90000000   0.10000000    57.4686241951
  1.00000000   0.10000000    63.0881923354
  1.10000000   0.10000000    68.4428393738
  1.20000000   0.10000000    73.4993879426
  1.30000000   0.10000000    78.2260624951
  1.40000000   0.10000000    82.5940014612
  1.50000000   0.10000000    86.5789032630
  1.60000000   0.10000000    90.1626487152
  1.70000000   0.10000000    93.3347097932
  1.80000000   0.10000000    96.0931542494
  1.90000000   0.10000000    98.4450949951
  2.00000000   0.10000000   100.4065078267
  2.10000000   0.10000000   102.0014338334
  2.20000000   0.10000000   103.2606704009
  2.30000000   0.10000000   104.2201162912
  2.40000000   0.10000000   104.9189601625
  2.50000000   0.10000000   105.3978888274
  2.60000000   0.10000000   105.6974521107
  2.70000000   0.10000000   105.8566701238
  2.80000000   0.10000000   105.9119191984
  2.90000000   0.10000000   105.8960929872
  3.00000000   0.10000000   105.8380085834
  3.10000000   0.10000000   105.7620134097
  3.20000000   0.10000000   105.6877445190
  3.30000000   0.10000000   105.6299947345
  3.40000000   0.10000000   105.5986469579
  3.50000000   0.10000000   105.5986469579

  0.00000000   0.20000000     0.0000000000
  0.10000000   0.20000000     6.7095478309
  0.20000000   0.20000000    13.3990337785
  0.30000000   0.20000000    20.0478820121
  0.40000000   0.20000000    26.6345095234
  0.50000000   0.20000000    33.1358769824
  0.60000000   0.20000000    39.5271121539
  0.70000000   0.20000000    45.7812413387
  0.80000000   0.20000000    51.8690722059
  0.90000000   0.20000000    57.7592783540
  1.00000000   0.20000000    63.4187393123
  1.10000000   0.20000000    68.8131856180
  1.20000000   0.20000000    73.9081827061
  1.30000000   0.20000000    78.6704555339
  1.40000000   0.20000000    83.0695067015
  1.50000000   0.20000000    87.0794180722
  1.60000000   0.20000000    90.6806612825
  1.70000000   0.20000000    93.8616952399
  1.80000000   0.20000000    96.6201204162
  1.90000000   0.20000000    98.9632037981
  2.00000000   0.20000000   100.9076801577
  2.10000000   0.20000000   102.4788511760
  2.20000000   0.20000000   103.7091123283
  2.30000000   0.20000000   104.6361104907
  2.40000000   0.20000000   105.3007584166
  2.50000000   0.20000000   105.7453084848
  2.60000000   0.20000000   106.0116340245
  2.70000000   0.20000000   106.1398023975
  2.80000000   0.20000000   106.1669661788
  2.90000000   0.20000000   106.1265558165
  3.00000000   0.20000000   106.0477310998
  3.10000000   0.20000000   105.9550372124
  3.20000000   0.20000000   105.8682101837
  3.30000000   0.20000000   105.8020820875
  3.40000000   0.20000000   105.7665452908
  3.50000000   0.20000000   105.7665452908

  0.00000000   0.30000000     0.0000000000
  0.10000000   0.30000000     6.7632907999
  0.20000000   0.30000000    13.5075170966
  0.30000000   0.30000000    20.2130578349
  0.40000000   0.30000000    26.8591945020
  0.50000000   0.30000000    33.4236046883
  0.60000000   0.30000000    39.8819152080
  0.70000000   0.30000000    46.2073491022
  0.80000000   0.30000000    52.3705123237
  0.90000000   0.30000000    58.3393782708
  1.00000000   0.30000000    64.0795386790
  1.10000000   0.30000000    69.5547931558
  1.20000000   0.30000000    74.7281400772
  1.30000000   0.30000000    79.5632010308
  1.40000000   0.30000000    84.0260531408
  1.50000000   0.30000000    88.0873589279
  1.60000000   0.30000000    91.7245846950
  1.70000000   0.30000000    94.9240149824
  1.80000000   0.30000000    97.6822410310
  1.90000000   0.30000000   100.0068546856
  2.00000000   0.30000000   101.9162114688
  2.10000000   0.30000000   103.4382972368
  2.20000000   0.30000000   104.6088894595
  2.30000000   0.30000000   105.4693033372
  2.40000000   0.30000000   106.0640322650
  2.50000000   0.30000000   106.4385413343
  2.60000000   0.30000000   106.6373833306
  2.70000000   0.30000000   106.7027134344
  2.80000000   0.30000000   106.6732040123
  2.90000000   0.30000000   106.5833129281
  3.00000000   0.30000000   106.4628356135
  3.10000000   0.30000000   106.3366662491
  3.20000000   0.30000000   106.2246995250
  3.30000000   0.30000000   106.1418159472
  3.40000000   0.30000000   106.0979066982
  3.50000000   0.30000000   106.0979066982

  0.00000000   0.40000000     0.0000000000
  0.10000000   0.40000000     6.8425845921
  0.20000000   0.40000000    13.6676532558
  0.30000000   0.40000000    20.4570759140
  0.40000000   0.40000000    27.1915015920
  0.50000000   0.40000000    33.8497701736
  0.60000000   0.40000000    40.4083614614
  0.70000000   0.40000000    46.8409123514
  0.80000000   0.40000000    53.1178495208
  0.90000000   0.40000000    59.2062054793
  1.00000000   0.40000000    65.0697079095
  1.10000000   0.40000000    70.6692503664
  1.20000000   0.40000000    75.9638570768
  1.30000000   0.40000000    80.9122313977
  1.40000000   0.40000000    85.4749108377
  1.50000000   0.40000000    89.6169318275
  1.60000000   0.40000000    93.3107459725
  1.70000000   0.40000000    96.5389710182
  1.80000000   0.40000000    99.2964800493
  1.90000000   0.40000000   101.5913992583
  2.00000000   0.40000000   103.4447981760
  2.10000000   0.40000000   104.8891335891
  2.20000000   0.40000000   105.9657568819
  2.30000000   0.40000000   106.7219416665
  2.40000000   0.40000000   107.2078945148
  2.50000000   0.40000000   107.4741016474
  2.60000000   0.40000000   107.5692061170
  2.70000000   0.40000000   107.5384649667
  2.80000000   0.40000000   107.4227360336
  2.90000000   0.40000000   107.2578929834
  3.00000000   0.40000000   107.0745536158
  3.10000000   0.40000000   106.8980153234
  3.20000000   0.40000000   106.7483106251
  3.30000000   0.40000000   106.6403168036
  3.40000000   0.40000000   106.5838728793
  3.50000000   0.40000000   106.5838728793

  0.00000000   0.50000000     0.0000000000
  0.10000000   0.50000000     6.9457873092
  0.20000000   0.50000000    13.8762143783
  0.30000000   0.50000000    20.7752425379
  0.40000000   0.50000000    27.6254716845
  0.50000000   0.50000000    34.4074521289
  0.60000000   0.50000000    41.0989993982
  0.70000000   0.50000000    47.6745347754
  0.80000000   0.50000000    54.1044965477
  0.90000000   0.50000000    60.3548979483
  1.00000000   0.50000000    66.3871468222
  1.10000000   0.50000000    72.1582844169
  1.20000000   0.50000000    77.6218335925
  1.30000000   0.50000000    82.7294469827
  1.40000000   0.50000000    87.4334793334
  1.50000000   0.50000000    91.6904427707
  1.60000000   0.50000000    95.4650344397
  1.70000000   0.50000000    98.7341172737
  1.80000000   0.50000000   101.4898366884
  1.90000000   0.50000000   103.7411365184
  2.00000000   0.50000000   105.5133146154
  2.10000000   0.50000000   106.8457354046
  2.20000000   0.50000000   107.7882287931
  2.30000000   0.50000000   108.3969399276
  2.40000000   0.50000000   108.7303610096
  2.50000000   0.50000000   108.8460402746
  2.60000000   0.50000000   108.7981739150
  2.70000000   0.50000000   108.6360585253
  2.80000000   0.50000000   108.4032530776
  2.90000000   0.50000000   108.1372569077
  3.00000000   0.50000000   107.8695211090
  3.10000000   0.50000000   107.6256458296
  3.20000000   0.50000000   107.4256557455
  3.30000000   0.50000000   107.2842809177
  3.40000000   0.50000000   107.2111969191
  3.50000000   0.50000000   107.2111969191

  0.00000000   0.60000000     0.0000000000
  0.10000000   0.60000000     7.0706221909
  0.20000000   0.60000000    14.1287089158
  0.30000000   0.60000000    21.1609873436
  0.40000000   0.60000000    28.1526893724
  0.50000000   0.60000000    35.0867562228
  0.60000000   0.60000000    41.9429969893
  0.70000000   0.60000000    48.6972082675
  0.80000000   0.60000000    55.3202886810
  0.90000000   0.60000000    61.7774241503
  1.00000000   0.60000000    68.0274808172
  1.10000000   0.60000000    74.0228214568
  1.20000000   0.60000000    79.7098459541
  1.30000000   0.60000000    85.0306134214
  1.40000000   0.60000000    89.9258707898
  1.50000000   0.60000000    94.3396056867
  1.60000000   0.60000000    98.2248005908
  1.70000000   0.60000000   101.5494559909
  1.80000000   0.60000000   104.3014672095
  1.90000000   0.60000000   106.4910151467
  2.00000000   0.60000000   108.1498691638
  2.10000000   0.60000000   109.3278402384
  2.20000000   0.60000000   110.0873104893
  2.30000000   0.60000000   110.4971785051
  2.40000000   0.60000000   110.6274222377
  2.50000000   0.60000000   110.5449689740
  2.60000000   0.60000000   110.3110281307
  2.70000000   0.60000000   109.9796925372
  2.80000000   0.60000000   109.5974708634
  2.90000000   0.60000000   109.2034120859
  3.00000000   0.60000000   108.8295479907
  3.10000000   0.60000000   108.5014601347
  3.20000000   0.60000000   108.2388480493
  3.30000000   0.60000000   108.0560272736
  3.40000000   0.60000000   107.9623198374
  3.50000000   0.60000000   107.9623198374

  0.00000000   0.70000000     0.0000000000
  0.10000000   0.70000000     7.2141185999
  0.20000000   0.70000000    14.4192515365
  0.30000000   0.70000000    21.6056382170
  0.40000000   0.70000000    28.7619280992
  0.50000000   0.70000000    35.8742874660
  0.60000000   0.70000000    42.9253954808
  0.70000000   0.70000000    49.8933100558
  0.80000000   0.70000000    56.7502107021
  0.90000000   0.70000000    63.4610751509
  1.00000000   0.70000000    69.9824303369
  1.10000000   0.70000000    76.2614462755
  1.20000000   0.70000000    82.2358108654
  1.30000000   0.70000000    87.8349999602
  1.40000000   0.70000000    92.9836417367
  1.50000000   0.70000000    97.6074861330
  1.60000000   0.70000000   101.6418120561
  1.70000000   0.70000000   105.0409018155
  1.80000000   0.70000000   107.7860114475
  1.90000000   0.70000000   109.8892335991
  2.00000000   0.70000000   111.3923079308
  2.10000000   0.70000000   112.3608909363
  2.20000000   0.70000000   112.8758818269
  2.30000000   0.70000000   113.0242687804
  2.40000000   0.70000000   112.8915403927
  2.50000000   0.70000000   112.5565669110
  2.60000000   0.70000000   112.0888724486
  2.70000000   0.70000000   111.5477252066
  2.80000000   0.70000000   110.9823807956
  2.90000000   0.70000000   110.4329277662
  3.00000000   0.70000000   109.9313547151
  3.10000000   0.70000000   109.5026098706
  3.20000000   0.70000000   109.1655329881
  3.30000000   0.70000000   108.9336075689
  3.40000000   0.70000000   108.8155186908
  3.50000000   0.70000000   108.8155186908

  0.00000000   0.80000000     0.0000000000
  0.10000000   0.80000000     7.3725598462
  0.20000000   0.80000000    14.7404427170
  0.30000000   0.80000000    22.0982000860
  0.40000000   0.80000000    29.4387787654
  0.50000000   0.80000000    36.7525633017
  0.60000000   0.80000000    44.0262300936
  0.70000000   0.80000000    51.2413534467
  0.80000000   0.80000000    58.3727212855
  0.90000000   0.80000000    65.3863638189
  1.00000000   0.80000000    72.2373954361
  1.10000000   0.80000000    78.8679489983
  1.20000000   0.80000000    85.2057711713
  1.30000000   0.80000000    91.1644406371
  1.40000000   0.80000000    96.6465550486
  1.50000000   0.80000000   101.5512792590
  1.60000000   0.80000000   105.7867685583
  1.70000000   0.80000000   109.2856559234
  1.80000000   0.80000000   112.0187094108
  1.90000000   0.80000000   114.0011046554
  2.00000000   0.80000000   115.2902281789
  2.10000000   0.80000000   115.9761702366
  2.20000000   0.80000000   116.1673913511
  2.30000000   0.80000000   115.9764355151
  2.40000000   0.80000000   115.5092960150
  2.50000000   0.80000000   114.8593944211
  2.60000000   0.80000000   114.1053701518
  2.70000000   0.80000000   113.3113268728
  2.80000000   0.80000000   112.5283383901
  2.90000000   0.80000000   111.7963955144
  3.00000000   0.80000000   111.1463261485
  3.10000000   0.80000000   110.6014666864
  3.20000000   0.80000000   110.1790087452
  3.30000000   0.80000000   109.8910194983
  3.40000000   0.80000000   109.7451640721
  3.50000000   0.80000000   109.7451640721

  0.00000000   0.90000000     0.0000000000
  0.10000000   0.90000000     7.5414539336
  0.20000000   0.90000000    15.0832906407
  0.30000000   0.90000000    22.6251871396
  0.40000000   0.90000000    30.1653273114
  0.50000000   0.90000000    37.6994447409
  0.60000000   0.90000000    45.2195958069
  0.70000000   0.90000000    52.7125496400
  0.80000000   0.90000000    60.1576749796
  0.90000000   0.90000000    67.5242225900
  1.00000000   0.90000000    74.7679809501
  1.10000000   0.90000000    81.8274845449
  1.20000000   0.90000000    88.6203695261
  1.30000000   0.90000000    95.0411948479
  1.40000000   0.90000000   100.9630573772
  1.50000000   0.90000000   106.2461997464
  1.60000000   0.90000000   110.7562501920
  1.70000000   0.90000000   114.3906019654
  1.80000000   0.90000000   117.1032967328
  1.90000000   0.90000000   118.9147785244
  2.00000000   0.90000000   119.9075257255
  2.10000000   0.90000000   120.2102876106
  2.20000000   0.90000000   119.9732329991
  2.30000000   0.90000000   119.3449425782
  2.40000000   0.90000000   118.4577837582
  2.50000000   0.90000000   117.4218001119
  2.60000000   0.90000000   116.3243768988
  2.70000000   0.90000000   115.2328424475
  2.80000000   0.90000000   114.1980543746
  2.90000000   0.90000000   113.2579139822
  3.00000000   0.90000000   112.4403593096
  3.10000000   0.90000000   111.7657226405
  3.20000000   0.90000000   111.2484923092
  3.30000000   0.90000000   110.8985715942
  3.40000000   0.90000000   110.7221307828
  3.50000000   0.90000000   110.7221307828

  0.00000000   1.00000000     0.0000000000
  0.10000000   1.00000000     7.7155468012
  0.20000000   1.00000000    15.4372162469
  0.30000000   1.00000000    23.1705734315
  0.40000000   1.00000000    30.9199732702
  0.50000000   1.00000000    38.6877047276
  0.60000000   1.00000000    46.4727975295
  0.70000000   1.00000000    54.2693174920
  0.80000000   1.00000000    62.0639279134
  0.90000000   1.00000000    69.8324504832
  1.00000000   1.00000000    77.5351586410
  1.10000000   1.00000000    85.1106686516
  1.20000000   1.00000000    92.4687413498
  1.30000000   1.00000000    99.4833805500
  1.40000000   1.00000000   105.9896779743
  1.50000000   1.00000000   111.7908363333
  1.60000000   1.00000000   116.6837049269
  1.70000000   1.00000000   120.5056642263
  1.80000000   1.00000000   123.1843420202
  1.90000000   1.00000000   124.7498198450
  2.00000000   1.00000000   125.3253564291
  2.10000000   1.00000000   125.1030667241
  2.20000000   1.00000000   124.2976482099
  2.30000000   1.00000000   123.1081444855
  2.40000000   1.00000000   121.6992200491
  2.50000000   1.00000000   120.1977104906
  2.60000000   1.00000000   118.6970078696
  2.70000000   1.00000000   117.2639668378
  2.80000000   1.00000000   115.9456247126
  2.90000000   1.00000000   114.7747292169
  3.00000000   1.00000000   113.7739154558
  3.10000000   1.00000000   112.9587069386
  3.20000000   1.00000000   112.3395976628
  3.30000000   1.00000000   111.9234519593
  3.40000000   1.00000000   111.7144068664
  3.50000000   1.00000000   111.7144068664

  0.00000000   1.10000000     0.0000000000
  0.10000000   1.10000000     7.8888994467
  0.20000000   1.10000000    15.7901875637
  0.30000000   1.10000000    23.7159394135
  0.40000000   1.10000000    31.6775073485
  0.50000000   1.10000000    39.6849019329
  0.60000000   1.10000000    47.7458072734
  0.70000000   1.10000000    55.8640059323
  0.80000000   1.10000000    64.0368835557
  0.90000000   1.10000000    72.2515384858
  1.00000000   1.10000000    80.4788516322
  1.10000000   1.10000000    88.6647529637
  1.20000000   1.10000000    96.7180899806
  1.30000000   1.10000000   104.4955607860
  1.40000000   1.10000000   111.7873622870
  1.50000000   1.10000000   118.3142926656
  1.60000000   1.10000000   123.7577306273
  1.70000000   1.10000000   127.8455077285
  1.80000000   1.10000000   130.4667511910
  1.90000000   1.10000000   131.6704810112
  2.00000000   1.10000000   131.6449631732
  2.10000000   1.10000000   130.6917446893
  2.20000000   1.10000000   129.1280230043
  2.30000000   1.10000000   127.2217635394
  2.40000000   1.10000000   125.1731429970
  2.50000000   1.10000000   123.1212117658
  2.60000000   1.10000000   121.1583120957
  2.70000000   1.10000000   119.3439893839
  2.80000000   1.10000000   117.7158449985
  2.90000000   1.10000000   116.2972294536
  3.00000000   1.10000000   115.1024234398
  3.10000000   1.10000000   114.1400217301
  3.20000000   1.10000000   113.4150962260
  3.30000000   1.10000000   112.9305502774
  3.40000000   1.10000000   112.6879403718
  3.50000000   1.10000000   112.6879403718

  0.00000000   1.20000000     0.0000000000
  0.10000000   1.20000000     8.0550487110
  0.20000000   1.20000000    16.1290281276
  0.30000000   1.20000000    24.2408952111
  0.40000000   1.20000000    32.4095826115
  0.50000000   1.20000000    40.6537725494
  0.60000000   1.20000000    48.9913466068
  0.70000000   1.20000000    57.4382714954
  0.80000000   1.20000000    66.0065239098
  0.90000000   1.20000000    74.7003968441
  1.00000000   1.20000000    83.5101147163
  1.10000000   1.20000000    92.4010772534
  1.20000000   1.20000000   101.2963426427
  1.30000000   1.20000000   110.0497582942
  1.40000000   1.20000000   118.4096881340
  1.50000000   1.20000000   125.9847809542
  1.60000000   1.20000000   132.2553648938
  1.70000000   1.20000000   136.7251756598
  1.80000000   1.20000000   139.2464504627
  1.90000000   1.20000000   139.9078650078
  2.00000000   1.20000000   138.9885398392
  2.10000000   1.20000000   136.9967600659
  2.20000000   1.20000000   134.4167076028
  2.30000000   1.20000000   131.6034610103
  2.40000000   1.20000000   128.7857551320
  2.50000000   1.20000000   126.1002200293
  2.60000000   1.20000000   123.6240808073
  2.70000000   1.20000000   121.3986096973
  2.80000000   1.20000000   119.4441997268
  2.90000000   1.20000000   117.7695661349
  3.00000000   1.20000000   116.3772098874
  3.10000000   1.20000000   115.2666037799
  3.20000000   1.20000000   114.4360215348
  3.30000000   1.20000000   113.8835686867
  3.40000000   1.20000000   113.6077473519
  3.50000000   1.20000000   113.6077473519

  0.00000000   1.30000000     0.0000000000
  0.10000000   1.30000000     8.2072646825
  0.20000000   1.30000000    16.4399318474
  0.30000000   1.30000000    24.7238470575
  0.40000000   1.30000000    33.0857058303
  0.50000000   1.30000000    41.5533693758
  0.60000000   1.30000000    50.1559893299
  0.70000000   1.30000000    58.9237523408
  0.80000000   1.30000000    67.8868844926
  0.90000000   1.30000000    77.0732300837
  1.00000000   1.30000000    86.5030971326
  1.10000000   1.30000000    96.1788768339
  1.20000000   1.30000000   106.0647470480
  1.30000000   1.30000000   116.0480739702
  1.40000000   1.30000000   125.8698053287
  1.50000000   1.30000000   135.0153549040
  1.60000000   1.30000000   142.6127165424
  1.70000000   1.30000000   147.6169383014
  1.80000000   1.30000000   149.9557736982
  1.90000000   1.30000000   149.8037150646
  2.00000000   1.30000000   147.4918957250
  2.10000000   1.30000000   143.9880331582
  2.20000000   1.30000000   140.0476589761
  2.30000000   1.30000000   136.1097016708
  2.40000000   1.30000000   132.3968669636
  2.50000000   1.30000000   129.0104377493
  2.60000000   1.30000000   125.9889248474
  2.70000000   1.30000000   123.3401607460
  2.80000000   1.30000000   121.0580681293
  2.90000000   1.30000000   119.1312229574
  3.00000000   1.30000000   117.5471325228
  3.10000000   1.30000000   116.2942990267
  3.20000000   1.30000000   115.3631533523
  3.30000000   1.30000000   114.7464289937
  3.40000000   1.30000000   114.4392766051
  3.50000000   1.30000000   114.4392766051

  0.00000000   1.40000000     0.0000000000
  0.10000000   1.40000000     8.3389043635
  0.20000000   1.40000000    16.7091896421
  0.30000000   1.40000000    25.1431326277
  0.40000000   1.40000000    33.6748250478
  0.50000000   1.40000000    42.3411308679
  0.60000000   1.40000000    51.1826751438
  0.70000000   1.40000000    60.2448076888
  0.80000000   1.40000000    69.5783734246
  0.90000000   1.40000000    79.2398730761
  1.00000000   1.40000000    89.2900357866
  1.10000000   1.40000000    99.7885117417
  1.20000000   1.40000000   110.7791970261
  1.30000000   1.40000000   122.2526417189
  1.40000000   1.40000000   134.0516626214
  1.50000000   1.40000000   145.6406941049
  1.60000000   1.40000000   155.6115940474
  1.70000000   1.40000000   161.2259936776
  1.80000000   1.40000000   163.2136240456
  1.90000000   1.40000000   161.9252682608
  2.00000000   1.40000000   157.2641657392
  2.10000000   1.40000000   151.5050267112
  2.20000000   1.40000000   145.7780884074
  2.30000000   1.40000000   140.5050856449
  2.40000000   1.40000000   135.8075259112
  2.50000000   1.40000000   131.6924974449
  2.60000000   1.40000000   128.1275996194
  2.70000000   1.40000000   125.0704020664
  2.80000000   1.40000000   122.4797647127
  2.90000000   1.40000000   120.3198297581
  3.00000000   1.40000000   118.5610374905
  3.10000000   1.40000000   117.1799794793
  3.20000000   1.40000000   116.1588655863
  3.30000000   1.40000000   115.4849397716
  3.40000000   1.40000000   115.1499867337
  3.50000000   1.40000000   115.1499867337

  0.00000000   1.50000000     0.0000000000
  0.10000000   1.50000000     8.4438419342
  0.20000000   1.50000000    16.9240913407
  0.30000000   1.50000000    25.4784805721
  0.40000000   1.50000000    34.1474823885
  0.50000000   1.50000000    42.9759148630
  0.60000000   1.50000000    52.0148503431
  0.70000000   1.50000000    61.3239656346
  0.80000000   1.50000000    70.9744939569
  0.90000000   1.50000000    81.0529457646
  1.00000000   1.50000000    91.6657011094
  1.10000000   1.50000000   102.9442665867
  1.20000000   1.50000000   115.0497800850
  1.30000000   1.50000000   128.1703290702
  1.40000000   1.50000000   142.4813136273
  1.50000000   1.50000000   157.9207083131
  1.60000000   1.50000000   173.0028352139
  1.70000000   1.50000000   178.4995966744
  1.80000000   1.50000000   179.7900830188
  1.90000000   1.50000000   177.4707691648
  2.00000000   1.50000000   168.1990871048
  2.10000000   1.50000000   159.0694497378
  2.20000000   1.50000000   151.1490970979
  2.30000000   1.50000000   144.4335797720
  2.40000000   1.50000000   138.7571323070
  2.50000000   1.50000000   133.9576316455
  2.60000000   1.50000000   129.9022896776
  2.70000000   1.50000000   126.4871008153
  2.80000000   1.50000000   123.6318845245
  2.90000000   1.50000000   121.2753474549
  3.00000000   1.50000000   119.3710211557
  3.10000000   1.50000000   117.8841280946
  3.20000000   1.50000000   116.7892472324
  3.30000000   1.50000000   116.0686302121
  3.40000000   1.50000000   115.7110432176
  3.50000000   1.50000000   115.7110432176

  0.00000000   1.60000000     0.0000000000
  0.10000000   1.60000000     8.5169337971
  0.20000000   1.60000000    17.0739159651
  0.30000000   1.60000000    25.7126571271
  0.40000000   1.60000000    34.4783423793
  0.50000000   1.60000000    43.4217678884
  0.60000000   1.60000000    52.6020313491
  0.70000000   1.60000000    62.0901062695
  0.80000000   1.60000000    71.9738061076
  0.90000000   1.60000000    82.3649594773
  1.00000000   1.60000000    93.4102253601
  1.10000000   1.60000000   105.3083263158
  1.20000000   1.60000000   118.3401621855
  1.30000000   1.60000000   132.9308047129
  1.40000000   1.60000000   149.8127738428
  1.50000000   1.60000000   170.5837268337
  1.60000000   1.60000000   200.0000000000
  1.70000000   1.60000000   200.0000000000
  1.80000000   1.60000000   200.0000000000
  1.90000000   1.60000000   200.0000000000
  2.00000000   1.60000000   179.0423914740
  2.10000000   1.60000000   165.4943654427
  2.20000000   1.60000000   155.4027720161
  2.30000000   1.60000000   147.4264078815
  2.40000000   1.60000000   140.9473820282
  2.50000000   1.60000000   135.6088031030
  2.60000000   1.60000000   131.1781624310
  2.70000000   1.60000000   127.4949244285
  2.80000000   1.60000000   124.4448706781
  2.90000000   1.60000000   121.9453811800
  3.00000000   1.60000000   119.9362457310
  3.10000000   1.60000000   118.3736750453
  3.20000000   1.60000000   117.2263165434
  3.30000000   1.60000000   116.4725978097
  3.40000000   1.60000000   116.0989963189
  3.50000000   1.60000000   116.0989963189

  0.00000000   1.70000000     0.0000000000
  0.10000000   1.70000000     8.5544577678
  0.20000000   1.70000000    17.1508783285
  0.30000000   1.70000000    25.8330728688
  0.40000000   1.70000000    34.6487340840
  0.50000000   1.70000000    43.6518733412
  0.60000000   1.70000000    52.9059605599
  0.70000000   1.70000000    62.4882137819
  0.80000000   1.70000000    72.4957503507
  0.90000000   1.70000000    83.0547819452
  1.00000000   1.70000000    94.3348661653
  1.10000000   1.70000000   106.5716401588
  1.20000000   1.70000000   120.1035196679
  1.30000000   1.70000000   135.4289221097
  1.40000000   1.70000000   153.2792022610
  1.50000000   1.70000000   174.6169143882
  1.60000000   1.70000000   200.0000000000
  1.70000000   1.70000000   200.0000000000
  1.80000000   1.70000000   200.0000000000
  1.90000000   1.70000000   200.0000000000
  2.00000000   1.70000000   182.5118134829
  2.10000000   1.70000000   168.5240445994
  2.20000000   1.70000000   157.6230845798
  2.30000000   1.70000000   149.0213454249
  2.40000000   1.70000000   142.1118731628
  2.50000000   1.70000000   136.4800326183
  2.60000000   1.70000000   131.8462550227
  2.70000000   1.70000000   128.0192944536
  2.80000000   1.70000000   124.8657231180
  2.90000000   1.70000000   122.2908575009
  3.00000000   1.70000000   120.2267853037
  3.10000000   1.70000000   118.6247241915
  3.20000000   1.70000000   117.4500696902
  3.30000000   1.70000000   116.6791705696
  3.40000000   1.70000000   116.2972676487
  3.50000000   1.70000000   116.2972676487

  0.00000000   1.80000000     0.0000000000
  0.10000000   1.80000000     8.5544577678
  0.20000000   1.80000000    17.1508783285
  0.30000000   1.80000000    25.8330728688
  0.40000000   1.80000000    34.6487340840
  0.50000000   1.80000000    43.6518733412
  0.60000000   1.80000000    52.9059605599
  0.70000000   1.80000000    62.4882137819
  0.80000000   1.80000000    72.4957503507
  0.90000000   1.80000000    83.0547819452
  1.00000000   1.80000000    94.3348661653
  1.10000000   1.80000000   106.5716401588
  1.20000000   1.80000000   120.1035196679
  1.30000000   1.80000000   135.4289221097
  1.40000000   1.80000000   153.2792022610
  1.50000000   1.80000000   174.6169143882
  1.60000000   1.80000000   200.0000000000
  1.70000000   1.80000000   200.0000000000
  1.80000000   1.80000000   200.0000000000
  1.90000000   1.80000000   200.0000000000
  2.00000000   1.80000000   182.5118134829
  2.10000000   1.80000000   168.5240445994
  2.20000000   1.80000000   157.6230845798
  2.30000000   1.80000000   149.0213454249
  2.40000000   1.80000000   142.1118731628
  2.50000000   1.80000000   136.4800326183
  2.60000000   1.80000000   131.8462550227
  2.70000000   1.80000000   128.0192944536
  2.80000000   1.80000000   124.8657231180
  2.90000000   1.80000000   122.2908575009
  3.00000000   1.80000000   120.2267853037
  3.10000000   1.80000000   118.6247241915
  3.20000000   1.80000000   117.4500696902
  3.30000000   1.80000000   116.6791705696
  3.40000000   1.80000000   116.2972676487
  3.50000000   1.80000000   116.2972676487

  0.00000000   1.90000000     0.0000000000
  0.10000000   1.90000000     8.5169337971
  0.20000000   1.90000000    17.0739159651
  0.30000000   1.90000000    25.7126571271
  0.40000000   1.90000000    34.4783423793
  0.50000000   1.90000000    43.4217678884
  0.60000000   1.90000000    52.6020313491
  0.70000000   1.90000000    62.0901062695
  0.80000000   1.90000000    71.9738061076
  0.90000000   1.90000000    82.3649594773
  1.00000000   1.90000000    93.4102253601
  1.10000000   1.90000000   105.3083263158
  1.20000000   1.90000000   118.3401621855
  1.30000000   1.90000000   132.9308047129
  1.40000000   1.90000000   149.8127738428
  1.50000000   1.90000000   170.5837268337
  1.60000000   1.90000000   200.0000000000
  1.70000000   1.90000000   200.0000000000
  1.80000000   1.90000000   200.0000000000
  1.90000000   1.90000000   200.0000000000
  2.00000000   1.90000000   179.0423914740
  2.10000000   1.90000000   165.4943654427
  2.20000000   1.90000000   155.4027720161
  2.30000000   1.90000000   147.4264078815
  2.40000000   1.90000000   140.9473820282
  2.50000000   1.90000000   135.6088031030
  2.60000000   1.90000000   131.1781624310
  2.70000000   1.90000000   127.4949244285
  2.80000000   1.90000000   124.4448706781
  2.90000000   1.90000000   121.9453811800
  3.00000000   1.90000000   119.9362457310
  3.10000000   1.90000000   118.3736750453
  3.20000000   1.90000000   117.2263165434
  3.30000000   1.90000000   116.4725978097
  3.40000000   1.90000000   116.0989963189
  3.50000000   1.90000000   116.0989963189

  0.00000000   2.00000000     0.0000000000
  0.10000000   2.00000000     8.4438419342
  0.20000000   2.00000000    16.9240913407
  0.30000000   2.00000000    25.4784805721
  0.40000000   2.00000000    34.1474823885
  0.50000000   2.00000000    42.9759148630
  0.60000000   2.00000000    52.0148503431
  0.70000000   2.00000000    61.3239656346
  0.80000000   2.00000000    70.9744939569
  0.90000000   2.00000000    81.0529457646
  1.00000000   2.00000000    91.6657011094
  1.10000000   2.00000000   102.9442665867
  1.20000000   2.00000000   115.0497800850
  1.30000000   2.00000000   128.1703290702
  1.40000000   2.00000000   142.4813136273
  1.50000000   2.00000000   157.9207083131
  1.60000000   2.00000000   173.0028352139
  1.70000000   2.00000000   178.4995966744
  1.80000000   2.00000000   179.7900830188
  1.90000000   2.00000000   177.4707691648
  2.00000000   2.00000000   168.1990871048
  2.10000000   2.00000000   159.0694497378
  2.20000000   2.00000000   151.1490970979
  2.30000000   2.00000000   144.4335797720
  2.40000000   2.00000000   138.7571323070
  2.50000000   2.00000000   133.9576316455
  2.60000000   2.00000000   129.9022896776
  2.70000000   2.00000000   126.4871008153
  2.80000000   2.00000000   123.6318845245
  2.90000000   2.00000000   121.2753474549
  3.00000000   2.00000000   119.3710211557
  3.10000000   2.00000000   117.8841280946
  3.20000000   2.00000000   116.7892472324
  3.30000000   2.00000000   116.0686302121
  3.40000000   2.00000000   115.7110432176
  3.50000000   2.00000000   115.7110432176

  0.00000000   2.10000000     0.0000000000
  0.10000000   2.10000000     8.3389043635
  0.20000000   2.10000000    16.7091896421
  0.30000000   2.10000000    25.1431326277
  0.40000000   2.10000000    33.6748250478
  0.50000000   2.10000000    42.3411308679
  0.60000000   2.10000000    51.1826751438
  0.70000000   2.10000000    60.2448076888
  0.80000000   2.10000000    69.5783734246
  0.90000000   2.10000000    79.2398730761
  1.00000000   2.10000000    89.2900357866
  1.10000000   2.10000000    99.7885117417
  1.20000000   2.10000000   110.7791970261
  1.30000000   2.10000000   122.2526417189
  1.40000000   2.10000000   134.0516626214
  1.50000000   2.10000000   145.6406941049
  1.60000000   2.10000000   155.6115940474
  1.70000000   2.10000000   161.2259936776
  1.80000000   2.10000000   163.2136240456
  1.90000000   2.10000000   161.9252682608
  2.00000000   2.10000000   157.2641657392
  2.10000000   2.10000000   151.5050267112
  2.20000000   2.10000000   145.7780884074
  2.30000000   2.10000000   140.5050856449
  2.40000000   2.10000000   135.8075259112
  2.50000000   2.10000000   131.6924974449
  2.60000000   2.10000000   128.1275996194
  2.70000000   2.10000000   125.0704020664
  2.80000000   2.10000000   122.4797647127
  2.90000000   2.10000000   120.3198297581
  3.00000000   2.10000000   118.5610374905
  3.10000000   2.10000000   117.1799794793
  3.20000000   2.10000000   116.1588655863
  3.30000000   2.10000000   115.4849397716
  3.40000000   2.10000000   115.1499867337
  3.50000000   2.10000000   115.1499867337

  0.00000000   2.20000000     0.0000000000
  0.10000000   2.20000000     8.2072646825
  0.20000000   2.20000000    16.4399318474
  0.30000000   2.20000000    24.7238470575
  0.40000000   2.20000000    33.0857058303
  0.50000000   2.20000000    41.5533693758
  0.60000000   2.20000000    50.1559893299
  0.70000000   2.20000000    58.9237523408
  0.80000000   2.20000000    67.8868844926
  0.90000000   2.20000000    77.0732300837
  1.00000000   2.20000000    86.5030971326
  1.10000000   2.20000000    96.1788768339
  1.20000000   2.20000000   106.0647470480
  1.30000000   2.20000000   116.0480739702
  1.40000000   2.20000000   125.8698053287
  1.50000000   2.20000000   135.0153549040
  1.60000000   2.20000000   142.6127165424
  1.70000000   2.20000000   147.6169383014
  1.80000000   2.20000000   149.9557736982
  1.90000000   2.20000000   149.8037150646
  2.00000000   2.20000000   147.4918957250
  2.10000000   2.20000000   143.9880331582
  2.20000000   2.20000000   140.0476589761
  2.30000000   2.20000000   136.1097016708
  2.40000000   2.20000000   132.3968669636
  2.50000000   2.20000000   129.0104377493
  2.60000000   2.20000000   125.9889248474
  2.70000000   2.20000000   123.3401607460
  2.80000000   2.20000000   121.0580681293
  2.90000000   2.20000000   119.1312229574
  3.00000000   2.20000000   117.5471325228
  3.10000000   2.20000000   116.2942990267
  3.20000000   2.20000000   115.3631533523
  3.30000000   2.20000000   114.7464289937
  3.40000000   2.20000000   114.4392766051
  3.50000000   2.20000000   114.4392766051

  0.00000000   2.30000000     0.0000000000
  0.10000000   2.30000000     8.0550487110
  0.20000000   2.30000000    16.1290281276
  0.30000000   2.30000000    24.2408952111
  0.40000000   2.30000000    32.4095826115
  0.50000000   2.30000000    40.6537725494
  0.60000000   2.30000000    48.9913466068
  0.70000000   2.30000000    57.4382714954
  0.80000000   2.30000000    66.0065239098
  0.90000000   2.30000000    74.7003968441
  1.00000000   2.30000000    83.5101147163
  1.10000000   2.30000000    92.4010772534
  1.20000000   2.30000000   101.2963426427
  1.30000000   2.30000000   110.0497582942
  1.40000000   2.30000000   118.4096881340
  1.50000000   2.30000000   125.9847809542
  1.60000000   2.30000000   132.2553648938
  1.70000000   2.30000000   136.7251756598
  1.80000000   2.30000000   139.2464504627
  1.90000000   2.30000000   139.9078650078
  2.00000000   2.30000000   138.9885398392
  2.10000000   2.30000000   136.9967600659
  2.20000000   2.30000000   134.4167076028
  2.30000000   2.30000000   131.6034610103
  2.40000000   2.30000000   128.7857551320
  2.50000000   2.30000000   126.1002200293
  2.60000000   2.30000000   123.6240808073
  2.70000000   2.30000000   121.3986096973
  2.80000000   2.30000000   119.4441997268
  2.90000000   2.30000000   117.7695661349
  3.00000000   2.30000000   116.3772098874
  3.10000000   2.30000000   115.2666037799
  3.20000000   2.30000000   114.4360215348
  3.30000000   2.30000000   113.8835686867
  3.40000000   2.30000000   113.6077473519
  3.50000000   2.30000000   113.6077473519

  0.00000000   2.40000000     0.0000000000
  0.10000000   2.40000000     7.8888994467
  0.20000000   2.40000000    15.7901875637
  0.30000000   2.40000000    23.7159394135
  0.40000000   2.40000000    31.6775073485
  0.50000000   2.40000000    39.6849019329
  0.60000000   2.40000000    47.7458072734
  0.70000000   2.40000000    55.8640059323
  0.80000000   2.40000000    64.0368835557
  0.90000000   2.40000000    72.2515384858
  1.00000000   2.40000000    80.4788516322
  1.10000000   2.40000000    88.6647529637
  1.20000000   2.40000000    96.7180899806
  1.30000000   2.40000000   104.4955607860
  1.40000000   2.40000000   111.7873622870
  1.50000000   2.40000000   118.3142926656
  1.60000000   2.40000000   123.7577306273
  1.70000000   2.40000000   127.8455077285
  1.80000000   2.40000000   130.4667511910
  1.90000000   2.40000000   131.6704810112
  2.00000000   2.40000000   131.6449631732
  2.10000000   2.40000000   130.6917446893
  2.20000000   2.40000000   129.1280230043
  2.30000000   2.40000000   127.2217635394
  2.40000000   2.40000000   125.1731429970
  2.50000000   2.40000000   123.1212117658
  2.60000000   2.40000000   121.1583120957
  2.70000000   2.40000000   119.3439893839
  2.80000000   2.40000000   117.7158449985
  2.90000000   2.40000000   116.2972294536
  3.00000000   2.40000000   115.1024234398
  3.10000000   2.40000000   114.1400217301
  3.20000000   2.40000000   113.4150962260
  3.30000000   2.40000000   112.9305502774
  3.40000000   2.40000000   112.6879403718
  3.50000000   2.40000000   112.6879403718

  0.00000000   2.50000000     0.0000000000
  0.10000000   2.50000000     7.7155468012
  0.20000000   2.50000000    15.4372162469
  0.30000000   2.50000000    23.1705734315
  0.40000000   2.50000000    30.9199732702
  0.50000000   2.50000000    38.6877047276
  0.60000000   2.50000000    46.4727975295
  0.70000000   2.50000000    54.2693174920
  0.80000000   2.50000000    62.0639279134
  0.90000000   2.50000000    69.8324504832
  1.00000000   2.50000000    77.5351586410
  1.10000000   2.50000000    85.1106686516
  1.20000000   2.50000000    92.4687413498
  1.30000000   2.50000000    99.4833805500
  1.40000000   2.50000000   105.9896779743
  1.50000000   2.50000000   111.7908363333
  1.60000000   2.50000000   116.6837049269
  1.70000000   2.50000000   120.5056642263
  1.80000000   2.50000000   123.1843420202
  1.90000000   2.50000000   124.7498198450
  2.00000000   2.50000000   125.3253564291
  2.10000000   2.50000000   125.1030667241
  2.20000000   2.50000000   124.2976482099
  2.30000000   2.50000000   123.1081444855
  2.40000000   2.50000000   121.6992200491
  2.50000000   2.50000000   120.1977104906
  2.60000000   2.50000000   118.6970078696
  2.70000000   2.50000000   117.2639668378
  2.80000000   2.50000000   115.9456247126
  2.90000000   2.50000000   114.7747292169
  3.00000000   2.50000000   113.7739154558
  3.10000000   2.50000000   112.9587069386
  3.20000000   2.50000000   112.3395976628
  3.30000000   2.50000000   111.9234519593
  3.40000000   2.50000000   111.7144068664
  3.50000000   2.50000000   111.7144068664

  0.00000000   2.60000000     0.0000000000
  0.10000000   2.60000000     7.5414539336
  0.20000000   2.60000000    15.0832906407
  0.30000000   2.60000000    22.6251871396
  0.40000000   2.60000000    30.1653273114
  0.50000000   2.60000000    37.6994447409
  0.60000000   2.60000000    45.2195958069
  0.70000000   2.60000000    52.7125496400
  0.80000000   2.60000000    60.1576749796
  0.90000000   2.60000000    67.5242225900
  1.00000000   2.60000000    74.7679809501
  1.10000000   2.60000000    81.8274845449
  1.20000000   2.60000000    88.6203695261
  1.30000000   2.60000000    95.0411948479
  1.40000000   2.60000000   100.9630573772
  1.50000000   2.60000000   106.2461997464
  1.60000000   2.60000000   110.7562501920
  1.70000000   2.60000000   114.3906019654
  1.80000000   2.60000000   117.1032967328
  1.90000000   2.60000000   118.9147785244
  2.00000000   2.60000000   119.9075257255
  2.10000000   2.60000000   120.2102876106
  2.20000000   2.60000000   119.9732329991
  2.30000000   2.60000000   119.3449425782
  2.40000000   2.60000000   118.4577837582
  2.50000000   2.60000000   117.4218001119
  2.60000000   2.60000000   116.3243768988
  2.70000000   2.60000000   115.2328424475
  2.80000000   2.60000000   114.1980543746
  2.90000000   2.60000000   113.2579139822
  3.00000000   2.60000000   112.4403593096
  3.10000000   2.60000000   111.7657226405
  3.20000000   2.60000000   111.2484923092
  3.30000000   2.60000000   110.8985715942
  3.40000000   2.60000000   110.7221307828
  3.50000000   2.60000000   110.7221307828

  0.00000000   2.70000000     0.0000000000
  0.10000000   2.70000000     7.3725598462
  0.20000000   2.70000000    14.7404427170
  0.30000000   2.70000000    22.0982000860
  0.40000000   2.70000000    29.4387787654
  0.50000000   2.70000000    36.7525633017
  0.60000000   2.70000000    44.0262300936
  0.70000000   2.70000000    51.2413534467
  0.80000000   2.70000000    58.3727212855
  0.90000000   2.70000000    65.3863638189
  1.00000000   2.70000000    72.2373954361
  1.10000000   2.70000000    78.8679489983
  1.20000000   2.70000000    85.2057711713
  1.30000000   2.70000000    91.1644406371
  1.40000000   2.70000000    96.6465550486
  1.50000000   2.70000000   101.5512792590
  1.60000000   2.70000000   105.7867685583
  1.70000000   2.70000000   109.2856559234
  1.80000000   2.70000000   112.0187094108
  1.90000000   2.70000000   114.0011046554
  2.00000000   2.70000000   115.2902281789
  2.10000000   2.70000000   115.9761702366
  2.20000000   2.70000000   116.1673913511
  2.30000000   2.70000000   115.9764355151
  2.40000000   2.70000000   115.5092960150
  2.50000000   2.70000000   114.8593944211
  2.60000000   2.70000000   114.1053701518
  2.70000000   2.70000000   113.3113268728
  2.80000000   2.70000000   112.5283383901
  2.90000000   2.70000000   111.7963955144
  3.00000000   2.70000000   111.1463261485
  3.10000000   2.70000000   110.6014666864
  3.20000000   2.70000000   110.1790087452
  3.30000000   2.70000000   109.8910194983
  3.40000000   2.70000000   109.7451640721
  3.50000000   2.70000000   109.7451640721

  0.00000000   2.80000000     0.0000000000
  0.10000000   2.80000000     7.2141185999
  0.20000000   2.80000000    14.4192515365
  0.30000000   2.80000000    21.6056382170
  0.40000000   2.80000000    28.7619280992
  0.50000000   2.80000000    35.8742874660
  0.60000000   2.80000000    42.9253954808
  0.70000000   2.80000000    49.8933100558
  0.80000000   2.80000000    56.7502107021
  0.90000000   2.80000000    63.4610751509
  1.00000000   2.80000000    69.9824303369
  1.10000000   2.80000000    76.2614462755
  1.20000000   2.80000000    82.2358108654
  1.30000000   2.80000000    87.8349999602
  1.40000000   2.80000000    92.9836417367
  1.50000000   2.80000000    97.6074861330
  1.60000000   2.80000000   101.6418120561
  1.70000000   2.80000000   105.0409018155
  1.80000000   2.80000000   107.7860114475
  1.90000000   2.80000000   109.8892335991
  2.00000000   2.80000000   111.3923079308
  2.10000000   2.80000000   112.3608909363
  2.20000000   2.80000000   112.8758818269
  2.30000000   2.80000000   113.0242687804
  2.40000000   2.80000000   112.8915403927
  2.50000000   2.80000000   112.5565669110
  2.60000000   2.80000000   112.0888724486
  2.70000000   2.80000000   111.5477252066
  2.80000000   2.80000000   110.9823807956
  2.90000000   2.80000000   110.4329277662
  3.00000000   2.80000000   109.9313547151
  3.10000000   2.80000000   109.5026098706
  3.20000000   2.80000000   109.1655329881
  3.30000000   2.80000000   108.9336075689
  3.40000000   2.80000000   108.8155186908
  3.50000000   2.80000000   108.8155186908

  0.00000000   2.90000000     0.0000000000
  0.10000000   2.90000000     7.0706221909
  0.20000000   2.90000000    14.1287089158
  0.30000000   2.90000000    21.1609873436
  0.40000000   2.90000000    28.1526893724
  0.50000000   2.90000000    35.0867562228
  0.60000000   2.90000000    41.9429969893
  0.70000000   2.90000000    48.6972082675
  0.80000000   2.90000000    55.3202886810
  0.90000000   2.90000000    61.7774241503
  1.00000000   2.90000000    68.0274808172
  1.10000000   2.90000000    74.0228214568
  1.20000000   2.90000000    79.7098459541
  1.30000000   2.90000000    85.0306134214
  1.40000000   2.90000000    89.9258707898
  1.50000000   2.90000000    94.3396056867
  1.60000000   2.90000000    98.2248005908
  1.70000000   2.90000000   101.5494559909
  1.80000000   2.90000000   104.3014672095
  1.90000000   2.90000000   106.4910151467
  2.00000000   2.90000000   108.1498691638
  2.10000000   2.90000000   109.3278402384
  2.20000000   2.90000000   110.0873104893
  2.30000000   2.90000000   110.4971785051
  2.40000000   2.90000000   110.6274222377
  2.50000000   2.90000000   110.5449689740
  2.60000000   2.90000000   110.3110281307
  2.70000000   2.90000000   109.9796925372
  2.80000000   2.90000000   109.5974708634
  2.90000000   2.90000000   109.2034120859
  3.00000000   2.90000000   108.8295479907
  3.10000000   2.90000000   108.5014601347
  3.20000000   2.90000000   108.2388480493
  3.30000000   2.90000000   108.0560272736
  3.40000000   2.90000000   107.9623198374
  3.50000000   2.90000000   107.9623198374

  0.00000000   3.00000000     0.0000000000
  0.10000000   3.00000000     6.9457873092
  0.20000000   3.00000000    13.8762143783
  0.30000000   3.00000000    20.7752425379
  0.40000000   3.00000000    27.6254716845
  0.50000000   3.00000000    34.4074521289
  0.60000000   3.00000000    41.0989993982
  0.70000000   3.00000000    47.6745347754
  0.80000000   3.00000000    54.1044965477
  0.90000000   3.00000000    60.3548979483
  1.00000000   3.00000000    66.3871468222
  1.10000000   3.00000000    72.1582844169
  1.20000000   3.00000000    77.6218335925
  1.30000000   3.00000000    82.7294469827
  1.40000000   3.00000000    87.4334793334
  1.50000000   3.00000000    91.6904427707
  1.60000000   3.00000000    95.4650344397
  1.70000000   3.00000000    98.7341172737
  1.80000000   3.00000000   101.4898366884
  1.90000000   3.00000000   103.7411365184
  2.00000000   3.00000000   105.5133146154
  2.10000000   3.00000000   106.8457354046
  2.20000000   3.00000000   107.7882287931
  2.30000000   3.00000000   108.3969399276
  2.40000000   3.00000000   108.7303610096
  2.50000000   3.00000000   108.8460402746
  2.60000000   3.00000000   108.7981739150
  2.70000000   3.00000000   108.6360585253
  2.80000000   3.00000000   108.4032530776
  2.90000000   3.00000000   108.1372569077
  3.00000000   3.00000000   107.8695211090
  3.10000000   3.00000000   107.6256458296
  3.20000000   3.00000000   107.4256557455
  3.30000000   3.00000000   107.2842809177
  3.40000000   3.00000000   107.2111969191
  3.50000000   3.00000000   107.2111969191

  0.00000000   3.10000000     0.0000000000
  0.10000000   3.10000000     6.8425845921
  0.20000000   3.10000000    13.6676532558
  0.30000000   3.10000000    20.4570759140
  0.40000000   3.10000000    27.1915015920
  0.50000000   3.10000000    33.8497701736
  0.60000000   3.10000000    40.4083614614
  0.70000000   3.10000000    46.8409123514
  0.80000000   3.10000000    53.1178495208
  0.90000000   3.10000000    59.2062054793
  1.00000000   3.10000000    65.0697079095
  1.10000000   3.10000000    70.6692503664
  1.20000000   3.10000000    75.9638570768
  1.30000000   3.10000000    80.9122313977
  1.40000000   3.10000000    85.4749108377
  1.50000000   3.10000000    89.6169318275
  1.60000000   3.10000000    93.3107459725
  1.70000000   3.10000000    96.5389710182
  1.80000000   3.10000000    99.2964800493
  1.90000000   3.10000000   101.5913992583
  2.00000000   3.10000000   103.4447981760
  2.10000000   3.10000000   104.8891335891
  2.20000000   3.10000000   105.9657568819
  2.30000000   3.10000000   106.7219416665
  2.40000000   3.10000000   107.2078945148
  2.50000000   3.10000000   107.4741016474
  2.60000000   3.10000000   107.5692061170
  2.70000000   3.10000000   107.5384649667
  2.80000000   3.10000000   107.4227360336
  2.90000000   3.10000000   107.2578929834
  3.00000000   3.10000000   107.0745536158
  3.10000000   3.10000000   106.8980153234
  3.20000000   3.10000000   106.7483106251
  3.30000000   3.10000000   106.6403168036
  3.40000000   3.10000000   106.5838728793
  3.50000000   3.10000000   106.5838728793

  0.00000000   3.20000000     0.0000000000
  0.10000000   3.20000000     6.7632907999
  0.20000000   3.20000000    13.5075170966
  0.30000000   3.20000000    20.2130578349
  0.40000000   3.20000000    26.8591945020
  0.50000000   3.20000000    33.4236046883
  0.60000000   3.20000000    39.8819152080
  0.70000000   3.20000000    46.2073491022
  0.80000000   3.20000000    52.3705123237
  0.90000000   3.20000000    58.3393782708
  1.00000000   3.20000000    64.0795386790
  1.10000000   3.20000000    69.5547931558
  1.20000000   3.20000000    74.7281400772
  1.30000000   3.20000000    79.5632010308
  1.40000000   3.20000000    84.0260531408
  1.50000000   3.20000000    88.0873589279
  1.60000000   3.20000000    91.7245846950
  1.70000000   3.20000000    94.9240149824
  1.80000000   3.20000000    97.6822410310
  1.90000000   3.20000000   100.0068546856
  2.00000000   3.20000000   101.9162114688
  2.10000000   3.20000000   103.4382972368
  2.20000000   3.20000000   104.6088894595
  2.30000000   3.20000000   105.4693033372
  2.40000000   3.20000000   106.0640322650
  2.50000000   3.20000000   106.4385413343
  2.60000000   3.20000000   106.6373833306
  2.70000000   3.20000000   106.7027134344
  2.80000000   3.20000000   106.6732040123
  2.90000000   3.20000000   106.5833129281
  3.00000000   3.20000000   106.4628356135
  3.10000000   3.20000000   106.3366662491
  3.20000000   3.20000000   106.2246995250
  3.30000000   3.20000000   106.1418159472
  3.40000000   3.20000000   106.0979066982
  3.50000000   3.20000000   106.0979066982

  0.00000000   3.30000000     0.0000000000
  0.10000000   3.30000000     6.7095478309
  0.20000000   3.30000000    13.3990337785
  0.30000000   3.30000000    20.0478820121
  0.40000000   3.30000000    26.6345095234
  0.50000000   3.30000000    33.1358769824
  0.60000000   3.30000000    39.5271121539
  0.70000000   3.30000000    45.7812413387
  0.80000000   3.30000000    51.8690722059
  0.90000000   3.30000000    57.7592783540
  1.00000000   3.30000000    63.4187393123
  1.10000000   3.30000000    68.8131856180
  1.20000000   3.30000000    73.9081827061
  1.30000000   3.30000000    78.6704555339
  1.40000000   3.30000000    83.0695067015
  1.50000000   3.30000000    87.0794180722
  1.60000000   3.30000000    90.6806612825
  1.70000000   3.30000000    93.8616952399
  1.80000000   3.30000000    96.6201204162
  1.90000000   3.30000000    98.9632037981
  2.00000000   3.30000000   100.9076801577
  2.10000000   3.30000000   102.4788511760
  2.20000000   3.30000000   103.7091123283
  2.30000000   3.30000000   104.6361104907
  2.40000000   3.30000000   105.3007584166
  2.50000000   3.30000000   105.7453084848
  2.60000000   3.30000000   106.0116340245
  2.70000000   3.30000000   106.1398023975
  2.80000000   3.30000000   106.1669661788
  2.90000000   3.30000000   106.1265558165
  3.00000000   3.30000000   106.0477310998
  3.10000000   3.30000000   105.9550372124
  3.20000000   3.30000000   105.8682101837
  3.30000000   3.30000000   105.8020820875
  3.40000000   3.30000000   105.7665452908
  3.50000000   3.30000000   105.7665452908

  0.00000000   3.40000000     0.0000000000
  0.10000000   3.40000000     6.6824164676
  0.20000000   3.40000000    13.3442833481
  0.30000000   3.40000000    19.9645596148
  0.40000000   3.40000000    26.5212444653
  0.50000000   3.40000000    32.9909575565
  0.60000000   3.40000000    39.3485977036
  0.70000000   3.40000000    45.5671157635
  0.80000000   3.40000000    51.6174434478
  0.90000000   3.40000000    57.4686241951
  1.00000000   3.40000000    63.0881923354
  1.10000000   3.40000000    68.4428393738
  1.20000000   3.40000000    73.4993879426
  1.30000000   3.40000000    78.2260624951
  1.40000000   3.40000000    82.5940014612
  1.50000000   3.40000000    86.5789032630
  1.60000000   3.40000000    90.1626487152
  1.70000000   3.40000000    93.3347097932
  1.80000000   3.40000000    96.0931542494
  1.90000000   3.40000000    98.4450949951
  2.00000000   3.40000000   100.4065078267
  2.10000000   3.40000000   102.0014338334
  2.20000000   3.40000000   103.2606704009
  2.30000000   3.40000000   104.2201162912
  2.40000000   3.40000000   104.9189601625
  2.50000000   3.40000000   105.3978888274
  2.60000000   3.40000000   105.6974521107
  2.70000000   3.40000000   105.8566701238
  2.80000000   3.40000000   105.9119191984
  2.90000000   3.40000000   105.8960929872
  3.00000000   3.40000000   105.8380085834
  3.10000000   3.40000000   105.7620134097
  3.20000000   3.40000000   105.6877445190
  3.30000000   3.40000000   105.6299947345
  3.40000000   3.40000000   105.5986469579
  3.50000000   3.40000000   105.5986469579

  0.00000000   3.50000000     0.0000000000
  0.10000000   3.50000000     6.6824164676
  0.20000000   3.50000000    13.3442833481
  0.30000000   3.50000000    19.9645596148
  0.40000000   3.50000000    26.5212444653
  0.50000000   3.50000000    32.9909575565
  0.60000000   3.50000000    39.3485977036
  0.70000000   3.50000000    45.5671157635
  0.80000000   3.50000000    51.6174434478
  0.90000000   3.50000000    57.4686241951
  1.00000000   3.50000000    63.0881923354
  1.10000000   3.50000000    68.4428393738
  1.20000000   3.50000000    73.4993879426
  1.30000000   3.50000000    78.2260624951
  1.40000000   3.50000000    82.5940014612
  1.50000000   3.50000000    86.5789032630
  1.60000000   3.50000000    90.1626487152
  1.70000000   3.50000000    93.3347097932
  1.80000000   3.50000000    96.0931542494
  1.90000000   3.50000000    98.4450949951
  2.00000000   3.50000000   100.4065078267
  2.10000000   3.50000000   102.0014338334
  2.20000000   3.50000000   103.2606704009
  2.30000000   3.50000000   104.2201162912
  2.40000000   3.50000000   104.9189601625
  2.50000000   3.50000000   105.3978888274
  2.60000000   3.50000000   105.6974521107
  2.70000000   3.50000000   105.8566701238
  2.80000000   3.50000000   105.9119191984
  2.90000000   3.50000000   105.8960929872
  3.00000000   3.50000000   105.8380085834
  3.10000000   3.50000000   105.7620134097
  3.20000000   3.50000000   105.6877445190
  3.30000000   3.50000000   105.6299947345
  3.40000000   3.50000000   105.5986469579
  3.50000000   3.50000000   105.5986469579

