  0.00000000   0.00000000     0.0000000000
  0.10000000   0.00000000     7.3972810435
  0.20000000   0.00000000    14.7737703266
  0.30000000   0.00000000    22.1082464665
  0.40000000   0.00000000    29.3786492359
  0.50000000   0.00000000    36.5617132571
  0.60000000   0.00000000    43.6326710797
  0.70000000   0.00000000    50.5650573001
  0.80000000   0.00000000    57.3306507159
  0.90000000   0.00000000    63.8995953190
  1.00000000   0.00000000    70.2407408449
  1.10000000   0.00000000    76.3222367106
  1.20000000   0.00000000    82.1123965231
  1.30000000   0.00000000    87.5808219110
  1.40000000   0.00000000    92.6997347111
  1.50000000   0.00000000    97.4454201242
  1.60000000   0.00000000   101.7996399481
  1.70000000   0.00000000   105.7508477833
  1.80000000   0.00000000   109.2950401563
  1.90000000   0.00000000   112.4361151546
  2.00000000   0.00000000   115.1856782206
  2.10000000   0.00000000   117.5623170034
  2.20000000   0.00000000   119.5904427275
  2.30000000   0.00000000   121.2988465667
  2.40000000   0.00000000   122.7191369703
  2.50000000   0.00000000   123.8842095016
  2.60000000   0.00000000   124.8268644787
  2.70000000   0.00000000   125.5786425250
  2.80000000   0.00000000   126.1689051943
  2.90000000   0.00000000   126.6241540270
  3.00000000   0.00000000   126.9675591646
  3.10000000   0.00000000   127.2186573102
  3.20000000   0.00000000   127.3931759934
  3.30000000   0.00000000   127.5029440530
  3.40000000   0.00000000   127.5558545860
  3.50000000   0.00000000   127.5558545860

  0.00000000   0.10000000     0.0000000000
  0.10000000   0.10000000     7.3972810435
  0.20000000   0.10000000    14.7737703266
  0.30000000   0.10000000    22.1082464665
  0.40000000   0.10000000    29.3786492359
  0.50000000   0.10000000    36.5617132571
  0.60000000   0.10000000    43.6326710797
  0.70000000   0.10000000    50.5650573001
  0.80000000   0.10000000    57.3306507159
  0.90000000   0.10000000    63.8995953190
  1.00000000   0.10000000    70.2407408449
  1.10000000   0.10000000    76.3222367106
  1.20000000   0.10000000    82.1123965231
  1.30000000   0.10000000    87.5808219110
  1.40000000   0.10000000    92.6997347111
  1.50000000   0.10000000    97.4454201242
  1.60000000   0.10000000   101.7996399481
  1.70000000   0.10000000   105.7508477833
  1.80000000   0.10000000   109.2950401563
  1.90000000   0.10000000   112.4361151546
  2.00000000   0.10000000   115.1856782206
  2.10000000   0.10000000   117.5623170034
  2.20000000   0.10000000   119.5904427275
  2.30000000   0.10000000   121.2988465667
  2.40000000   0.10000000   122.7191369703
  2.50000000   0.10000000   123.8842095016
  2.60000000   0.10000000   124.8268644787
  2.70000000   0.10000000   125.5786425250
  2.80000000   0.10000000   126.1689051943
  2.90000000   0.10000000   126.6241540270
  3.00000000   0.10000000   126.9675591646
  3.10000000   0.10000000   127.2186573102
  3.20000000   0.10000000   127.3931759934
  3.30000000   0.10000000   127.5029440530
  3.40000000   0.10000000   127.5558545860
  3.50000000   0.10000000   127.5558545860

  0.00000000   0.20000000     0.0000000000
  0.10000000   0.20000000     7.4209185729
  0.20000000   0.20000000    14.8214744229
  0.30000000   0.20000000    22.1808550427
  0.40000000   0.20000000    29.4773666334
  0.50000000   0.20000000    36.6880415350
  0.60000000   0.20000000    43.7883098190
  0.70000000   0.20000000    50.7517665317
  0.80000000   0.20000000    57.5500730944
  0.90000000   0.20000000    64.1530375343
  1.00000000   0.20000000    70.5289210434
  1.10000000   0.20000000    76.6450144452
  1.20000000   0.20000000    82.4685135090
  1.30000000   0.20000000    87.9676931639
  1.40000000   0.20000000    93.1133363522
  1.50000000   0.20000000    97.8803172665
  1.60000000   0.20000000   102.2491818536
  1.70000000   0.20000000   106.2075283040
  1.80000000   0.20000000   109.7509859694
  1.90000000   0.20000000   112.8836339932
  2.00000000   0.20000000   115.6177851607
  2.10000000   0.20000000   117.9731635878
  2.20000000   0.20000000   119.9755982082
  2.30000000   0.20000000   121.6554140520
  2.40000000   0.20000000   123.0457190151
  2.50000000   0.20000000   124.1807594597
  2.60000000   0.20000000   125.0944687682
  2.70000000   0.20000000   125.8192766469
  2.80000000   0.20000000   126.3851971841
  2.90000000   0.20000000   126.8191774127
  3.00000000   0.20000000   127.1446666375
  3.10000000   0.20000000   127.3813578046
  3.20000000   0.20000000   127.5450521170
  3.30000000   0.20000000   127.6476034515
  3.40000000   0.20000000   127.6969072014
  3.50000000   0.20000000   127.6969072014

  0.00000000   0.30000000     0.0000000000
  0.10000000   0.30000000     7.4677506575
  0.20000000   0.30000000    14.9160165938
  0.30000000   0.30000000    22.3248251128
  0.40000000   0.30000000    29.6732413295
  0.50000000   0.30000000    36.9389243313
  0.60000000   0.30000000    44.0977359836
  0.70000000   0.30000000    51.1234329262
  0.80000000   0.30000000    57.9874826159
  0.90000000   0.30000000    64.6590552756
  1.00000000   0.30000000    71.1052527470
  1.10000000   0.30000000    77.2916382685
  1.20000000   0.30000000    83.1831221093
  1.30000000   0.30000000    88.7452298237
  1.40000000   0.30000000    93.9457272715
  1.50000000   0.30000000    98.7565001801
  1.60000000   0.30000000   103.1554982859
  1.70000000   0.30000000   107.1284817951
  1.80000000   0.30000000   110.6702861178
  1.90000000   0.30000000   113.7853745610
  2.00000000   0.30000000   116.4875715530
  2.10000000   0.30000000   118.7990215298
  2.20000000   0.30000000   120.7485532170
  2.30000000   0.30000000   122.3697090580
  2.40000000   0.30000000   123.6987091801
  2.50000000   0.30000000   124.7725697713
  2.60000000   0.30000000   125.6275158271
  2.70000000   0.30000000   126.2977471543
  2.80000000   0.30000000   126.8145529071
  2.90000000   0.30000000   127.2057300268
  3.00000000   0.30000000   127.4952424809
  3.10000000   0.30000000   127.7030551842
  3.20000000   0.30000000   127.8450826523
  3.30000000   0.30000000   127.9332028871
  3.40000000   0.30000000   127.9752985586
  3.50000000   0.30000000   127.9752985586

  0.00000000   0.40000000     0.0000000000
  0.10000000   0.40000000     7.5368717276
  0.20000000   0.40000000    15.0556234128
  0.30000000   0.40000000    22.5375953516
  0.40000000   0.40000000    29.9630549058
  0.50000000   0.40000000    37.3106793653
  0.60000000   0.40000000    44.5570716376
  0.70000000   0.40000000    51.6763363160
  0.80000000   0.40000000    58.6397586164
  0.90000000   0.40000000    65.4156470728
  1.00000000   0.40000000    71.9694205701
  1.10000000   0.40000000    78.2640362638
  1.20000000   0.40000000    84.2608583449
  1.30000000   0.40000000    89.9210455663
  1.40000000   0.40000000    95.2074738261
  1.50000000   0.40000000   100.0871010169
  1.60000000   0.40000000   104.5335359712
  1.70000000   0.40000000   108.5294338691
  1.80000000   0.40000000   112.0682762115
  1.90000000   0.40000000   115.1551644440
  2.00000000   0.40000000   117.8064573056
  2.10000000   0.40000000   120.0483315563
  2.20000000   0.40000000   121.9145581192
  2.30000000   0.40000000   123.4439014074
  2.40000000   0.40000000   124.6775419137
  2.50000000   0.40000000   125.6568187140
  2.60000000   0.40000000   126.4214487133
  2.70000000   0.40000000   127.0082550863
  2.80000000   0.40000000   127.4503537291
  2.90000000   0.40000000   127.7767052839
  3.00000000   0.40000000   128.0119308451
  3.10000000   0.40000000   128.1762986760
  3.20000000   0.40000000   128.2858065928
  3.30000000   0.40000000   128.3523033745
  3.40000000   0.40000000   128.3836092726
  3.50000000   0.40000000   128.3836092726

  0.00000000   0.50000000     0.0000000000
  0.10000000   0.50000000     7.6268765242
  0.20000000   0.50000000    15.2375353119
  0.30000000   0.50000000    22.8151611793
  0.40000000   0.50000000    30.3417397024
  0.50000000   0.50000000    37.7974503694
  0.60000000   0.50000000    45.1600618560
  0.70000000   0.50000000    52.4043499109
  0.80000000   0.50000000    59.5015784714
  0.90000000   0.50000000    66.4191126339
  1.00000000   0.50000000    73.1202673002
  1.10000000   0.50000000    79.5645331125
  1.20000000   0.50000000    85.7083500444
  1.30000000   0.50000000    91.5065972630
  1.40000000   0.50000000    96.9149051373
  1.50000000   0.50000000   101.8927423459
  1.60000000   0.50000000   106.4069858741
  1.70000000   0.50000000   110.4354058466
  1.80000000   0.50000000   113.9693304179
  1.90000000   0.50000000   117.0148494411
  2.00000000   0.50000000   119.5922760785
  2.10000000   0.50000000   121.7340178047
  2.20000000   0.50000000   123.4813577210
  2.30000000   0.50000000   124.8808251970
  2.40000000   0.50000000   125.9807820863
  2.50000000   0.50000000   126.8286341213
  2.60000000   0.50000000   127.4688255801
  2.70000000   0.50000000   127.9415824434
  2.80000000   0.50000000   128.2822640026
  2.90000000   0.50000000   128.5211509191
  3.00000000   0.50000000   128.6835104199
  3.10000000   0.50000000   128.7898113678
  3.20000000   0.50000000   128.8559971245
  3.30000000   0.50000000   128.8937544659
  3.40000000   0.50000000   128.9107397825
  3.50000000   0.50000000   128.9107397825

  0.00000000   0.60000000     0.0000000000
  0.10000000   0.60000000     7.7358100920
  0.20000000   0.60000000    15.4578991519
  0.30000000   0.60000000    23.1518955747
  0.40000000   0.60000000    30.8021078986
  0.50000000   0.60000000    38.3908213827
  0.60000000   0.60000000    45.8975527009
  0.70000000   0.60000000    53.2982693234
  0.80000000   0.60000000    60.5646044637
  0.90000000   0.60000000    67.6631367182
  1.00000000   0.60000000    74.5548588259
  1.10000000   0.60000000    81.1950311995
  1.20000000   0.60000000    87.5336914263
  1.30000000   0.60000000    93.5171399620
  1.40000000   0.60000000    99.0906875697
  1.50000000   0.60000000   104.2027554251
  1.60000000   0.60000000   108.8100123929
  1.70000000   0.60000000   112.8826820800
  1.80000000   0.60000000   116.4087321173
  1.90000000   0.60000000   119.3957674608
  2.00000000   0.60000000   121.8701644430
  2.10000000   0.60000000   123.8737517666
  2.20000000   0.60000000   125.4589195125
  2.30000000   0.60000000   126.6833369389
  2.40000000   0.60000000   127.6052949469
  2.50000000   0.60000000   128.2802302865
  2.60000000   0.60000000   128.7585320526
  2.70000000   0.60000000   129.0844407637
  2.80000000   0.60000000   129.2957378938
  2.90000000   0.60000000   129.4239297274
  3.00000000   0.60000000   129.4946895291
  3.10000000   0.60000000   129.5283931225
  3.20000000   0.60000000   129.5406439700
  3.30000000   0.60000000   129.5427283134
  3.40000000   0.60000000   129.5419697965
  3.50000000   0.60000000   129.5419697965

  0.00000000   0.70000000     0.0000000000
  0.10000000   0.70000000     7.8611122909
  0.20000000   0.70000000    15.7116464643
  0.30000000   0.70000000    23.5403397549
  0.40000000   0.70000000    31.3345237457
  0.50000000   0.70000000    39.0793324810
  0.60000000   0.70000000    46.7568103808
  0.70000000   0.70000000    54.3449026354
  0.80000000   0.70000000    61.8163352535
  0.90000000   0.70000000    69.1374373151
  1.00000000   0.70000000    76.2670344953
  1.10000000   0.70000000    83.1556591400
  1.20000000   0.70000000    89.7454753305
  1.30000000   0.70000000    95.9714743115
  1.40000000   0.70000000   101.7645653173
  1.50000000   0.70000000   107.0570023647
  1.60000000   0.70000000   111.7899537351
  1.70000000   0.70000000   115.9219159356
  1.80000000   0.70000000   119.4356028320
  1.90000000   0.70000000   122.3409898607
  2.00000000   0.70000000   124.6738136534
  2.10000000   0.70000000   126.4901828640
  2.20000000   0.70000000   127.8588364152
  2.30000000   0.70000000   128.8531956801
  2.40000000   0.70000000   129.5449092488
  2.50000000   0.70000000   129.9995920268
  2.60000000   0.70000000   130.2746351695
  2.70000000   0.70000000   130.4185644109
  2.80000000   0.70000000   130.4713642883
  2.90000000   0.70000000   130.4652940421
  3.00000000   0.70000000   130.4258716712
  3.10000000   0.70000000   130.3728338080
  3.20000000   0.70000000   130.3209722853
  3.30000000   0.70000000   130.2808059156
  3.40000000   0.70000000   130.2590771641
  3.50000000   0.70000000   130.2590771641

  0.00000000   0.80000000     0.0000000000
  0.10000000   0.80000000     7.9995676208
  0.20000000   0.80000000    15.9923786951
  0.30000000   0.80000000    23.9709946627
  0.40000000   0.80000000    31.9265571205
  0.50000000   0.80000000    39.8479371828
  0.60000000   0.80000000    47.7207143807
  0.70000000   0.80000000    55.5259313840
  0.80000000   0.80000000    63.2385871457
  0.90000000   0.80000000    70.8258732811
  1.00000000   0.80000000    78.2452476385
  1.10000000   0.80000000    85.4426029509
  1.20000000   0.80000000    92.3510522884
  1.30000000   0.80000000    98.8912088905
  1.40000000   0.80000000   104.9741787217
  1.50000000   0.80000000   110.5085050610
  1.60000000   0.80000000   115.4114650562
  1.70000000   0.80000000   119.6229556579
  1.80000000   0.80000000   123.1173983726
  1.90000000   0.80000000   125.9086307707
  2.00000000   0.80000000   128.0471146499
  2.10000000   0.80000000   129.6109418415
  2.20000000   0.80000000   130.6930989135
  2.30000000   0.80000000   131.3891599234
  2.40000000   0.80000000   131.7883362801
  2.50000000   0.80000000   131.9685576775
  2.60000000   0.80000000   131.9948100684
  2.70000000   0.80000000   131.9195368236
  2.80000000   0.80000000   131.7840722012
  2.90000000   0.80000000   131.6204126976
  3.00000000   0.80000000   131.4529349984
  3.10000000   0.80000000   131.2998788827
  3.20000000   0.80000000   131.1745363778
  3.30000000   0.80000000   131.0861501805
  3.40000000   0.80000000   131.0405486849
  3.50000000   0.80000000   131.0405486849

  0.00000000   0.90000000     0.0000000000
  0.10000000   0.90000000     8.1472747742
  0.20000000   0.90000000    16.2922886453
  0.30000000   0.90000000    24.4321574963
  0.40000000   0.90000000    32.5626767089
  0.50000000   0.90000000    40.6774698405
  0.60000000   0.90000000    48.7668927189
  0.70000000   0.90000000    56.8165904786
  0.80000000   0.90000000    64.8055996945
  0.90000000   0.90000000    72.7039057552
  1.00000000   0.90000000    80.4694395183
  1.10000000   0.90000000    88.0446837529
  1.20000000   0.90000000    95.3534421632
  1.30000000   0.90000000   102.2989855306
  1.40000000   0.90000000   108.7657059184
  1.50000000   0.90000000   114.6271767168
  1.60000000   0.90000000   119.7629343555
  1.70000000   0.90000000   124.0824003697
  1.80000000   0.90000000   127.5468268226
  1.90000000   0.90000000   130.1766996748
  2.00000000   0.90000000   132.0461721063
  2.10000000   0.90000000   133.2680060959
  2.20000000   0.90000000   133.9716808295
  2.30000000   0.90000000   134.2838048952
  2.40000000   0.90000000   134.3160040364
  2.50000000   0.90000000   134.1601223703
  2.60000000   0.90000000   133.8882844648
  2.70000000   0.90000000   133.5553708284
  2.80000000   0.90000000   133.2022547691
  2.90000000   0.90000000   132.8589197848
  3.00000000   0.90000000   132.5470922484
  3.10000000   0.90000000   132.2823052964
  3.20000000   0.90000000   132.0754369285
  3.30000000   0.90000000   131.9338072447
  3.40000000   0.90000000   131.8619204150
  3.50000000   0.90000000   131.8619204150

  0.00000000   1.00000000     0.0000000000
  0.10000000   1.00000000     8.2996535762
  0.20000000   1.00000000    16.6021549074
  0.30000000   1.00000000    24.9098617312
  0.40000000   1.00000000    33.2240653323
  0.50000000   1.00000000    41.5442295013
  0.60000000   1.00000000    49.8669228168
  0.70000000   1.00000000    58.1842865006
  0.80000000   1.00000000    66.4818362554
  0.90000000   1.00000000    74.7353576844
  1.00000000   1.00000000    82.9066568882
  1.10000000   1.00000000    90.9380534947
  1.20000000   1.00000000    98.7459203737
  1.30000000   1.00000000   106.2145664461
  1.40000000   1.00000000   113.1936549276
  1.50000000   1.00000000   119.5050608197
  1.60000000   1.00000000   124.9667132739
  1.70000000   1.00000000   129.4356609649
  1.80000000   1.00000000   132.8526118344
  1.90000000   1.00000000   135.2502668925
  2.00000000   1.00000000   136.7414955673
  2.10000000   1.00000000   137.4955572958
  2.20000000   1.00000000   137.6979285304
  2.30000000   1.00000000   137.5182763135
  2.40000000   1.00000000   137.0953560912
  2.50000000   1.00000000   136.5347910910
  2.60000000   1.00000000   135.9133075421
  2.70000000   1.00000000   135.2849360475
  2.80000000   1.00000000   134.6869312759
  2.90000000   1.00000000   134.1445990428
  3.00000000   1.00000000   133.6749263861
  3.10000000   1.00000000   133.2891822565
  3.20000000   1.00000000   132.9947187483
  3.30000000   1.00000000   132.7961809078
  3.40000000   1.00000000   132.6962861782
  3.50000000   1.00000000   132.6962861782

  0.00000000   1.10000000     0.0000000000
  0.10000000   1.10000000     8.4515087301
  0.20000000   1.10000000    16.9114511666
  0.30000000   1.10000000    25.3879908729
  0.40000000   1.10000000    33.8886641726
  0.50000000   1.10000000    42.4198318295
  0.60000000   1.10000000    50.9857977625
  0.70000000   1.10000000    59.5873899940
  0.80000000   1.10000000    68.2197035472
  0.90000000   1.10000000    76.8685736509
  1.00000000   1.10000000    85.5051948474
  1.10000000   1.10000000    94.0781987662
  1.20000000   1.10000000   102.5026710701
  1.30000000   1.10000000   110.6465817391
  1.40000000   1.10000000   118.3180658389
  1.50000000   1.10000000   125.2635321901
  1.60000000   1.10000000   131.1963214940
  1.70000000   1.10000000   135.8766483952
  1.80000000   1.10000000   139.2163951498
  1.90000000   1.10000000   141.2723128321
  2.00000000   1.10000000   142.2197237598
  2.10000000   1.10000000   142.3244660582
  2.20000000   1.10000000   141.8599225488
  2.30000000   1.10000000   141.0538029294
  2.40000000   1.10000000   140.0741088533
  2.50000000   1.10000000   139.0359221276
  2.60000000   1.10000000   138.0143021771
  2.70000000   1.10000000   137.0564583138
  2.80000000   1.10000000   136.1911599940
  2.90000000   1.10000000   135.4353751838
  3.00000000   1.10000000   134.7987280191
  3.10000000   1.10000000   134.2864047738
  3.20000000   1.10000000   133.9010090623
  3.30000000   1.10000000   133.6437224055
  3.40000000   1.10000000   133.5150079602
  3.50000000   1.10000000   133.5150079602

  0.00000000   1.20000000     0.0000000000
  0.10000000   1.20000000     8.5971685070
  0.20000000   1.20000000    17.2086113693
  0.30000000   1.20000000    25.8486397912
  0.40000000   1.20000000    34.5315685392
  0.50000000   1.20000000    43.2715223567
  0.60000000   1.20000000    52.0819463206
  0.70000000   1.20000000    60.9746007848
  0.80000000   1.20000000    69.9576779237
  0.90000000   1.20000000    79.0324385770
  1.00000000   1.20000000    88.1873892990
  1.10000000   1.20000000    97.3884676113
  1.20000000   1.20000000   106.5630666128
  1.30000000   1.20000000   115.5755815809
  1.40000000   1.20000000   124.1945823927
  1.50000000   1.20000000   132.0624558640
  1.60000000   1.20000000   138.7081399103
  1.70000000   1.20000000   143.6903509565
  1.80000000   1.20000000   146.8990354214
  1.90000000   1.20000000   148.4413229700
  2.00000000   1.20000000   148.5829923419
  2.10000000   1.20000000   147.7692882437
  2.20000000   1.20000000   146.4145418990
  2.30000000   1.20000000   144.8183789982
  2.40000000   1.20000000   143.1711299721
  2.50000000   1.20000000   141.5843413834
  2.60000000   1.20000000   140.1191640111
  2.70000000   1.20000000   138.8065258802
  2.80000000   1.20000000   137.6600371844
  2.90000000   1.20000000   136.6838445328
  3.00000000   1.20000000   135.8772842872
  3.10000000   1.20000000   135.2375909707
  3.20000000   1.20000000   134.7614490864
  3.30000000   1.20000000   134.4458658642
  3.40000000   1.20000000   134.2886482623
  3.50000000   1.20000000   134.2886482623

  0.00000000   1.30000000     0.0000000000
  0.10000000   1.30000000     8.7307104995
  0.20000000   1.30000000    17.4814809025
  0.30000000   1.30000000    26.2727851212
  0.40000000   1.30000000    35.1258918257
  0.50000000   1.30000000    44.0631614721
  0.60000000   1.30000000    53.1081678904
  0.70000000   1.30000000    62.2854706397
  0.80000000   1.30000000    71.6197072573
  0.90000000   1.30000000    81.1333751549
  1.00000000   1.30000000    90.8421008557
  1.10000000   1.30000000   100.7451053322
  1.20000000   1.30000000   110.8065598112
  1.30000000   1.30000000   120.9201545278
  1.40000000   1.30000000   130.8453324923
  1.50000000   1.30000000   140.1078591112
  1.60000000   1.30000000   147.9092363786
  1.70000000   1.30000000   153.3054509173
  1.80000000   1.30000000   156.2787111445
  1.90000000   1.30000000   157.0451336206
  2.00000000   1.30000000   155.9400833018
  2.10000000   1.30000000   153.7983382299
  2.20000000   1.30000000   151.2586899491
  2.30000000   1.30000000   148.6870473640
  2.40000000   1.30000000   146.2654040781
  2.50000000   1.30000000   144.0732824852
  2.60000000   1.30000000   142.1376869547
  2.70000000   1.30000000   140.4603175391
  2.80000000   1.30000000   139.0317434472
  2.90000000   1.30000000   137.8386180136
  3.00000000   1.30000000   136.8672684912
  3.10000000   1.30000000   136.1054166504
  3.20000000   1.30000000   135.5429485921
  3.30000000   1.30000000   135.1722157176
  3.40000000   1.30000000   134.9881206128
  3.50000000   1.30000000   134.9881206128

  0.00000000   1.40000000     0.0000000000
  0.10000000   1.40000000     8.8462746430
  0.20000000   1.40000000    17.7179597311
  0.30000000   1.40000000    26.6412900129
  0.40000000   1.40000000    35.6441696712
  0.50000000   1.40000000    44.7570516030
  0.60000000   1.40000000    54.0138440079
  0.70000000   1.40000000    63.4527911331
  0.80000000   1.40000000    73.1171718201
  0.90000000   1.40000000    83.0554295616
  1.00000000   1.40000000    93.3198268593
  1.10000000   1.40000000   103.9614996574
  1.20000000   1.40000000   115.0168284635
  1.30000000   1.40000000   126.4725898573
  1.40000000   1.40000000   138.1786041181
  1.50000000   1.40000000   149.6347621615
  1.60000000   1.40000000   159.5366757377
  1.70000000   1.40000000   165.3662681530
  1.80000000   1.40000000   167.8905419639
  1.90000000   1.40000000   167.5494278108
  2.00000000   1.40000000   164.3677296532
  2.10000000   1.40000000   160.2646256223
  2.20000000   1.40000000   156.1797956040
  2.30000000   1.40000000   152.4561714175
  2.40000000   1.40000000   149.1858022539
  2.50000000   1.40000000   146.3661456128
  2.60000000   1.40000000   143.9627993092
  2.70000000   1.40000000   141.9340370598
  2.80000000   1.40000000   140.2401583852
  2.90000000   1.40000000   138.8467255732
  3.00000000   1.40000000   137.7253311937
  3.10000000   1.40000000   136.8534111102
  3.20000000   1.40000000   136.2137496919
  3.30000000   1.40000000   135.7939549601
  3.40000000   1.40000000   135.5860204779
  3.50000000   1.40000000   135.5860204779

  0.00000000   1.50000000     0.0000000000
  0.10000000   1.50000000     8.9384462459
  0.20000000   1.50000000    17.9068056660
  0.30000000   1.50000000    26.9362049087
  0.40000000   1.50000000    36.0602799847
  0.50000000   1.50000000    45.3166443168
  0.60000000   1.50000000    54.7486331440
  0.70000000   1.50000000    64.4074486716
  0.80000000   1.50000000    74.3548509124
  0.90000000   1.50000000    84.6665429860
  1.00000000   1.50000000    95.4363351401
  1.10000000   1.50000000   106.7808731119
  1.20000000   1.50000000   118.8435650407
  1.30000000   1.50000000   131.7916109598
  1.40000000   1.50000000   145.7782092132
  1.50000000   1.50000000   160.7318674095
  1.60000000   1.50000000   175.2521306814
  1.70000000   1.50000000   180.7489717597
  1.80000000   1.50000000   182.3864891887
  1.90000000   1.50000000   180.9168412463
  2.00000000   1.50000000   173.7452585695
  2.10000000   1.50000000   166.7477665284
  2.20000000   1.50000000   160.7814189858
  2.30000000   1.50000000   155.8199889997
  2.40000000   1.50000000   151.7091719812
  2.50000000   1.50000000   148.3015895842
  2.60000000   1.50000000   145.4768891302
  2.70000000   1.50000000   143.1405706034
  2.80000000   1.50000000   141.2194323422
  2.90000000   1.50000000   139.6571834894
  3.00000000   1.50000000   138.4108732905
  3.10000000   1.50000000   137.4481496588
  3.20000000   1.50000000   136.7452222100
  3.30000000   1.50000000   136.2853950191
  3.40000000   1.50000000   136.0580582423
  3.50000000   1.50000000   136.0580582423

  0.00000000   1.60000000     0.0000000000
  0.10000000   1.60000000     9.0026716351
  0.20000000   1.60000000    18.0385200948
  0.30000000   1.60000000    27.1422419783
  0.40000000   1.60000000    36.3517100729
  0.50000000   1.60000000    45.7099254209
  0.60000000   1.60000000    55.2674744844
  0.70000000   1.60000000    65.0857929255
  0.80000000   1.60000000    75.2416989234
  0.90000000   1.60000000    85.8339481044
  1.00000000   1.60000000    96.9931198898
  1.10000000   1.60000000   108.8973834511
  1.20000000   1.60000000   121.8000740700
  1.30000000   1.60000000   136.0865251003
  1.40000000   1.60000000   152.4239129023
  1.50000000   1.60000000   172.2735951410
  1.60000000   1.60000000   200.0000000000
  1.70000000   1.60000000   200.0000000000
  1.80000000   1.60000000   200.0000000000
  1.90000000   1.60000000   200.0000000000
  2.00000000   1.60000000   182.9709355672
  2.10000000   1.60000000   172.2305602089
  2.20000000   1.60000000   164.4167678242
  2.30000000   1.60000000   158.3788817857
  2.40000000   1.60000000   153.5812853864
  2.50000000   1.60000000   149.7117237541
  2.60000000   1.60000000   146.5651162267
  2.70000000   1.60000000   143.9987811423
  2.80000000   1.60000000   141.9104308764
  2.90000000   1.60000000   140.2255118990
  3.00000000   1.60000000   138.8892854153
  3.10000000   1.60000000   137.8616578585
  3.20000000   1.60000000   137.1137376904
  3.30000000   1.60000000   136.6255374989
  3.40000000   1.60000000   136.3844763159
  3.50000000   1.60000000   136.3844763159

  0.00000000   1.70000000     0.0000000000
  0.10000000   1.70000000     9.0356517771
  0.20000000   1.70000000    18.1061971406
  0.30000000   1.70000000    27.2482185336
  0.40000000   1.70000000    36.5018445483
  0.50000000   1.70000000    45.9129758186
  0.60000000   1.70000000    55.5361524852
  0.70000000   1.70000000    65.4384724371
  0.80000000   1.70000000    75.7052132959
  0.90000000   1.70000000    86.4482446860
  1.00000000   1.70000000    97.8190849968
  1.10000000   1.70000000   110.0297682633
  1.20000000   1.70000000   123.3866146221
  1.30000000   1.70000000   138.3430867239
  1.40000000   1.70000000   155.5677390865
  1.50000000   1.70000000   175.9453448693
  1.60000000   1.70000000   200.0000000000
  1.70000000   1.70000000   200.0000000000
  1.80000000   1.70000000   200.0000000000
  1.90000000   1.70000000   200.0000000000
  2.00000000   1.70000000   185.9236808702
  2.10000000   1.70000000   174.8137943767
  2.20000000   1.70000000   166.3123771812
  2.30000000   1.70000000   159.7414358312
  2.40000000   1.70000000   154.5760690091
  2.50000000   1.70000000   150.4555115085
  2.60000000   1.70000000   147.1348394936
  2.70000000   1.70000000   144.4452658568
  2.80000000   1.70000000   142.2681244691
  2.90000000   1.70000000   140.5185505368
  3.00000000   1.70000000   139.1352084103
  3.10000000   1.70000000   138.0737208369
  3.20000000   1.70000000   137.3024027115
  3.30000000   1.70000000   136.7994790310
  3.40000000   1.70000000   136.5513046850
  3.50000000   1.70000000   136.5513046850

  0.00000000   1.80000000     0.0000000000
  0.10000000   1.80000000     9.0356517771
  0.20000000   1.80000000    18.1061971406
  0.30000000   1.80000000    27.2482185336
  0.40000000   1.80000000    36.5018445483
  0.50000000   1.80000000    45.9129758186
  0.60000000   1.80000000    55.5361524852
  0.70000000   1.80000000    65.4384724371
  0.80000000   1.80000000    75.7052132959
  0.90000000   1.80000000    86.4482446860
  1.00000000   1.80000000    97.8190849968
  1.10000000   1.80000000   110.0297682633
  1.20000000   1.80000000   123.3866146221
  1.30000000   1.80000000   138.3430867239
  1.40000000   1.80000000   155.5677390865
  1.50000000   1.80000000   175.9453448693
  1.60000000   1.80000000   200.0000000000
  1.70000000   1.80000000   200.0000000000
  1.80000000   1.80000000   200.0000000000
  1.90000000   1.80000000   200.0000000000
  2.00000000   1.80000000   185.9236808702
  2.10000000   1.80000000   174.8137943767
  2.20000000   1.80000000   166.3123771812
  2.30000000   1.80000000   159.7414358312
  2.40000000   1.80000000   154.5760690091
  2.50000000   1.80000000   150.4555115085
  2.60000000   1.80000000   147.1348394936
  2.70000000   1.80000000   144.4452658568
  2.80000000   1.80000000   142.2681244691
  2.90000000   1.80000000   140.5185505368
  3.00000000   1.80000000   139.1352084103
  3.10000000   1.80000000   138.0737208369
  3.20000000   1.80000000   137.3024027115
  3.30000000   1.80000000   136.7994790310
  3.40000000   1.80000000   136.5513046850
  3.50000000   1.80000000   136.5513046850

  0.00000000   1.90000000     0.0000000000
  0.10000000   1.90000000     9.0026716351
  0.20000000   1.90000000    18.0385200948
  0.30000000   1.90000000    27.1422419783
  0.40000000   1.90000000    36.3517100729
  0.50000000   1.90000000    45.7099254209
  0.60000000   1.90000000    55.2674744844
  0.70000000   1.90000000    65.0857929255
  0.80000000   1.90000000    75.2416989234
  0.90000000   1.90000000    85.8339481044
  1.00000000   1.90000000    96.9931198898
  1.10000000   1.90000000   108.8973834511
  1.20000000   1.90000000   121.8000740700
  1.30000000   1.90000000   136.0865251003
  1.40000000   1.90000000   152.4239129023
  1.50000000   1.90000000   172.2735951410
  1.60000000   1.90000000   200.0000000000
  1.70000000   1.90000000   200.0000000000
  1.80000000   1.90000000   200.0000000000
  1.90000000   1.90000000   200.0000000000
  2.00000000   1.90000000   182.9709355672
  2.10000000   1.90000000   172.2305602089
  2.20000000   1.90000000   164.4167678242
  2.30000000   1.90000000   158.3788817857
  2.40000000   1.90000000   153.5812853864
  2.50000000   1.90000000   149.7117237541
  2.60000000   1.90000000   146.5651162267
  2.70000000   1.90000000   143.9987811423
  2.80000000   1.90000000   141.9104308764
  2.90000000   1.90000000   140.2255118990
  3.00000000   1.90000000   138.8892854153
  3.10000000   1.90000000   137.8616578585
  3.20000000   1.90000000   137.1137376904
  3.30000000   1.90000000   136.6255374989
  3.40000000   1.90000000   136.3844763159
  3.50000000   1.90000000   136.3844763159

  0.00000000   2.00000000     0.0000000000
  0.10000000   2.00000000     8.9384462459
  0.20000000   2.00000000    17.9068056660
  0.30000000   2.00000000    26.9362049087
  0.40000000   2.00000000    36.0602799847
  0.50000000   2.00000000    45.3166443168
  0.60000000   2.00000000    54.7486331440
  0.70000000   2.00000000    64.4074486716
  0.80000000   2.00000000    74.3548509124
  0.90000000   2.00000000    84.6665429860
  1.00000000   2.00000000    95.4363351401
  1.10000000   2.00000000   106.7808731119
  1.20000000   2.00000000   118.8435650407
  1.30000000   2.00000000   131.7916109598
  1.40000000   2.00000000   145.7782092132
  1.50000000   2.00000000   160.7318674095
  1.60000000   2.00000000   175.2521306814
  1.70000000   2.00000000   180.7489717597
  1.80000000   2.00000000   182.3864891887
  1.90000000   2.00000000   180.9168412463
  2.00000000   2.00000000   173.7452585695
  2.10000000   2.00000000   166.7477665284
  2.20000000   2.00000000   160.7814189858
  2.30000000   2.00000000   155.8199889997
  2.40000000   2.00000000   151.7091719812
  2.50000000   2.00000000   148.3015895842
  2.60000000   2.00000000   145.4768891302
  2.70000000   2.00000000   143.1405706034
  2.80000000   2.00000000   141.2194323422
  2.90000000   2.00000000   139.6571834894
  3.00000000   2.00000000   138.4108732905
  3.10000000   2.00000000   137.4481496588
  3.20000000   2.00000000   136.7452222100
  3.30000000   2.00000000   136.2853950191
  3.40000000   2.00000000   136.0580582423
  3.50000000   2.00000000   136.0580582423

  0.00000000   2.10000000     0.0000000000
  0.10000000   2.10000000     8.8462746430
  0.20000000   2.10000000    17.7179597311
  0.30000000   2.10000000    26.6412900129
  0.40000000   2.10000000    35.6441696712
  0.50000000   2.10000000    44.7570516030
  0.60000000   2.10000000    54.0138440079
  0.70000000   2.10000000    63.4527911331
  0.80000000   2.10000000    73.1171718201
  0.90000000   2.10000000    83.0554295616
  1.00000000   2.10000000    93.3198268593
  1.10000000   2.10000000   103.9614996574
  1.20000000   2.10000000   115.0168284635
  1.30000000   2.10000000   126.4725898573
  1.40000000   2.10000000   138.1786041181
  1.50000000   2.10000000   149.6347621615
  1.60000000   2.10000000   159.5366757377
  1.70000000   2.10000000   165.3662681530
  1.80000000   2.10000000   167.8905419639
  1.90000000   2.10000000   167.5494278108
  2.00000000   2.10000000   164.3677296532
  2.10000000   2.10000000   160.2646256223
  2.20000000   2.10000000   156.1797956040
  2.30000000   2.10000000   152.4561714175
  2.40000000   2.10000000   149.1858022539
  2.50000000   2.10000000   146.3661456128
  2.60000000   2.10000000   143.9627993092
  2.70000000   2.10000000   141.9340370598
  2.80000000   2.10000000   140.2401583852
  2.90000000   2.10000000   138.8467255732
  3.00000000   2.10000000   137.7253311937
  3.10000000   2.10000000   136.8534111102
  3.20000000   2.10000000   136.2137496919
  3.30000000   2.10000000   135.7939549601
  3.40000000   2.10000000   135.5860204779
  3.50000000   2.10000000   135.5860204779

  0.00000000   2.20000000     0.0000000000
  0.10000000   2.20000000     8.7307104995
  0.20000000   2.20000000    17.4814809025
  0.30000000   2.20000000    26.2727851212
  0.40000000   2.20000000    35.1258918257
  0.50000000   2.20000000    44.0631614721
  0.60000000   2.20000000    53.1081678904
  0.70000000   2.20000000    62.2854706397
  0.80000000   2.20000000    71.6197072573
  0.90000000   2.20000000    81.1333751549
  1.00000000   2.20000000    90.8421008557
  1.10000000   2.20000000   100.7451053322
  1.20000000   2.20000000   110.8065598112
  1.30000000   2.20000000   120.9201545278
  1.40000000   2.20000000   130.8453324923
  1.50000000   2.20000000   140.1078591112
  1.60000000   2.20000000   147.9092363786
  1.70000000   2.20000000   153.3054509173
  1.80000000   2.20000000   156.2787111445
  1.90000000   2.20000000   157.0451336206
  2.00000000   2.20000000   155.9400833018
  2.10000000   2.20000000   153.7983382299
  2.20000000   2.20000000   151.2586899491
  2.30000000   2.20000000   148.6870473640
  2.40000000   2.20000000   146.2654040781
  2.50000000   2.20000000   144.0732824852
  2.60000000   2.20000000   142.1376869547
  2.70000000   2.20000000   140.4603175391
  2.80000000   2.20000000   139.0317434472
  2.90000000   2.20000000   137.8386180136
  3.00000000   2.20000000   136.8672684912
  3.10000000   2.20000000   136.1054166504
  3.20000000   2.20000000   135.5429485921
  3.30000000   2.20000000   135.1722157176
  3.40000000   2.20000000   134.9881206128
  3.50000000   2.20000000   134.9881206128

  0.00000000   2.30000000     0.0000000000
  0.10000000   2.30000000     8.5971685070
  0.20000000   2.30000000    17.2086113693
  0.30000000   2.30000000    25.8486397912
  0.40000000   2.30000000    34.5315685392
  0.50000000   2.30000000    43.2715223567
  0.60000000   2.30000000    52.0819463206
  0.70000000   2.30000000    60.9746007848
  0.80000000   2.30000000    69.9576779237
  0.90000000   2.30000000    79.0324385770
  1.00000000   2.30000000    88.1873892990
  1.10000000   2.30000000    97.3884676113
  1.20000000   2.30000000   106.5630666128
  1.30000000   2.30000000   115.5755815809
  1.40000000   2.30000000   124.1945823927
  1.50000000   2.30000000   132.0624558640
  1.60000000   2.30000000   138.7081399103
  1.70000000   2.30000000   143.6903509565
  1.80000000   2.30000000   146.8990354214
  1.90000000   2.30000000   148.4413229700
  2.00000000   2.30000000   148.5829923419
  2.10000000   2.30000000   147.7692882437
  2.20000000   2.30000000   146.4145418990
  2.30000000   2.30000000   144.8183789982
  2.40000000   2.30000000   143.1711299721
  2.50000000   2.30000000   141.5843413834
  2.60000000   2.30000000   140.1191640111
  2.70000000   2.30000000   138.8065258802
  2.80000000   2.30000000   137.6600371844
  2.90000000   2.30000000   136.6838445328
  3.00000000   2.30000000   135.8772842872
  3.10000000   2.30000000   135.2375909707
  3.20000000   2.30000000   134.7614490864
  3.30000000   2.30000000   134.4458658642
  3.40000000   2.30000000   134.2886482623
  3.50000000   2.30000000   134.2886482623

  0.00000000   2.40000000     0.0000000000
  0.10000000   2.40000000     8.4515087301
  0.20000000   2.40000000    16.9114511666
  0.30000000   2.40000000    25.3879908729
  0.40000000   2.40000000    33.8886641726
  0.50000000   2.40000000    42.4198318295
  0.60000000   2.40000000    50.9857977625
  0.70000000   2.40000000    59.5873899940
  0.80000000   2.40000000    68.2197035472
  0.90000000   2.40000000    76.8685736509
  1.00000000   2.40000000    85.5051948474
  1.10000000   2.40000000    94.0781987662
  1.20000000   2.40000000   102.5026710701
  1.30000000   2.40000000   110.6465817391
  1.40000000   2.40000000   118.3180658389
  1.50000000   2.40000000   125.2635321901
  1.60000000   2.40000000   131.1963214940
  1.70000000   2.40000000   135.8766483952
  1.80000000   2.40000000   139.2163951498
  1.90000000   2.40000000   141.2723128321
  2.00000000   2.40000000   142.2197237598
  2.10000000   2.40000000   142.3244660582
  2.20000000   2.40000000   141.8599225488
  2.30000000   2.40000000   141.0538029294
  2.40000000   2.40000000   140.0741088533
  2.50000000   2.40000000   139.0359221276
  2.60000000   2.40000000   138.0143021771
  2.70000000   2.40000000   137.0564583138
  2.80000000   2.40000000   136.1911599940
  2.90000000   2.40000000   135.4353751838
  3.00000000   2.40000000   134.7987280191
  3.10000000   2.40000000   134.2864047738
  3.20000000   2.40000000   133.9010090623
  3.30000000   2.40000000   133.6437224055
  3.40000000   2.40000000   133.5150079602
  3.50000000   2.40000000   133.5150079602

  0.00000000   2.50000000     0.0000000000
  0.10000000   2.50000000     8.2996535762
  0.20000000   2.50000000    16.6021549074
  0.30000000   2.50000000    24.9098617312
  0.40000000   2.50000000    33.2240653323
  0.50000000   2.50000000    41.5442295013
  0.60000000   2.50000000    49.8669228168
  0.70000000   2.50000000    58.1842865006
  0.80000000   2.50000000    66.4818362554
  0.90000000   2.50000000    74.7353576844
  1.00000000   2.50000000    82.9066568882
  1.10000000   2.50000000    90.9380534947
  1.20000000   2.50000000    98.7459203737
  1.30000000   2.50000000   106.2145664461
  1.40000000   2.50000000   113.1936549276
  1.50000000   2.50000000   119.5050608197
  1.60000000   2.50000000   124.9667132739
  1.70000000   2.50000000   129.4356609649
  1.80000000   2.50000000   132.8526118344
  1.90000000   2.50000000   135.2502668925
  2.00000000   2.50000000   136.7414955673
  2.10000000   2.50000000   137.4955572958
  2.20000000   2.50000000   137.6979285304
  2.30000000   2.50000000   137.5182763135
  2.40000000   2.50000000   137.0953560912
  2.50000000   2.50000000   136.5347910910
  2.60000000   2.50000000   135.9133075421
  2.70000000   2.50000000   135.2849360475
  2.80000000   2.50000000   134.6869312759
  2.90000000   2.50000000   134.1445990428
  3.00000000   2.50000000   133.6749263861
  3.10000000   2.50000000   133.2891822565
  3.20000000   2.50000000   132.9947187483
  3.30000000   2.50000000   132.7961809078
  3.40000000   2.50000000   132.6962861782
  3.50000000   2.50000000   132.6962861782

  0.00000000   2.60000000     0.0000000000
  0.10000000   2.60000000     8.1472747742
  0.20000000   2.60000000    16.2922886453
  0.30000000   2.60000000    24.4321574963
  0.40000000   2.60000000    32.5626767089
  0.50000000   2.60000000    40.6774698405
  0.60000000   2.60000000    48.7668927189
  0.70000000   2.60000000    56.8165904786
  0.80000000   2.60000000    64.8055996945
  0.90000000   2.60000000    72.7039057552
  1.00000000   2.60000000    80.4694395183
  1.10000000   2.60000000    88.0446837529
  1.20000000   2.60000000    95.3534421632
  1.30000000   2.60000000   102.2989855306
  1.40000000   2.60000000   108.7657059184
  1.50000000   2.60000000   114.6271767168
  1.60000000   2.60000000   119.7629343555
  1.70000000   2.60000000   124.0824003697
  1.80000000   2.60000000   127.5468268226
  1.90000000   2.60000000   130.1766996748
  2.00000000   2.60000000   132.0461721063
  2.10000000   2.60000000   133.2680060959
  2.20000000   2.60000000   133.9716808295
  2.30000000   2.60000000   134.2838048952
  2.40000000   2.60000000   134.3160040364
  2.50000000   2.60000000   134.1601223703
  2.60000000   2.60000000   133.8882844648
  2.70000000   2.60000000   133.5553708284
  2.80000000   2.60000000   133.2022547691
  2.90000000   2.60000000   132.8589197848
  3.00000000   2.60000000   132.5470922484
  3.10000000   2.60000000   132.2823052964
  3.20000000   2.60000000   132.0754369285
  3.30000000   2.60000000   131.9338072447
  3.40000000   2.60000000   131.8619204150
  3.50000000   2.60000000   131.8619204150

  0.00000000   2.70000000     0.0000000000
  0.10000000   2.70000000     7.9995676208
  0.20000000   2.70000000    15.9923786951
  0.30000000   2.70000000    23.9709946627
  0.40000000   2.70000000    31.9265571205
  0.50000000   2.70000000    39.8479371828
  0.60000000   2.70000000    47.7207143807
  0.70000000   2.70000000    55.5259313840
  0.80000000   2.70000000    63.2385871457
  0.90000000   2.70000000    70.8258732811
  1.00000000   2.70000000    78.2452476385
  1.10000000   2.70000000    85.4426029509
  1.20000000   2.70000000    92.3510522884
  1.30000000   2.70000000    98.8912088905
  1.40000000   2.70000000   104.9741787217
  1.50000000   2.70000000   110.5085050610
  1.60000000   2.70000000   115.4114650562
  1.70000000   2.70000000   119.6229556579
  1.80000000   2.70000000   123.1173983726
  1.90000000   2.70000000   125.9086307707
  2.00000000   2.70000000   128.0471146499
  2.10000000   2.70000000   129.6109418415
  2.20000000   2.70000000   130.6930989135
  2.30000000   2.70000000   131.3891599234
  2.40000000   2.70000000   131.7883362801
  2.50000000   2.70000000   131.9685576775
  2.60000000   2.70000000   131.9948100684
  2.70000000   2.70000000   131.9195368236
  2.80000000   2.70000000   131.7840722012
  2.90000000   2.70000000   131.6204126976
  3.00000000   2.70000000   131.4529349984
  3.10000000   2.70000000   131.2998788827
  3.20000000   2.70000000   131.1745363778
  3.30000000   2.70000000   131.0861501805
  3.40000000   2.70000000   131.0405486849
  3.50000000   2.70000000   131.0405486849

  0.00000000   2.80000000     0.0000000000
  0.10000000   2.80000000     7.8611122909
  0.20000000   2.80000000    15.7116464643
  0.30000000   2.80000000    23.5403397549
  0.40000000   2.80000000    31.3345237457
  0.50000000   2.80000000    39.0793324810
  0.60000000   2.80000000    46.7568103808
  0.70000000   2.80000000    54.3449026354
  0.80000000   2.80000000    61.8163352535
  0.90000000   2.80000000    69.1374373151
  1.00000000   2.80000000    76.2670344953
  1.10000000   2.80000000    83.1556591400
  1.20000000   2.80000000    89.7454753305
  1.30000000   2.80000000    95.9714743115
  1.40000000   2.80000000   101.7645653173
  1.50000000   2.80000000   107.0570023647
  1.60000000   2.80000000   111.7899537351
  1.70000000   2.80000000   115.9219159356
  1.80000000   2.80000000   119.4356028320
  1.90000000   2.80000000   122.3409898607
  2.00000000   2.80000000   124.6738136534
  2.10000000   2.80000000   126.4901828640
  2.20000000   2.80000000   127.8588364152
  2.30000000   2.80000000   128.8531956801
  2.40000000   2.80000000   129.5449092488
  2.50000000   2.80000000   129.9995920268
  2.60000000   2.80000000   130.2746351695
  2.70000000   2.80000000   130.4185644109
  2.80000000   2.80000000   130.4713642883
  2.90000000   2.80000000   130.4652940421
  3.00000000   2.80000000   130.4258716712
  3.10000000   2.80000000   130.3728338080
  3.20000000   2.80000000   130.3209722853
  3.30000000   2.80000000   130.2808059156
  3.40000000   2.80000000   130.2590771641
  3.50000000   2.80000000   130.2590771641

  0.00000000   2.90000000     0.0000000000
  0.10000000   2.90000000     7.7358100920
  0.20000000   2.90000000    15.4578991519
  0.30000000   2.90000000    23.1518955747
  0.40000000   2.90000000    30.8021078986
  0.50000000   2.90000000    38.3908213827
  0.60000000   2.90000000    45.8975527009
  0.70000000   2.90000000    53.2982693234
  0.80000000   2.90000000    60.5646044637
  0.90000000   2.90000000    67.6631367182
  1.00000000   2.90000000    74.5548588259
  1.10000000   2.90000000    81.1950311995
  1.20000000   2.90000000    87.5336914263
  1.30000000   2.90000000    93.5171399620
  1.40000000   2.90000000    99.0906875697
  1.50000000   2.90000000   104.2027554251
  1.60000000   2.90000000   108.8100123929
  1.70000000   2.90000000   112.8826820800
  1.80000000   2.90000000   116.4087321173
  1.90000000   2.90000000   119.3957674608
  2.00000000   2.90000000   121.8701644430
  2.10000000   2.90000000   123.8737517666
  2.20000000   2.90000000   125.4589195125
  2.30000000   2.90000000   126.6833369389
  2.40000000   2.90000000   127.6052949469
  2.50000000   2.90000000   128.2802302865
  2.60000000   2.90000000   128.7585320526
  2.70000000   2.90000000   129.0844407637
  2.80000000   2.90000000   129.2957378938
  2.90000000   2.90000000   129.4239297274
  3.00000000   2.90000000   129.4946895291
  3.10000000   2.90000000   129.5283931225
  3.20000000   2.90000000   129.5406439700
  3.30000000   2.90000000   129.5427283134
  3.40000000   2.90000000   129.5419697965
  3.50000000   2.90000000   129.5419697965

  0.00000000   3.00000000     0.0000000000
  0.10000000   3.00000000     7.6268765242
  0.20000000   3.00000000    15.2375353119
  0.30000000   3.00000000    22.8151611793
  0.40000000   3.00000000    30.3417397024
  0.50000000   3.00000000    37.7974503694
  0.60000000   3.00000000    45.1600618560
  0.70000000   3.00000000    52.4043499109
  0.80000000   3.00000000    59.5015784714
  0.90000000   3.00000000    66.4191126339
  1.00000000   3.00000000    73.1202673002
  1.10000000   3.00000000    79.5645331125
  1.20000000   3.00000000    85.7083500444
  1.30000000   3.00000000    91.5065972630
  1.40000000   3.00000000    96.9149051373
  1.50000000   3.00000000   101.8927423459
  1.60000000   3.00000000   106.4069858741
  1.70000000   3.00000000   110.4354058466
  1.80000000   3.00000000   113.9693304179
  1.90000000   3.00000000   117.0148494411
  2.00000000   3.00000000   119.5922760785
  2.10000000   3.00000000   121.7340178047
  2.20000000   3.00000000   123.4813577210
  2.30000000   3.00000000   124.8808251970
  2.40000000   3.00000000   125.9807820863
  2.50000000   3.00000000   126.8286341213
  2.60000000   3.00000000   127.4688255801
  2.70000000   3.00000000   127.9415824434
  2.80000000   3.00000000   128.2822640026
  2.90000000   3.00000000   128.5211509191
  3.00000000   3.00000000   128.6835104199
  3.10000000   3.00000000   128.7898113678
  3.20000000   3.00000000   128.8559971245
  3.30000000   3.00000000   128.8937544659
  3.40000000   3.00000000   128.9107397825
  3.50000000   3.00000000   128.9107397825

  0.00000000   3.10000000     0.0000000000
  0.10000000   3.10000000     7.5368717276
  0.20000000   3.10000000    15.0556234128
  0.30000000   3.10000000    22.5375953516
  0.40000000   3.10000000    29.9630549058
  0.50000000   3.10000000    37.3106793653
  0.60000000   3.10000000    44.5570716376
  0.70000000   3.10000000    51.6763363160
  0.80000000   3.10000000    58.6397586164
  0.90000000   3.10000000    65.4156470728
  1.00000000   3.10000000    71.9694205701
  1.10000000   3.10000000    78.2640362638
  1.20000000   3.10000000    84.2608583449
  1.30000000   3.10000000    89.9210455663
  1.40000000   3.10000000    95.2074738261
  1.50000000   3.10000000   100.0871010169
  1.60000000   3.10000000   104.5335359712
  1.70000000   3.10000000   108.5294338691
  1.80000000   3.10000000   112.0682762115
  1.90000000   3.10000000   115.1551644440
  2.00000000   3.10000000   117.8064573056
  2.10000000   3.10000000   120.0483315563
  2.20000000   3.10000000   121.9145581192
  2.30000000   3.10000000   123.4439014074
  2.40000000   3.10000000   124.6775419137
  2.50000000   3.10000000   125.6568187140
  2.60000000   3.10000000   126.4214487133
  2.70000000   3.10000000   127.0082550863
  2.80000000   3.10000000   127.4503537291
  2.90000000   3.10000000   127.7767052839
  3.00000000   3.10000000   128.0119308451
  3.10000000   3.10000000   128.1762986760
  3.20000000   3.10000000   128.2858065928
  3.30000000   3.10000000   128.3523033745
  3.40000000   3.10000000   128.3836092726
  3.50000000   3.10000000   128.3836092726

  0.00000000   3.20000000     0.0000000000
  0.10000000   3.20000000     7.4677506575
  0.20000000   3.20000000    14.9160165938
  0.30000000   3.20000000    22.3248251128
  0.40000000   3.20000000    29.6732413295
  0.50000000   3.20000000    36.9389243313
  0.60000000   3.20000000    44.0977359836
  0.70000000   3.20000000    51.1234329262
  0.80000000   3.20000000    57.9874826159
  0.90000000   3.20000000    64.6590552756
  1.00000000   3.20000000    71.1052527470
  1.10000000   3.20000000    77.2916382685
  1.20000000   3.20000000    83.1831221093
  1.30000000   3.20000000    88.7452298237
  1.40000000   3.20000000    93.9457272715
  1.50000000   3.20000000    98.7565001801
  1.60000000   3.20000000   103.1554982859
  1.70000000   3.20000000   107.1284817951
  1.80000000   3.20000000   110.6702861178
  1.90000000   3.20000000   113.7853745610
  2.00000000   3.20000000   116.4875715530
  2.10000000   3.20000000   118.7990215298
  2.20000000   3.20000000   120.7485532170
  2.30000000   3.20000000   122.3697090580
  2.40000000   3.20000000   123.6987091801
  2.50000000   3.20000000   124.7725697713
  2.60000000   3.20000000   125.6275158271
  2.70000000   3.20000000   126.2977471543
  2.80000000   3.20000000   126.8145529071
  2.90000000   3.20000000   127.2057300268
  3.00000000   3.20000000   127.4952424809
  3.10000000   3.20000000   127.7030551842
  3.20000000   3.20000000   127.8450826523
  3.30000000   3.20000000   127.9332028871
  3.40000000   3.20000000   127.9752985586
  3.50000000   3.20000000   127.9752985586

  0.00000000   3.30000000     0.0000000000
  0.10000000   3.30000000     7.4209185729
  0.20000000   3.30000000    14.8214744229
  0.30000000   3.30000000    22.1808550427
  0.40000000   3.30000000    29.4773666334
  0.50000000   3.30000000    36.6880415350
  0.60000000   3.30000000    43.7883098190
  0.70000000   3.30000000    50.7517665317
  0.80000000   3.30000000    57.5500730944
  0.90000000   3.30000000    64.1530375343
  1.00000000   3.30000000    70.5289210434
  1.10000000   3.30000000    76.6450144452
  1.20000000   3.30000000    82.4685135090
  1.30000000   3.30000000    87.9676931639
  1.40000000   3.30000000    93.1133363522
  1.50000000   3.30000000    97.8803172665
  1.60000000   3.30000000   102.2491818536
  1.70000000   3.30000000   106.2075283040
  1.80000000   3.30000000   109.7509859694
  1.90000000   3.30000000   112.8836339932
  2.00000000   3.30000000   115.6177851607
  2.10000000   3.30000000   117.9731635878
  2.20000000   3.30000000   119.9755982082
  2.30000000   3.30000000   121.6554140520
  2.40000000   3.30000000   123.0457190151
  2.50000000   3.30000000   124.1807594597
  2.60000000   3.30000000   125.0944687682
  2.70000000   3.30000000   125.8192766469
  2.80000000   3.30000000   126.3851971841
  2.90000000   3.30000000   126.8191774127
  3.00000000   3.30000000   127.1446666375
  3.10000000   3.30000000   127.3813578046
  3.20000000   3.30000000   127.5450521170
  3.30000000   3.30000000   127.6476034515
  3.40000000   3.30000000   127.6969072014
  3.50000000   3.30000000   127.6969072014

  0.00000000   3.40000000     0.0000000000
  0.10000000   3.40000000     7.3972810435
  0.20000000   3.40000000    14.7737703266
  0.30000000   3.40000000    22.1082464665
  0.40000000   3.40000000    29.3786492359
  0.50000000   3.40000000    36.5617132571
  0.60000000   3.40000000    43.6326710797
  0.70000000   3.40000000    50.5650573001
  0.80000000   3.40000000    57.3306507159
  0.90000000   3.40000000    63.8995953190
  1.00000000   3.40000000    70.2407408449
  1.10000000   3.40000000    76.3222367106
  1.20000000   3.40000000    82.1123965231
  1.30000000   3.40000000    87.5808219110
  1.40000000   3.40000000    92.6997347111
  1.50000000   3.40000000    97.4454201242
  1.60000000   3.40000000   101.7996399481
  1.70000000   3.40000000   105.7508477833
  1.80000000   3.40000000   109.2950401563
  1.90000000   3.40000000   112.4361151546
  2.00000000   3.40000000   115.1856782206
  2.10000000   3.40000000   117.5623170034
  2.20000000   3.40000000   119.5904427275
  2.30000000   3.40000000   121.2988465667
  2.40000000   3.40000000   122.7191369703
  2.50000000   3.40000000   123.8842095016
  2.60000000   3.40000000   124.8268644787
  2.70000000   3.40000000   125.5786425250
  2.80000000   3.40000000   126.1689051943
  2.90000000   3.40000000   126.6241540270
  3.00000000   3.40000000   126.9675591646
  3.10000000   3.40000000   127.2186573102
  3.20000000   3.40000000   127.3931759934
  3.30000000   3.40000000   127.5029440530
  3.40000000   3.40000000   127.5558545860
  3.50000000   3.40000000   127.5558545860

  0.00000000   3.50000000     0.0000000000
  0.10000000   3.50000000     7.3972810435
  0.20000000   3.50000000    14.7737703266
  0.30000000   3.50000000    22.1082464665
  0.40000000   3.50000000    29.3786492359
  0.50000000   3.50000000    36.5617132571
  0.60000000   3.50000000    43.6326710797
  0.70000000   3.50000000    50.5650573001
  0.80000000   3.50000000    57.3306507159
  0.90000000   3.50000000    63.8995953190
  1.00000000   3.50000000    70.2407408449
  1.10000000   3.50000000    76.3222367106
  1.20000000   3.50000000    82.1123965231
  1.30000000   3.50000000    87.5808219110
  1.40000000   3.50000000    92.6997347111
  1.50000000   3.50000000    97.4454201242
  1.60000000   3.50000000   101.7996399481
  1.70000000   3.50000000   105.7508477833
  1.80000000   3.50000000   109.2950401563
  1.90000000   3.50000000   112.4361151546
  2.00000000   3.50000000   115.1856782206
  2.10000000   3.50000000   117.5623170034
  2.20000000   3.50000000   119.5904427275
  2.30000000   3.50000000   121.2988465667
  2.40000000   3.50000000   122.7191369703
  2.50000000   3.50000000   123.8842095016
  2.60000000   3.50000000   124.8268644787
  2.70000000   3.50000000   125.5786425250
  2.80000000   3.50000000   126.1689051943
  2.90000000   3.50000000   126.6241540270
  3.00000000   3.50000000   126.9675591646
  3.10000000   3.50000000   127.2186573102
  3.20000000   3.50000000   127.3931759934
  3.30000000   3.50000000   127.5029440530
  3.40000000   3.50000000   127.5558545860
  3.50000000   3.50000000   127.5558545860

