  0.00000000   0.00000000     0.0000000000
  0.10000000   0.00000000     4.2658720507
  0.20000000   0.00000000     8.5188099663
  0.30000000   0.00000000    12.7450519816
  0.40000000   0.00000000    16.9292069781
  0.50000000   0.00000000    21.0535450961
  0.60000000   0.00000000    25.0973788175
  0.70000000   0.00000000    29.0366481010
  0.80000000   0.00000000    32.8436918093
  0.90000000   0.00000000    36.4873588147
  1.00000000   0.00000000    39.9334246368
  1.10000000   0.00000000    43.1454731807
  1.20000000   0.00000000    46.0861652115
  1.30000000   0.00000000    48.7189911049
  1.40000000   0.00000000    51.0103310124
  1.50000000   0.00000000    52.9317813177
  1.60000000   0.00000000    54.4624448304
  1.70000000   0.00000000    55.5910063180
  1.80000000   0.00000000    56.3172594438
  1.90000000   0.00000000    56.6529174239
  2.00000000   0.00000000    56.6215458664
  2.10000000   0.00000000    56.2576383238
  2.20000000   0.00000000    55.6049548544
  2.30000000   0.00000000    54.7143277153
  2.40000000   0.00000000    53.6412206108
  2.50000000   0.00000000    52.4432493035
  2.60000000   0.00000000    51.1779158497
  2.70000000   0.00000000    49.9006247787
  2.80000000   0.00000000    48.6631112943
  2.90000000   0.00000000    47.5122120055
  3.00000000   0.00000000    46.4890164105
  3.10000000   0.00000000    45.6282681516
  3.20000000   0.00000000    44.9580183298
  3.30000000   0.00000000    44.4994060741
  3.40000000   0.00000000    44.2665637696
  3.50000000   0.00000000    44.2665637696

  0.00000000   0.10000000     0.0000000000
  0.10000000   0.10000000     4.2658720507
  0.20000000   0.10000000     8.5188099663
  0.30000000   0.10000000    12.7450519816
  0.40000000   0.10000000    16.9292069781
  0.50000000   0.10000000    21.0535450961
  0.60000000   0.10000000    25.0973788175
  0.70000000   0.10000000    29.0366481010
  0.80000000   0.10000000    32.8436918093
  0.90000000   0.10000000    36.4873588147
  1.00000000   0.10000000    39.9334246368
  1.10000000   0.10000000    43.1454731807
  1.20000000   0.10000000    46.0861652115
  1.30000000   0.10000000    48.7189911049
  1.40000000   0.10000000    51.0103310124
  1.50000000   0.10000000    52.9317813177
  1.60000000   0.10000000    54.4624448304
  1.70000000   0.10000000    55.5910063180
  1.80000000   0.10000000    56.3172594438
  1.90000000   0.10000000    56.6529174239
  2.00000000   0.10000000    56.6215458664
  2.10000000   0.10000000    56.2576383238
  2.20000000   0.10000000    55.6049548544
  2.30000000   0.10000000    54.7143277153
  2.40000000   0.10000000    53.6412206108
  2.50000000   0.10000000    52.4432493035
  2.60000000   0.10000000    51.1779158497
  2.70000000   0.10000000    49.9006247787
  2.80000000   0.10000000    48.6631112943
  2.90000000   0.10000000    47.5122120055
  3.00000000   0.10000000    46.4890164105
  3.10000000   0.10000000    45.6282681516
  3.20000000   0.10000000    44.9580183298
  3.30000000   0.10000000    44.4994060741
  3.40000000   0.10000000    44.2665637696
  3.50000000   0.10000000    44.2665637696

  0.00000000   0.20000000     0.0000000000
  0.10000000   0.20000000     4.3041442017
  0.20000000   0.20000000     8.5960197561
  0.30000000   0.20000000    12.8624908627
  0.40000000   0.20000000    17.0887476357
  0.50000000   0.20000000    21.2575117043
  0.60000000   0.20000000    25.3484323229
  0.70000000   0.20000000    29.3375393728
  0.80000000   0.20000000    33.1970417679
  0.90000000   0.20000000    36.8952772791
  1.00000000   0.20000000    40.3971798507
  1.10000000   0.20000000    43.6650212469
  1.20000000   0.20000000    46.6597969574
  1.30000000   0.20000000    49.3429392201
  1.40000000   0.20000000    51.6786132162
  1.50000000   0.20000000    53.6361560249
  1.60000000   0.20000000    55.1926993439
  1.70000000   0.20000000    56.3354371888
  1.80000000   0.20000000    57.0634199138
  1.90000000   0.20000000    57.3884486609
  2.00000000   0.20000000    57.3350257828
  2.10000000   0.20000000    56.9393028049
  2.20000000   0.20000000    56.2471917601
  2.30000000   0.20000000    55.3119430363
  2.40000000   0.20000000    54.1914187324
  2.50000000   0.20000000    52.9454712887
  2.60000000   0.20000000    51.6334891248
  2.70000000   0.20000000    50.3124245374
  2.80000000   0.20000000    49.0351477931
  2.90000000   0.20000000    47.8493302749
  3.00000000   0.20000000    46.7965825423
  3.10000000   0.20000000    45.9119903843
  3.20000000   0.20000000    45.2237702542
  3.30000000   0.20000000    44.7531562735
  3.40000000   0.20000000    44.5143066203
  3.50000000   0.20000000    44.5143066203

  0.00000000   0.30000000     0.0000000000
  0.10000000   0.30000000     4.3799238152
  0.20000000   0.30000000     8.7489289784
  0.30000000   0.30000000    13.0951913359
  0.40000000   0.30000000    17.4050555550
  0.50000000   0.30000000    21.6622543519
  0.60000000   0.30000000    25.8470886890
  0.70000000   0.30000000    29.9359186783
  0.80000000   0.30000000    33.9006583964
  0.90000000   0.30000000    37.7087838173
  1.00000000   0.30000000    41.3234711430
  1.10000000   0.30000000    44.7044711348
  1.20000000   0.30000000    47.8092807573
  1.30000000   0.30000000    50.5951852691
  1.40000000   0.30000000    53.0216300157
  1.50000000   0.30000000    55.0532675496
  1.60000000   0.30000000    56.6629658862
  1.70000000   0.30000000    57.8347794920
  1.80000000   0.30000000    58.5661176037
  1.90000000   0.30000000    58.8689799403
  2.00000000   0.30000000    58.7698611447
  2.10000000   0.30000000    58.3084267243
  2.20000000   0.30000000    57.5351706016
  2.30000000   0.30000000    56.5083764391
  2.40000000   0.30000000    55.2909446359
  2.50000000   0.30000000    53.9472586945
  2.60000000   0.30000000    52.5406010157
  2.70000000   0.30000000    51.1309424835
  2.80000000   0.30000000    49.7734564462
  2.90000000   0.30000000    48.5173489673
  3.00000000   0.30000000    47.4052728116
  3.10000000   0.30000000    46.4728718872
  3.20000000   0.30000000    45.7486902949
  3.30000000   0.30000000    45.2540687804
  3.40000000   0.30000000    45.0032166865
  3.50000000   0.30000000    45.0032166865

  0.00000000   0.40000000     0.0000000000
  0.10000000   0.40000000     4.4916458962
  0.20000000   0.40000000     8.9744797830
  0.30000000   0.40000000    13.4386802172
  0.40000000   0.40000000    17.8724832112
  0.50000000   0.40000000    22.2611614687
  0.60000000   0.40000000    26.5862442941
  0.70000000   0.40000000    30.8246162154
  0.80000000   0.40000000    34.9480607256
  0.90000000   0.40000000    38.9227601207
  1.00000000   0.40000000    42.7095145055
  1.10000000   0.40000000    46.2641378430
  1.20000000   0.40000000    49.5388912404
  1.30000000   0.40000000    52.4843653466
  1.40000000   0.40000000    55.0525440557
  1.50000000   0.40000000    57.2002805316
  1.60000000   0.40000000    58.8934586994
  1.70000000   0.40000000    60.1107729423
  1.80000000   0.40000000    60.8469009847
  1.90000000   0.40000000    61.1141198131
  2.00000000   0.40000000    60.9422533173
  2.10000000   0.40000000    60.3768323969
  2.20000000   0.40000000    59.4758588686
  2.30000000   0.40000000    58.3058606482
  2.40000000   0.40000000    56.9377068198
  2.50000000   0.40000000    55.4429688786
  2.60000000   0.40000000    53.8907860106
  2.70000000   0.40000000    52.3457376381
  2.80000000   0.40000000    50.8662212540
  2.90000000   0.40000000    49.5036826883
  3.00000000   0.40000000    48.3020571547
  3.10000000   0.40000000    47.2977480314
  3.20000000   0.40000000    46.5195736112
  3.30000000   0.40000000    45.9889871359
  3.40000000   0.40000000    45.7201618765
  3.50000000   0.40000000    45.7201618765

  0.00000000   0.50000000     0.0000000000
  0.10000000   0.50000000     4.6369146466
  0.20000000   0.50000000     9.2679253159
  0.30000000   0.50000000    13.8860674270
  0.40000000   0.50000000    18.4821784325
  0.50000000   0.50000000    23.0439123489
  0.60000000   0.50000000    27.5545541163
  0.70000000   0.50000000    31.9921653081
  0.80000000   0.50000000    36.3285086216
  0.90000000   0.50000000    40.5285641966
  1.00000000   0.50000000    44.5500010198
  1.10000000   0.50000000    48.3436511095
  1.20000000   0.50000000    51.8543683225
  1.30000000   0.50000000    55.0233986614
  1.40000000   0.50000000    57.7915887367
  1.50000000   0.50000000    60.1042041077
  1.60000000   0.50000000    61.9162488163
  1.70000000   0.50000000    63.1981467974
  1.80000000   0.50000000    63.9401734314
  1.90000000   0.50000000    64.1550339502
  2.00000000   0.50000000    63.8777083757
  2.10000000   0.50000000    63.1627517055
  2.20000000   0.50000000    62.0796464086
  2.30000000   0.50000000    60.7071294549
  2.40000000   0.50000000    59.1277565499
  2.50000000   0.50000000    57.4231173991
  2.60000000   0.50000000    55.6704675100
  2.70000000   0.50000000    53.9402875267
  2.80000000   0.50000000    52.2951365657
  2.90000000   0.50000000    50.7889536783
  3.00000000   0.50000000    49.4671493262
  3.10000000   0.50000000    48.3666951192
  3.20000000   0.50000000    47.5166031536
  3.30000000   0.50000000    46.9381968067
  3.40000000   0.50000000    46.6455206230
  3.50000000   0.50000000    46.6455206230

  0.00000000   0.60000000     0.0000000000
  0.10000000   0.60000000     4.8124116865
  0.20000000   0.60000000     9.6227420956
  0.30000000   0.60000000    14.4277296174
  0.40000000   0.60000000    19.2218171004
  0.50000000   0.60000000    23.9958258518
  0.60000000   0.60000000    28.7358339438
  0.70000000   0.60000000    33.4216986481
  0.80000000   0.60000000    38.0259757679
  0.90000000   0.60000000    42.5125168736
  1.00000000   0.60000000    46.8358285079
  1.10000000   0.60000000    50.9405056014
  1.20000000   0.60000000    54.7621290047
  1.30000000   0.60000000    58.2290948235
  1.40000000   0.60000000    61.2667910592
  1.50000000   0.60000000    63.8033897172
  1.60000000   0.60000000    65.7777371514
  1.70000000   0.60000000    67.1474568837
  1.80000000   0.60000000    67.8960691056
  1.90000000   0.60000000    68.0368174985
  2.00000000   0.60000000    67.6125393264
  2.10000000   0.60000000    66.6914567238
  2.20000000   0.60000000    65.3600016831
  2.30000000   0.60000000    63.7146079483
  2.40000000   0.60000000    61.8539618488
  2.50000000   0.60000000    59.8731648312
  2.60000000   0.60000000    57.8596307680
  2.70000000   0.60000000    55.8910780912
  2.80000000   0.60000000    54.0345346395
  2.90000000   0.60000000    52.3465607017
  3.00000000   0.60000000    50.8736166703
  3.10000000   0.60000000    49.6529653798
  3.20000000   0.60000000    48.7132978641
  3.30000000   0.60000000    48.0755393008
  3.40000000   0.60000000    47.7532969077
  3.50000000   0.60000000    47.7532969077

  0.00000000   0.70000000     0.0000000000
  0.10000000   0.70000000     5.0138614044
  0.20000000   0.70000000    10.0304075016
  0.30000000   0.70000000    15.0511379591
  0.40000000   0.70000000    20.0750397159
  0.50000000   0.70000000    25.0973550811
  0.60000000   0.70000000    30.1079447812
  0.70000000   0.70000000    35.0898519943
  0.80000000   0.70000000    40.0173040550
  0.90000000   0.70000000    44.8541227524
  1.00000000   0.70000000    49.5517290084
  1.10000000   0.70000000    54.0481444751
  1.20000000   0.70000000    58.2674557917
  1.30000000   0.70000000    62.1216334748
  1.40000000   0.70000000    65.5145561655
  1.50000000   0.70000000    68.3499631272
  1.60000000   0.70000000    70.5423028081
  1.70000000   0.70000000    72.0296678582
  1.80000000   0.70000000    72.7849282062
  1.90000000   0.70000000    72.8221266709
  2.00000000   0.70000000    72.1961250510
  2.10000000   0.70000000    70.9958408995
  2.20000000   0.70000000    69.3328604916
  2.30000000   0.70000000    67.3287104540
  2.40000000   0.70000000    65.1041223079
  2.50000000   0.70000000    62.7713577645
  2.60000000   0.70000000    60.4301700938
  2.70000000   0.70000000    58.1660421759
  2.80000000   0.70000000    56.0504879933
  2.90000000   0.70000000    54.1418989230
  3.00000000   0.70000000    52.4871359122
  3.10000000   0.70000000    51.1227936993
  3.20000000   0.70000000    50.0766437179
  3.30000000   0.70000000    49.3685516402
  3.40000000   0.70000000    49.0113664892
  3.50000000   0.70000000    49.0113664892

  0.00000000   0.80000000     0.0000000000
  0.10000000   0.80000000     5.2359326552
  0.20000000   0.80000000    10.4803443830
  0.30000000   0.80000000    15.7404827898
  0.40000000   0.80000000    21.0211581979
  0.50000000   0.80000000    26.3231879706
  0.60000000   0.80000000    31.6419001911
  0.70000000   0.80000000    36.9649607253
  0.80000000   0.80000000    42.2702866159
  0.90000000   0.80000000    47.5231032311
  1.00000000   0.80000000    52.6733159500
  1.10000000   0.80000000    57.6524285749
  1.20000000   0.80000000    62.3718782313
  1.30000000   0.80000000    66.7228523481
  1.40000000   0.80000000    70.5804466126
  1.50000000   0.80000000    73.8129485733
  1.60000000   0.80000000    76.2980473567
  1.70000000   0.80000000    77.9431053825
  1.80000000   0.80000000    78.7042636126
  1.90000000   0.80000000    78.5966642011
  2.00000000   0.80000000    77.6939238278
  2.10000000   0.80000000    76.1169753388
  2.20000000   0.80000000    74.0149510121
  2.30000000   0.80000000    71.5451925315
  2.40000000   0.80000000    68.8576522542
  2.50000000   0.80000000    66.0858970853
  2.60000000   0.80000000    63.3432441704
  2.70000000   0.80000000    60.7228603044
  2.80000000   0.80000000    58.2993986236
  2.90000000   0.80000000    56.1317677912
  3.00000000   0.80000000    54.2655478489
  3.10000000   0.80000000    52.7354861063
  3.20000000   0.80000000    51.5672173426
  3.30000000   0.80000000    50.7788444681
  3.40000000   0.80000000    50.3818558383
  3.50000000   0.80000000    50.3818558383

  0.00000000   0.90000000     0.0000000000
  0.10000000   0.90000000     5.4722602943
  0.20000000   0.90000000    10.9597564449
  0.30000000   0.90000000    16.4766281940
  0.40000000   0.90000000    22.0346201981
  0.50000000   0.90000000    27.6417747931
  0.60000000   0.90000000    33.3004959423
  0.70000000   0.90000000    39.0055147658
  0.80000000   0.90000000    44.7407741805
  0.90000000   0.90000000    50.4760622831
  1.00000000   0.90000000    56.1622940931
  1.10000000   0.90000000    61.7267895568
  1.20000000   0.90000000    67.0681065895
  1.30000000   0.90000000    72.0532473298
  1.40000000   0.90000000    76.5190323858
  1.50000000   0.90000000    80.2828343531
  1.60000000   0.90000000    83.1652754039
  1.70000000   0.90000000    85.0244382694
  1.80000000   0.90000000    85.7895054144
  1.90000000   0.90000000    85.4774074285
  2.00000000   0.90000000    84.1915775184
  2.10000000   0.90000000    82.1038057242
  2.20000000   0.90000000    79.4206256105
  2.30000000   0.90000000    76.3502523560
  2.40000000   0.90000000    73.0808336854
  2.50000000   0.90000000    69.7704982101
  2.60000000   0.90000000    66.5461741738
  2.70000000   0.90000000    63.5065039522
  2.80000000   0.90000000    60.7267763224
  2.90000000   0.90000000    58.2635120418
  3.00000000   0.90000000    56.1588125609
  3.10000000   0.90000000    54.4434806680
  3.20000000   0.90000000    53.1396828015
  3.30000000   0.90000000    52.2626031011
  3.40000000   0.90000000    51.8217786959
  3.50000000   0.90000000    51.8217786959

  0.00000000   1.00000000     0.0000000000
  0.10000000   1.00000000     5.7154301367
  0.20000000   1.00000000    11.4537661447
  0.30000000   1.00000000    17.2369578253
  0.40000000   1.00000000    23.0850257378
  0.50000000   1.00000000    29.0146382279
  0.60000000   1.00000000    35.0375577925
  0.70000000   1.00000000    41.1580763615
  0.80000000   1.00000000    47.3699721407
  0.90000000   1.00000000    53.6517017178
  1.00000000   1.00000000    59.9605238113
  1.10000000   1.00000000    66.2242460661
  1.20000000   1.00000000    72.3320973828
  1.30000000   1.00000000    78.1252501159
  1.40000000   1.00000000    83.3923736503
  1.50000000   1.00000000    87.8772245318
  1.60000000   1.00000000    91.3099620515
  1.70000000   1.00000000    93.4658713951
  1.80000000   1.00000000    94.2309929113
  1.90000000   1.00000000    93.6252676047
  2.00000000   1.00000000    91.7999744270
  2.10000000   1.00000000    89.0111284290
  2.20000000   1.00000000    85.5551454801
  2.30000000   1.00000000    81.7126413268
  2.40000000   1.00000000    77.7192082581
  2.50000000   1.00000000    73.7587162188
  2.60000000   1.00000000    69.9681430413
  2.70000000   1.00000000    66.4468757886
  2.80000000   1.00000000    63.2657042030
  2.90000000   1.00000000    60.4747131912
  3.00000000   1.00000000    58.1089672801
  3.10000000   1.00000000    56.1929576794
  3.20000000   1.00000000    54.7434197495
  3.30000000   1.00000000    53.7714933857
  3.40000000   1.00000000    53.2839250296
  3.50000000   1.00000000    53.2839250296

  0.00000000   1.10000000     0.0000000000
  0.10000000   1.10000000     5.9571502608
  0.20000000   1.10000000    11.9455295476
  0.30000000   1.10000000    17.9957748220
  0.40000000   1.10000000    24.1371258052
  0.50000000   1.10000000    30.3965476840
  0.60000000   1.10000000    36.7971252872
  0.70000000   1.10000000    43.3560732166
  0.80000000   1.10000000    50.0811723012
  0.90000000   1.10000000    56.9659252217
  1.00000000   1.10000000    63.9816164360
  1.10000000   1.10000000    71.0663434658
  1.20000000   1.10000000    78.1091188379
  1.30000000   1.10000000    84.9305885109
  1.40000000   1.10000000    91.2636562581
  1.50000000   1.10000000    96.7481574796
  1.60000000   1.10000000   100.9653645017
  1.70000000   1.10000000   103.5430136930
  1.80000000   1.10000000   104.3010786300
  1.90000000   1.10000000   103.2652987226
  2.00000000   1.10000000   100.6611806966
  2.10000000   1.10000000    96.8927187195
  2.20000000   1.10000000    92.4019116642
  2.30000000   1.10000000    87.5701326887
  2.40000000   1.10000000    82.6868587612
  2.50000000   1.10000000    77.9561135803
  2.60000000   1.10000000    73.5156905845
  2.70000000   1.10000000    69.4561243551
  2.80000000   1.10000000    65.8360756451
  2.90000000   1.10000000    62.6930319882
  3.00000000   1.10000000    60.0508910340
  3.10000000   1.10000000    57.9246582836
  3.20000000   1.10000000    56.3237449013
  3.30000000   1.10000000    55.2538205535
  3.40000000   1.10000000    54.7181337968
  3.50000000   1.10000000    54.7181337968

  0.00000000   1.20000000     0.0000000000
  0.10000000   1.20000000     6.1884312609
  0.20000000   1.20000000    12.4167830708
  0.30000000   1.20000000    18.7247758683
  0.40000000   1.20000000    25.1517230501
  0.50000000   1.20000000    31.7359378937
  0.60000000   1.20000000    38.5139911040
  0.70000000   1.20000000    45.5189477442
  0.80000000   1.20000000    52.7777900755
  0.90000000   1.20000000    60.3063831340
  1.00000000   1.20000000    68.1015328155
  1.10000000   1.20000000    76.1270459955
  1.20000000   1.20000000    84.2917312308
  1.30000000   1.20000000    92.4149417338
  1.40000000   1.20000000   100.1801676212
  1.50000000   1.20000000   107.0892088433
  1.60000000   1.20000000   112.4707186301
  1.70000000   1.20000000   115.6597994414
  1.80000000   1.20000000   116.3976416037
  1.90000000   1.20000000   114.7219005026
  2.00000000   1.20000000   110.9532890787
  2.10000000   1.20000000   105.7834778286
  2.20000000   1.20000000    99.8975044448
  2.30000000   1.20000000    93.8080644312
  2.40000000   1.20000000    87.8511014877
  2.50000000   1.20000000    82.2313984998
  2.60000000   1.20000000    77.0679192868
  2.70000000   1.20000000    72.4271369955
  2.80000000   1.20000000    68.3443891816
  2.90000000   1.20000000    64.8372943186
  3.00000000   1.20000000    61.9135114291
  3.10000000   1.20000000    59.5755694621
  3.20000000   1.20000000    57.8234413905
  3.30000000   1.20000000    56.6562223133
  3.40000000   1.20000000    56.0729052956
  3.50000000   1.20000000    56.0729052956

  0.00000000   1.30000000     0.0000000000
  0.10000000   1.30000000     6.3999931831
  0.20000000   1.30000000    12.8484630750
  0.30000000   1.30000000    19.3942632022
  0.40000000   1.30000000    26.0868834863
  0.50000000   1.30000000    32.9767513785
  0.60000000   1.30000000    40.1150869068
  0.70000000   1.30000000    47.5535745584
  0.80000000   1.30000000    55.3427927908
  0.90000000   1.30000000    63.5292563167
  1.00000000   1.30000000    72.1486568809
  1.10000000   1.30000000    81.2130263888
  1.20000000   1.30000000    90.6850919245
  1.30000000   1.30000000   100.4301330025
  1.40000000   1.30000000   110.1282873062
  1.50000000   1.30000000   119.1361819621
  1.60000000   1.30000000   126.3514061813
  1.70000000   1.30000000   130.4185899304
  1.80000000   1.30000000   131.1105777315
  1.90000000   1.30000000   128.4908288253
  2.00000000   1.30000000   122.8869603779
  2.10000000   1.30000000   115.6542770430
  2.20000000   1.30000000   107.8850131511
  2.30000000   1.30000000   100.2261051549
  2.40000000   1.30000000    93.0137650935
  2.50000000   1.30000000    86.4073865469
  2.60000000   1.30000000    80.4738089131
  2.70000000   1.30000000    75.2336013284
  2.80000000   1.30000000    70.6856457443
  2.90000000   1.30000000    66.8195799508
  3.00000000   1.30000000    63.6223247302
  3.10000000   1.30000000    61.0810968238
  3.20000000   1.30000000    59.1850212438
  3.30000000   1.30000000    57.9256764342
  3.40000000   1.30000000    57.2974239271
  3.50000000   1.30000000    57.2974239271

  0.00000000   1.40000000     0.0000000000
  0.10000000   1.40000000     6.5827017424
  0.20000000   1.40000000    13.2217861772
  0.30000000   1.40000000    19.9745595290
  0.40000000   1.40000000    26.9002703389
  0.50000000   1.40000000    34.0610644003
  0.60000000   1.40000000    41.5231706923
  0.70000000   1.40000000    49.3578481840
  0.80000000   1.40000000    57.6423894389
  0.90000000   1.40000000    66.4600948772
  1.00000000   1.40000000    75.8986570249
  1.10000000   1.40000000    86.0434603238
  1.20000000   1.40000000    96.9597516992
  1.30000000   1.40000000   108.6462850136
  1.40000000   1.40000000   120.9191994488
  1.50000000   1.40000000   133.1264388027
  1.60000000   1.40000000   143.5309183710
  1.70000000   1.40000000   148.7083266603
  1.80000000   1.40000000   149.3021670004
  1.90000000   1.40000000   145.4288975843
  2.00000000   1.40000000   136.6594173756
  2.10000000   1.40000000   126.3001574899
  2.20000000   1.40000000   116.0298228766
  2.30000000   1.40000000   106.4934688620
  2.40000000   1.40000000    97.8925513002
  2.50000000   1.40000000    90.2566361282
  2.60000000   1.40000000    83.5537032300
  2.70000000   1.40000000    77.7340912468
  2.80000000   1.40000000    72.7475075237
  2.90000000   1.40000000    68.5494293267
  3.00000000   1.40000000    65.1028122645
  3.10000000   1.40000000    62.3782568328
  3.20000000   1.40000000    60.3533373067
  3.30000000   1.40000000    59.0119923839
  3.40000000   1.40000000    58.3438515897
  3.50000000   1.40000000    58.3438515897

  0.00000000   1.50000000     0.0000000000
  0.10000000   1.50000000     6.7281882648
  0.20000000   1.50000000    13.5193812989
  0.30000000   1.50000000    20.4380841624
  0.40000000   1.50000000    27.5518761571
  0.50000000   1.50000000    34.9333229111
  0.60000000   1.50000000    42.6621556446
  0.70000000   1.50000000    50.8281953923
  0.80000000   1.50000000    59.5348631221
  0.90000000   1.50000000    68.9039258923
  1.00000000   1.50000000    79.0811631929
  1.10000000   1.50000000    90.2432637336
  1.20000000   1.50000000   102.6038390637
  1.30000000   1.50000000   116.4115356924
  1.40000000   1.50000000   131.9041136017
  1.50000000   1.50000000   149.0391113854
  1.60000000   1.50000000   166.0499775485
  1.70000000   1.50000000   171.6950812949
  1.80000000   1.50000000   172.0837622984
  1.90000000   1.50000000   167.4056802348
  2.00000000   1.50000000   152.1964588407
  2.10000000   1.50000000   137.0680917586
  2.20000000   1.50000000   123.6871688258
  2.30000000   1.50000000   112.1048479713
  2.40000000   1.50000000   102.1156884284
  2.50000000   1.50000000    93.5088013911
  2.60000000   1.50000000    86.1096605449
  2.70000000   1.50000000    79.7812559249
  2.80000000   1.50000000    74.4181102997
  2.90000000   1.50000000    69.9397299043
  3.00000000   1.50000000    66.2852848844
  3.10000000   1.50000000    63.4093299548
  3.20000000   1.50000000    61.2787504901
  3.30000000   1.50000000    59.8704449912
  3.40000000   1.50000000    59.1698273375
  3.50000000   1.50000000    59.1698273375

  0.00000000   1.60000000     0.0000000000
  0.10000000   1.60000000     6.8294357724
  0.20000000   1.60000000    13.7266765846
  0.30000000   1.60000000    20.7614410860
  0.40000000   1.60000000    28.0074971620
  0.50000000   1.60000000    35.5451613619
  0.60000000   1.60000000    43.4645912397
  0.70000000   1.60000000    51.8701064601
  0.80000000   1.60000000    60.8864049172
  0.90000000   1.60000000    70.6674459048
  1.00000000   1.60000000    81.4100843085
  1.10000000   1.60000000    93.3756294643
  1.20000000   1.60000000   106.9277414424
  1.30000000   1.60000000   122.6101389604
  1.40000000   1.60000000   141.3512569323
  1.50000000   1.60000000   165.1618782392
  1.60000000   1.60000000   200.0000000000
  1.70000000   1.60000000   200.0000000000
  1.80000000   1.60000000   200.0000000000
  1.90000000   1.60000000   200.0000000000
  2.00000000   1.60000000   167.7872943423
  2.10000000   1.60000000   146.2716023082
  2.20000000   1.60000000   129.7724048686
  2.30000000   1.60000000   116.3878586998
  2.40000000   1.60000000   105.2547690620
  2.50000000   1.60000000    95.8806287101
  2.60000000   1.60000000    87.9475145273
  2.70000000   1.60000000    81.2375844867
  2.80000000   1.60000000    75.5968299276
  2.90000000   1.60000000    70.9145108786
  3.00000000   1.60000000    67.1103055950
  3.10000000   1.60000000    64.1260677928
  3.20000000   1.60000000    61.9202923172
  3.30000000   1.60000000    60.4645125735
  3.40000000   1.60000000    59.7409084468
  3.50000000   1.60000000    59.7409084468

  0.00000000   1.70000000     0.0000000000
  0.10000000   1.70000000     6.8813884295
  0.20000000   1.70000000    13.8330992080
  0.30000000   1.70000000    20.9276157636
  0.40000000   1.70000000    28.2419721798
  0.50000000   1.70000000    35.8606804257
  0.60000000   1.70000000    43.8795299192
  0.70000000   1.70000000    52.4108866163
  0.80000000   1.70000000    61.5913100814
  0.90000000   1.70000000    71.5930543302
  1.00000000   1.70000000    82.6418554058
  1.10000000   1.70000000    95.0453354105
  1.20000000   1.70000000   109.2386028279
  1.30000000   1.70000000   125.8548845660
  1.40000000   1.70000000   145.8137836868
  1.50000000   1.70000000   170.3108107443
  1.60000000   1.70000000   200.0000000000
  1.70000000   1.70000000   200.0000000000
  1.80000000   1.70000000   200.0000000000
  1.90000000   1.70000000   200.0000000000
  2.00000000   1.70000000   172.7747581379
  2.10000000   1.70000000   150.6174853553
  2.20000000   1.70000000   132.9535454621
  2.30000000   1.70000000   118.6729270362
  2.40000000   1.70000000   106.9248940071
  2.50000000   1.70000000    97.1325656731
  2.60000000   1.70000000    88.9100336699
  2.70000000   1.70000000    81.9953248769
  2.80000000   1.70000000    76.2069846258
  2.90000000   1.70000000    71.4170732828
  3.00000000   1.70000000    67.5343521925
  3.10000000   1.70000000    64.4935900868
  3.20000000   1.70000000    62.2487003813
  3.30000000   1.70000000    60.7682737305
  3.40000000   1.70000000    60.0327545750
  3.50000000   1.70000000    60.0327545750

  0.00000000   1.80000000     0.0000000000
  0.10000000   1.80000000     6.8813884295
  0.20000000   1.80000000    13.8330992080
  0.30000000   1.80000000    20.9276157636
  0.40000000   1.80000000    28.2419721798
  0.50000000   1.80000000    35.8606804257
  0.60000000   1.80000000    43.8795299192
  0.70000000   1.80000000    52.4108866163
  0.80000000   1.80000000    61.5913100814
  0.90000000   1.80000000    71.5930543302
  1.00000000   1.80000000    82.6418554058
  1.10000000   1.80000000    95.0453354105
  1.20000000   1.80000000   109.2386028279
  1.30000000   1.80000000   125.8548845660
  1.40000000   1.80000000   145.8137836868
  1.50000000   1.80000000   170.3108107443
  1.60000000   1.80000000   200.0000000000
  1.70000000   1.80000000   200.0000000000
  1.80000000   1.80000000   200.0000000000
  1.90000000   1.80000000   200.0000000000
  2.00000000   1.80000000   172.7747581379
  2.10000000   1.80000000   150.6174853553
  2.20000000   1.80000000   132.9535454621
  2.30000000   1.80000000   118.6729270362
  2.40000000   1.80000000   106.9248940071
  2.50000000   1.80000000    97.1325656731
  2.60000000   1.80000000    88.9100336699
  2.70000000   1.80000000    81.9953248769
  2.80000000   1.80000000    76.2069846258
  2.90000000   1.80000000    71.4170732828
  3.00000000   1.80000000    67.5343521925
  3.10000000   1.80000000    64.4935900868
  3.20000000   1.80000000    62.2487003813
  3.30000000   1.80000000    60.7682737305
  3.40000000   1.80000000    60.0327545750
  3.50000000   1.80000000    60.0327545750

  0.00000000   1.90000000     0.0000000000
  0.10000000   1.90000000     6.8294357724
  0.20000000   1.90000000    13.7266765846
  0.30000000   1.90000000    20.7614410860
  0.40000000   1.90000000    28.0074971620
  0.50000000   1.90000000    35.5451613619
  0.60000000   1.90000000    43.4645912397
  0.70000000   1.90000000    51.8701064601
  0.80000000   1.90000000    60.8864049172
  0.90000000   1.90000000    70.6674459048
  1.00000000   1.90000000    81.4100843085
  1.10000000   1.90000000    93.3756294643
  1.20000000   1.90000000   106.9277414424
  1.30000000   1.90000000   122.6101389604
  1.40000000   1.90000000   141.3512569323
  1.50000000   1.90000000   165.1618782392
  1.60000000   1.90000000   200.0000000000
  1.70000000   1.90000000   200.0000000000
  1.80000000   1.90000000   200.0000000000
  1.90000000   1.90000000   200.0000000000
  2.00000000   1.90000000   167.7872943423
  2.10000000   1.90000000   146.2716023082
  2.20000000   1.90000000   129.7724048686
  2.30000000   1.90000000   116.3878586998
  2.40000000   1.90000000   105.2547690620
  2.50000000   1.90000000    95.8806287101
  2.60000000   1.90000000    87.9475145273
  2.70000000   1.90000000    81.2375844867
  2.80000000   1.90000000    75.5968299276
  2.90000000   1.90000000    70.9145108786
  3.00000000   1.90000000    67.1103055950
  3.10000000   1.90000000    64.1260677928
  3.20000000   1.90000000    61.9202923172
  3.30000000   1.90000000    60.4645125735
  3.40000000   1.90000000    59.7409084468
  3.50000000   1.90000000    59.7409084468

  0.00000000   2.00000000     0.0000000000
  0.10000000   2.00000000     6.7281882648
  0.20000000   2.00000000    13.5193812989
  0.30000000   2.00000000    20.4380841624
  0.40000000   2.00000000    27.5518761571
  0.50000000   2.00000000    34.9333229111
  0.60000000   2.00000000    42.6621556446
  0.70000000   2.00000000    50.8281953923
  0.80000000   2.00000000    59.5348631221
  0.90000000   2.00000000    68.9039258923
  1.00000000   2.00000000    79.0811631929
  1.10000000   2.00000000    90.2432637336
  1.20000000   2.00000000   102.6038390637
  1.30000000   2.00000000   116.4115356924
  1.40000000   2.00000000   131.9041136017
  1.50000000   2.00000000   149.0391113854
  1.60000000   2.00000000   166.0499775485
  1.70000000   2.00000000   171.6950812949
  1.80000000   2.00000000   172.0837622984
  1.90000000   2.00000000   167.4056802348
  2.00000000   2.00000000   152.1964588407
  2.10000000   2.00000000   137.0680917586
  2.20000000   2.00000000   123.6871688258
  2.30000000   2.00000000   112.1048479713
  2.40000000   2.00000000   102.1156884284
  2.50000000   2.00000000    93.5088013911
  2.60000000   2.00000000    86.1096605449
  2.70000000   2.00000000    79.7812559249
  2.80000000   2.00000000    74.4181102997
  2.90000000   2.00000000    69.9397299043
  3.00000000   2.00000000    66.2852848844
  3.10000000   2.00000000    63.4093299548
  3.20000000   2.00000000    61.2787504901
  3.30000000   2.00000000    59.8704449912
  3.40000000   2.00000000    59.1698273375
  3.50000000   2.00000000    59.1698273375

  0.00000000   2.10000000     0.0000000000
  0.10000000   2.10000000     6.5827017424
  0.20000000   2.10000000    13.2217861772
  0.30000000   2.10000000    19.9745595290
  0.40000000   2.10000000    26.9002703389
  0.50000000   2.10000000    34.0610644003
  0.60000000   2.10000000    41.5231706923
  0.70000000   2.10000000    49.3578481840
  0.80000000   2.10000000    57.6423894389
  0.90000000   2.10000000    66.4600948772
  1.00000000   2.10000000    75.8986570249
  1.10000000   2.10000000    86.0434603238
  1.20000000   2.10000000    96.9597516992
  1.30000000   2.10000000   108.6462850136
  1.40000000   2.10000000   120.9191994488
  1.50000000   2.10000000   133.1264388027
  1.60000000   2.10000000   143.5309183710
  1.70000000   2.10000000   148.7083266603
  1.80000000   2.10000000   149.3021670004
  1.90000000   2.10000000   145.4288975843
  2.00000000   2.10000000   136.6594173756
  2.10000000   2.10000000   126.3001574899
  2.20000000   2.10000000   116.0298228766
  2.30000000   2.10000000   106.4934688620
  2.40000000   2.10000000    97.8925513002
  2.50000000   2.10000000    90.2566361282
  2.60000000   2.10000000    83.5537032300
  2.70000000   2.10000000    77.7340912468
  2.80000000   2.10000000    72.7475075237
  2.90000000   2.10000000    68.5494293267
  3.00000000   2.10000000    65.1028122645
  3.10000000   2.10000000    62.3782568328
  3.20000000   2.10000000    60.3533373067
  3.30000000   2.10000000    59.0119923839
  3.40000000   2.10000000    58.3438515897
  3.50000000   2.10000000    58.3438515897

  0.00000000   2.20000000     0.0000000000
  0.10000000   2.20000000     6.3999931831
  0.20000000   2.20000000    12.8484630750
  0.30000000   2.20000000    19.3942632022
  0.40000000   2.20000000    26.0868834863
  0.50000000   2.20000000    32.9767513785
  0.60000000   2.20000000    40.1150869068
  0.70000000   2.20000000    47.5535745584
  0.80000000   2.20000000    55.3427927908
  0.90000000   2.20000000    63.5292563167
  1.00000000   2.20000000    72.1486568809
  1.10000000   2.20000000    81.2130263888
  1.20000000   2.20000000    90.6850919245
  1.30000000   2.20000000   100.4301330025
  1.40000000   2.20000000   110.1282873062
  1.50000000   2.20000000   119.1361819621
  1.60000000   2.20000000   126.3514061813
  1.70000000   2.20000000   130.4185899304
  1.80000000   2.20000000   131.1105777315
  1.90000000   2.20000000   128.4908288253
  2.00000000   2.20000000   122.8869603779
  2.10000000   2.20000000   115.6542770430
  2.20000000   2.20000000   107.8850131511
  2.30000000   2.20000000   100.2261051549
  2.40000000   2.20000000    93.0137650935
  2.50000000   2.20000000    86.4073865469
  2.60000000   2.20000000    80.4738089131
  2.70000000   2.20000000    75.2336013284
  2.80000000   2.20000000    70.6856457443
  2.90000000   2.20000000    66.8195799508
  3.00000000   2.20000000    63.6223247302
  3.10000000   2.20000000    61.0810968238
  3.20000000   2.20000000    59.1850212438
  3.30000000   2.20000000    57.9256764342
  3.40000000   2.20000000    57.2974239271
  3.50000000   2.20000000    57.2974239271

  0.00000000   2.30000000     0.0000000000
  0.10000000   2.30000000     6.1884312609
  0.20000000   2.30000000    12.4167830708
  0.30000000   2.30000000    18.7247758683
  0.40000000   2.30000000    25.1517230501
  0.50000000   2.30000000    31.7359378937
  0.60000000   2.30000000    38.5139911040
  0.70000000   2.30000000    45.5189477442
  0.80000000   2.30000000    52.7777900755
  0.90000000   2.30000000    60.3063831340
  1.00000000   2.30000000    68.1015328155
  1.10000000   2.30000000    76.1270459955
  1.20000000   2.30000000    84.2917312308
  1.30000000   2.30000000    92.4149417338
  1.40000000   2.30000000   100.1801676212
  1.50000000   2.30000000   107.0892088433
  1.60000000   2.30000000   112.4707186301
  1.70000000   2.30000000   115.6597994414
  1.80000000   2.30000000   116.3976416037
  1.90000000   2.30000000   114.7219005026
  2.00000000   2.30000000   110.9532890787
  2.10000000   2.30000000   105.7834778286
  2.20000000   2.30000000    99.8975044448
  2.30000000   2.30000000    93.8080644312
  2.40000000   2.30000000    87.8511014877
  2.50000000   2.30000000    82.2313984998
  2.60000000   2.30000000    77.0679192868
  2.70000000   2.30000000    72.4271369955
  2.80000000   2.30000000    68.3443891816
  2.90000000   2.30000000    64.8372943186
  3.00000000   2.30000000    61.9135114291
  3.10000000   2.30000000    59.5755694621
  3.20000000   2.30000000    57.8234413905
  3.30000000   2.30000000    56.6562223133
  3.40000000   2.30000000    56.0729052956
  3.50000000   2.30000000    56.0729052956

  0.00000000   2.40000000     0.0000000000
  0.10000000   2.40000000     5.9571502608
  0.20000000   2.40000000    11.9455295476
  0.30000000   2.40000000    17.9957748220
  0.40000000   2.40000000    24.1371258052
  0.50000000   2.40000000    30.3965476840
  0.60000000   2.40000000    36.7971252872
  0.70000000   2.40000000    43.3560732166
  0.80000000   2.40000000    50.0811723012
  0.90000000   2.40000000    56.9659252217
  1.00000000   2.40000000    63.9816164360
  1.10000000   2.40000000    71.0663434658
  1.20000000   2.40000000    78.1091188379
  1.30000000   2.40000000    84.9305885109
  1.40000000   2.40000000    91.2636562581
  1.50000000   2.40000000    96.7481574796
  1.60000000   2.40000000   100.9653645017
  1.70000000   2.40000000   103.5430136930
  1.80000000   2.40000000   104.3010786300
  1.90000000   2.40000000   103.2652987226
  2.00000000   2.40000000   100.6611806966
  2.10000000   2.40000000    96.8927187195
  2.20000000   2.40000000    92.4019116642
  2.30000000   2.40000000    87.5701326887
  2.40000000   2.40000000    82.6868587612
  2.50000000   2.40000000    77.9561135803
  2.60000000   2.40000000    73.5156905845
  2.70000000   2.40000000    69.4561243551
  2.80000000   2.40000000    65.8360756451
  2.90000000   2.40000000    62.6930319882
  3.00000000   2.40000000    60.0508910340
  3.10000000   2.40000000    57.9246582836
  3.20000000   2.40000000    56.3237449013
  3.30000000   2.40000000    55.2538205535
  3.40000000   2.40000000    54.7181337968
  3.50000000   2.40000000    54.7181337968

  0.00000000   2.50000000     0.0000000000
  0.10000000   2.50000000     5.7154301367
  0.20000000   2.50000000    11.4537661447
  0.30000000   2.50000000    17.2369578253
  0.40000000   2.50000000    23.0850257378
  0.50000000   2.50000000    29.0146382279
  0.60000000   2.50000000    35.0375577925
  0.70000000   2.50000000    41.1580763615
  0.80000000   2.50000000    47.3699721407
  0.90000000   2.50000000    53.6517017178
  1.00000000   2.50000000    59.9605238113
  1.10000000   2.50000000    66.2242460661
  1.20000000   2.50000000    72.3320973828
  1.30000000   2.50000000    78.1252501159
  1.40000000   2.50000000    83.3923736503
  1.50000000   2.50000000    87.8772245318
  1.60000000   2.50000000    91.3099620515
  1.70000000   2.50000000    93.4658713951
  1.80000000   2.50000000    94.2309929113
  1.90000000   2.50000000    93.6252676047
  2.00000000   2.50000000    91.7999744270
  2.10000000   2.50000000    89.0111284290
  2.20000000   2.50000000    85.5551454801
  2.30000000   2.50000000    81.7126413268
  2.40000000   2.50000000    77.7192082581
  2.50000000   2.50000000    73.7587162188
  2.60000000   2.50000000    69.9681430413
  2.70000000   2.50000000    66.4468757886
  2.80000000   2.50000000    63.2657042030
  2.90000000   2.50000000    60.4747131912
  3.00000000   2.50000000    58.1089672801
  3.10000000   2.50000000    56.1929576794
  3.20000000   2.50000000    54.7434197495
  3.30000000   2.50000000    53.7714933857
  3.40000000   2.50000000    53.2839250296
  3.50000000   2.50000000    53.2839250296

  0.00000000   2.60000000     0.0000000000
  0.10000000   2.60000000     5.4722602943
  0.20000000   2.60000000    10.9597564449
  0.30000000   2.60000000    16.4766281940
  0.40000000   2.60000000    22.0346201981
  0.50000000   2.60000000    27.6417747931
  0.60000000   2.60000000    33.3004959423
  0.70000000   2.60000000    39.0055147658
  0.80000000   2.60000000    44.7407741805
  0.90000000   2.60000000    50.4760622831
  1.00000000   2.60000000    56.1622940931
  1.10000000   2.60000000    61.7267895568
  1.20000000   2.60000000    67.0681065895
  1.30000000   2.60000000    72.0532473298
  1.40000000   2.60000000    76.5190323858
  1.50000000   2.60000000    80.2828343531
  1.60000000   2.60000000    83.1652754039
  1.70000000   2.60000000    85.0244382694
  1.80000000   2.60000000    85.7895054144
  1.90000000   2.60000000    85.4774074285
  2.00000000   2.60000000    84.1915775184
  2.10000000   2.60000000    82.1038057242
  2.20000000   2.60000000    79.4206256105
  2.30000000   2.60000000    76.3502523560
  2.40000000   2.60000000    73.0808336854
  2.50000000   2.60000000    69.7704982101
  2.60000000   2.60000000    66.5461741738
  2.70000000   2.60000000    63.5065039522
  2.80000000   2.60000000    60.7267763224
  2.90000000   2.60000000    58.2635120418
  3.00000000   2.60000000    56.1588125609
  3.10000000   2.60000000    54.4434806680
  3.20000000   2.60000000    53.1396828015
  3.30000000   2.60000000    52.2626031011
  3.40000000   2.60000000    51.8217786959
  3.50000000   2.60000000    51.8217786959

  0.00000000   2.70000000     0.0000000000
  0.10000000   2.70000000     5.2359326552
  0.20000000   2.70000000    10.4803443830
  0.30000000   2.70000000    15.7404827898
  0.40000000   2.70000000    21.0211581979
  0.50000000   2.70000000    26.3231879706
  0.60000000   2.70000000    31.6419001911
  0.70000000   2.70000000    36.9649607253
  0.80000000   2.70000000    42.2702866159
  0.90000000   2.70000000    47.5231032311
  1.00000000   2.70000000    52.6733159500
  1.10000000   2.70000000    57.6524285749
  1.20000000   2.70000000    62.3718782313
  1.30000000   2.70000000    66.7228523481
  1.40000000   2.70000000    70.5804466126
  1.50000000   2.70000000    73.8129485733
  1.60000000   2.70000000    76.2980473567
  1.70000000   2.70000000    77.9431053825
  1.80000000   2.70000000    78.7042636126
  1.90000000   2.70000000    78.5966642011
  2.00000000   2.70000000    77.6939238278
  2.10000000   2.70000000    76.1169753388
  2.20000000   2.70000000    74.0149510121
  2.30000000   2.70000000    71.5451925315
  2.40000000   2.70000000    68.8576522542
  2.50000000   2.70000000    66.0858970853
  2.60000000   2.70000000    63.3432441704
  2.70000000   2.70000000    60.7228603044
  2.80000000   2.70000000    58.2993986236
  2.90000000   2.70000000    56.1317677912
  3.00000000   2.70000000    54.2655478489
  3.10000000   2.70000000    52.7354861063
  3.20000000   2.70000000    51.5672173426
  3.30000000   2.70000000    50.7788444681
  3.40000000   2.70000000    50.3818558383
  3.50000000   2.70000000    50.3818558383

  0.00000000   2.80000000     0.0000000000
  0.10000000   2.80000000     5.0138614044
  0.20000000   2.80000000    10.0304075016
  0.30000000   2.80000000    15.0511379591
  0.40000000   2.80000000    20.0750397159
  0.50000000   2.80000000    25.0973550811
  0.60000000   2.80000000    30.1079447812
  0.70000000   2.80000000    35.0898519943
  0.80000000   2.80000000    40.0173040550
  0.90000000   2.80000000    44.8541227524
  1.00000000   2.80000000    49.5517290084
  1.10000000   2.80000000    54.0481444751
  1.20000000   2.80000000    58.2674557917
  1.30000000   2.80000000    62.1216334748
  1.40000000   2.80000000    65.5145561655
  1.50000000   2.80000000    68.3499631272
  1.60000000   2.80000000    70.5423028081
  1.70000000   2.80000000    72.0296678582
  1.80000000   2.80000000    72.7849282062
  1.90000000   2.80000000    72.8221266709
  2.00000000   2.80000000    72.1961250510
  2.10000000   2.80000000    70.9958408995
  2.20000000   2.80000000    69.3328604916
  2.30000000   2.80000000    67.3287104540
  2.40000000   2.80000000    65.1041223079
  2.50000000   2.80000000    62.7713577645
  2.60000000   2.80000000    60.4301700938
  2.70000000   2.80000000    58.1660421759
  2.80000000   2.80000000    56.0504879933
  2.90000000   2.80000000    54.1418989230
  3.00000000   2.80000000    52.4871359122
  3.10000000   2.80000000    51.1227936993
  3.20000000   2.80000000    50.0766437179
  3.30000000   2.80000000    49.3685516402
  3.40000000   2.80000000    49.0113664892
  3.50000000   2.80000000    49.0113664892

  0.00000000   2.90000000     0.0000000000
  0.10000000   2.90000000     4.8124116865
  0.20000000   2.90000000     9.6227420956
  0.30000000   2.90000000    14.4277296174
  0.40000000   2.90000000    19.2218171004
  0.50000000   2.90000000    23.9958258518
  0.60000000   2.90000000    28.7358339438
  0.70000000   2.90000000    33.4216986481
  0.80000000   2.90000000    38.0259757679
  0.90000000   2.90000000    42.5125168736
  1.00000000   2.90000000    46.8358285079
  1.10000000   2.90000000    50.9405056014
  1.20000000   2.90000000    54.7621290047
  1.30000000   2.90000000    58.2290948235
  1.40000000   2.90000000    61.2667910592
  1.50000000   2.90000000    63.8033897172
  1.60000000   2.90000000    65.7777371514
  1.70000000   2.90000000    67.1474568837
  1.80000000   2.90000000    67.8960691056
  1.90000000   2.90000000    68.0368174985
  2.00000000   2.90000000    67.6125393264
  2.10000000   2.90000000    66.6914567238
  2.20000000   2.90000000    65.3600016831
  2.30000000   2.90000000    63.7146079483
  2.40000000   2.90000000    61.8539618488
  2.50000000   2.90000000    59.8731648312
  2.60000000   2.90000000    57.8596307680
  2.70000000   2.90000000    55.8910780912
  2.80000000   2.90000000    54.0345346395
  2.90000000   2.90000000    52.3465607017
  3.00000000   2.90000000    50.8736166703
  3.10000000   2.90000000    49.6529653798
  3.20000000   2.90000000    48.7132978641
  3.30000000   2.90000000    48.0755393008
  3.40000000   2.90000000    47.7532969077
  3.50000000   2.90000000    47.7532969077

  0.00000000   3.00000000     0.0000000000
  0.10000000   3.00000000     4.6369146466
  0.20000000   3.00000000     9.2679253159
  0.30000000   3.00000000    13.8860674270
  0.40000000   3.00000000    18.4821784325
  0.50000000   3.00000000    23.0439123489
  0.60000000   3.00000000    27.5545541163
  0.70000000   3.00000000    31.9921653081
  0.80000000   3.00000000    36.3285086216
  0.90000000   3.00000000    40.5285641966
  1.00000000   3.00000000    44.5500010198
  1.10000000   3.00000000    48.3436511095
  1.20000000   3.00000000    51.8543683225
  1.30000000   3.00000000    55.0233986614
  1.40000000   3.00000000    57.7915887367
  1.50000000   3.00000000    60.1042041077
  1.60000000   3.00000000    61.9162488163
  1.70000000   3.00000000    63.1981467974
  1.80000000   3.00000000    63.9401734314
  1.90000000   3.00000000    64.1550339502
  2.00000000   3.00000000    63.8777083757
  2.10000000   3.00000000    63.1627517055
  2.20000000   3.00000000    62.0796464086
  2.30000000   3.00000000    60.7071294549
  2.40000000   3.00000000    59.1277565499
  2.50000000   3.00000000    57.4231173991
  2.60000000   3.00000000    55.6704675100
  2.70000000   3.00000000    53.9402875267
  2.80000000   3.00000000    52.2951365657
  2.90000000   3.00000000    50.7889536783
  3.00000000   3.00000000    49.4671493262
  3.10000000   3.00000000    48.3666951192
  3.20000000   3.00000000    47.5166031536
  3.30000000   3.00000000    46.9381968067
  3.40000000   3.00000000    46.6455206230
  3.50000000   3.00000000    46.6455206230

  0.00000000   3.10000000     0.0000000000
  0.10000000   3.10000000     4.4916458962
  0.20000000   3.10000000     8.9744797830
  0.30000000   3.10000000    13.4386802172
  0.40000000   3.10000000    17.8724832112
  0.50000000   3.10000000    22.2611614687
  0.60000000   3.10000000    26.5862442941
  0.70000000   3.10000000    30.8246162154
  0.80000000   3.10000000    34.9480607256
  0.90000000   3.10000000    38.9227601207
  1.00000000   3.10000000    42.7095145055
  1.10000000   3.10000000    46.2641378430
  1.20000000   3.10000000    49.5388912404
  1.30000000   3.10000000    52.4843653466
  1.40000000   3.10000000    55.0525440557
  1.50000000   3.10000000    57.2002805316
  1.60000000   3.10000000    58.8934586994
  1.70000000   3.10000000    60.1107729423
  1.80000000   3.10000000    60.8469009847
  1.90000000   3.10000000    61.1141198131
  2.00000000   3.10000000    60.9422533173
  2.10000000   3.10000000    60.3768323969
  2.20000000   3.10000000    59.4758588686
  2.30000000   3.10000000    58.3058606482
  2.40000000   3.10000000    56.9377068198
  2.50000000   3.10000000    55.4429688786
  2.60000000   3.10000000    53.8907860106
  2.70000000   3.10000000    52.3457376381
  2.80000000   3.10000000    50.8662212540
  2.90000000   3.10000000    49.5036826883
  3.00000000   3.10000000    48.3020571547
  3.10000000   3.10000000    47.2977480314
  3.20000000   3.10000000    46.5195736112
  3.30000000   3.10000000    45.9889871359
  3.40000000   3.10000000    45.7201618765
  3.50000000   3.10000000    45.7201618765

  0.00000000   3.20000000     0.0000000000
  0.10000000   3.20000000     4.3799238152
  0.20000000   3.20000000     8.7489289784
  0.30000000   3.20000000    13.0951913359
  0.40000000   3.20000000    17.4050555550
  0.50000000   3.20000000    21.6622543519
  0.60000000   3.20000000    25.8470886890
  0.70000000   3.20000000    29.9359186783
  0.80000000   3.20000000    33.9006583964
  0.90000000   3.20000000    37.7087838173
  1.00000000   3.20000000    41.3234711430
  1.10000000   3.20000000    44.7044711348
  1.20000000   3.20000000    47.8092807573
  1.30000000   3.20000000    50.5951852691
  1.40000000   3.20000000    53.0216300157
  1.50000000   3.20000000    55.0532675496
  1.60000000   3.20000000    56.6629658862
  1.70000000   3.20000000    57.8347794920
  1.80000000   3.20000000    58.5661176037
  1.90000000   3.20000000    58.8689799403
  2.00000000   3.20000000    58.7698611447
  2.10000000   3.20000000    58.3084267243
  2.20000000   3.20000000    57.5351706016
  2.30000000   3.20000000    56.5083764391
  2.40000000   3.20000000    55.2909446359
  2.50000000   3.20000000    53.9472586945
  2.60000000   3.20000000    52.5406010157
  2.70000000   3.20000000    51.1309424835
  2.80000000   3.20000000    49.7734564462
  2.90000000   3.20000000    48.5173489673
  3.00000000   3.20000000    47.4052728116
  3.10000000   3.20000000    46.4728718872
  3.20000000   3.20000000    45.7486902949
  3.30000000   3.20000000    45.2540687804
  3.40000000   3.20000000    45.0032166865
  3.50000000   3.20000000    45.0032166865

  0.00000000   3.30000000     0.0000000000
  0.10000000   3.30000000     4.3041442017
  0.20000000   3.30000000     8.5960197561
  0.30000000   3.30000000    12.8624908627
  0.40000000   3.30000000    17.0887476357
  0.50000000   3.30000000    21.2575117043
  0.60000000   3.30000000    25.3484323229
  0.70000000   3.30000000    29.3375393728
  0.80000000   3.30000000    33.1970417679
  0.90000000   3.30000000    36.8952772791
  1.00000000   3.30000000    40.3971798507
  1.10000000   3.30000000    43.6650212469
  1.20000000   3.30000000    46.6597969574
  1.30000000   3.30000000    49.3429392201
  1.40000000   3.30000000    51.6786132162
  1.50000000   3.30000000    53.6361560249
  1.60000000   3.30000000    55.1926993439
  1.70000000   3.30000000    56.3354371888
  1.80000000   3.30000000    57.0634199138
  1.90000000   3.30000000    57.3884486609
  2.00000000   3.30000000    57.3350257828
  2.10000000   3.30000000    56.9393028049
  2.20000000   3.30000000    56.2471917601
  2.30000000   3.30000000    55.3119430363
  2.40000000   3.30000000    54.1914187324
  2.50000000   3.30000000    52.9454712887
  2.60000000   3.30000000    51.6334891248
  2.70000000   3.30000000    50.3124245374
  2.80000000   3.30000000    49.0351477931
  2.90000000   3.30000000    47.8493302749
  3.00000000   3.30000000    46.7965825423
  3.10000000   3.30000000    45.9119903843
  3.20000000   3.30000000    45.2237702542
  3.30000000   3.30000000    44.7531562735
  3.40000000   3.30000000    44.5143066203
  3.50000000   3.30000000    44.5143066203

  0.00000000   3.40000000     0.0000000000
  0.10000000   3.40000000     4.2658720507
  0.20000000   3.40000000     8.5188099663
  0.30000000   3.40000000    12.7450519816
  0.40000000   3.40000000    16.9292069781
  0.50000000   3.40000000    21.0535450961
  0.60000000   3.40000000    25.0973788175
  0.70000000   3.40000000    29.0366481010
  0.80000000   3.40000000    32.8436918093
  0.90000000   3.40000000    36.4873588147
  1.00000000   3.40000000    39.9334246368
  1.10000000   3.40000000    43.1454731807
  1.20000000   3.40000000    46.0861652115
  1.30000000   3.40000000    48.7189911049
  1.40000000   3.40000000    51.0103310124
  1.50000000   3.40000000    52.9317813177
  1.60000000   3.40000000    54.4624448304
  1.70000000   3.40000000    55.5910063180
  1.80000000   3.40000000    56.3172594438
  1.90000000   3.40000000    56.6529174239
  2.00000000   3.40000000    56.6215458664
  2.10000000   3.40000000    56.2576383238
  2.20000000   3.40000000    55.6049548544
  2.30000000   3.40000000    54.7143277153
  2.40000000   3.40000000    53.6412206108
  2.50000000   3.40000000    52.4432493035
  2.60000000   3.40000000    51.1779158497
  2.70000000   3.40000000    49.9006247787
  2.80000000   3.40000000    48.6631112943
  2.90000000   3.40000000    47.5122120055
  3.00000000   3.40000000    46.4890164105
  3.10000000   3.40000000    45.6282681516
  3.20000000   3.40000000    44.9580183298
  3.30000000   3.40000000    44.4994060741
  3.40000000   3.40000000    44.2665637696
  3.50000000   3.40000000    44.2665637696

  0.00000000   3.50000000     0.0000000000
  0.10000000   3.50000000     4.2658720507
  0.20000000   3.50000000     8.5188099663
  0.30000000   3.50000000    12.7450519816
  0.40000000   3.50000000    16.9292069781
  0.50000000   3.50000000    21.0535450961
  0.60000000   3.50000000    25.0973788175
  0.70000000   3.50000000    29.0366481010
  0.80000000   3.50000000    32.8436918093
  0.90000000   3.50000000    36.4873588147
  1.00000000   3.50000000    39.9334246368
  1.10000000   3.50000000    43.1454731807
  1.20000000   3.50000000    46.0861652115
  1.30000000   3.50000000    48.7189911049
  1.40000000   3.50000000    51.0103310124
  1.50000000   3.50000000    52.9317813177
  1.60000000   3.50000000    54.4624448304
  1.70000000   3.50000000    55.5910063180
  1.80000000   3.50000000    56.3172594438
  1.90000000   3.50000000    56.6529174239
  2.00000000   3.50000000    56.6215458664
  2.10000000   3.50000000    56.2576383238
  2.20000000   3.50000000    55.6049548544
  2.30000000   3.50000000    54.7143277153
  2.40000000   3.50000000    53.6412206108
  2.50000000   3.50000000    52.4432493035
  2.60000000   3.50000000    51.1779158497
  2.70000000   3.50000000    49.9006247787
  2.80000000   3.50000000    48.6631112943
  2.90000000   3.50000000    47.5122120055
  3.00000000   3.50000000    46.4890164105
  3.10000000   3.50000000    45.6282681516
  3.20000000   3.50000000    44.9580183298
  3.30000000   3.50000000    44.4994060741
  3.40000000   3.50000000    44.2665637696
  3.50000000   3.50000000    44.2665637696

