  0.00000000   0.00000000     0.0000000000
  0.10000000   0.00000000     7.0533502858
  0.20000000   0.00000000    14.0859941729
  0.30000000   0.00000000    21.0767664637
  0.40000000   0.00000000    28.0036060524
  0.50000000   0.00000000    34.8431644268
  0.60000000   0.00000000    41.5704878900
  0.70000000   0.00000000    48.1588071050
  0.80000000   0.00000000    54.5794732392
  0.90000000   0.00000000    60.8020840729
  1.00000000   0.00000000    66.7948434478
  1.10000000   0.00000000    72.5251902945
  1.20000000   0.00000000    77.9607160501
  1.30000000   0.00000000    83.0703593782
  1.40000000   0.00000000    87.8258251508
  1.50000000   0.00000000    92.2031253839
  1.60000000   0.00000000    96.1840932439
  1.70000000   0.00000000    99.7576914465
  1.80000000   0.00000000   102.9209371900
  1.90000000   0.00000000   105.6793042693
  2.00000000   0.00000000   108.0465342546
  2.10000000   0.00000000   110.0438759463
  2.20000000   0.00000000   111.6988536791
  2.30000000   0.00000000   113.0437211675
  2.40000000   0.00000000   114.1137781580
  2.50000000   0.00000000   114.9457133999
  2.60000000   0.00000000   115.5760996577
  2.70000000   0.00000000   116.0401184705
  2.80000000   0.00000000   116.3705462212
  2.90000000   0.00000000   116.5969964058
  3.00000000   0.00000000   116.7453886253
  3.10000000   0.00000000   116.8376021480
  3.20000000   0.00000000   116.8912684399
  3.30000000   0.00000000   116.9196599369
  3.40000000   0.00000000   116.9316389344
  3.50000000   0.00000000   116.9316389344

  0.00000000   0.10000000     0.0000000000
  0.10000000   0.10000000     7.0533502858
  0.20000000   0.10000000    14.0859941729
  0.30000000   0.10000000    21.0767664637
  0.40000000   0.10000000    28.0036060524
  0.50000000   0.10000000    34.8431644268
  0.60000000   0.10000000    41.5704878900
  0.70000000   0.10000000    48.1588071050
  0.80000000   0.10000000    54.5794732392
  0.90000000   0.10000000    60.8020840729
  1.00000000   0.10000000    66.7948434478
  1.10000000   0.10000000    72.5251902945
  1.20000000   0.10000000    77.9607160501
  1.30000000   0.10000000    83.0703593782
  1.40000000   0.10000000    87.8258251508
  1.50000000   0.10000000    92.2031253839
  1.60000000   0.10000000    96.1840932439
  1.70000000   0.10000000    99.7576914465
  1.80000000   0.10000000   102.9209371900
  1.90000000   0.10000000   105.6793042693
  2.00000000   0.10000000   108.0465342546
  2.10000000   0.10000000   110.0438759463
  2.20000000   0.10000000   111.6988536791
  2.30000000   0.10000000   113.0437211675
  2.40000000   0.10000000   114.1137781580
  2.50000000   0.10000000   114.9457133999
  2.60000000   0.10000000   115.5760996577
  2.70000000   0.10000000   116.0401184705
  2.80000000   0.10000000   116.3705462212
  2.90000000   0.10000000   116.5969964058
  3.00000000   0.10000000   116.7453886253
  3.10000000   0.10000000   116.8376021480
  3.20000000   0.10000000   116.8912684399
  3.30000000   0.10000000   116.9196599369
  3.40000000   0.10000000   116.9316389344
  3.50000000   0.10000000   116.9316389344

  0.00000000   0.20000000     0.0000000000
  0.10000000   0.20000000     7.0786710901
  0.20000000   0.20000000    14.1370931595
  0.30000000   0.20000000    21.1545370961
  0.40000000   0.20000000    28.1093330431
  0.50000000   0.20000000    34.9784511359
  0.60000000   0.20000000    41.7371504051
  0.70000000   0.20000000    48.3587292423
  0.80000000   0.20000000    54.8144182660
  0.90000000   0.20000000    61.0734629890
  1.00000000   0.20000000    67.1034467750
  1.10000000   0.20000000    72.8709005892
  1.20000000   0.20000000    78.3422307954
  1.30000000   0.20000000    83.4849659658
  1.40000000   0.20000000    88.2692770105
  1.50000000   0.20000000    92.6696656849
  1.60000000   0.20000000    96.6666559238
  1.70000000   0.20000000   100.2482788476
  1.80000000   0.20000000   103.4111360615
  1.90000000   0.20000000   106.1608692963
  2.00000000   0.20000000   108.5119523048
  2.10000000   0.20000000   110.4868302104
  2.20000000   0.20000000   112.1145320940
  2.30000000   0.20000000   113.4289489430
  2.40000000   0.20000000   114.4669884005
  2.50000000   0.20000000   115.2667937074
  2.60000000   0.20000000   115.8661626454
  2.70000000   0.20000000   116.3012422104
  2.80000000   0.20000000   116.6055210547
  2.90000000   0.20000000   116.8091022538
  3.00000000   0.20000000   116.9382152478
  3.10000000   0.20000000   117.0149155924
  3.20000000   0.20000000   117.0569206418
  3.30000000   0.20000000   117.0775347290
  3.40000000   0.20000000   117.0856259047
  3.50000000   0.20000000   117.0856259047

  0.00000000   0.30000000     0.0000000000
  0.10000000   0.30000000     7.1288327574
  0.20000000   0.30000000    14.2383521634
  0.30000000   0.30000000    21.3087244567
  0.40000000   0.30000000    28.3190897116
  0.50000000   0.30000000    35.2470883976
  0.60000000   0.30000000    42.0684438749
  0.70000000   0.30000000    48.7566331750
  0.80000000   0.30000000    55.2826893023
  0.90000000   0.30000000    61.6151899443
  1.00000000   0.30000000    67.7204972147
  1.10000000   0.30000000    73.5633164294
  1.20000000   0.30000000    79.1076326153
  1.30000000   0.30000000    84.3180541323
  1.40000000   0.30000000    89.1615376663
  1.50000000   0.30000000    93.6093884532
  1.60000000   0.30000000    97.6393366060
  1.70000000   0.30000000   101.2374127091
  1.80000000   0.30000000   104.3993203002
  1.90000000   0.30000000   107.1310564406
  2.00000000   0.30000000   109.4486590202
  2.10000000   0.30000000   111.3771207245
  2.20000000   0.30000000   112.9486548579
  2.30000000   0.30000000   114.2005874714
  2.40000000   0.30000000   115.1731645786
  2.50000000   0.30000000   115.9075130850
  2.60000000   0.30000000   116.4439096617
  2.70000000   0.30000000   116.8204248238
  2.80000000   0.30000000   117.0719404641
  2.90000000   0.30000000   117.2294952788
  3.00000000   0.30000000   117.3198917851
  3.10000000   0.30000000   117.3654946954
  3.20000000   0.30000000   117.3841565660
  3.30000000   0.30000000   117.3892175849
  3.40000000   0.30000000   117.3895386454
  3.50000000   0.30000000   117.3895386454

  0.00000000   0.40000000     0.0000000000
  0.10000000   0.40000000     7.2028549875
  0.20000000   0.40000000    14.3878501314
  0.30000000   0.40000000    21.5365506438
  0.40000000   0.40000000    28.6293787076
  0.50000000   0.40000000    35.6450626370
  0.60000000   0.40000000    42.5601209747
  0.70000000   0.40000000    49.3484106395
  0.80000000   0.40000000    55.9807839637
  0.90000000   0.40000000    62.4249188683
  1.00000000   0.40000000    68.6454072488
  1.10000000   0.40000000    74.6042036897
  1.20000000   0.40000000    80.2615406249
  1.30000000   0.40000000    85.5773935042
  1.40000000   0.40000000    90.5135154507
  1.50000000   0.40000000    95.0359467122
  1.60000000   0.40000000    99.1177510471
  1.70000000   0.40000000   102.7415825543
  1.80000000   0.40000000   105.9016146931
  1.90000000   0.40000000   108.6044322250
  2.00000000   0.40000000   110.8686938090
  2.10000000   0.40000000   112.7236359900
  2.20000000   0.40000000   114.2067191259
  2.30000000   0.40000000   115.3608467411
  2.40000000   0.40000000   116.2315886796
  2.50000000   0.40000000   116.8647318910
  2.60000000   0.40000000   117.3043338964
  2.70000000   0.40000000   117.5913196477
  2.80000000   0.40000000   117.7625710093
  2.90000000   0.40000000   117.8504121147
  3.00000000   0.40000000   117.8823823928
  3.10000000   0.40000000   117.8811981165
  3.20000000   0.40000000   117.8648214593
  3.30000000   0.40000000   117.8465759291
  3.40000000   0.40000000   117.8352649432
  3.50000000   0.40000000   117.8352649432

  0.00000000   0.50000000     0.0000000000
  0.10000000   0.50000000     7.2992185763
  0.20000000   0.50000000    14.5826020009
  0.30000000   0.50000000    21.8336792627
  0.40000000   0.50000000    29.0347031595
  0.50000000   0.50000000    36.1660048292
  0.60000000   0.50000000    43.2053507585
  0.70000000   0.50000000    50.1273238386
  0.80000000   0.50000000    56.9027711867
  0.90000000   0.50000000    63.4983908849
  1.00000000   0.50000000    69.8765668729
  1.10000000   0.50000000    75.9956012084
  1.20000000   0.50000000    81.8105236969
  1.30000000   0.50000000    87.2746580800
  1.40000000   0.50000000    92.3420595487
  1.50000000   0.50000000    96.9707793495
  1.60000000   0.50000000   101.1266554723
  1.70000000   0.50000000   104.7870366742
  1.80000000   0.50000000   107.9436653097
  1.90000000   0.50000000   110.6040315922
  2.00000000   0.50000000   112.7908803999
  2.10000000   0.50000000   114.5400054980
  2.20000000   0.50000000   115.8968458193
  2.30000000   0.50000000   116.9126040754
  2.40000000   0.50000000   117.6405646789
  2.50000000   0.50000000   118.1330618978
  2.60000000   0.50000000   118.4392794165
  2.70000000   0.50000000   118.6038525000
  2.80000000   0.50000000   118.6661274657
  2.90000000   0.50000000   118.6598960642
  3.00000000   0.50000000   118.6134342274
  3.10000000   0.50000000   118.5497081392
  3.20000000   0.50000000   118.4866480078
  3.30000000   0.50000000   118.4374224555
  3.40000000   0.50000000   118.4106712243
  3.50000000   0.50000000   118.4106712243

  0.00000000   0.60000000     0.0000000000
  0.10000000   0.60000000     7.4158135984
  0.20000000   0.60000000    14.8184471981
  0.30000000   0.60000000    22.1940290193
  0.40000000   0.60000000    29.5272841074
  0.50000000   0.60000000    36.8007871444
  0.60000000   0.60000000    43.9941713152
  0.70000000   0.60000000    51.0833000525
  0.80000000   0.60000000    58.0394339384
  0.90000000   0.60000000    64.8284651255
  1.00000000   0.60000000    71.4103497086
  1.10000000   0.60000000    77.7389434451
  1.20000000   0.60000000    83.7625261852
  1.30000000   0.60000000    89.4253532889
  1.40000000   0.60000000    94.6705385498
  1.50000000   0.60000000    99.4443725863
  1.60000000   0.60000000   103.7017576217
  1.70000000   0.60000000   107.4118600283
  1.80000000   0.60000000   110.5626314225
  1.90000000   0.60000000   113.1629421163
  2.00000000   0.60000000   115.2417966565
  2.10000000   0.60000000   116.8449046620
  2.20000000   0.60000000   118.0295096603
  2.30000000   0.60000000   118.8587333428
  2.40000000   0.60000000   119.3965409245
  2.50000000   0.60000000   119.7039487380
  2.60000000   0.60000000   119.8366013009
  2.70000000   0.60000000   119.8435259635
  2.80000000   0.60000000   119.7667459950
  2.90000000   0.60000000   119.6414352448
  3.00000000   0.60000000   119.4963600075
  3.10000000   0.60000000   119.3544293533
  3.20000000   0.60000000   119.2332406846
  3.30000000   0.60000000   119.1455553076
  3.40000000   0.60000000   119.0996701530
  3.50000000   0.60000000   119.0996701530

  0.00000000   0.70000000     0.0000000000
  0.10000000   0.70000000     7.5498822075
  0.20000000   0.70000000    15.0899238318
  0.30000000   0.70000000    22.6095567580
  0.40000000   0.70000000    30.0967196331
  0.50000000   0.70000000    37.5370177040
  0.60000000   0.70000000    44.9127773303
  0.70000000   0.70000000    52.2019767887
  0.80000000   0.70000000    59.3770605334
  0.90000000   0.70000000    66.4036914815
  1.00000000   0.70000000    73.2395759500
  1.10000000   0.70000000    79.8336177193
  1.20000000   0.70000000    86.1258187810
  1.30000000   0.70000000    92.0485105898
  1.40000000   0.70000000    97.5295766138
  1.50000000   0.70000000   102.4981406715
  1.60000000   0.70000000   106.8925404373
  1.70000000   0.70000000   110.6692530980
  1.80000000   0.70000000   113.8103064609
  1.90000000   0.70000000   116.3267186515
  2.00000000   0.70000000   118.2571480821
  2.10000000   0.70000000   119.6623396786
  2.20000000   0.70000000   120.6169325995
  2.30000000   0.70000000   121.2009294442
  2.40000000   0.70000000   121.4926929613
  2.50000000   0.70000000   121.5642700757
  2.60000000   0.70000000   121.4789414202
  2.70000000   0.70000000   121.2904495340
  2.80000000   0.70000000   121.0432834472
  2.90000000   0.70000000   120.7735083796
  3.00000000   0.70000000   120.5097894587
  3.10000000   0.70000000   120.2743993522
  3.20000000   0.70000000   120.0841005380
  3.30000000   0.70000000   119.9508556515
  3.40000000   0.70000000   119.8823534817
  3.50000000   0.70000000   119.8823534817

  0.00000000   0.80000000     0.0000000000
  0.10000000   0.80000000     7.6979674861
  0.20000000   0.80000000    15.3901511878
  0.30000000   0.80000000    23.0700427935
  0.40000000   0.80000000    30.7296263310
  0.50000000   0.80000000    38.3584765513
  0.60000000   0.80000000    45.9426781958
  0.70000000   0.80000000    53.4635094926
  0.80000000   0.80000000    60.8958500960
  0.90000000   0.80000000    68.2063175460
  1.00000000   0.80000000    75.3512292181
  1.10000000   0.80000000    82.2746579208
  1.20000000   0.80000000    88.9071254682
  1.30000000   0.80000000    95.1658524883
  1.40000000   0.80000000   100.9578443487
  1.50000000   0.80000000   106.1871265490
  1.60000000   0.80000000   110.7665845623
  1.70000000   0.80000000   114.6326224449
  1.80000000   0.80000000   117.7579138387
  1.90000000   0.80000000   120.1569609362
  2.00000000   0.80000000   121.8835908863
  2.10000000   0.80000000   123.0217143772
  2.20000000   0.80000000   123.6718182687
  2.30000000   0.80000000   123.9377015403
  2.40000000   0.80000000   123.9167108580
  2.50000000   0.80000000   123.6942883939
  2.60000000   0.80000000   123.3420441436
  2.70000000   0.80000000   122.9180816863
  2.80000000   0.80000000   122.4684660702
  2.90000000   0.80000000   122.0290794501
  3.00000000   0.80000000   121.6274362321
  3.10000000   0.80000000   121.2842566396
  3.20000000   0.80000000   121.0147316444
  3.30000000   0.80000000   120.8294799979
  3.40000000   0.80000000   120.7352252451
  3.50000000   0.80000000   120.7352252451

  0.00000000   0.90000000     0.0000000000
  0.10000000   0.90000000     7.8558835611
  0.20000000   0.90000000    15.7107513667
  0.30000000   0.90000000    23.5629253219
  0.40000000   0.90000000    31.4093249173
  0.50000000   0.90000000    39.2445654841
  0.60000000   0.90000000    47.0597996719
  0.70000000   0.90000000    54.8411943815
  0.80000000   0.90000000    62.5679294511
  0.90000000   0.90000000    70.2096226601
  1.00000000   0.90000000    77.7231620319
  1.10000000   0.90000000    85.0491201497
  1.20000000   0.90000000    92.1083235241
  1.30000000   0.90000000    98.7998414765
  1.40000000   0.90000000   105.0026208336
  1.50000000   0.90000000   110.5838094981
  1.60000000   0.90000000   115.4162410261
  1.70000000   0.90000000   119.4035422211
  1.80000000   0.90000000   122.5034971312
  1.90000000   0.90000000   124.7365868790
  2.00000000   0.90000000   126.1810039125
  2.10000000   0.90000000   126.9572543911
  2.20000000   0.90000000   127.2048367898
  2.30000000   0.90000000   127.0610010861
  2.40000000   0.90000000   126.6474214370
  2.50000000   0.90000000   126.0647626773
  2.60000000   0.90000000   125.3925500195
  2.70000000   0.90000000   124.6917047031
  2.80000000   0.90000000   124.0079490822
  2.90000000   0.90000000   123.3751153202
  3.00000000   0.90000000   122.8179517376
  3.10000000   0.90000000   122.3543281554
  3.20000000   0.90000000   121.9968817319
  3.30000000   0.90000000   121.7541920116
  3.40000000   0.90000000   121.6315758650
  3.50000000   0.90000000   121.6315758650

  0.00000000   1.00000000     0.0000000000
  0.10000000   1.00000000     8.0187255710
  0.20000000   1.00000000    16.0418488129
  0.30000000   1.00000000    24.0732455100
  0.40000000   1.00000000    32.1156570572
  0.50000000   1.00000000    40.1698843754
  0.60000000   1.00000000    48.2336602100
  0.70000000   1.00000000    56.3000342798
  0.80000000   1.00000000    64.3550595348
  0.90000000   1.00000000    72.3745264976
  1.00000000   1.00000000    80.3194934074
  1.10000000   1.00000000    88.1304887891
  1.20000000   1.00000000    95.7206948230
  1.30000000   1.00000000   102.9694511080
  1.40000000   1.00000000   109.7193953209
  1.50000000   1.00000000   115.7833992911
  1.60000000   1.00000000   120.9692268935
  1.70000000   1.00000000   125.1244413582
  1.80000000   1.00000000   128.1834438481
  1.90000000   1.00000000   130.1776803643
  2.00000000   1.00000000   131.2250523752
  2.10000000   1.00000000   131.5058794702
  2.20000000   1.00000000   131.2197787049
  2.30000000   1.00000000   130.5506362276
  2.40000000   1.00000000   129.6497529864
  2.50000000   1.00000000   128.6330290065
  2.60000000   1.00000000   127.5852702948
  2.70000000   1.00000000   126.5667300764
  2.80000000   1.00000000   125.6194146611
  2.90000000   1.00000000   124.7722485851
  3.00000000   1.00000000   124.0449684916
  3.10000000   1.00000000   123.4509168572
  3.20000000   1.00000000   122.9989785732
  3.30000000   1.00000000   122.6948822860
  3.40000000   1.00000000   122.5420390113
  3.50000000   1.00000000   122.5420390113

  0.00000000   1.10000000     0.0000000000
  0.10000000   1.10000000     8.1809398519
  0.20000000   1.10000000    16.3721916660
  0.30000000   1.10000000    24.5837770195
  0.40000000   1.10000000    32.8250456307
  0.50000000   1.10000000    41.1040935758
  0.60000000   1.10000000    49.4268327519
  0.70000000   1.10000000    57.7954970949
  0.80000000   1.10000000    66.2062709845
  0.90000000   1.10000000    74.6455873674
  1.00000000   1.10000000    83.0844820702
  1.10000000   1.10000000    91.4702801370
  1.20000000   1.10000000    99.7150583783
  1.30000000   1.10000000   107.6813525825
  1.40000000   1.10000000   115.1686493268
  1.50000000   1.10000000   121.9110070940
  1.60000000   1.10000000   127.6063489424
  1.70000000   1.10000000   131.9992630134
  1.80000000   1.10000000   134.9906451725
  1.90000000   1.10000000   136.6335125548
  2.00000000   1.10000000   137.1094457796
  2.10000000   1.10000000   136.7015506983
  2.20000000   1.10000000   135.7044023250
  2.30000000   1.10000000   134.3651872590
  2.40000000   1.10000000   132.8674813522
  2.50000000   1.10000000   131.3379756679
  2.60000000   1.10000000   129.8601079116
  2.70000000   1.10000000   128.4870744090
  2.80000000   1.10000000   127.2519369316
  2.90000000   1.10000000   126.1747702958
  3.00000000   1.10000000   125.2674691368
  3.10000000   1.10000000   124.5368844212
  3.20000000   1.10000000   123.9868270547
  3.30000000   1.10000000   123.6193217749
  3.40000000   1.10000000   123.4353676528
  3.50000000   1.10000000   123.4353676528

  0.00000000   1.20000000     0.0000000000
  0.10000000   1.20000000     8.3364732721
  0.20000000   1.20000000    16.6894377656
  0.30000000   1.20000000    25.0754171859
  0.40000000   1.20000000    33.5109268286
  0.50000000   1.20000000    42.0122649970
  0.60000000   1.20000000    50.5949947873
  0.70000000   1.20000000    59.2728869467
  0.80000000   1.20000000    68.0559444343
  0.90000000   1.20000000    76.9468801990
  1.00000000   1.20000000    85.9350233787
  1.10000000   1.20000000    94.9860504564
  1.20000000   1.20000000   104.0252659639
  1.30000000   1.20000000   112.9119828768
  1.40000000   1.20000000   121.4050314294
  1.50000000   1.20000000   129.1305295327
  1.60000000   1.20000000   135.5939654186
  1.70000000   1.20000000   140.3275187407
  1.80000000   1.20000000   143.2029135804
  1.90000000   1.20000000   144.3183459618
  2.00000000   1.20000000   143.9460302150
  2.10000000   1.20000000   142.5616836237
  2.20000000   1.20000000   140.6134134047
  2.30000000   1.20000000   138.4276685935
  2.40000000   1.20000000   136.2133658686
  2.50000000   1.20000000   134.0942008301
  2.60000000   1.20000000   132.1391190569
  2.70000000   1.20000000   130.3840732833
  2.80000000   1.20000000   128.8459759371
  2.90000000   1.20000000   127.5312039781
  3.00000000   1.20000000   126.4406433247
  3.10000000   1.20000000   125.5726277114
  3.20000000   1.20000000   124.9246241433
  3.30000000   1.20000000   124.4941817647
  3.40000000   1.20000000   124.2794510409
  3.50000000   1.20000000   124.2794510409

  0.00000000   1.30000000     0.0000000000
  0.10000000   1.30000000     8.4790142411
  0.20000000   1.30000000    16.9806365289
  0.30000000   1.30000000    25.5279037073
  0.40000000   1.30000000    34.1446755193
  0.50000000   1.30000000    42.8559413809
  0.60000000   1.30000000    51.6879441653
  0.70000000   1.30000000    60.6679397809
  0.80000000   1.30000000    69.8232476040
  0.90000000   1.30000000    79.1789348456
  1.00000000   1.30000000    88.7528817274
  1.10000000   1.30000000    98.5458389490
  1.20000000   1.30000000   108.5219863639
  1.30000000   1.30000000   118.5719734402
  1.40000000   1.30000000   128.4463341619
  1.50000000   1.30000000   137.6513811714
  1.60000000   1.30000000   145.3531608307
  1.70000000   1.30000000   150.5589465858
  1.80000000   1.30000000   153.2246069932
  1.90000000   1.30000000   153.5460899741
  2.00000000   1.30000000   151.8566727241
  2.10000000   1.30000000   149.0553894067
  2.20000000   1.30000000   145.8374758970
  2.30000000   1.30000000   142.6041592405
  2.40000000   1.30000000   139.5571372651
  2.50000000   1.30000000   136.7864767701
  2.60000000   1.30000000   134.3247699921
  2.70000000   1.30000000   132.1767065460
  2.80000000   1.30000000   130.3345007174
  2.90000000   1.30000000   128.7857575454
  3.00000000   1.30000000   127.5173948237
  3.10000000   1.30000000   126.5175290501
  3.20000000   1.30000000   125.7763241206
  3.30000000   1.30000000   125.2863272544
  3.40000000   1.30000000   125.0425684981
  3.50000000   1.30000000   125.0425684981

  0.00000000   1.40000000     0.0000000000
  0.10000000   1.40000000     8.6023253265
  0.20000000   1.40000000    17.2329123442
  0.30000000   1.40000000    25.9208823567
  0.40000000   1.40000000    34.6970978427
  0.50000000   1.40000000    43.5950801192
  0.60000000   1.40000000    52.6519563209
  0.70000000   1.40000000    61.9093808117
  0.80000000   1.40000000    71.4142689764
  0.90000000   1.40000000    81.2189426097
  1.00000000   1.40000000    91.3797453258
  1.10000000   1.40000000   101.9519228797
  1.20000000   1.40000000   112.9754899190
  1.30000000   1.40000000   124.4390583142
  1.40000000   1.40000000   136.1890910928
  1.50000000   1.40000000   147.7084012108
  1.60000000   1.40000000   157.6425746975
  1.70000000   1.40000000   163.3672630020
  1.80000000   1.40000000   165.6313470480
  1.90000000   1.40000000   164.8315460766
  2.00000000   1.40000000   160.9338000078
  2.10000000   1.40000000   156.0291556677
  2.20000000   1.40000000   151.1494333079
  2.30000000   1.40000000   146.6756861787
  2.40000000   1.40000000   142.7142317414
  2.50000000   1.40000000   139.2672107214
  2.60000000   1.40000000   136.3012155626
  2.70000000   1.40000000   133.7742057052
  2.80000000   1.40000000   131.6458094188
  2.90000000   1.40000000   129.8809252884
  3.00000000   1.40000000   128.4506093126
  3.10000000   1.40000000   127.3319069336
  3.20000000   1.40000000   126.5073394245
  3.30000000   1.40000000   125.9643500545
  3.40000000   1.40000000   125.6948390414
  3.50000000   1.40000000   125.6948390414

  0.00000000   1.50000000     0.0000000000
  0.10000000   1.50000000     8.7006490587
  0.20000000   1.50000000    17.4343153985
  0.30000000   1.50000000    26.2352843131
  0.40000000   1.50000000    35.1404634980
  0.50000000   1.50000000    44.1909178820
  0.60000000   1.50000000    53.4336941514
  0.70000000   1.50000000    62.9240655061
  0.80000000   1.50000000    72.7283491284
  0.90000000   1.50000000    82.9274539702
  1.00000000   1.50000000    93.6212520286
  1.10000000   1.50000000   104.9335623436
  1.20000000   1.50000000   117.0163574280
  1.30000000   1.50000000   130.0469331742
  1.40000000   1.50000000   144.1892280306
  1.50000000   1.50000000   159.3763610815
  1.60000000   1.50000000   174.1668358946
  1.70000000   1.50000000   179.6629411467
  1.80000000   1.50000000   181.1322027369
  1.90000000   1.50000000   179.2513057744
  2.00000000   1.50000000   171.0637530906
  2.10000000   1.50000000   163.0346389865
  2.20000000   1.50000000   156.1226763780
  2.30000000   1.50000000   150.3122038895
  2.40000000   1.50000000   145.4434089749
  2.50000000   1.50000000   141.3618154392
  2.60000000   1.50000000   137.9410875914
  2.70000000   1.50000000   135.0821572971
  2.80000000   1.50000000   132.7084745195
  2.90000000   1.50000000   130.7613533692
  3.00000000   1.50000000   129.1961633758
  3.10000000   1.50000000   127.9793979173
  3.20000000   1.50000000   127.0864931262
  3.30000000   1.50000000   126.5002556722
  3.40000000   1.50000000   126.2097817698
  3.50000000   1.50000000   126.2097817698

  0.00000000   1.60000000     0.0000000000
  0.10000000   1.60000000     8.7691473972
  0.20000000   1.60000000    17.5747578257
  0.30000000   1.60000000    26.4548836300
  0.40000000   1.60000000    35.4508988401
  0.50000000   1.60000000    44.6095410354
  0.60000000   1.60000000    53.9854818042
  0.70000000   1.60000000    63.6447410400
  0.80000000   1.60000000    73.6694287886
  0.90000000   1.60000000    84.1646000938
  1.00000000   1.60000000    95.2685901364
  1.10000000   1.60000000   107.1694887765
  1.20000000   1.60000000   120.1339418852
  1.30000000   1.60000000   134.5664751587
  1.40000000   1.60000000   151.1658208094
  1.50000000   1.60000000   171.4591388327
  1.60000000   1.60000000   200.0000000000
  1.70000000   1.60000000   200.0000000000
  1.80000000   1.60000000   200.0000000000
  1.90000000   1.60000000   200.0000000000
  2.00000000   1.60000000   181.0711279000
  2.10000000   1.60000000   168.9726205382
  2.20000000   1.60000000   160.0567172178
  2.30000000   1.60000000   153.0806778413
  2.40000000   1.60000000   147.4691462862
  2.50000000   1.60000000   142.8883204780
  2.60000000   1.60000000   139.1198898107
  2.70000000   1.60000000   136.0125693670
  2.80000000   1.60000000   133.4583297621
  2.90000000   1.60000000   131.3787415962
  3.00000000   1.60000000   129.7164421506
  3.10000000   1.60000000   128.4295694327
  3.20000000   1.60000000   127.4880571263
  3.30000000   1.60000000   126.8711630478
  3.40000000   1.60000000   126.5658588157
  3.50000000   1.60000000   126.5658588157

  0.00000000   1.70000000     0.0000000000
  0.10000000   1.70000000     8.8043173261
  0.20000000   1.70000000    17.6469098559
  0.30000000   1.70000000    26.5678194232
  0.40000000   1.70000000    35.6107974052
  0.50000000   1.70000000    44.8256333181
  0.60000000   1.70000000    54.2711544615
  0.70000000   1.70000000    64.0193240299
  0.80000000   1.70000000    74.1611191049
  0.90000000   1.70000000    84.8153212522
  1.00000000   1.70000000    96.1421504123
  1.10000000   1.70000000   108.3650331152
  1.20000000   1.70000000   121.8057866254
  1.30000000   1.70000000   136.9395829065
  1.40000000   1.70000000   154.4653043390
  1.50000000   1.70000000   175.3052879963
  1.60000000   1.70000000   200.0000000000
  1.70000000   1.70000000   200.0000000000
  1.80000000   1.70000000   200.0000000000
  1.90000000   1.70000000   200.0000000000
  2.00000000   1.70000000   184.2735409050
  2.10000000   1.70000000   171.7715576659
  2.20000000   1.70000000   162.1091852299
  2.30000000   1.70000000   154.5554730605
  2.40000000   1.70000000   148.5458831732
  2.50000000   1.70000000   143.6936386489
  2.60000000   1.70000000   139.7370969471
  2.70000000   1.70000000   136.4966418331
  2.80000000   1.70000000   133.8464971400
  2.90000000   1.70000000   131.6970753096
  3.00000000   1.70000000   129.9838826077
  3.10000000   1.70000000   128.6604305335
  3.20000000   1.70000000   127.6936377090
  3.30000000   1.70000000   127.0608336239
  3.40000000   1.70000000   126.7478423877
  3.50000000   1.70000000   126.7478423877

  0.00000000   1.80000000     0.0000000000
  0.10000000   1.80000000     8.8043173261
  0.20000000   1.80000000    17.6469098559
  0.30000000   1.80000000    26.5678194232
  0.40000000   1.80000000    35.6107974052
  0.50000000   1.80000000    44.8256333181
  0.60000000   1.80000000    54.2711544615
  0.70000000   1.80000000    64.0193240299
  0.80000000   1.80000000    74.1611191049
  0.90000000   1.80000000    84.8153212522
  1.00000000   1.80000000    96.1421504123
  1.10000000   1.80000000   108.3650331152
  1.20000000   1.80000000   121.8057866254
  1.30000000   1.80000000   136.9395829065
  1.40000000   1.80000000   154.4653043390
  1.50000000   1.80000000   175.3052879963
  1.60000000   1.80000000   200.0000000000
  1.70000000   1.80000000   200.0000000000
  1.80000000   1.80000000   200.0000000000
  1.90000000   1.80000000   200.0000000000
  2.00000000   1.80000000   184.2735409050
  2.10000000   1.80000000   171.7715576659
  2.20000000   1.80000000   162.1091852299
  2.30000000   1.80000000   154.5554730605
  2.40000000   1.80000000   148.5458831732
  2.50000000   1.80000000   143.6936386489
  2.60000000   1.80000000   139.7370969471
  2.70000000   1.80000000   136.4966418331
  2.80000000   1.80000000   133.8464971400
  2.90000000   1.80000000   131.6970753096
  3.00000000   1.80000000   129.9838826077
  3.10000000   1.80000000   128.6604305335
  3.20000000   1.80000000   127.6936377090
  3.30000000   1.80000000   127.0608336239
  3.40000000   1.80000000   126.7478423877
  3.50000000   1.80000000   126.7478423877

  0.00000000   1.90000000     0.0000000000
  0.10000000   1.90000000     8.7691473972
  0.20000000   1.90000000    17.5747578257
  0.30000000   1.90000000    26.4548836300
  0.40000000   1.90000000    35.4508988401
  0.50000000   1.90000000    44.6095410354
  0.60000000   1.90000000    53.9854818042
  0.70000000   1.90000000    63.6447410400
  0.80000000   1.90000000    73.6694287886
  0.90000000   1.90000000    84.1646000938
  1.00000000   1.90000000    95.2685901364
  1.10000000   1.90000000   107.1694887765
  1.20000000   1.90000000   120.1339418852
  1.30000000   1.90000000   134.5664751587
  1.40000000   1.90000000   151.1658208094
  1.50000000   1.90000000   171.4591388327
  1.60000000   1.90000000   200.0000000000
  1.70000000   1.90000000   200.0000000000
  1.80000000   1.90000000   200.0000000000
  1.90000000   1.90000000   200.0000000000
  2.00000000   1.90000000   181.0711279000
  2.10000000   1.90000000   168.9726205382
  2.20000000   1.90000000   160.0567172178
  2.30000000   1.90000000   153.0806778413
  2.40000000   1.90000000   147.4691462862
  2.50000000   1.90000000   142.8883204780
  2.60000000   1.90000000   139.1198898107
  2.70000000   1.90000000   136.0125693670
  2.80000000   1.90000000   133.4583297621
  2.90000000   1.90000000   131.3787415962
  3.00000000   1.90000000   129.7164421506
  3.10000000   1.90000000   128.4295694327
  3.20000000   1.90000000   127.4880571263
  3.30000000   1.90000000   126.8711630478
  3.40000000   1.90000000   126.5658588157
  3.50000000   1.90000000   126.5658588157

  0.00000000   2.00000000     0.0000000000
  0.10000000   2.00000000     8.7006490587
  0.20000000   2.00000000    17.4343153985
  0.30000000   2.00000000    26.2352843131
  0.40000000   2.00000000    35.1404634980
  0.50000000   2.00000000    44.1909178820
  0.60000000   2.00000000    53.4336941514
  0.70000000   2.00000000    62.9240655061
  0.80000000   2.00000000    72.7283491284
  0.90000000   2.00000000    82.9274539702
  1.00000000   2.00000000    93.6212520286
  1.10000000   2.00000000   104.9335623436
  1.20000000   2.00000000   117.0163574280
  1.30000000   2.00000000   130.0469331742
  1.40000000   2.00000000   144.1892280306
  1.50000000   2.00000000   159.3763610815
  1.60000000   2.00000000   174.1668358946
  1.70000000   2.00000000   179.6629411467
  1.80000000   2.00000000   181.1322027369
  1.90000000   2.00000000   179.2513057744
  2.00000000   2.00000000   171.0637530906
  2.10000000   2.00000000   163.0346389865
  2.20000000   2.00000000   156.1226763780
  2.30000000   2.00000000   150.3122038895
  2.40000000   2.00000000   145.4434089749
  2.50000000   2.00000000   141.3618154392
  2.60000000   2.00000000   137.9410875914
  2.70000000   2.00000000   135.0821572971
  2.80000000   2.00000000   132.7084745195
  2.90000000   2.00000000   130.7613533692
  3.00000000   2.00000000   129.1961633758
  3.10000000   2.00000000   127.9793979173
  3.20000000   2.00000000   127.0864931262
  3.30000000   2.00000000   126.5002556722
  3.40000000   2.00000000   126.2097817698
  3.50000000   2.00000000   126.2097817698

  0.00000000   2.10000000     0.0000000000
  0.10000000   2.10000000     8.6023253265
  0.20000000   2.10000000    17.2329123442
  0.30000000   2.10000000    25.9208823567
  0.40000000   2.10000000    34.6970978427
  0.50000000   2.10000000    43.5950801192
  0.60000000   2.10000000    52.6519563209
  0.70000000   2.10000000    61.9093808117
  0.80000000   2.10000000    71.4142689764
  0.90000000   2.10000000    81.2189426097
  1.00000000   2.10000000    91.3797453258
  1.10000000   2.10000000   101.9519228797
  1.20000000   2.10000000   112.9754899190
  1.30000000   2.10000000   124.4390583142
  1.40000000   2.10000000   136.1890910928
  1.50000000   2.10000000   147.7084012108
  1.60000000   2.10000000   157.6425746975
  1.70000000   2.10000000   163.3672630020
  1.80000000   2.10000000   165.6313470480
  1.90000000   2.10000000   164.8315460766
  2.00000000   2.10000000   160.9338000078
  2.10000000   2.10000000   156.0291556677
  2.20000000   2.10000000   151.1494333079
  2.30000000   2.10000000   146.6756861787
  2.40000000   2.10000000   142.7142317414
  2.50000000   2.10000000   139.2672107214
  2.60000000   2.10000000   136.3012155626
  2.70000000   2.10000000   133.7742057052
  2.80000000   2.10000000   131.6458094188
  2.90000000   2.10000000   129.8809252884
  3.00000000   2.10000000   128.4506093126
  3.10000000   2.10000000   127.3319069336
  3.20000000   2.10000000   126.5073394245
  3.30000000   2.10000000   125.9643500545
  3.40000000   2.10000000   125.6948390414
  3.50000000   2.10000000   125.6948390414

  0.00000000   2.20000000     0.0000000000
  0.10000000   2.20000000     8.4790142411
  0.20000000   2.20000000    16.9806365289
  0.30000000   2.20000000    25.5279037073
  0.40000000   2.20000000    34.1446755193
  0.50000000   2.20000000    42.8559413809
  0.60000000   2.20000000    51.6879441653
  0.70000000   2.20000000    60.6679397809
  0.80000000   2.20000000    69.8232476040
  0.90000000   2.20000000    79.1789348456
  1.00000000   2.20000000    88.7528817274
  1.10000000   2.20000000    98.5458389490
  1.20000000   2.20000000   108.5219863639
  1.30000000   2.20000000   118.5719734402
  1.40000000   2.20000000   128.4463341619
  1.50000000   2.20000000   137.6513811714
  1.60000000   2.20000000   145.3531608307
  1.70000000   2.20000000   150.5589465858
  1.80000000   2.20000000   153.2246069932
  1.90000000   2.20000000   153.5460899741
  2.00000000   2.20000000   151.8566727241
  2.10000000   2.20000000   149.0553894067
  2.20000000   2.20000000   145.8374758970
  2.30000000   2.20000000   142.6041592405
  2.40000000   2.20000000   139.5571372651
  2.50000000   2.20000000   136.7864767701
  2.60000000   2.20000000   134.3247699921
  2.70000000   2.20000000   132.1767065460
  2.80000000   2.20000000   130.3345007174
  2.90000000   2.20000000   128.7857575454
  3.00000000   2.20000000   127.5173948237
  3.10000000   2.20000000   126.5175290501
  3.20000000   2.20000000   125.7763241206
  3.30000000   2.20000000   125.2863272544
  3.40000000   2.20000000   125.0425684981
  3.50000000   2.20000000   125.0425684981

  0.00000000   2.30000000     0.0000000000
  0.10000000   2.30000000     8.3364732721
  0.20000000   2.30000000    16.6894377656
  0.30000000   2.30000000    25.0754171859
  0.40000000   2.30000000    33.5109268286
  0.50000000   2.30000000    42.0122649970
  0.60000000   2.30000000    50.5949947873
  0.70000000   2.30000000    59.2728869467
  0.80000000   2.30000000    68.0559444343
  0.90000000   2.30000000    76.9468801990
  1.00000000   2.30000000    85.9350233787
  1.10000000   2.30000000    94.9860504564
  1.20000000   2.30000000   104.0252659639
  1.30000000   2.30000000   112.9119828768
  1.40000000   2.30000000   121.4050314294
  1.50000000   2.30000000   129.1305295327
  1.60000000   2.30000000   135.5939654186
  1.70000000   2.30000000   140.3275187407
  1.80000000   2.30000000   143.2029135804
  1.90000000   2.30000000   144.3183459618
  2.00000000   2.30000000   143.9460302150
  2.10000000   2.30000000   142.5616836237
  2.20000000   2.30000000   140.6134134047
  2.30000000   2.30000000   138.4276685935
  2.40000000   2.30000000   136.2133658686
  2.50000000   2.30000000   134.0942008301
  2.60000000   2.30000000   132.1391190569
  2.70000000   2.30000000   130.3840732833
  2.80000000   2.30000000   128.8459759371
  2.90000000   2.30000000   127.5312039781
  3.00000000   2.30000000   126.4406433247
  3.10000000   2.30000000   125.5726277114
  3.20000000   2.30000000   124.9246241433
  3.30000000   2.30000000   124.4941817647
  3.40000000   2.30000000   124.2794510409
  3.50000000   2.30000000   124.2794510409

  0.00000000   2.40000000     0.0000000000
  0.10000000   2.40000000     8.1809398519
  0.20000000   2.40000000    16.3721916660
  0.30000000   2.40000000    24.5837770195
  0.40000000   2.40000000    32.8250456307
  0.50000000   2.40000000    41.1040935758
  0.60000000   2.40000000    49.4268327519
  0.70000000   2.40000000    57.7954970949
  0.80000000   2.40000000    66.2062709845
  0.90000000   2.40000000    74.6455873674
  1.00000000   2.40000000    83.0844820702
  1.10000000   2.40000000    91.4702801370
  1.20000000   2.40000000    99.7150583783
  1.30000000   2.40000000   107.6813525825
  1.40000000   2.40000000   115.1686493268
  1.50000000   2.40000000   121.9110070940
  1.60000000   2.40000000   127.6063489424
  1.70000000   2.40000000   131.9992630134
  1.80000000   2.40000000   134.9906451725
  1.90000000   2.40000000   136.6335125548
  2.00000000   2.40000000   137.1094457796
  2.10000000   2.40000000   136.7015506983
  2.20000000   2.40000000   135.7044023250
  2.30000000   2.40000000   134.3651872590
  2.40000000   2.40000000   132.8674813522
  2.50000000   2.40000000   131.3379756679
  2.60000000   2.40000000   129.8601079116
  2.70000000   2.40000000   128.4870744090
  2.80000000   2.40000000   127.2519369316
  2.90000000   2.40000000   126.1747702958
  3.00000000   2.40000000   125.2674691368
  3.10000000   2.40000000   124.5368844212
  3.20000000   2.40000000   123.9868270547
  3.30000000   2.40000000   123.6193217749
  3.40000000   2.40000000   123.4353676528
  3.50000000   2.40000000   123.4353676528

  0.00000000   2.50000000     0.0000000000
  0.10000000   2.50000000     8.0187255710
  0.20000000   2.50000000    16.0418488129
  0.30000000   2.50000000    24.0732455100
  0.40000000   2.50000000    32.1156570572
  0.50000000   2.50000000    40.1698843754
  0.60000000   2.50000000    48.2336602100
  0.70000000   2.50000000    56.3000342798
  0.80000000   2.50000000    64.3550595348
  0.90000000   2.50000000    72.3745264976
  1.00000000   2.50000000    80.3194934074
  1.10000000   2.50000000    88.1304887891
  1.20000000   2.50000000    95.7206948230
  1.30000000   2.50000000   102.9694511080
  1.40000000   2.50000000   109.7193953209
  1.50000000   2.50000000   115.7833992911
  1.60000000   2.50000000   120.9692268935
  1.70000000   2.50000000   125.1244413582
  1.80000000   2.50000000   128.1834438481
  1.90000000   2.50000000   130.1776803643
  2.00000000   2.50000000   131.2250523752
  2.10000000   2.50000000   131.5058794702
  2.20000000   2.50000000   131.2197787049
  2.30000000   2.50000000   130.5506362276
  2.40000000   2.50000000   129.6497529864
  2.50000000   2.50000000   128.6330290065
  2.60000000   2.50000000   127.5852702948
  2.70000000   2.50000000   126.5667300764
  2.80000000   2.50000000   125.6194146611
  2.90000000   2.50000000   124.7722485851
  3.00000000   2.50000000   124.0449684916
  3.10000000   2.50000000   123.4509168572
  3.20000000   2.50000000   122.9989785732
  3.30000000   2.50000000   122.6948822860
  3.40000000   2.50000000   122.5420390113
  3.50000000   2.50000000   122.5420390113

  0.00000000   2.60000000     0.0000000000
  0.10000000   2.60000000     7.8558835611
  0.20000000   2.60000000    15.7107513667
  0.30000000   2.60000000    23.5629253219
  0.40000000   2.60000000    31.4093249173
  0.50000000   2.60000000    39.2445654841
  0.60000000   2.60000000    47.0597996719
  0.70000000   2.60000000    54.8411943815
  0.80000000   2.60000000    62.5679294511
  0.90000000   2.60000000    70.2096226601
  1.00000000   2.60000000    77.7231620319
  1.10000000   2.60000000    85.0491201497
  1.20000000   2.60000000    92.1083235241
  1.30000000   2.60000000    98.7998414765
  1.40000000   2.60000000   105.0026208336
  1.50000000   2.60000000   110.5838094981
  1.60000000   2.60000000   115.4162410261
  1.70000000   2.60000000   119.4035422211
  1.80000000   2.60000000   122.5034971312
  1.90000000   2.60000000   124.7365868790
  2.00000000   2.60000000   126.1810039125
  2.10000000   2.60000000   126.9572543911
  2.20000000   2.60000000   127.2048367898
  2.30000000   2.60000000   127.0610010861
  2.40000000   2.60000000   126.6474214370
  2.50000000   2.60000000   126.0647626773
  2.60000000   2.60000000   125.3925500195
  2.70000000   2.60000000   124.6917047031
  2.80000000   2.60000000   124.0079490822
  2.90000000   2.60000000   123.3751153202
  3.00000000   2.60000000   122.8179517376
  3.10000000   2.60000000   122.3543281554
  3.20000000   2.60000000   121.9968817319
  3.30000000   2.60000000   121.7541920116
  3.40000000   2.60000000   121.6315758650
  3.50000000   2.60000000   121.6315758650

  0.00000000   2.70000000     0.0000000000
  0.10000000   2.70000000     7.6979674861
  0.20000000   2.70000000    15.3901511878
  0.30000000   2.70000000    23.0700427935
  0.40000000   2.70000000    30.7296263310
  0.50000000   2.70000000    38.3584765513
  0.60000000   2.70000000    45.9426781958
  0.70000000   2.70000000    53.4635094926
  0.80000000   2.70000000    60.8958500960
  0.90000000   2.70000000    68.2063175460
  1.00000000   2.70000000    75.3512292181
  1.10000000   2.70000000    82.2746579208
  1.20000000   2.70000000    88.9071254682
  1.30000000   2.70000000    95.1658524883
  1.40000000   2.70000000   100.9578443487
  1.50000000   2.70000000   106.1871265490
  1.60000000   2.70000000   110.7665845623
  1.70000000   2.70000000   114.6326224449
  1.80000000   2.70000000   117.7579138387
  1.90000000   2.70000000   120.1569609362
  2.00000000   2.70000000   121.8835908863
  2.10000000   2.70000000   123.0217143772
  2.20000000   2.70000000   123.6718182687
  2.30000000   2.70000000   123.9377015403
  2.40000000   2.70000000   123.9167108580
  2.50000000   2.70000000   123.6942883939
  2.60000000   2.70000000   123.3420441436
  2.70000000   2.70000000   122.9180816863
  2.80000000   2.70000000   122.4684660702
  2.90000000   2.70000000   122.0290794501
  3.00000000   2.70000000   121.6274362321
  3.10000000   2.70000000   121.2842566396
  3.20000000   2.70000000   121.0147316444
  3.30000000   2.70000000   120.8294799979
  3.40000000   2.70000000   120.7352252451
  3.50000000   2.70000000   120.7352252451

  0.00000000   2.80000000     0.0000000000
  0.10000000   2.80000000     7.5498822075
  0.20000000   2.80000000    15.0899238318
  0.30000000   2.80000000    22.6095567580
  0.40000000   2.80000000    30.0967196331
  0.50000000   2.80000000    37.5370177040
  0.60000000   2.80000000    44.9127773303
  0.70000000   2.80000000    52.2019767887
  0.80000000   2.80000000    59.3770605334
  0.90000000   2.80000000    66.4036914815
  1.00000000   2.80000000    73.2395759500
  1.10000000   2.80000000    79.8336177193
  1.20000000   2.80000000    86.1258187810
  1.30000000   2.80000000    92.0485105898
  1.40000000   2.80000000    97.5295766138
  1.50000000   2.80000000   102.4981406715
  1.60000000   2.80000000   106.8925404373
  1.70000000   2.80000000   110.6692530980
  1.80000000   2.80000000   113.8103064609
  1.90000000   2.80000000   116.3267186515
  2.00000000   2.80000000   118.2571480821
  2.10000000   2.80000000   119.6623396786
  2.20000000   2.80000000   120.6169325995
  2.30000000   2.80000000   121.2009294442
  2.40000000   2.80000000   121.4926929613
  2.50000000   2.80000000   121.5642700757
  2.60000000   2.80000000   121.4789414202
  2.70000000   2.80000000   121.2904495340
  2.80000000   2.80000000   121.0432834472
  2.90000000   2.80000000   120.7735083796
  3.00000000   2.80000000   120.5097894587
  3.10000000   2.80000000   120.2743993522
  3.20000000   2.80000000   120.0841005380
  3.30000000   2.80000000   119.9508556515
  3.40000000   2.80000000   119.8823534817
  3.50000000   2.80000000   119.8823534817

  0.00000000   2.90000000     0.0000000000
  0.10000000   2.90000000     7.4158135984
  0.20000000   2.90000000    14.8184471981
  0.30000000   2.90000000    22.1940290193
  0.40000000   2.90000000    29.5272841074
  0.50000000   2.90000000    36.8007871444
  0.60000000   2.90000000    43.9941713152
  0.70000000   2.90000000    51.0833000525
  0.80000000   2.90000000    58.0394339384
  0.90000000   2.90000000    64.8284651255
  1.00000000   2.90000000    71.4103497086
  1.10000000   2.90000000    77.7389434451
  1.20000000   2.90000000    83.7625261852
  1.30000000   2.90000000    89.4253532889
  1.40000000   2.90000000    94.6705385498
  1.50000000   2.90000000    99.4443725863
  1.60000000   2.90000000   103.7017576217
  1.70000000   2.90000000   107.4118600283
  1.80000000   2.90000000   110.5626314225
  1.90000000   2.90000000   113.1629421163
  2.00000000   2.90000000   115.2417966565
  2.10000000   2.90000000   116.8449046620
  2.20000000   2.90000000   118.0295096603
  2.30000000   2.90000000   118.8587333428
  2.40000000   2.90000000   119.3965409245
  2.50000000   2.90000000   119.7039487380
  2.60000000   2.90000000   119.8366013009
  2.70000000   2.90000000   119.8435259635
  2.80000000   2.90000000   119.7667459950
  2.90000000   2.90000000   119.6414352448
  3.00000000   2.90000000   119.4963600075
  3.10000000   2.90000000   119.3544293533
  3.20000000   2.90000000   119.2332406846
  3.30000000   2.90000000   119.1455553076
  3.40000000   2.90000000   119.0996701530
  3.50000000   2.90000000   119.0996701530

  0.00000000   3.00000000     0.0000000000
  0.10000000   3.00000000     7.2992185763
  0.20000000   3.00000000    14.5826020009
  0.30000000   3.00000000    21.8336792627
  0.40000000   3.00000000    29.0347031595
  0.50000000   3.00000000    36.1660048292
  0.60000000   3.00000000    43.2053507585
  0.70000000   3.00000000    50.1273238386
  0.80000000   3.00000000    56.9027711867
  0.90000000   3.00000000    63.4983908849
  1.00000000   3.00000000    69.8765668729
  1.10000000   3.00000000    75.9956012084
  1.20000000   3.00000000    81.8105236969
  1.30000000   3.00000000    87.2746580800
  1.40000000   3.00000000    92.3420595487
  1.50000000   3.00000000    96.9707793495
  1.60000000   3.00000000   101.1266554723
  1.70000000   3.00000000   104.7870366742
  1.80000000   3.00000000   107.9436653097
  1.90000000   3.00000000   110.6040315922
  2.00000000   3.00000000   112.7908803999
  2.10000000   3.00000000   114.5400054980
  2.20000000   3.00000000   115.8968458193
  2.30000000   3.00000000   116.9126040754
  2.40000000   3.00000000   117.6405646789
  2.50000000   3.00000000   118.1330618978
  2.60000000   3.00000000   118.4392794165
  2.70000000   3.00000000   118.6038525000
  2.80000000   3.00000000   118.6661274657
  2.90000000   3.00000000   118.6598960642
  3.00000000   3.00000000   118.6134342274
  3.10000000   3.00000000   118.5497081392
  3.20000000   3.00000000   118.4866480078
  3.30000000   3.00000000   118.4374224555
  3.40000000   3.00000000   118.4106712243
  3.50000000   3.00000000   118.4106712243

  0.00000000   3.10000000     0.0000000000
  0.10000000   3.10000000     7.2028549875
  0.20000000   3.10000000    14.3878501314
  0.30000000   3.10000000    21.5365506438
  0.40000000   3.10000000    28.6293787076
  0.50000000   3.10000000    35.6450626370
  0.60000000   3.10000000    42.5601209747
  0.70000000   3.10000000    49.3484106395
  0.80000000   3.10000000    55.9807839637
  0.90000000   3.10000000    62.4249188683
  1.00000000   3.10000000    68.6454072488
  1.10000000   3.10000000    74.6042036897
  1.20000000   3.10000000    80.2615406249
  1.30000000   3.10000000    85.5773935042
  1.40000000   3.10000000    90.5135154507
  1.50000000   3.10000000    95.0359467122
  1.60000000   3.10000000    99.1177510471
  1.70000000   3.10000000   102.7415825543
  1.80000000   3.10000000   105.9016146931
  1.90000000   3.10000000   108.6044322250
  2.00000000   3.10000000   110.8686938090
  2.10000000   3.10000000   112.7236359900
  2.20000000   3.10000000   114.2067191259
  2.30000000   3.10000000   115.3608467411
  2.40000000   3.10000000   116.2315886796
  2.50000000   3.10000000   116.8647318910
  2.60000000   3.10000000   117.3043338964
  2.70000000   3.10000000   117.5913196477
  2.80000000   3.10000000   117.7625710093
  2.90000000   3.10000000   117.8504121147
  3.00000000   3.10000000   117.8823823928
  3.10000000   3.10000000   117.8811981165
  3.20000000   3.10000000   117.8648214593
  3.30000000   3.10000000   117.8465759291
  3.40000000   3.10000000   117.8352649432
  3.50000000   3.10000000   117.8352649432

  0.00000000   3.20000000     0.0000000000
  0.10000000   3.20000000     7.1288327574
  0.20000000   3.20000000    14.2383521634
  0.30000000   3.20000000    21.3087244567
  0.40000000   3.20000000    28.3190897116
  0.50000000   3.20000000    35.2470883976
  0.60000000   3.20000000    42.0684438749
  0.70000000   3.20000000    48.7566331750
  0.80000000   3.20000000    55.2826893023
  0.90000000   3.20000000    61.6151899443
  1.00000000   3.20000000    67.7204972147
  1.10000000   3.20000000    73.5633164294
  1.20000000   3.20000000    79.1076326153
  1.30000000   3.20000000    84.3180541323
  1.40000000   3.20000000    89.1615376663
  1.50000000   3.20000000    93.6093884532
  1.60000000   3.20000000    97.6393366060
  1.70000000   3.20000000   101.2374127091
  1.80000000   3.20000000   104.3993203002
  1.90000000   3.20000000   107.1310564406
  2.00000000   3.20000000   109.4486590202
  2.10000000   3.20000000   111.3771207245
  2.20000000   3.20000000   112.9486548579
  2.30000000   3.20000000   114.2005874714
  2.40000000   3.20000000   115.1731645786
  2.50000000   3.20000000   115.9075130850
  2.60000000   3.20000000   116.4439096617
  2.70000000   3.20000000   116.8204248238
  2.80000000   3.20000000   117.0719404641
  2.90000000   3.20000000   117.2294952788
  3.00000000   3.20000000   117.3198917851
  3.10000000   3.20000000   117.3654946954
  3.20000000   3.20000000   117.3841565660
  3.30000000   3.20000000   117.3892175849
  3.40000000   3.20000000   117.3895386454
  3.50000000   3.20000000   117.3895386454

  0.00000000   3.30000000     0.0000000000
  0.10000000   3.30000000     7.0786710901
  0.20000000   3.30000000    14.1370931595
  0.30000000   3.30000000    21.1545370961
  0.40000000   3.30000000    28.1093330431
  0.50000000   3.30000000    34.9784511359
  0.60000000   3.30000000    41.7371504051
  0.70000000   3.30000000    48.3587292423
  0.80000000   3.30000000    54.8144182660
  0.90000000   3.30000000    61.0734629890
  1.00000000   3.30000000    67.1034467750
  1.10000000   3.30000000    72.8709005892
  1.20000000   3.30000000    78.3422307954
  1.30000000   3.30000000    83.4849659658
  1.40000000   3.30000000    88.2692770105
  1.50000000   3.30000000    92.6696656849
  1.60000000   3.30000000    96.6666559238
  1.70000000   3.30000000   100.2482788476
  1.80000000   3.30000000   103.4111360615
  1.90000000   3.30000000   106.1608692963
  2.00000000   3.30000000   108.5119523048
  2.10000000   3.30000000   110.4868302104
  2.20000000   3.30000000   112.1145320940
  2.30000000   3.30000000   113.4289489430
  2.40000000   3.30000000   114.4669884005
  2.50000000   3.30000000   115.2667937074
  2.60000000   3.30000000   115.8661626454
  2.70000000   3.30000000   116.3012422104
  2.80000000   3.30000000   116.6055210547
  2.90000000   3.30000000   116.8091022538
  3.00000000   3.30000000   116.9382152478
  3.10000000   3.30000000   117.0149155924
  3.20000000   3.30000000   117.0569206418
  3.30000000   3.30000000   117.0775347290
  3.40000000   3.30000000   117.0856259047
  3.50000000   3.30000000   117.0856259047

  0.00000000   3.40000000     0.0000000000
  0.10000000   3.40000000     7.0533502858
  0.20000000   3.40000000    14.0859941729
  0.30000000   3.40000000    21.0767664637
  0.40000000   3.40000000    28.0036060524
  0.50000000   3.40000000    34.8431644268
  0.60000000   3.40000000    41.5704878900
  0.70000000   3.40000000    48.1588071050
  0.80000000   3.40000000    54.5794732392
  0.90000000   3.40000000    60.8020840729
  1.00000000   3.40000000    66.7948434478
  1.10000000   3.40000000    72.5251902945
  1.20000000   3.40000000    77.9607160501
  1.30000000   3.40000000    83.0703593782
  1.40000000   3.40000000    87.8258251508
  1.50000000   3.40000000    92.2031253839
  1.60000000   3.40000000    96.1840932439
  1.70000000   3.40000000    99.7576914465
  1.80000000   3.40000000   102.9209371900
  1.90000000   3.40000000   105.6793042693
  2.00000000   3.40000000   108.0465342546
  2.10000000   3.40000000   110.0438759463
  2.20000000   3.40000000   111.6988536791
  2.30000000   3.40000000   113.0437211675
  2.40000000   3.40000000   114.1137781580
  2.50000000   3.40000000   114.9457133999
  2.60000000   3.40000000   115.5760996577
  2.70000000   3.40000000   116.0401184705
  2.80000000   3.40000000   116.3705462212
  2.90000000   3.40000000   116.5969964058
  3.00000000   3.40000000   116.7453886253
  3.10000000   3.40000000   116.8376021480
  3.20000000   3.40000000   116.8912684399
  3.30000000   3.40000000   116.9196599369
  3.40000000   3.40000000   116.9316389344
  3.50000000   3.40000000   116.9316389344

  0.00000000   3.50000000     0.0000000000
  0.10000000   3.50000000     7.0533502858
  0.20000000   3.50000000    14.0859941729
  0.30000000   3.50000000    21.0767664637
  0.40000000   3.50000000    28.0036060524
  0.50000000   3.50000000    34.8431644268
  0.60000000   3.50000000    41.5704878900
  0.70000000   3.50000000    48.1588071050
  0.80000000   3.50000000    54.5794732392
  0.90000000   3.50000000    60.8020840729
  1.00000000   3.50000000    66.7948434478
  1.10000000   3.50000000    72.5251902945
  1.20000000   3.50000000    77.9607160501
  1.30000000   3.50000000    83.0703593782
  1.40000000   3.50000000    87.8258251508
  1.50000000   3.50000000    92.2031253839
  1.60000000   3.50000000    96.1840932439
  1.70000000   3.50000000    99.7576914465
  1.80000000   3.50000000   102.9209371900
  1.90000000   3.50000000   105.6793042693
  2.00000000   3.50000000   108.0465342546
  2.10000000   3.50000000   110.0438759463
  2.20000000   3.50000000   111.6988536791
  2.30000000   3.50000000   113.0437211675
  2.40000000   3.50000000   114.1137781580
  2.50000000   3.50000000   114.9457133999
  2.60000000   3.50000000   115.5760996577
  2.70000000   3.50000000   116.0401184705
  2.80000000   3.50000000   116.3705462212
  2.90000000   3.50000000   116.5969964058
  3.00000000   3.50000000   116.7453886253
  3.10000000   3.50000000   116.8376021480
  3.20000000   3.50000000   116.8912684399
  3.30000000   3.50000000   116.9196599369
  3.40000000   3.50000000   116.9316389344
  3.50000000   3.50000000   116.9316389344

