  0.00000000   0.00000000     0.0000000000
  0.10000000   0.00000000     7.7056850742
  0.20000000   0.00000000    15.3905199209
  0.30000000   0.00000000    23.0332505252
  0.40000000   0.00000000    30.6118345507
  0.50000000   0.00000000    38.1030973162
  0.60000000   0.00000000    45.4824532893
  0.70000000   0.00000000    52.7237230122
  0.80000000   0.00000000    59.7990804082
  0.90000000   0.00000000    66.6791689769
  1.00000000   0.00000000    73.3334252105
  1.10000000   0.00000000    79.7306409020
  1.20000000   0.00000000    85.8397800603
  1.30000000   0.00000000    91.6310390423
  1.40000000   0.00000000    97.0771007862
  1.50000000   0.00000000   102.1544901808
  1.60000000   0.00000000   106.8448968532
  1.70000000   0.00000000   111.1363067664
  1.80000000   0.00000000   115.0237871772
  1.90000000   0.00000000   118.5098063891
  2.00000000   0.00000000   121.6040349219
  2.10000000   0.00000000   124.3226524202
  2.20000000   0.00000000   126.6872549589
  2.30000000   0.00000000   128.7235038604
  2.40000000   0.00000000   130.4596717947
  2.50000000   0.00000000   131.9252269718
  2.60000000   0.00000000   133.1495613326
  2.70000000   0.00000000   134.1609260070
  2.80000000   0.00000000   134.9855972447
  2.90000000   0.00000000   135.6472647865
  3.00000000   0.00000000   136.1666143447
  3.10000000   0.00000000   136.5610657150
  3.20000000   0.00000000   136.8446257759
  3.30000000   0.00000000   137.0278186599
  3.40000000   0.00000000   137.1176614725
  3.50000000   0.00000000   137.1176614725

  0.00000000   0.10000000     0.0000000000
  0.10000000   0.10000000     7.7056850742
  0.20000000   0.10000000    15.3905199209
  0.30000000   0.10000000    23.0332505252
  0.40000000   0.10000000    30.6118345507
  0.50000000   0.10000000    38.1030973162
  0.60000000   0.10000000    45.4824532893
  0.70000000   0.10000000    52.7237230122
  0.80000000   0.10000000    59.7990804082
  0.90000000   0.10000000    66.6791689769
  1.00000000   0.10000000    73.3334252105
  1.10000000   0.10000000    79.7306409020
  1.20000000   0.10000000    85.8397800603
  1.30000000   0.10000000    91.6310390423
  1.40000000   0.10000000    97.0771007862
  1.50000000   0.10000000   102.1544901808
  1.60000000   0.10000000   106.8448968532
  1.70000000   0.10000000   111.1363067664
  1.80000000   0.10000000   115.0237871772
  1.90000000   0.10000000   118.5098063891
  2.00000000   0.10000000   121.6040349219
  2.10000000   0.10000000   124.3226524202
  2.20000000   0.10000000   126.6872549589
  2.30000000   0.10000000   128.7235038604
  2.40000000   0.10000000   130.4596717947
  2.50000000   0.10000000   131.9252269718
  2.60000000   0.10000000   133.1495613326
  2.70000000   0.10000000   134.1609260070
  2.80000000   0.10000000   134.9855972447
  2.90000000   0.10000000   135.6472647865
  3.00000000   0.10000000   136.1666143447
  3.10000000   0.10000000   136.5610657150
  3.20000000   0.10000000   136.8446257759
  3.30000000   0.10000000   137.0278186599
  3.40000000   0.10000000   137.1176614725
  3.50000000   0.10000000   137.1176614725

  0.00000000   0.20000000     0.0000000000
  0.10000000   0.20000000     7.7278118523
  0.20000000   0.20000000    15.4351770343
  0.30000000   0.20000000    23.1012259420
  0.40000000   0.20000000    30.7042603473
  0.50000000   0.20000000    38.2213844612
  0.60000000   0.20000000    45.6281965889
  0.70000000   0.20000000    52.8985711577
  0.80000000   0.20000000    60.0045675395
  0.90000000   0.20000000    66.9165078912
  1.00000000   0.20000000    73.6032688306
  1.10000000   0.20000000    80.0328278980
  1.20000000   0.20000000    86.1730916644
  1.30000000   0.20000000    91.9930047145
  1.40000000   0.20000000    97.4638965251
  1.50000000   0.20000000   102.5609701857
  1.60000000   0.20000000   107.2647834215
  1.70000000   0.20000000   111.5625352947
  1.80000000   0.20000000   115.4489694538
  1.90000000   0.20000000   118.9267471033
  2.00000000   0.20000000   122.0062238326
  2.10000000   0.20000000   124.7046619997
  2.20000000   0.20000000   127.0449971939
  2.30000000   0.20000000   129.0543316659
  2.40000000   0.20000000   130.7623400696
  2.50000000   0.20000000   132.1997482197
  2.60000000   0.20000000   133.3969984747
  2.70000000   0.20000000   134.3831624014
  2.80000000   0.20000000   135.1851150923
  2.90000000   0.20000000   135.8269521551
  3.00000000   0.20000000   136.3296108944
  3.10000000   0.20000000   136.7106493336
  3.20000000   0.20000000   136.9841370484
  3.30000000   0.20000000   137.1606170459
  3.40000000   0.20000000   137.2471056201
  3.50000000   0.20000000   137.2471056201

  0.00000000   0.30000000     0.0000000000
  0.10000000   0.30000000     7.7716555970
  0.20000000   0.30000000    15.5236906794
  0.30000000   0.30000000    23.2360255185
  0.40000000   0.30000000    30.8876749254
  0.50000000   0.30000000    38.4563306558
  0.60000000   0.30000000    45.9179935303
  0.70000000   0.30000000    53.2466842048
  0.80000000   0.30000000    60.4142713134
  0.90000000   0.30000000    67.3904661293
  1.00000000   0.30000000    74.1430414867
  1.10000000   0.30000000    80.6383354105
  1.20000000   0.30000000    86.8420909955
  1.30000000   0.30000000    92.7206569479
  1.40000000   0.30000000    98.2425228228
  1.50000000   0.30000000   103.3800902457
  1.60000000   0.30000000   108.1114983819
  1.70000000   0.30000000   112.4222544847
  1.80000000   0.30000000   116.3064019488
  1.90000000   0.30000000   119.7670121716
  2.00000000   0.30000000   122.8159053133
  2.10000000   0.30000000   125.4726497793
  2.20000000   0.30000000   127.7630152511
  2.30000000   0.30000000   129.7171258101
  2.40000000   0.30000000   131.3675651077
  2.50000000   0.30000000   132.7476365914
  2.60000000   0.30000000   133.8899059062
  2.70000000   0.30000000   134.8250768209
  2.80000000   0.30000000   135.5811932742
  2.90000000   0.30000000   136.1831237416
  3.00000000   0.30000000   136.6522676879
  3.10000000   0.30000000   137.0064216835
  3.20000000   0.30000000   137.2597489454
  3.30000000   0.30000000   137.4228060674
  3.40000000   0.30000000   137.5025916204
  3.50000000   0.30000000   137.5025916204

  0.00000000   0.40000000     0.0000000000
  0.10000000   0.40000000     7.8363777815
  0.20000000   0.40000000    15.6544198681
  0.30000000   0.40000000    23.4352822204
  0.40000000   0.40000000    31.1591100873
  0.50000000   0.40000000    38.8045507941
  0.60000000   0.40000000    46.3482974917
  0.70000000   0.40000000    53.7646900231
  0.80000000   0.40000000    61.0254132912
  0.90000000   0.40000000    68.0993510109
  1.00000000   0.40000000    74.9526713842
  1.10000000   0.40000000    81.5492362525
  1.20000000   0.40000000    87.8514281426
  1.30000000   0.40000000    93.8214680513
  1.40000000   0.40000000    99.4232373861
  1.50000000   0.40000000   104.6245129704
  1.60000000   0.40000000   109.3993856415
  1.70000000   0.40000000   113.7305017354
  1.80000000   0.40000000   117.6107092458
  1.90000000   0.40000000   121.0437632295
  2.00000000   0.40000000   124.0439406269
  2.10000000   0.40000000   126.6346521824
  2.20000000   0.40000000   128.8463358679
  2.30000000   0.40000000   130.7140182603
  2.40000000   0.40000000   132.2749167113
  2.50000000   0.40000000   133.5663545163
  2.60000000   0.40000000   134.6241295152
  2.70000000   0.40000000   135.4813611454
  2.80000000   0.40000000   136.1677643776
  2.90000000   0.40000000   136.7092619663
  3.00000000   0.40000000   137.1278387927
  3.10000000   0.40000000   137.4415514473
  3.20000000   0.40000000   137.6646228004
  3.30000000   0.40000000   137.8075689558
  3.40000000   0.40000000   137.8773216289
  3.50000000   0.40000000   137.8773216289

  0.00000000   0.50000000     0.0000000000
  0.10000000   0.50000000     7.9206753756
  0.20000000   0.50000000    15.8248073393
  0.30000000   0.50000000    23.6952891573
  0.40000000   0.50000000    31.5138832322
  0.50000000   0.50000000    39.2606485978
  0.60000000   0.50000000    46.9133702505
  0.70000000   0.50000000    54.4470098355
  0.80000000   0.50000000    61.8332164348
  0.90000000   0.50000000    69.0399629162
  1.00000000   0.50000000    76.0314068041
  1.10000000   0.50000000    82.7681104594
  1.20000000   0.50000000    89.2077822732
  1.30000000   0.50000000    95.3066979898
  1.40000000   0.50000000   101.0219000249
  1.50000000   0.50000000   106.3141251900
  1.60000000   0.50000000   111.1511764987
  1.70000000   0.50000000   115.5111931692
  1.80000000   0.50000000   119.3851197569
  1.90000000   0.50000000   122.7777745743
  2.00000000   0.50000000   125.7072707918
  2.10000000   0.50000000   128.2029566058
  2.20000000   0.50000000   130.3023630888
  2.30000000   0.50000000   132.0478016544
  2.40000000   0.50000000   133.4831917644
  2.50000000   0.50000000   134.6514913198
  2.60000000   0.50000000   135.5928670640
  2.70000000   0.50000000   136.3435648201
  2.80000000   0.50000000   136.9353442460
  2.90000000   0.50000000   137.3953154449
  3.00000000   0.50000000   137.7460282066
  3.10000000   0.50000000   138.0056954063
  3.20000000   0.50000000   138.1884652572
  3.30000000   0.50000000   138.3046854728
  3.40000000   0.50000000   138.3611237488
  3.50000000   0.50000000   138.3611237488

  0.00000000   0.60000000     0.0000000000
  0.10000000   0.60000000     8.0227324696
  0.20000000   0.60000000    16.0312757956
  0.30000000   0.60000000    24.0108268956
  0.40000000   0.60000000    31.9453369187
  0.50000000   0.60000000    39.8168467866
  0.60000000   0.60000000    47.6047827330
  0.70000000   0.60000000    55.2852181943
  0.80000000   0.60000000    62.8301316847
  0.90000000   0.60000000    70.2067268758
  1.00000000   0.60000000    77.3769339284
  1.10000000   0.60000000    84.2972789677
  1.20000000   0.60000000    90.9193801799
  1.30000000   0.60000000    97.1913745204
  1.40000000   0.60000000   103.0605435333
  1.50000000   0.60000000   108.4772174581
  1.60000000   0.60000000   113.3996453131
  1.70000000   0.60000000   117.7989915871
  1.80000000   0.60000000   121.6632273815
  1.90000000   0.60000000   124.9988078905
  2.00000000   0.60000000   127.8297332275
  2.10000000   0.60000000   130.1943285126
  2.20000000   0.60000000   132.1406049067
  2.30000000   0.60000000   133.7213134764
  2.40000000   0.60000000   134.9896269954
  2.50000000   0.60000000   135.9959491386
  2.60000000   0.60000000   136.7859275914
  2.70000000   0.60000000   137.3994833156
  2.80000000   0.60000000   137.8705691304
  2.90000000   0.60000000   138.2273801079
  3.00000000   0.60000000   138.4927962868
  3.10000000   0.60000000   138.6849052257
  3.20000000   0.60000000   138.8175088792
  3.30000000   0.60000000   138.9005605389
  3.40000000   0.60000000   138.9405042117
  3.50000000   0.60000000   138.9405042117

  0.00000000   0.70000000     0.0000000000
  0.10000000   0.70000000     8.1401663278
  0.20000000   0.70000000    16.2691097925
  0.30000000   0.70000000    24.3749610182
  0.40000000   0.70000000    32.4445228901
  0.50000000   0.70000000    40.4625216774
  0.60000000   0.70000000    48.4107625947
  0.70000000   0.70000000    56.2671734425
  0.80000000   0.70000000    64.0047435229
  0.90000000   0.70000000    71.5904085742
  1.00000000   0.70000000    78.9840058026
  1.10000000   0.70000000    86.1375342453
  1.20000000   0.70000000    92.9951017200
  1.30000000   0.70000000    99.4940881770
  1.40000000   0.70000000   105.5681183406
  1.50000000   0.70000000   111.1522536957
  1.60000000   0.70000000   116.1901991118
  1.70000000   0.70000000   120.6422570955
  1.80000000   0.70000000   124.4917478219
  1.90000000   0.70000000   127.7476977712
  2.00000000   0.70000000   130.4432040635
  2.10000000   0.70000000   132.6301931916
  2.20000000   0.70000000   134.3720843967
  2.30000000   0.70000000   135.7363662204
  2.40000000   0.70000000   136.7886343497
  2.50000000   0.70000000   137.5887042722
  2.60000000   0.70000000   138.1886557034
  2.70000000   0.70000000   138.6323082667
  2.80000000   0.70000000   138.9555816821
  2.90000000   0.70000000   139.1872995574
  3.00000000   0.70000000   139.3501380511
  3.10000000   0.70000000   139.4615430472
  3.20000000   0.70000000   139.5345258347
  3.30000000   0.70000000   139.5783003809
  3.40000000   0.70000000   139.5987537672
  3.50000000   0.70000000   139.5987537672

  0.00000000   0.80000000     0.0000000000
  0.10000000   0.80000000     8.2699780958
  0.20000000   0.80000000    16.5323434646
  0.30000000   0.80000000    24.7788391614
  0.40000000   0.80000000    32.9998665076
  0.50000000   0.80000000    41.1836798804
  0.60000000   0.80000000    49.3154188526
  0.70000000   0.80000000    57.3759266099
  0.80000000   0.80000000    65.3403194046
  0.90000000   0.80000000    73.1763125272
  1.00000000   0.80000000    80.8423940576
  1.10000000   0.80000000    88.2860950714
  1.20000000   0.80000000    95.4428577145
  1.30000000   0.80000000   102.2363421801
  1.40000000   0.80000000   108.5813356273
  1.50000000   0.80000000   114.3904357843
  1.60000000   0.80000000   119.5848596173
  1.70000000   0.80000000   124.1076350918
  1.80000000   0.80000000   127.9347453233
  1.90000000   0.80000000   131.0794198066
  2.00000000   0.80000000   133.5890829976
  2.10000000   0.80000000   135.5365820584
  2.20000000   0.80000000   137.0081457207
  2.30000000   0.80000000   138.0919375778
  2.40000000   0.80000000   138.8698385001
  2.50000000   0.80000000   139.4130073334
  2.60000000   0.80000000   139.7804581398
  2.70000000   0.80000000   140.0195295164
  2.80000000   0.80000000   140.1672874515
  2.90000000   0.80000000   140.2522211893
  3.00000000   0.80000000   140.2958740580
  3.10000000   0.80000000   140.3142450941
  3.20000000   0.80000000   140.3189102695
  3.30000000   0.80000000   140.3178683830
  3.40000000   0.80000000   140.3161384676
  3.50000000   0.80000000   140.3161384676

  0.00000000   0.90000000     0.0000000000
  0.10000000   0.90000000     8.4085218547
  0.20000000   0.90000000    16.8136818030
  0.30000000   0.90000000    25.2115294698
  0.40000000   0.90000000    33.5968667680
  0.50000000   0.90000000    41.9624415006
  0.60000000   0.90000000    50.2979073683
  0.70000000   0.90000000    58.5884526703
  0.80000000   0.90000000    66.8129951301
  0.90000000   0.90000000    74.9418580117
  1.00000000   0.90000000    82.9339143332
  1.10000000   0.90000000    90.7333659181
  1.20000000   0.90000000    98.2666919088
  1.30000000   0.90000000   105.4409364372
  1.40000000   0.90000000   112.1453807348
  1.50000000   0.90000000   118.2593668876
  1.60000000   0.90000000   123.6684485068
  1.70000000   0.90000000   128.2872478253
  1.80000000   0.90000000   132.0801261297
  1.90000000   0.90000000   135.0675648232
  2.00000000   0.90000000   137.3200753659
  2.10000000   0.90000000   138.9434450011
  2.20000000   0.90000000   140.0581306646
  2.30000000   0.90000000   140.7811578895
  2.40000000   0.90000000   141.2151016656
  2.50000000   0.90000000   141.4438589076
  2.60000000   0.90000000   141.5328839650
  2.70000000   0.90000000   141.5316104036
  2.80000000   0.90000000   141.4765369310
  2.90000000   0.90000000   141.3941730676
  3.00000000   0.90000000   141.3035159456
  3.10000000   0.90000000   141.2179872415
  3.20000000   0.90000000   141.1468746071
  3.30000000   0.90000000   141.0963591092
  3.40000000   0.90000000   141.0702097019
  3.50000000   0.90000000   141.0702097019

  0.00000000   1.00000000     0.0000000000
  0.10000000   1.00000000     8.5515088487
  0.20000000   1.00000000    17.1044905331
  0.30000000   1.00000000    25.6599560882
  0.40000000   1.00000000    34.2179103131
  0.50000000   1.00000000    42.7766308131
  0.60000000   1.00000000    51.3316538179
  0.70000000   1.00000000    59.8743160306
  0.80000000   1.00000000    68.3896600445
  0.90000000   1.00000000    76.8534742868
  1.00000000   1.00000000    85.2282415672
  1.10000000   1.00000000    93.4578930636
  1.20000000   1.00000000   101.4616683214
  1.30000000   1.00000000   109.1283389244
  1.40000000   1.00000000   116.3138766632
  1.50000000   1.00000000   122.8482411925
  1.60000000   1.00000000   128.5584905840
  1.70000000   1.00000000   133.3101924345
  1.80000000   1.00000000   137.0497180092
  1.90000000   1.00000000   139.8108906539
  2.00000000   1.00000000   141.7020480206
  2.10000000   1.00000000   142.8824946341
  2.20000000   1.00000000   143.5249793597
  2.30000000   1.00000000   143.7863691181
  2.40000000   1.00000000   143.7941230602
  2.50000000   1.00000000   143.6446077405
  2.60000000   1.00000000   143.4072683820
  2.70000000   1.00000000   143.1305250283
  2.80000000   1.00000000   142.8473453107
  2.90000000   1.00000000   142.5797678315
  3.00000000   1.00000000   142.3422952859
  3.10000000   1.00000000   142.1443218080
  3.20000000   1.00000000   141.9918126988
  3.30000000   1.00000000   141.8884320998
  3.40000000   1.00000000   141.8362693639
  3.50000000   1.00000000   141.8362693639

  0.00000000   1.10000000     0.0000000000
  0.10000000   1.10000000     8.6940654550
  0.20000000   1.10000000    17.3948946069
  0.30000000   1.10000000    26.1089987715
  0.40000000   1.10000000    34.8423012764
  0.50000000   1.10000000    43.5996188085
  0.60000000   1.10000000    52.3838240134
  0.70000000   1.10000000    61.1944932566
  0.80000000   1.10000000    70.0257521055
  0.90000000   1.10000000    78.8629056181
  1.00000000   1.10000000    87.6772952153
  1.10000000   1.10000000    96.4187281038
  1.20000000   1.10000000   105.0049924308
  1.30000000   1.10000000   113.3089375401
  1.40000000   1.10000000   121.1464642422
  1.50000000   1.10000000   128.2750726790
  1.60000000   1.10000000   134.4219520707
  1.70000000   1.10000000   139.3613565042
  1.80000000   1.10000000   143.0150422589
  1.90000000   1.10000000   145.4431170412
  2.00000000   1.10000000   146.8152733566
  2.10000000   1.10000000   147.3818143150
  2.20000000   1.10000000   147.3970542820
  2.30000000   1.10000000   147.0711743764
  2.40000000   1.10000000   146.5581559485
  2.50000000   1.10000000   145.9626255848
  2.60000000   1.10000000   145.3520930687
  2.70000000   1.10000000   144.7683689112
  2.80000000   1.10000000   144.2363485217
  2.90000000   1.10000000   143.7701929245
  3.00000000   1.10000000   143.3774727355
  3.10000000   1.10000000   143.0618670484
  3.20000000   1.10000000   142.8248853922
  3.30000000   1.10000000   142.6669445449
  3.40000000   1.10000000   142.5880213462
  3.50000000   1.10000000   142.5880213462

  0.00000000   1.20000000     0.0000000000
  0.10000000   1.20000000     8.8308623173
  0.20000000   1.20000000    17.6740246705
  0.30000000   1.20000000    26.5418274340
  0.40000000   1.20000000    35.4466244472
  0.50000000   1.20000000    44.4006024971
  0.60000000   1.20000000    53.4153169655
  0.70000000   1.20000000    62.5007332238
  0.80000000   1.20000000    71.6634255169
  0.90000000   1.20000000    80.9033564710
  1.00000000   1.20000000    90.2082973054
  1.10000000   1.20000000    99.5444209701
  1.20000000   1.20000000   108.8409951470
  1.30000000   1.20000000   117.9669768703
  1.40000000   1.20000000   126.6996802574
  1.50000000   1.20000000   134.6961021102
  1.60000000   1.20000000   141.5062443470
  1.70000000   1.20000000   146.7126683490
  1.80000000   1.20000000   150.2217070603
  1.90000000   1.20000000   152.1485330750
  2.00000000   1.20000000   152.7531446328
  2.10000000   1.20000000   152.4533784409
  2.20000000   1.20000000   151.6331798962
  2.30000000   1.20000000   150.5680382409
  2.40000000   1.20000000   149.4315539515
  2.50000000   1.20000000   148.3243323795
  2.60000000   1.20000000   147.3004990645
  2.70000000   1.20000000   146.3864484471
  2.80000000   1.20000000   145.5928069469
  2.90000000   1.20000000   144.9217024002
  3.00000000   1.20000000   144.3710659471
  3.10000000   1.20000000   143.9371334350
  3.20000000   1.20000000   143.6158772704
  3.30000000   1.20000000   143.4038108846
  3.40000000   1.20000000   143.2984279387
  3.50000000   1.20000000   143.2984279387

  0.00000000   1.30000000     0.0000000000
  0.10000000   1.30000000     8.9563264052
  0.20000000   1.30000000    17.9304406836
  0.30000000   1.30000000    26.9405309921
  0.40000000   1.30000000    36.0055540918
  0.50000000   1.30000000    45.1455232068
  0.60000000   1.30000000    54.3816272460
  0.70000000   1.30000000    63.7360142775
  0.80000000   1.30000000    73.2309210229
  0.90000000   1.30000000    82.8865420931
  1.00000000   1.30000000    92.7164823268
  1.10000000   1.30000000   102.7185883912
  1.20000000   1.30000000   112.8570206428
  1.30000000   1.30000000   123.0281949608
  1.40000000   1.30000000   132.9995493690
  1.50000000   1.30000000   142.3143153855
  1.60000000   1.30000000   150.2058404927
  1.70000000   1.30000000   155.7738799979
  1.80000000   1.30000000   159.0243432807
  1.90000000   1.30000000   160.1915151396
  2.00000000   1.30000000   159.6126627933
  2.10000000   1.30000000   158.0647728226
  2.20000000   1.30000000   156.1358606613
  2.30000000   1.30000000   154.1600563255
  2.40000000   1.30000000   152.3016164864
  2.50000000   1.30000000   150.6305646287
  2.60000000   1.30000000   149.1688642326
  2.70000000   1.30000000   147.9155118067
  2.80000000   1.30000000   146.8595829783
  2.90000000   1.30000000   145.9868621392
  3.00000000   1.30000000   145.2831337238
  3.10000000   1.30000000   144.7357543393
  3.20000000   1.30000000   144.3343518497
  3.30000000   1.30000000   144.0710950847
  3.40000000   1.30000000   143.9407676125
  3.50000000   1.30000000   143.9407676125

  0.00000000   1.40000000     0.0000000000
  0.10000000   1.40000000     9.0649364395
  0.20000000   1.40000000    18.1527389100
  0.30000000   1.40000000    27.2870655770
  0.40000000   1.40000000    36.4931787029
  0.50000000   1.40000000    45.7987890178
  0.60000000   1.40000000    55.2349256169
  0.70000000   1.40000000    64.8367797938
  0.80000000   1.40000000    74.6443715754
  0.90000000   1.40000000    84.7026656889
  1.00000000   1.40000000    95.0602606220
  1.10000000   1.40000000   105.7645992089
  1.20000000   1.40000000   116.8487925999
  1.30000000   1.40000000   128.2979601787
  1.40000000   1.40000000   139.9649256228
  1.50000000   1.40000000   151.3649050075
  1.60000000   1.40000000   161.2384313685
  1.70000000   1.40000000   167.1628889172
  1.80000000   1.40000000   169.9216402785
  1.90000000   1.40000000   169.9935507116
  2.00000000   1.40000000   167.4564273649
  2.10000000   1.40000000   164.0748578783
  2.20000000   1.40000000   160.7056317129
  2.30000000   1.40000000   157.6573759751
  2.40000000   1.40000000   155.0092899108
  2.50000000   1.40000000   152.7546026093
  2.60000000   1.40000000   150.8580015729
  2.70000000   1.40000000   149.2780280833
  2.80000000   1.40000000   147.9755711343
  2.90000000   1.40000000   146.9167767889
  3.00000000   1.40000000   146.0737083899
  3.10000000   1.40000000   145.4241427015
  3.20000000   1.40000000   144.9510922609
  3.30000000   1.40000000   144.6423067641
  3.40000000   1.40000000   144.4898593169
  3.50000000   1.40000000   144.4898593169

  0.00000000   1.50000000     0.0000000000
  0.10000000   1.50000000     9.1515854731
  0.20000000   1.50000000    18.3303124767
  0.30000000   1.50000000    27.5644865651
  0.40000000   1.50000000    36.8848202031
  0.50000000   1.50000000    46.3258403846
  0.60000000   1.50000000    55.9275606458
  0.70000000   1.50000000    65.7375363370
  0.80000000   1.50000000    75.8134413361
  0.90000000   1.50000000    86.2263070260
  1.00000000   1.50000000    97.0644997886
  1.10000000   1.50000000   108.4382193636
  1.20000000   1.50000000   120.4831742386
  1.30000000   1.50000000   133.3574843737
  1.40000000   1.50000000   147.2046834242
  1.50000000   1.50000000   161.9491109007
  1.60000000   1.50000000   176.2271371576
  1.70000000   1.50000000   181.7250433146
  1.80000000   1.50000000   183.5141888113
  1.90000000   1.50000000   182.4147413942
  2.00000000   1.50000000   176.1574290744
  2.10000000   1.50000000   170.0883790265
  2.20000000   1.50000000   164.9731756382
  2.30000000   1.50000000   160.7760665375
  2.40000000   1.50000000   157.3476826164
  2.50000000   1.50000000   154.5470124778
  2.60000000   1.50000000   152.2590684997
  2.70000000   1.50000000   150.3934439025
  2.80000000   1.50000000   148.8799341209
  2.90000000   1.50000000   147.6643890872
  3.00000000   1.50000000   146.7053568536
  3.10000000   1.50000000   145.9715133942
  3.20000000   1.50000000   145.4397554728
  3.30000000   1.50000000   145.0938279836
  3.40000000   1.50000000   144.9233810144
  3.50000000   1.50000000   144.9233810144

  0.00000000   1.60000000     0.0000000000
  0.10000000   1.60000000     9.2119751434
  0.20000000   1.60000000    18.4541918286
  0.30000000   1.60000000    27.7583484420
  0.40000000   1.60000000    37.1591879370
  0.50000000   1.60000000    46.6963687897
  0.60000000   1.60000000    56.4168199595
  0.70000000   1.60000000    66.3778690473
  0.80000000   1.60000000    76.6515878915
  0.90000000   1.60000000    87.3310776970
  1.00000000   1.60000000    98.5399518423
  1.10000000   1.60000000   110.4474648920
  1.20000000   1.60000000   123.2949880630
  1.30000000   1.60000000   137.4506020675
  1.40000000   1.60000000   153.5531183509
  1.50000000   1.60000000   173.0047575972
  1.60000000   1.60000000   200.0000000000
  1.70000000   1.60000000   200.0000000000
  1.80000000   1.60000000   200.0000000000
  1.90000000   1.60000000   200.0000000000
  2.00000000   1.60000000   184.6801580220
  2.10000000   1.60000000   175.1618882635
  2.20000000   1.60000000   168.3399851956
  2.30000000   1.60000000   163.1465574830
  2.40000000   1.60000000   159.0817136430
  2.50000000   1.60000000   155.8525620844
  2.60000000   1.60000000   153.2659052002
  2.70000000   1.60000000   151.1867837183
  2.80000000   1.60000000   149.5180596334
  2.90000000   1.60000000   148.1886519819
  3.00000000   1.60000000   147.1461699213
  3.10000000   1.60000000   146.3521000193
  3.20000000   1.60000000   145.7785987656
  3.30000000   1.60000000   145.4063510102
  3.40000000   1.60000000   145.2231737288
  3.50000000   1.60000000   145.2231737288

  0.00000000   1.70000000     0.0000000000
  0.10000000   1.70000000     9.2429895597
  0.20000000   1.70000000    18.5178516855
  0.30000000   1.70000000    27.8580774704
  0.40000000   1.70000000    37.3005564526
  0.50000000   1.70000000    46.8877097989
  0.60000000   1.70000000    56.6702385981
  0.70000000   1.70000000    66.7108801038
  0.80000000   1.70000000    77.0897993383
  0.90000000   1.70000000    87.9126611135
  1.00000000   1.70000000    99.3231679502
  1.10000000   1.70000000   111.5231168603
  1.20000000   1.70000000   124.8048994064
  1.30000000   1.70000000   139.6024643737
  1.40000000   1.70000000   156.5571050400
  1.50000000   1.70000000   176.5198281241
  1.60000000   1.70000000   200.0000000000
  1.70000000   1.70000000   200.0000000000
  1.80000000   1.70000000   200.0000000000
  1.90000000   1.70000000   200.0000000000
  2.00000000   1.70000000   187.4083932981
  2.10000000   1.70000000   177.5511707108
  2.20000000   1.70000000   170.0945673161
  2.30000000   1.70000000   164.4082099749
  2.40000000   1.70000000   160.0028327247
  2.50000000   1.70000000   156.5410498637
  2.60000000   1.70000000   153.7929586484
  2.70000000   1.70000000   151.5994963521
  2.80000000   1.70000000   149.8483770710
  2.90000000   1.70000000   148.4589702372
  3.00000000   1.70000000   147.3727685409
  3.10000000   1.70000000   146.5472831674
  3.20000000   1.70000000   145.9520762289
  3.30000000   1.70000000   145.5661715457
  3.40000000   1.70000000   145.3763969204
  3.50000000   1.70000000   145.3763969204

  0.00000000   1.80000000     0.0000000000
  0.10000000   1.80000000     9.2429895597
  0.20000000   1.80000000    18.5178516855
  0.30000000   1.80000000    27.8580774704
  0.40000000   1.80000000    37.3005564526
  0.50000000   1.80000000    46.8877097989
  0.60000000   1.80000000    56.6702385981
  0.70000000   1.80000000    66.7108801038
  0.80000000   1.80000000    77.0897993383
  0.90000000   1.80000000    87.9126611135
  1.00000000   1.80000000    99.3231679502
  1.10000000   1.80000000   111.5231168603
  1.20000000   1.80000000   124.8048994064
  1.30000000   1.80000000   139.6024643737
  1.40000000   1.80000000   156.5571050400
  1.50000000   1.80000000   176.5198281241
  1.60000000   1.80000000   200.0000000000
  1.70000000   1.80000000   200.0000000000
  1.80000000   1.80000000   200.0000000000
  1.90000000   1.80000000   200.0000000000
  2.00000000   1.80000000   187.4083932981
  2.10000000   1.80000000   177.5511707108
  2.20000000   1.80000000   170.0945673161
  2.30000000   1.80000000   164.4082099749
  2.40000000   1.80000000   160.0028327247
  2.50000000   1.80000000   156.5410498637
  2.60000000   1.80000000   153.7929586484
  2.70000000   1.80000000   151.5994963521
  2.80000000   1.80000000   149.8483770710
  2.90000000   1.80000000   148.4589702372
  3.00000000   1.80000000   147.3727685409
  3.10000000   1.80000000   146.5472831674
  3.20000000   1.80000000   145.9520762289
  3.30000000   1.80000000   145.5661715457
  3.40000000   1.80000000   145.3763969204
  3.50000000   1.80000000   145.3763969204

  0.00000000   1.90000000     0.0000000000
  0.10000000   1.90000000     9.2119751434
  0.20000000   1.90000000    18.4541918286
  0.30000000   1.90000000    27.7583484420
  0.40000000   1.90000000    37.1591879370
  0.50000000   1.90000000    46.6963687897
  0.60000000   1.90000000    56.4168199595
  0.70000000   1.90000000    66.3778690473
  0.80000000   1.90000000    76.6515878915
  0.90000000   1.90000000    87.3310776970
  1.00000000   1.90000000    98.5399518423
  1.10000000   1.90000000   110.4474648920
  1.20000000   1.90000000   123.2949880630
  1.30000000   1.90000000   137.4506020675
  1.40000000   1.90000000   153.5531183509
  1.50000000   1.90000000   173.0047575972
  1.60000000   1.90000000   200.0000000000
  1.70000000   1.90000000   200.0000000000
  1.80000000   1.90000000   200.0000000000
  1.90000000   1.90000000   200.0000000000
  2.00000000   1.90000000   184.6801580220
  2.10000000   1.90000000   175.1618882635
  2.20000000   1.90000000   168.3399851956
  2.30000000   1.90000000   163.1465574830
  2.40000000   1.90000000   159.0817136430
  2.50000000   1.90000000   155.8525620844
  2.60000000   1.90000000   153.2659052002
  2.70000000   1.90000000   151.1867837183
  2.80000000   1.90000000   149.5180596334
  2.90000000   1.90000000   148.1886519819
  3.00000000   1.90000000   147.1461699213
  3.10000000   1.90000000   146.3521000193
  3.20000000   1.90000000   145.7785987656
  3.30000000   1.90000000   145.4063510102
  3.40000000   1.90000000   145.2231737288
  3.50000000   1.90000000   145.2231737288

  0.00000000   2.00000000     0.0000000000
  0.10000000   2.00000000     9.1515854731
  0.20000000   2.00000000    18.3303124767
  0.30000000   2.00000000    27.5644865651
  0.40000000   2.00000000    36.8848202031
  0.50000000   2.00000000    46.3258403846
  0.60000000   2.00000000    55.9275606458
  0.70000000   2.00000000    65.7375363370
  0.80000000   2.00000000    75.8134413361
  0.90000000   2.00000000    86.2263070260
  1.00000000   2.00000000    97.0644997886
  1.10000000   2.00000000   108.4382193636
  1.20000000   2.00000000   120.4831742386
  1.30000000   2.00000000   133.3574843737
  1.40000000   2.00000000   147.2046834242
  1.50000000   2.00000000   161.9491109007
  1.60000000   2.00000000   176.2271371576
  1.70000000   2.00000000   181.7250433146
  1.80000000   2.00000000   183.5141888113
  1.90000000   2.00000000   182.4147413942
  2.00000000   2.00000000   176.1574290744
  2.10000000   2.00000000   170.0883790265
  2.20000000   2.00000000   164.9731756382
  2.30000000   2.00000000   160.7760665375
  2.40000000   2.00000000   157.3476826164
  2.50000000   2.00000000   154.5470124778
  2.60000000   2.00000000   152.2590684997
  2.70000000   2.00000000   150.3934439025
  2.80000000   2.00000000   148.8799341209
  2.90000000   2.00000000   147.6643890872
  3.00000000   2.00000000   146.7053568536
  3.10000000   2.00000000   145.9715133942
  3.20000000   2.00000000   145.4397554728
  3.30000000   2.00000000   145.0938279836
  3.40000000   2.00000000   144.9233810144
  3.50000000   2.00000000   144.9233810144

  0.00000000   2.10000000     0.0000000000
  0.10000000   2.10000000     9.0649364395
  0.20000000   2.10000000    18.1527389100
  0.30000000   2.10000000    27.2870655770
  0.40000000   2.10000000    36.4931787029
  0.50000000   2.10000000    45.7987890178
  0.60000000   2.10000000    55.2349256169
  0.70000000   2.10000000    64.8367797938
  0.80000000   2.10000000    74.6443715754
  0.90000000   2.10000000    84.7026656889
  1.00000000   2.10000000    95.0602606220
  1.10000000   2.10000000   105.7645992089
  1.20000000   2.10000000   116.8487925999
  1.30000000   2.10000000   128.2979601787
  1.40000000   2.10000000   139.9649256228
  1.50000000   2.10000000   151.3649050075
  1.60000000   2.10000000   161.2384313685
  1.70000000   2.10000000   167.1628889172
  1.80000000   2.10000000   169.9216402785
  1.90000000   2.10000000   169.9935507116
  2.00000000   2.10000000   167.4564273649
  2.10000000   2.10000000   164.0748578783
  2.20000000   2.10000000   160.7056317129
  2.30000000   2.10000000   157.6573759751
  2.40000000   2.10000000   155.0092899108
  2.50000000   2.10000000   152.7546026093
  2.60000000   2.10000000   150.8580015729
  2.70000000   2.10000000   149.2780280833
  2.80000000   2.10000000   147.9755711343
  2.90000000   2.10000000   146.9167767889
  3.00000000   2.10000000   146.0737083899
  3.10000000   2.10000000   145.4241427015
  3.20000000   2.10000000   144.9510922609
  3.30000000   2.10000000   144.6423067641
  3.40000000   2.10000000   144.4898593169
  3.50000000   2.10000000   144.4898593169

  0.00000000   2.20000000     0.0000000000
  0.10000000   2.20000000     8.9563264052
  0.20000000   2.20000000    17.9304406836
  0.30000000   2.20000000    26.9405309921
  0.40000000   2.20000000    36.0055540918
  0.50000000   2.20000000    45.1455232068
  0.60000000   2.20000000    54.3816272460
  0.70000000   2.20000000    63.7360142775
  0.80000000   2.20000000    73.2309210229
  0.90000000   2.20000000    82.8865420931
  1.00000000   2.20000000    92.7164823268
  1.10000000   2.20000000   102.7185883912
  1.20000000   2.20000000   112.8570206428
  1.30000000   2.20000000   123.0281949608
  1.40000000   2.20000000   132.9995493690
  1.50000000   2.20000000   142.3143153855
  1.60000000   2.20000000   150.2058404927
  1.70000000   2.20000000   155.7738799979
  1.80000000   2.20000000   159.0243432807
  1.90000000   2.20000000   160.1915151396
  2.00000000   2.20000000   159.6126627933
  2.10000000   2.20000000   158.0647728226
  2.20000000   2.20000000   156.1358606613
  2.30000000   2.20000000   154.1600563255
  2.40000000   2.20000000   152.3016164864
  2.50000000   2.20000000   150.6305646287
  2.60000000   2.20000000   149.1688642326
  2.70000000   2.20000000   147.9155118067
  2.80000000   2.20000000   146.8595829783
  2.90000000   2.20000000   145.9868621392
  3.00000000   2.20000000   145.2831337238
  3.10000000   2.20000000   144.7357543393
  3.20000000   2.20000000   144.3343518497
  3.30000000   2.20000000   144.0710950847
  3.40000000   2.20000000   143.9407676125
  3.50000000   2.20000000   143.9407676125

  0.00000000   2.30000000     0.0000000000
  0.10000000   2.30000000     8.8308623173
  0.20000000   2.30000000    17.6740246705
  0.30000000   2.30000000    26.5418274340
  0.40000000   2.30000000    35.4466244472
  0.50000000   2.30000000    44.4006024971
  0.60000000   2.30000000    53.4153169655
  0.70000000   2.30000000    62.5007332238
  0.80000000   2.30000000    71.6634255169
  0.90000000   2.30000000    80.9033564710
  1.00000000   2.30000000    90.2082973054
  1.10000000   2.30000000    99.5444209701
  1.20000000   2.30000000   108.8409951470
  1.30000000   2.30000000   117.9669768703
  1.40000000   2.30000000   126.6996802574
  1.50000000   2.30000000   134.6961021102
  1.60000000   2.30000000   141.5062443470
  1.70000000   2.30000000   146.7126683490
  1.80000000   2.30000000   150.2217070603
  1.90000000   2.30000000   152.1485330750
  2.00000000   2.30000000   152.7531446328
  2.10000000   2.30000000   152.4533784409
  2.20000000   2.30000000   151.6331798962
  2.30000000   2.30000000   150.5680382409
  2.40000000   2.30000000   149.4315539515
  2.50000000   2.30000000   148.3243323795
  2.60000000   2.30000000   147.3004990645
  2.70000000   2.30000000   146.3864484471
  2.80000000   2.30000000   145.5928069469
  2.90000000   2.30000000   144.9217024002
  3.00000000   2.30000000   144.3710659471
  3.10000000   2.30000000   143.9371334350
  3.20000000   2.30000000   143.6158772704
  3.30000000   2.30000000   143.4038108846
  3.40000000   2.30000000   143.2984279387
  3.50000000   2.30000000   143.2984279387

  0.00000000   2.40000000     0.0000000000
  0.10000000   2.40000000     8.6940654550
  0.20000000   2.40000000    17.3948946069
  0.30000000   2.40000000    26.1089987715
  0.40000000   2.40000000    34.8423012764
  0.50000000   2.40000000    43.5996188085
  0.60000000   2.40000000    52.3838240134
  0.70000000   2.40000000    61.1944932566
  0.80000000   2.40000000    70.0257521055
  0.90000000   2.40000000    78.8629056181
  1.00000000   2.40000000    87.6772952153
  1.10000000   2.40000000    96.4187281038
  1.20000000   2.40000000   105.0049924308
  1.30000000   2.40000000   113.3089375401
  1.40000000   2.40000000   121.1464642422
  1.50000000   2.40000000   128.2750726790
  1.60000000   2.40000000   134.4219520707
  1.70000000   2.40000000   139.3613565042
  1.80000000   2.40000000   143.0150422589
  1.90000000   2.40000000   145.4431170412
  2.00000000   2.40000000   146.8152733566
  2.10000000   2.40000000   147.3818143150
  2.20000000   2.40000000   147.3970542820
  2.30000000   2.40000000   147.0711743764
  2.40000000   2.40000000   146.5581559485
  2.50000000   2.40000000   145.9626255848
  2.60000000   2.40000000   145.3520930687
  2.70000000   2.40000000   144.7683689112
  2.80000000   2.40000000   144.2363485217
  2.90000000   2.40000000   143.7701929245
  3.00000000   2.40000000   143.3774727355
  3.10000000   2.40000000   143.0618670484
  3.20000000   2.40000000   142.8248853922
  3.30000000   2.40000000   142.6669445449
  3.40000000   2.40000000   142.5880213462
  3.50000000   2.40000000   142.5880213462

  0.00000000   2.50000000     0.0000000000
  0.10000000   2.50000000     8.5515088487
  0.20000000   2.50000000    17.1044905331
  0.30000000   2.50000000    25.6599560882
  0.40000000   2.50000000    34.2179103131
  0.50000000   2.50000000    42.7766308131
  0.60000000   2.50000000    51.3316538179
  0.70000000   2.50000000    59.8743160306
  0.80000000   2.50000000    68.3896600445
  0.90000000   2.50000000    76.8534742868
  1.00000000   2.50000000    85.2282415672
  1.10000000   2.50000000    93.4578930636
  1.20000000   2.50000000   101.4616683214
  1.30000000   2.50000000   109.1283389244
  1.40000000   2.50000000   116.3138766632
  1.50000000   2.50000000   122.8482411925
  1.60000000   2.50000000   128.5584905840
  1.70000000   2.50000000   133.3101924345
  1.80000000   2.50000000   137.0497180092
  1.90000000   2.50000000   139.8108906539
  2.00000000   2.50000000   141.7020480206
  2.10000000   2.50000000   142.8824946341
  2.20000000   2.50000000   143.5249793597
  2.30000000   2.50000000   143.7863691181
  2.40000000   2.50000000   143.7941230602
  2.50000000   2.50000000   143.6446077405
  2.60000000   2.50000000   143.4072683820
  2.70000000   2.50000000   143.1305250283
  2.80000000   2.50000000   142.8473453107
  2.90000000   2.50000000   142.5797678315
  3.00000000   2.50000000   142.3422952859
  3.10000000   2.50000000   142.1443218080
  3.20000000   2.50000000   141.9918126988
  3.30000000   2.50000000   141.8884320998
  3.40000000   2.50000000   141.8362693639
  3.50000000   2.50000000   141.8362693639

  0.00000000   2.60000000     0.0000000000
  0.10000000   2.60000000     8.4085218547
  0.20000000   2.60000000    16.8136818030
  0.30000000   2.60000000    25.2115294698
  0.40000000   2.60000000    33.5968667680
  0.50000000   2.60000000    41.9624415006
  0.60000000   2.60000000    50.2979073683
  0.70000000   2.60000000    58.5884526703
  0.80000000   2.60000000    66.8129951301
  0.90000000   2.60000000    74.9418580117
  1.00000000   2.60000000    82.9339143332
  1.10000000   2.60000000    90.7333659181
  1.20000000   2.60000000    98.2666919088
  1.30000000   2.60000000   105.4409364372
  1.40000000   2.60000000   112.1453807348
  1.50000000   2.60000000   118.2593668876
  1.60000000   2.60000000   123.6684485068
  1.70000000   2.60000000   128.2872478253
  1.80000000   2.60000000   132.0801261297
  1.90000000   2.60000000   135.0675648232
  2.00000000   2.60000000   137.3200753659
  2.10000000   2.60000000   138.9434450011
  2.20000000   2.60000000   140.0581306646
  2.30000000   2.60000000   140.7811578895
  2.40000000   2.60000000   141.2151016656
  2.50000000   2.60000000   141.4438589076
  2.60000000   2.60000000   141.5328839650
  2.70000000   2.60000000   141.5316104036
  2.80000000   2.60000000   141.4765369310
  2.90000000   2.60000000   141.3941730676
  3.00000000   2.60000000   141.3035159456
  3.10000000   2.60000000   141.2179872415
  3.20000000   2.60000000   141.1468746071
  3.30000000   2.60000000   141.0963591092
  3.40000000   2.60000000   141.0702097019
  3.50000000   2.60000000   141.0702097019

  0.00000000   2.70000000     0.0000000000
  0.10000000   2.70000000     8.2699780958
  0.20000000   2.70000000    16.5323434646
  0.30000000   2.70000000    24.7788391614
  0.40000000   2.70000000    32.9998665076
  0.50000000   2.70000000    41.1836798804
  0.60000000   2.70000000    49.3154188526
  0.70000000   2.70000000    57.3759266099
  0.80000000   2.70000000    65.3403194046
  0.90000000   2.70000000    73.1763125272
  1.00000000   2.70000000    80.8423940576
  1.10000000   2.70000000    88.2860950714
  1.20000000   2.70000000    95.4428577145
  1.30000000   2.70000000   102.2363421801
  1.40000000   2.70000000   108.5813356273
  1.50000000   2.70000000   114.3904357843
  1.60000000   2.70000000   119.5848596173
  1.70000000   2.70000000   124.1076350918
  1.80000000   2.70000000   127.9347453233
  1.90000000   2.70000000   131.0794198066
  2.00000000   2.70000000   133.5890829976
  2.10000000   2.70000000   135.5365820584
  2.20000000   2.70000000   137.0081457207
  2.30000000   2.70000000   138.0919375778
  2.40000000   2.70000000   138.8698385001
  2.50000000   2.70000000   139.4130073334
  2.60000000   2.70000000   139.7804581398
  2.70000000   2.70000000   140.0195295164
  2.80000000   2.70000000   140.1672874515
  2.90000000   2.70000000   140.2522211893
  3.00000000   2.70000000   140.2958740580
  3.10000000   2.70000000   140.3142450941
  3.20000000   2.70000000   140.3189102695
  3.30000000   2.70000000   140.3178683830
  3.40000000   2.70000000   140.3161384676
  3.50000000   2.70000000   140.3161384676

  0.00000000   2.80000000     0.0000000000
  0.10000000   2.80000000     8.1401663278
  0.20000000   2.80000000    16.2691097925
  0.30000000   2.80000000    24.3749610182
  0.40000000   2.80000000    32.4445228901
  0.50000000   2.80000000    40.4625216774
  0.60000000   2.80000000    48.4107625947
  0.70000000   2.80000000    56.2671734425
  0.80000000   2.80000000    64.0047435229
  0.90000000   2.80000000    71.5904085742
  1.00000000   2.80000000    78.9840058026
  1.10000000   2.80000000    86.1375342453
  1.20000000   2.80000000    92.9951017200
  1.30000000   2.80000000    99.4940881770
  1.40000000   2.80000000   105.5681183406
  1.50000000   2.80000000   111.1522536957
  1.60000000   2.80000000   116.1901991118
  1.70000000   2.80000000   120.6422570955
  1.80000000   2.80000000   124.4917478219
  1.90000000   2.80000000   127.7476977712
  2.00000000   2.80000000   130.4432040635
  2.10000000   2.80000000   132.6301931916
  2.20000000   2.80000000   134.3720843967
  2.30000000   2.80000000   135.7363662204
  2.40000000   2.80000000   136.7886343497
  2.50000000   2.80000000   137.5887042722
  2.60000000   2.80000000   138.1886557034
  2.70000000   2.80000000   138.6323082667
  2.80000000   2.80000000   138.9555816821
  2.90000000   2.80000000   139.1872995574
  3.00000000   2.80000000   139.3501380511
  3.10000000   2.80000000   139.4615430472
  3.20000000   2.80000000   139.5345258347
  3.30000000   2.80000000   139.5783003809
  3.40000000   2.80000000   139.5987537672
  3.50000000   2.80000000   139.5987537672

  0.00000000   2.90000000     0.0000000000
  0.10000000   2.90000000     8.0227324696
  0.20000000   2.90000000    16.0312757956
  0.30000000   2.90000000    24.0108268956
  0.40000000   2.90000000    31.9453369187
  0.50000000   2.90000000    39.8168467866
  0.60000000   2.90000000    47.6047827330
  0.70000000   2.90000000    55.2852181943
  0.80000000   2.90000000    62.8301316847
  0.90000000   2.90000000    70.2067268758
  1.00000000   2.90000000    77.3769339284
  1.10000000   2.90000000    84.2972789677
  1.20000000   2.90000000    90.9193801799
  1.30000000   2.90000000    97.1913745204
  1.40000000   2.90000000   103.0605435333
  1.50000000   2.90000000   108.4772174581
  1.60000000   2.90000000   113.3996453131
  1.70000000   2.90000000   117.7989915871
  1.80000000   2.90000000   121.6632273815
  1.90000000   2.90000000   124.9988078905
  2.00000000   2.90000000   127.8297332275
  2.10000000   2.90000000   130.1943285126
  2.20000000   2.90000000   132.1406049067
  2.30000000   2.90000000   133.7213134764
  2.40000000   2.90000000   134.9896269954
  2.50000000   2.90000000   135.9959491386
  2.60000000   2.90000000   136.7859275914
  2.70000000   2.90000000   137.3994833156
  2.80000000   2.90000000   137.8705691304
  2.90000000   2.90000000   138.2273801079
  3.00000000   2.90000000   138.4927962868
  3.10000000   2.90000000   138.6849052257
  3.20000000   2.90000000   138.8175088792
  3.30000000   2.90000000   138.9005605389
  3.40000000   2.90000000   138.9405042117
  3.50000000   2.90000000   138.9405042117

  0.00000000   3.00000000     0.0000000000
  0.10000000   3.00000000     7.9206753756
  0.20000000   3.00000000    15.8248073393
  0.30000000   3.00000000    23.6952891573
  0.40000000   3.00000000    31.5138832322
  0.50000000   3.00000000    39.2606485978
  0.60000000   3.00000000    46.9133702505
  0.70000000   3.00000000    54.4470098355
  0.80000000   3.00000000    61.8332164348
  0.90000000   3.00000000    69.0399629162
  1.00000000   3.00000000    76.0314068041
  1.10000000   3.00000000    82.7681104594
  1.20000000   3.00000000    89.2077822732
  1.30000000   3.00000000    95.3066979898
  1.40000000   3.00000000   101.0219000249
  1.50000000   3.00000000   106.3141251900
  1.60000000   3.00000000   111.1511764987
  1.70000000   3.00000000   115.5111931692
  1.80000000   3.00000000   119.3851197569
  1.90000000   3.00000000   122.7777745743
  2.00000000   3.00000000   125.7072707918
  2.10000000   3.00000000   128.2029566058
  2.20000000   3.00000000   130.3023630888
  2.30000000   3.00000000   132.0478016544
  2.40000000   3.00000000   133.4831917644
  2.50000000   3.00000000   134.6514913198
  2.60000000   3.00000000   135.5928670640
  2.70000000   3.00000000   136.3435648201
  2.80000000   3.00000000   136.9353442460
  2.90000000   3.00000000   137.3953154449
  3.00000000   3.00000000   137.7460282066
  3.10000000   3.00000000   138.0056954063
  3.20000000   3.00000000   138.1884652572
  3.30000000   3.00000000   138.3046854728
  3.40000000   3.00000000   138.3611237488
  3.50000000   3.00000000   138.3611237488

  0.00000000   3.10000000     0.0000000000
  0.10000000   3.10000000     7.8363777815
  0.20000000   3.10000000    15.6544198681
  0.30000000   3.10000000    23.4352822204
  0.40000000   3.10000000    31.1591100873
  0.50000000   3.10000000    38.8045507941
  0.60000000   3.10000000    46.3482974917
  0.70000000   3.10000000    53.7646900231
  0.80000000   3.10000000    61.0254132912
  0.90000000   3.10000000    68.0993510109
  1.00000000   3.10000000    74.9526713842
  1.10000000   3.10000000    81.5492362525
  1.20000000   3.10000000    87.8514281426
  1.30000000   3.10000000    93.8214680513
  1.40000000   3.10000000    99.4232373861
  1.50000000   3.10000000   104.6245129704
  1.60000000   3.10000000   109.3993856415
  1.70000000   3.10000000   113.7305017354
  1.80000000   3.10000000   117.6107092458
  1.90000000   3.10000000   121.0437632295
  2.00000000   3.10000000   124.0439406269
  2.10000000   3.10000000   126.6346521824
  2.20000000   3.10000000   128.8463358679
  2.30000000   3.10000000   130.7140182603
  2.40000000   3.10000000   132.2749167113
  2.50000000   3.10000000   133.5663545163
  2.60000000   3.10000000   134.6241295152
  2.70000000   3.10000000   135.4813611454
  2.80000000   3.10000000   136.1677643776
  2.90000000   3.10000000   136.7092619663
  3.00000000   3.10000000   137.1278387927
  3.10000000   3.10000000   137.4415514473
  3.20000000   3.10000000   137.6646228004
  3.30000000   3.10000000   137.8075689558
  3.40000000   3.10000000   137.8773216289
  3.50000000   3.10000000   137.8773216289

  0.00000000   3.20000000     0.0000000000
  0.10000000   3.20000000     7.7716555970
  0.20000000   3.20000000    15.5236906794
  0.30000000   3.20000000    23.2360255185
  0.40000000   3.20000000    30.8876749254
  0.50000000   3.20000000    38.4563306558
  0.60000000   3.20000000    45.9179935303
  0.70000000   3.20000000    53.2466842048
  0.80000000   3.20000000    60.4142713134
  0.90000000   3.20000000    67.3904661293
  1.00000000   3.20000000    74.1430414867
  1.10000000   3.20000000    80.6383354105
  1.20000000   3.20000000    86.8420909955
  1.30000000   3.20000000    92.7206569479
  1.40000000   3.20000000    98.2425228228
  1.50000000   3.20000000   103.3800902457
  1.60000000   3.20000000   108.1114983819
  1.70000000   3.20000000   112.4222544847
  1.80000000   3.20000000   116.3064019488
  1.90000000   3.20000000   119.7670121716
  2.00000000   3.20000000   122.8159053133
  2.10000000   3.20000000   125.4726497793
  2.20000000   3.20000000   127.7630152511
  2.30000000   3.20000000   129.7171258101
  2.40000000   3.20000000   131.3675651077
  2.50000000   3.20000000   132.7476365914
  2.60000000   3.20000000   133.8899059062
  2.70000000   3.20000000   134.8250768209
  2.80000000   3.20000000   135.5811932742
  2.90000000   3.20000000   136.1831237416
  3.00000000   3.20000000   136.6522676879
  3.10000000   3.20000000   137.0064216835
  3.20000000   3.20000000   137.2597489454
  3.30000000   3.20000000   137.4228060674
  3.40000000   3.20000000   137.5025916204
  3.50000000   3.20000000   137.5025916204

  0.00000000   3.30000000     0.0000000000
  0.10000000   3.30000000     7.7278118523
  0.20000000   3.30000000    15.4351770343
  0.30000000   3.30000000    23.1012259420
  0.40000000   3.30000000    30.7042603473
  0.50000000   3.30000000    38.2213844612
  0.60000000   3.30000000    45.6281965889
  0.70000000   3.30000000    52.8985711577
  0.80000000   3.30000000    60.0045675395
  0.90000000   3.30000000    66.9165078912
  1.00000000   3.30000000    73.6032688306
  1.10000000   3.30000000    80.0328278980
  1.20000000   3.30000000    86.1730916644
  1.30000000   3.30000000    91.9930047145
  1.40000000   3.30000000    97.4638965251
  1.50000000   3.30000000   102.5609701857
  1.60000000   3.30000000   107.2647834215
  1.70000000   3.30000000   111.5625352947
  1.80000000   3.30000000   115.4489694538
  1.90000000   3.30000000   118.9267471033
  2.00000000   3.30000000   122.0062238326
  2.10000000   3.30000000   124.7046619997
  2.20000000   3.30000000   127.0449971939
  2.30000000   3.30000000   129.0543316659
  2.40000000   3.30000000   130.7623400696
  2.50000000   3.30000000   132.1997482197
  2.60000000   3.30000000   133.3969984747
  2.70000000   3.30000000   134.3831624014
  2.80000000   3.30000000   135.1851150923
  2.90000000   3.30000000   135.8269521551
  3.00000000   3.30000000   136.3296108944
  3.10000000   3.30000000   136.7106493336
  3.20000000   3.30000000   136.9841370484
  3.30000000   3.30000000   137.1606170459
  3.40000000   3.30000000   137.2471056201
  3.50000000   3.30000000   137.2471056201

  0.00000000   3.40000000     0.0000000000
  0.10000000   3.40000000     7.7056850742
  0.20000000   3.40000000    15.3905199209
  0.30000000   3.40000000    23.0332505252
  0.40000000   3.40000000    30.6118345507
  0.50000000   3.40000000    38.1030973162
  0.60000000   3.40000000    45.4824532893
  0.70000000   3.40000000    52.7237230122
  0.80000000   3.40000000    59.7990804082
  0.90000000   3.40000000    66.6791689769
  1.00000000   3.40000000    73.3334252105
  1.10000000   3.40000000    79.7306409020
  1.20000000   3.40000000    85.8397800603
  1.30000000   3.40000000    91.6310390423
  1.40000000   3.40000000    97.0771007862
  1.50000000   3.40000000   102.1544901808
  1.60000000   3.40000000   106.8448968532
  1.70000000   3.40000000   111.1363067664
  1.80000000   3.40000000   115.0237871772
  1.90000000   3.40000000   118.5098063891
  2.00000000   3.40000000   121.6040349219
  2.10000000   3.40000000   124.3226524202
  2.20000000   3.40000000   126.6872549589
  2.30000000   3.40000000   128.7235038604
  2.40000000   3.40000000   130.4596717947
  2.50000000   3.40000000   131.9252269718
  2.60000000   3.40000000   133.1495613326
  2.70000000   3.40000000   134.1609260070
  2.80000000   3.40000000   134.9855972447
  2.90000000   3.40000000   135.6472647865
  3.00000000   3.40000000   136.1666143447
  3.10000000   3.40000000   136.5610657150
  3.20000000   3.40000000   136.8446257759
  3.30000000   3.40000000   137.0278186599
  3.40000000   3.40000000   137.1176614725
  3.50000000   3.40000000   137.1176614725

  0.00000000   3.50000000     0.0000000000
  0.10000000   3.50000000     7.7056850742
  0.20000000   3.50000000    15.3905199209
  0.30000000   3.50000000    23.0332505252
  0.40000000   3.50000000    30.6118345507
  0.50000000   3.50000000    38.1030973162
  0.60000000   3.50000000    45.4824532893
  0.70000000   3.50000000    52.7237230122
  0.80000000   3.50000000    59.7990804082
  0.90000000   3.50000000    66.6791689769
  1.00000000   3.50000000    73.3334252105
  1.10000000   3.50000000    79.7306409020
  1.20000000   3.50000000    85.8397800603
  1.30000000   3.50000000    91.6310390423
  1.40000000   3.50000000    97.0771007862
  1.50000000   3.50000000   102.1544901808
  1.60000000   3.50000000   106.8448968532
  1.70000000   3.50000000   111.1363067664
  1.80000000   3.50000000   115.0237871772
  1.90000000   3.50000000   118.5098063891
  2.00000000   3.50000000   121.6040349219
  2.10000000   3.50000000   124.3226524202
  2.20000000   3.50000000   126.6872549589
  2.30000000   3.50000000   128.7235038604
  2.40000000   3.50000000   130.4596717947
  2.50000000   3.50000000   131.9252269718
  2.60000000   3.50000000   133.1495613326
  2.70000000   3.50000000   134.1609260070
  2.80000000   3.50000000   134.9855972447
  2.90000000   3.50000000   135.6472647865
  3.00000000   3.50000000   136.1666143447
  3.10000000   3.50000000   136.5610657150
  3.20000000   3.50000000   136.8446257759
  3.30000000   3.50000000   137.0278186599
  3.40000000   3.50000000   137.1176614725
  3.50000000   3.50000000   137.1176614725

