  0.00000000   0.00000000     0.0000000000
  0.10000000   0.00000000     0.0000000000
  0.20000000   0.00000000     0.0000000000
  0.30000000   0.00000000     0.0000000000
  0.40000000   0.00000000     0.0000000000
  0.50000000   0.00000000     0.0000000000
  0.60000000   0.00000000     0.0000000000
  0.70000000   0.00000000     0.0000000000
  0.80000000   0.00000000     0.0000000000
  0.90000000   0.00000000     0.0000000000
  1.00000000   0.00000000     0.0000000000
  1.10000000   0.00000000     0.0000000000
  1.20000000   0.00000000     0.0000000000
  1.30000000   0.00000000     0.0000023749
  1.40000000   0.00000000     0.0000040571
  1.50000000   0.00000000     0.0000122091
  1.60000000   0.00000000     0.0000156404
  1.70000000   0.00000000     0.0000213098
  1.80000000   0.00000000     0.0000213098
  1.90000000   0.00000000     0.0000156404
  2.00000000   0.00000000     0.0000122091
  2.10000000   0.00000000     0.0000040571
  2.20000000   0.00000000     0.0000023749
  2.30000000   0.00000000     0.0000000000
  2.40000000   0.00000000     0.0000000000
  2.50000000   0.00000000     0.0000000000
  2.60000000   0.00000000     0.0000000000
  2.70000000   0.00000000     0.0000000000
  2.80000000   0.00000000     0.0000000000
  2.90000000   0.00000000     0.0000000000
  3.00000000   0.00000000     0.0000000000
  3.10000000   0.00000000     0.0000000000
  3.20000000   0.00000000     0.0000000000
  3.30000000   0.00000000     0.0000000000
  3.40000000   0.00000000     0.0000000000
  3.50000000   0.00000000     0.0000000000

  0.00000000   0.10000000     0.0000000000
  0.10000000   0.10000000     0.0000000000
  0.20000000   0.10000000     0.0000000000
  0.30000000   0.10000000     0.0000000000
  0.40000000   0.10000000     0.0000000000
  0.50000000   0.10000000     0.0000000000
  0.60000000   0.10000000     0.0000000000
  0.70000000   0.10000000     0.0000000000
  0.80000000   0.10000000     0.0000000000
  0.90000000   0.10000000     0.0000000000
  1.00000000   0.10000000     0.0000000000
  1.10000000   0.10000000     0.0000000000
  1.20000000   0.10000000     0.0000000000
  1.30000000   0.10000000     0.0000023749
  1.40000000   0.10000000     0.0000040571
  1.50000000   0.10000000     0.0000122091
  1.60000000   0.10000000     0.0000156404
  1.70000000   0.10000000     0.0000213098
  1.80000000   0.10000000     0.0000213098
  1.90000000   0.10000000     0.0000156404
  2.00000000   0.10000000     0.0000122091
  2.10000000   0.10000000     0.0000040571
  2.20000000   0.10000000     0.0000023749
  2.30000000   0.10000000     0.0000000000
  2.40000000   0.10000000     0.0000000000
  2.50000000   0.10000000     0.0000000000
  2.60000000   0.10000000     0.0000000000
  2.70000000   0.10000000     0.0000000000
  2.80000000   0.10000000     0.0000000000
  2.90000000   0.10000000     0.0000000000
  3.00000000   0.10000000     0.0000000000
  3.10000000   0.10000000     0.0000000000
  3.20000000   0.10000000     0.0000000000
  3.30000000   0.10000000     0.0000000000
  3.40000000   0.10000000     0.0000000000
  3.50000000   0.10000000     0.0000000000

  0.00000000   0.20000000     0.0000000000
  0.10000000   0.20000000     0.0000000000
  0.20000000   0.20000000     0.0000000000
  0.30000000   0.20000000     0.0000000000
  0.40000000   0.20000000     0.0000000000
  0.50000000   0.20000000     0.0000000000
  0.60000000   0.20000000     0.0000000000
  0.70000000   0.20000000     0.0000000000
  0.80000000   0.20000000     0.0000000000
  0.90000000   0.20000000     0.0000000000
  1.00000000   0.20000000     0.0000000000
  1.10000000   0.20000000     0.0000000000
  1.20000000   0.20000000     0.0000089058
  1.30000000   0.20000000     0.0000152388
  1.40000000   0.20000000     0.0000589440
  1.50000000   0.20000000     0.0000802276
  1.60000000   0.20000000     0.0001405220
  1.70000000   0.20000000     0.0001551176
  1.80000000   0.20000000     0.0001551176
  1.90000000   0.20000000     0.0001405220
  2.00000000   0.20000000     0.0000802276
  2.10000000   0.20000000     0.0000589440
  2.20000000   0.20000000     0.0000152388
  2.30000000   0.20000000     0.0000089058
  2.40000000   0.20000000     0.0000000000
  2.50000000   0.20000000     0.0000000000
  2.60000000   0.20000000     0.0000000000
  2.70000000   0.20000000     0.0000000000
  2.80000000   0.20000000     0.0000000000
  2.90000000   0.20000000     0.0000000000
  3.00000000   0.20000000     0.0000000000
  3.10000000   0.20000000     0.0000000000
  3.20000000   0.20000000     0.0000000000
  3.30000000   0.20000000     0.0000000000
  3.40000000   0.20000000     0.0000000000
  3.50000000   0.20000000     0.0000000000

  0.00000000   0.30000000     0.0000000000
  0.10000000   0.30000000     0.0000000000
  0.20000000   0.30000000     0.0000000000
  0.30000000   0.30000000     0.0000000000
  0.40000000   0.30000000     0.0000000000
  0.50000000   0.30000000     0.0000000000
  0.60000000   0.30000000     0.0000000000
  0.70000000   0.30000000     0.0000000000
  0.80000000   0.30000000     0.0000000000
  0.90000000   0.30000000     0.0000000000
  1.00000000   0.30000000     0.0000000000
  1.10000000   0.30000000     0.0000249362
  1.20000000   0.30000000     0.0000476954
  1.30000000   0.30000000     0.0002152054
  1.40000000   0.30000000     0.0003269844
  1.50000000   0.30000000     0.0006857008
  1.60000000   0.30000000     0.0008392119
  1.70000000   0.30000000     0.0010536227
  1.80000000   0.30000000     0.0010536227
  1.90000000   0.30000000     0.0008392119
  2.00000000   0.30000000     0.0006857008
  2.10000000   0.30000000     0.0003269844
  2.20000000   0.30000000     0.0002152054
  2.30000000   0.30000000     0.0000476954
  2.40000000   0.30000000     0.0000249362
  2.50000000   0.30000000     0.0000000000
  2.60000000   0.30000000     0.0000000000
  2.70000000   0.30000000     0.0000000000
  2.80000000   0.30000000     0.0000000000
  2.90000000   0.30000000     0.0000000000
  3.00000000   0.30000000     0.0000000000
  3.10000000   0.30000000     0.0000000000
  3.20000000   0.30000000     0.0000000000
  3.30000000   0.30000000     0.0000000000
  3.40000000   0.30000000     0.0000000000
  3.50000000   0.30000000     0.0000000000

  0.00000000   0.40000000     0.0000000000
  0.10000000   0.40000000     0.0000000000
  0.20000000   0.40000000     0.0000000000
  0.30000000   0.40000000     0.0000000000
  0.40000000   0.40000000     0.0000000000
  0.50000000   0.40000000     0.0000000000
  0.60000000   0.40000000     0.0000000000
  0.70000000   0.40000000     0.0000000000
  0.80000000   0.40000000     0.0000000000
  0.90000000   0.40000000     0.0000000000
  1.00000000   0.40000000     0.0000540284
  1.10000000   0.40000000     0.0001149834
  1.20000000   0.40000000     0.0005934387
  1.30000000   0.40000000     0.0010048097
  1.40000000   0.40000000     0.0024492678
  1.50000000   0.40000000     0.0033310265
  1.60000000   0.40000000     0.0049891620
  1.70000000   0.40000000     0.0055144337
  1.80000000   0.40000000     0.0055144337
  1.90000000   0.40000000     0.0049891620
  2.00000000   0.40000000     0.0033310265
  2.10000000   0.40000000     0.0024492678
  2.20000000   0.40000000     0.0010048097
  2.30000000   0.40000000     0.0005934387
  2.40000000   0.40000000     0.0001149834
  2.50000000   0.40000000     0.0000540284
  2.60000000   0.40000000     0.0000000000
  2.70000000   0.40000000     0.0000000000
  2.80000000   0.40000000     0.0000000000
  2.90000000   0.40000000     0.0000000000
  3.00000000   0.40000000     0.0000000000
  3.10000000   0.40000000     0.0000000000
  3.20000000   0.40000000     0.0000000000
  3.30000000   0.40000000     0.0000000000
  3.40000000   0.40000000     0.0000000000
  3.50000000   0.40000000     0.0000000000

  0.00000000   0.50000000     0.0000000000
  0.10000000   0.50000000     0.0000000000
  0.20000000   0.50000000     0.0000000000
  0.30000000   0.50000000     0.0000000000
  0.40000000   0.50000000     0.0000000000
  0.50000000   0.50000000     0.0000000000
  0.60000000   0.50000000     0.0000000000
  0.70000000   0.50000000     0.0000000000
  0.80000000   0.50000000     0.0000000000
  0.90000000   0.50000000     0.0000926200
  1.00000000   0.50000000     0.0002186862
  1.10000000   0.50000000     0.0012743985
  1.20000000   0.50000000     0.0023985456
  1.30000000   0.50000000     0.0066718087
  1.40000000   0.50000000     0.0100854260
  1.50000000   0.50000000     0.0175111374
  1.60000000   0.50000000     0.0214328582
  1.70000000   0.50000000     0.0255241466
  1.80000000   0.50000000     0.0255241466
  1.90000000   0.50000000     0.0214328582
  2.00000000   0.50000000     0.0175111374
  2.10000000   0.50000000     0.0100854260
  2.20000000   0.50000000     0.0066718087
  2.30000000   0.50000000     0.0023985456
  2.40000000   0.50000000     0.0012743985
  2.50000000   0.50000000     0.0002186862
  2.60000000   0.50000000     0.0000926200
  2.70000000   0.50000000     0.0000000000
  2.80000000   0.50000000     0.0000000000
  2.90000000   0.50000000     0.0000000000
  3.00000000   0.50000000     0.0000000000
  3.10000000   0.50000000     0.0000000000
  3.20000000   0.50000000     0.0000000000
  3.30000000   0.50000000     0.0000000000
  3.40000000   0.50000000     0.0000000000
  3.50000000   0.50000000     0.0000000000

  0.00000000   0.60000000     0.0000000000
  0.10000000   0.60000000     0.0000000000
  0.20000000   0.60000000     0.0000000000
  0.30000000   0.60000000     0.0000000000
  0.40000000   0.60000000     0.0000000000
  0.50000000   0.60000000     0.0000000000
  0.60000000   0.60000000     0.0000000000
  0.70000000   0.60000000     0.0000000000
  0.80000000   0.60000000     0.0001273525
  0.90000000   0.60000000     0.0003331748
  1.00000000   0.60000000     0.0021736196
  1.10000000   0.60000000     0.0045381952
  1.20000000   0.60000000     0.0142325589
  1.30000000   0.60000000     0.0238960434
  1.40000000   0.60000000     0.0472669373
  1.50000000   0.60000000     0.0641685707
  1.60000000   0.60000000     0.0884028064
  1.70000000   0.60000000     0.0977155229
  1.80000000   0.60000000     0.0977155229
  1.90000000   0.60000000     0.0884028064
  2.00000000   0.60000000     0.0641685707
  2.10000000   0.60000000     0.0472669373
  2.20000000   0.60000000     0.0238960434
  2.30000000   0.60000000     0.0142325589
  2.40000000   0.60000000     0.0045381952
  2.50000000   0.60000000     0.0021736196
  2.60000000   0.60000000     0.0003331748
  2.70000000   0.60000000     0.0001273525
  2.80000000   0.60000000     0.0000000000
  2.90000000   0.60000000     0.0000000000
  3.00000000   0.60000000     0.0000000000
  3.10000000   0.60000000     0.0000000000
  3.20000000   0.60000000     0.0000000000
  3.30000000   0.60000000     0.0000000000
  3.40000000   0.60000000     0.0000000000
  3.50000000   0.60000000     0.0000000000

  0.00000000   0.70000000     0.0000000000
  0.10000000   0.70000000     0.0000000000
  0.20000000   0.70000000     0.0000000000
  0.30000000   0.70000000     0.0000000000
  0.40000000   0.70000000     0.0000000000
  0.50000000   0.70000000     0.0000000000
  0.60000000   0.70000000     0.0000000000
  0.70000000   0.70000000     0.0001415028
  0.80000000   0.70000000     0.0004103582
  0.90000000   0.70000000     0.0029809424
  1.00000000   0.70000000     0.0068964844
  1.10000000   0.70000000     0.0241919130
  1.20000000   0.70000000     0.0450654479
  1.30000000   0.70000000     0.1004273974
  1.40000000   0.70000000     0.1513596479
  1.50000000   0.70000000     0.2372550254
  1.60000000   0.70000000     0.2903824294
  1.70000000   0.70000000     0.3354704939
  1.80000000   0.70000000     0.3354704939
  1.90000000   0.70000000     0.2903824294
  2.00000000   0.70000000     0.2372550254
  2.10000000   0.70000000     0.1513596479
  2.20000000   0.70000000     0.1004273974
  2.30000000   0.70000000     0.0450654479
  2.40000000   0.70000000     0.0241919130
  2.50000000   0.70000000     0.0068964844
  2.60000000   0.70000000     0.0029809424
  2.70000000   0.70000000     0.0004103582
  2.80000000   0.70000000     0.0001415028
  2.90000000   0.70000000     0.0000000000
  3.00000000   0.70000000     0.0000000000
  3.10000000   0.70000000     0.0000000000
  3.20000000   0.70000000     0.0000000000
  3.30000000   0.70000000     0.0000000000
  3.40000000   0.70000000     0.0000000000
  3.50000000   0.70000000     0.0000000000

  0.00000000   0.80000000     0.0000000000
  0.10000000   0.80000000     0.0000000000
  0.20000000   0.80000000     0.0000000000
  0.30000000   0.80000000     0.0000000000
  0.40000000   0.80000000     0.0000000000
  0.50000000   0.80000000     0.0000000000
  0.60000000   0.80000000     0.0001273525
  0.70000000   0.80000000     0.0004103582
  0.80000000   0.80000000     0.0033095013
  0.90000000   0.80000000     0.0084854022
  1.00000000   0.80000000     0.0331247516
  1.10000000   0.80000000     0.0684048107
  1.20000000   0.80000000     0.1704839873
  1.30000000   0.80000000     0.2852846897
  1.40000000   0.80000000     0.5037635419
  1.50000000   0.80000000     0.6843534618
  1.60000000   0.80000000     0.8985006949
  1.70000000   0.80000000     0.9935843525
  1.80000000   0.80000000     0.9935843525
  1.90000000   0.80000000     0.8985006949
  2.00000000   0.80000000     0.6843534618
  2.10000000   0.80000000     0.5037635419
  2.20000000   0.80000000     0.2852846897
  2.30000000   0.80000000     0.1704839873
  2.40000000   0.80000000     0.0684048107
  2.50000000   0.80000000     0.0331247516
  2.60000000   0.80000000     0.0084854022
  2.70000000   0.80000000     0.0033095013
  2.80000000   0.80000000     0.0004103582
  2.90000000   0.80000000     0.0001273525
  3.00000000   0.80000000     0.0000000000
  3.10000000   0.80000000     0.0000000000
  3.20000000   0.80000000     0.0000000000
  3.30000000   0.80000000     0.0000000000
  3.40000000   0.80000000     0.0000000000
  3.50000000   0.80000000     0.0000000000

  0.00000000   0.90000000     0.0000000000
  0.10000000   0.90000000     0.0000000000
  0.20000000   0.90000000     0.0000000000
  0.30000000   0.90000000     0.0000000000
  0.40000000   0.90000000     0.0000000000
  0.50000000   0.90000000     0.0000926200
  0.60000000   0.90000000     0.0003331748
  0.70000000   0.90000000     0.0029809424
  0.80000000   0.90000000     0.0084854022
  0.90000000   0.90000000     0.0367591041
  1.00000000   0.90000000     0.0841408328
  1.10000000   0.90000000     0.2334002202
  1.20000000   0.90000000     0.4334609170
  1.30000000   0.90000000     0.8567553741
  1.40000000   0.90000000     1.2941404711
  1.50000000   0.90000000     1.9148962514
  1.60000000   0.90000000     2.3493036046
  1.70000000   0.90000000     2.6663319615
  1.80000000   0.90000000     2.6663319615
  1.90000000   0.90000000     2.3493036046
  2.00000000   0.90000000     1.9148962514
  2.10000000   0.90000000     1.2941404711
  2.20000000   0.90000000     0.8567553741
  2.30000000   0.90000000     0.4334609170
  2.40000000   0.90000000     0.2334002202
  2.50000000   0.90000000     0.0841408328
  2.60000000   0.90000000     0.0367591041
  2.70000000   0.90000000     0.0084854022
  2.80000000   0.90000000     0.0029809424
  2.90000000   0.90000000     0.0003331748
  3.00000000   0.90000000     0.0000926200
  3.10000000   0.90000000     0.0000000000
  3.20000000   0.90000000     0.0000000000
  3.30000000   0.90000000     0.0000000000
  3.40000000   0.90000000     0.0000000000
  3.50000000   0.90000000     0.0000000000

  0.00000000   1.00000000     0.0000000000
  0.10000000   1.00000000     0.0000000000
  0.20000000   1.00000000     0.0000000000
  0.30000000   1.00000000     0.0000000000
  0.40000000   1.00000000     0.0000540284
  0.50000000   1.00000000     0.0002186862
  0.60000000   1.00000000     0.0021736196
  0.70000000   1.00000000     0.0068964844
  0.80000000   1.00000000     0.0331247516
  0.90000000   1.00000000     0.0841408328
  1.00000000   1.00000000     0.2590216231
  1.10000000   1.00000000     0.5336612492
  1.20000000   1.00000000     1.1753982486
  1.30000000   1.00000000     1.9750859326
  1.40000000   1.00000000     3.2783733157
  1.50000000   1.00000000     4.4820501469
  1.60000000   1.00000000     5.7337138918
  1.70000000   1.00000000     6.3517550036
  1.80000000   1.00000000     6.3517550036
  1.90000000   1.00000000     5.7337138918
  2.00000000   1.00000000     4.4820501469
  2.10000000   1.00000000     3.2783733157
  2.20000000   1.00000000     1.9750859326
  2.30000000   1.00000000     1.1753982486
  2.40000000   1.00000000     0.5336612492
  2.50000000   1.00000000     0.2590216231
  2.60000000   1.00000000     0.0841408328
  2.70000000   1.00000000     0.0331247516
  2.80000000   1.00000000     0.0068964844
  2.90000000   1.00000000     0.0021736196
  3.00000000   1.00000000     0.0002186862
  3.10000000   1.00000000     0.0000540284
  3.20000000   1.00000000     0.0000000000
  3.30000000   1.00000000     0.0000000000
  3.40000000   1.00000000     0.0000000000
  3.50000000   1.00000000     0.0000000000

  0.00000000   1.10000000     0.0000000000
  0.10000000   1.10000000     0.0000000000
  0.20000000   1.10000000     0.0000000000
  0.30000000   1.10000000     0.0000249362
  0.40000000   1.10000000     0.0001149834
  0.50000000   1.10000000     0.0012743985
  0.60000000   1.10000000     0.0045381952
  0.70000000   1.10000000     0.0241919130
  0.80000000   1.10000000     0.0684048107
  0.90000000   1.10000000     0.2334002202
  1.00000000   1.10000000     0.5336612492
  1.10000000   1.10000000     1.3055636780
  1.20000000   1.10000000     2.4388952355
  1.30000000   1.10000000     4.5244483772
  1.40000000   1.10000000     6.9114956510
  1.50000000   1.10000000     9.9562919611
  1.60000000   1.10000000    12.3124882899
  1.70000000   1.10000000    13.8457434165
  1.80000000   1.10000000    13.8457434165
  1.90000000   1.10000000    12.3124882899
  2.00000000   1.10000000     9.9562919611
  2.10000000   1.10000000     6.9114956510
  2.20000000   1.10000000     4.5244483772
  2.30000000   1.10000000     2.4388952355
  2.40000000   1.10000000     1.3055636780
  2.50000000   1.10000000     0.5336612492
  2.60000000   1.10000000     0.2334002202
  2.70000000   1.10000000     0.0684048107
  2.80000000   1.10000000     0.0241919130
  2.90000000   1.10000000     0.0045381952
  3.00000000   1.10000000     0.0012743985
  3.10000000   1.10000000     0.0001149834
  3.20000000   1.10000000     0.0000249362
  3.30000000   1.10000000     0.0000000000
  3.40000000   1.10000000     0.0000000000
  3.50000000   1.10000000     0.0000000000

  0.00000000   1.20000000     0.0000000000
  0.10000000   1.20000000     0.0000000000
  0.20000000   1.20000000     0.0000089058
  0.30000000   1.20000000     0.0000476954
  0.40000000   1.20000000     0.0005934387
  0.50000000   1.20000000     0.0023985456
  0.60000000   1.20000000     0.0142325589
  0.70000000   1.20000000     0.0450654479
  0.80000000   1.20000000     0.1704839873
  0.90000000   1.20000000     0.4334609170
  1.00000000   1.20000000     1.1753982486
  1.10000000   1.20000000     2.4388952355
  1.20000000   1.20000000     5.0372783327
  1.30000000   1.20000000     8.5929726163
  1.40000000   1.20000000    13.9218000957
  1.50000000   1.20000000    19.3846474605
  1.60000000   1.20000000    24.6468250843
  1.70000000   1.20000000    27.3986707325
  1.80000000   1.20000000    27.3986707325
  1.90000000   1.20000000    24.6468250843
  2.00000000   1.20000000    19.3846474605
  2.10000000   1.20000000    13.9218000957
  2.20000000   1.20000000     8.5929726163
  2.30000000   1.20000000     5.0372783327
  2.40000000   1.20000000     2.4388952355
  2.50000000   1.20000000     1.1753982486
  2.60000000   1.20000000     0.4334609170
  2.70000000   1.20000000     0.1704839873
  2.80000000   1.20000000     0.0450654479
  2.90000000   1.20000000     0.0142325589
  3.00000000   1.20000000     0.0023985456
  3.10000000   1.20000000     0.0005934387
  3.20000000   1.20000000     0.0000476954
  3.30000000   1.20000000     0.0000089058
  3.40000000   1.20000000     0.0000000000
  3.50000000   1.20000000     0.0000000000

  0.00000000   1.30000000     0.0000000000
  0.10000000   1.30000000     0.0000023749
  0.20000000   1.30000000     0.0000152388
  0.30000000   1.30000000     0.0002152054
  0.40000000   1.30000000     0.0010048097
  0.50000000   1.30000000     0.0066718087
  0.60000000   1.30000000     0.0238960434
  0.70000000   1.30000000     0.1004273974
  0.80000000   1.30000000     0.2852846897
  0.90000000   1.30000000     0.8567553741
  1.00000000   1.30000000     1.9750859326
  1.10000000   1.30000000     4.5244483772
  1.20000000   1.30000000     8.5929726163
  1.30000000   1.30000000    15.5822644942
  1.40000000   1.30000000    24.4623256061
  1.50000000   1.30000000    35.4377643380
  1.60000000   1.30000000    44.8238253797
  1.70000000   1.30000000    50.1836422598
  1.80000000   1.30000000    50.1836422598
  1.90000000   1.30000000    44.8238253797
  2.00000000   1.30000000    35.4377643380
  2.10000000   1.30000000    24.4623256061
  2.20000000   1.30000000    15.5822644942
  2.30000000   1.30000000     8.5929726163
  2.40000000   1.30000000     4.5244483772
  2.50000000   1.30000000     1.9750859326
  2.60000000   1.30000000     0.8567553741
  2.70000000   1.30000000     0.2852846897
  2.80000000   1.30000000     0.1004273974
  2.90000000   1.30000000     0.0238960434
  3.00000000   1.30000000     0.0066718087
  3.10000000   1.30000000     0.0010048097
  3.20000000   1.30000000     0.0002152054
  3.30000000   1.30000000     0.0000152388
  3.40000000   1.30000000     0.0000023749
  3.50000000   1.30000000     0.0000023749

  0.00000000   1.40000000     0.0000000000
  0.10000000   1.40000000     0.0000036118
  0.20000000   1.40000000     0.0000589440
  0.30000000   1.40000000     0.0003269844
  0.40000000   1.40000000     0.0024492678
  0.50000000   1.40000000     0.0100854260
  0.60000000   1.40000000     0.0472669373
  0.70000000   1.40000000     0.1513596479
  0.80000000   1.40000000     0.5037635419
  0.90000000   1.40000000     1.2941404711
  1.00000000   1.40000000     3.2783733157
  1.10000000   1.40000000     6.9114956510
  1.20000000   1.40000000    13.9218000957
  1.30000000   1.40000000    24.4623256061
  1.40000000   1.40000000    40.1592499518
  1.50000000   1.40000000    58.5973705223
  1.60000000   1.40000000    76.7287693248
  1.70000000   1.40000000    85.1186746295
  1.80000000   1.40000000    85.1186746295
  1.90000000   1.40000000    76.7287693248
  2.00000000   1.40000000    58.5973705223
  2.10000000   1.40000000    40.1592499518
  2.20000000   1.40000000    24.4623256061
  2.30000000   1.40000000    13.9218000957
  2.40000000   1.40000000     6.9114956510
  2.50000000   1.40000000     3.2783733157
  2.60000000   1.40000000     1.2941404711
  2.70000000   1.40000000     0.5037635419
  2.80000000   1.40000000     0.1513596479
  2.90000000   1.40000000     0.0472669373
  3.00000000   1.40000000     0.0100854260
  3.10000000   1.40000000     0.0024492678
  3.20000000   1.40000000     0.0003269844
  3.30000000   1.40000000     0.0000589440
  3.40000000   1.40000000     0.0000040571
  3.50000000   1.40000000     0.0000040571

  0.00000000   1.50000000     0.0000000000
  0.10000000   1.50000000     0.0000115600
  0.20000000   1.50000000     0.0000801752
  0.30000000   1.50000000     0.0006857008
  0.40000000   1.50000000     0.0033310265
  0.50000000   1.50000000     0.0175111374
  0.60000000   1.50000000     0.0641685707
  0.70000000   1.50000000     0.2372550254
  0.80000000   1.50000000     0.6843534618
  0.90000000   1.50000000     1.9148962514
  1.00000000   1.50000000     4.4820501469
  1.10000000   1.50000000     9.9562919611
  1.20000000   1.50000000    19.3846474605
  1.30000000   1.50000000    35.4377643380
  1.40000000   1.50000000    58.5973705223
  1.50000000   1.50000000    90.1275158685
  1.60000000   1.50000000   124.2542520573
  1.70000000   1.50000000   135.1681601955
  1.80000000   1.50000000   135.1681601955
  1.90000000   1.50000000   124.2542520573
  2.00000000   1.50000000    90.1275158685
  2.10000000   1.50000000    58.5973705223
  2.20000000   1.50000000    35.4377643380
  2.30000000   1.50000000    19.3846474605
  2.40000000   1.50000000     9.9562919611
  2.50000000   1.50000000     4.4820501469
  2.60000000   1.50000000     1.9148962514
  2.70000000   1.50000000     0.6843534618
  2.80000000   1.50000000     0.2372550254
  2.90000000   1.50000000     0.0641685707
  3.00000000   1.50000000     0.0175111374
  3.10000000   1.50000000     0.0033310265
  3.20000000   1.50000000     0.0006857008
  3.30000000   1.50000000     0.0000802276
  3.40000000   1.50000000     0.0000122091
  3.50000000   1.50000000     0.0000122091

  0.00000000   1.60000000     0.0000000000
  0.10000000   1.60000000     0.0000140659
  0.20000000   1.60000000     0.0001404580
  0.30000000   1.60000000     0.0008392090
  0.40000000   1.60000000     0.0049891620
  0.50000000   1.60000000     0.0214328582
  0.60000000   1.60000000     0.0884028064
  0.70000000   1.60000000     0.2903824294
  0.80000000   1.60000000     0.8985006949
  0.90000000   1.60000000     2.3493036046
  1.00000000   1.60000000     5.7337138918
  1.10000000   1.60000000    12.3124882899
  1.20000000   1.60000000    24.6468250843
  1.30000000   1.60000000    44.8238253797
  1.40000000   1.60000000    76.7287693248
  1.50000000   1.60000000   124.2542520573
  1.60000000   1.60000000   200.0000000000
  1.70000000   1.60000000   200.0000000000
  1.80000000   1.60000000   200.0000000000
  1.90000000   1.60000000   200.0000000000
  2.00000000   1.60000000   124.2542520573
  2.10000000   1.60000000    76.7287693248
  2.20000000   1.60000000    44.8238253797
  2.30000000   1.60000000    24.6468250843
  2.40000000   1.60000000    12.3124882899
  2.50000000   1.60000000     5.7337138918
  2.60000000   1.60000000     2.3493036046
  2.70000000   1.60000000     0.8985006949
  2.80000000   1.60000000     0.2903824294
  2.90000000   1.60000000     0.0884028064
  3.00000000   1.60000000     0.0214328582
  3.10000000   1.60000000     0.0049891620
  3.20000000   1.60000000     0.0008392119
  3.30000000   1.60000000     0.0001405220
  3.40000000   1.60000000     0.0000156404
  3.50000000   1.60000000     0.0000156404

  0.00000000   1.70000000     0.0000000000
  0.10000000   1.70000000     0.0000195461
  0.20000000   1.70000000     0.0001550041
  0.30000000   1.70000000     0.0010536198
  0.40000000   1.70000000     0.0055144337
  0.50000000   1.70000000     0.0255241466
  0.60000000   1.70000000     0.0977155229
  0.70000000   1.70000000     0.3354704939
  0.80000000   1.70000000     0.9935843525
  0.90000000   1.70000000     2.6663319615
  1.00000000   1.70000000     6.3517550036
  1.10000000   1.70000000    13.8457434165
  1.20000000   1.70000000    27.3986707325
  1.30000000   1.70000000    50.1836422598
  1.40000000   1.70000000    85.1186746295
  1.50000000   1.70000000   135.1681601955
  1.60000000   1.70000000   200.0000000000
  1.70000000   1.70000000   200.0000000000
  1.80000000   1.70000000   200.0000000000
  1.90000000   1.70000000   200.0000000000
  2.00000000   1.70000000   135.1681601955
  2.10000000   1.70000000    85.1186746295
  2.20000000   1.70000000    50.1836422598
  2.30000000   1.70000000    27.3986707325
  2.40000000   1.70000000    13.8457434165
  2.50000000   1.70000000     6.3517550036
  2.60000000   1.70000000     2.6663319615
  2.70000000   1.70000000     0.9935843525
  2.80000000   1.70000000     0.3354704939
  2.90000000   1.70000000     0.0977155229
  3.00000000   1.70000000     0.0255241466
  3.10000000   1.70000000     0.0055144337
  3.20000000   1.70000000     0.0010536227
  3.30000000   1.70000000     0.0001551176
  3.40000000   1.70000000     0.0000213098
  3.50000000   1.70000000     0.0000213098

  0.00000000   1.80000000     0.0000000000
  0.10000000   1.80000000     0.0000195461
  0.20000000   1.80000000     0.0001550041
  0.30000000   1.80000000     0.0010536198
  0.40000000   1.80000000     0.0055144337
  0.50000000   1.80000000     0.0255241466
  0.60000000   1.80000000     0.0977155229
  0.70000000   1.80000000     0.3354704939
  0.80000000   1.80000000     0.9935843525
  0.90000000   1.80000000     2.6663319615
  1.00000000   1.80000000     6.3517550036
  1.10000000   1.80000000    13.8457434165
  1.20000000   1.80000000    27.3986707325
  1.30000000   1.80000000    50.1836422598
  1.40000000   1.80000000    85.1186746295
  1.50000000   1.80000000   135.1681601955
  1.60000000   1.80000000   200.0000000000
  1.70000000   1.80000000   200.0000000000
  1.80000000   1.80000000   200.0000000000
  1.90000000   1.80000000   200.0000000000
  2.00000000   1.80000000   135.1681601955
  2.10000000   1.80000000    85.1186746295
  2.20000000   1.80000000    50.1836422598
  2.30000000   1.80000000    27.3986707325
  2.40000000   1.80000000    13.8457434165
  2.50000000   1.80000000     6.3517550036
  2.60000000   1.80000000     2.6663319615
  2.70000000   1.80000000     0.9935843525
  2.80000000   1.80000000     0.3354704939
  2.90000000   1.80000000     0.0977155229
  3.00000000   1.80000000     0.0255241466
  3.10000000   1.80000000     0.0055144337
  3.20000000   1.80000000     0.0010536227
  3.30000000   1.80000000     0.0001551176
  3.40000000   1.80000000     0.0000213098
  3.50000000   1.80000000     0.0000213098

  0.00000000   1.90000000     0.0000000000
  0.10000000   1.90000000     0.0000140659
  0.20000000   1.90000000     0.0001404580
  0.30000000   1.90000000     0.0008392090
  0.40000000   1.90000000     0.0049891620
  0.50000000   1.90000000     0.0214328582
  0.60000000   1.90000000     0.0884028064
  0.70000000   1.90000000     0.2903824294
  0.80000000   1.90000000     0.8985006949
  0.90000000   1.90000000     2.3493036046
  1.00000000   1.90000000     5.7337138918
  1.10000000   1.90000000    12.3124882899
  1.20000000   1.90000000    24.6468250843
  1.30000000   1.90000000    44.8238253797
  1.40000000   1.90000000    76.7287693248
  1.50000000   1.90000000   124.2542520573
  1.60000000   1.90000000   200.0000000000
  1.70000000   1.90000000   200.0000000000
  1.80000000   1.90000000   200.0000000000
  1.90000000   1.90000000   200.0000000000
  2.00000000   1.90000000   124.2542520573
  2.10000000   1.90000000    76.7287693248
  2.20000000   1.90000000    44.8238253797
  2.30000000   1.90000000    24.6468250843
  2.40000000   1.90000000    12.3124882899
  2.50000000   1.90000000     5.7337138918
  2.60000000   1.90000000     2.3493036046
  2.70000000   1.90000000     0.8985006949
  2.80000000   1.90000000     0.2903824294
  2.90000000   1.90000000     0.0884028064
  3.00000000   1.90000000     0.0214328582
  3.10000000   1.90000000     0.0049891620
  3.20000000   1.90000000     0.0008392119
  3.30000000   1.90000000     0.0001405220
  3.40000000   1.90000000     0.0000156404
  3.50000000   1.90000000     0.0000156404

  0.00000000   2.00000000     0.0000000000
  0.10000000   2.00000000     0.0000115600
  0.20000000   2.00000000     0.0000801752
  0.30000000   2.00000000     0.0006857008
  0.40000000   2.00000000     0.0033310265
  0.50000000   2.00000000     0.0175111374
  0.60000000   2.00000000     0.0641685707
  0.70000000   2.00000000     0.2372550254
  0.80000000   2.00000000     0.6843534618
  0.90000000   2.00000000     1.9148962514
  1.00000000   2.00000000     4.4820501469
  1.10000000   2.00000000     9.9562919611
  1.20000000   2.00000000    19.3846474605
  1.30000000   2.00000000    35.4377643380
  1.40000000   2.00000000    58.5973705223
  1.50000000   2.00000000    90.1275158685
  1.60000000   2.00000000   124.2542520573
  1.70000000   2.00000000   135.1681601955
  1.80000000   2.00000000   135.1681601955
  1.90000000   2.00000000   124.2542520573
  2.00000000   2.00000000    90.1275158685
  2.10000000   2.00000000    58.5973705223
  2.20000000   2.00000000    35.4377643380
  2.30000000   2.00000000    19.3846474605
  2.40000000   2.00000000     9.9562919611
  2.50000000   2.00000000     4.4820501469
  2.60000000   2.00000000     1.9148962514
  2.70000000   2.00000000     0.6843534618
  2.80000000   2.00000000     0.2372550254
  2.90000000   2.00000000     0.0641685707
  3.00000000   2.00000000     0.0175111374
  3.10000000   2.00000000     0.0033310265
  3.20000000   2.00000000     0.0006857008
  3.30000000   2.00000000     0.0000802276
  3.40000000   2.00000000     0.0000122091
  3.50000000   2.00000000     0.0000122091

  0.00000000   2.10000000     0.0000000000
  0.10000000   2.10000000     0.0000036118
  0.20000000   2.10000000     0.0000589440
  0.30000000   2.10000000     0.0003269844
  0.40000000   2.10000000     0.0024492678
  0.50000000   2.10000000     0.0100854260
  0.60000000   2.10000000     0.0472669373
  0.70000000   2.10000000     0.1513596479
  0.80000000   2.10000000     0.5037635419
  0.90000000   2.10000000     1.2941404711
  1.00000000   2.10000000     3.2783733157
  1.10000000   2.10000000     6.9114956510
  1.20000000   2.10000000    13.9218000957
  1.30000000   2.10000000    24.4623256061
  1.40000000   2.10000000    40.1592499518
  1.50000000   2.10000000    58.5973705223
  1.60000000   2.10000000    76.7287693248
  1.70000000   2.10000000    85.1186746295
  1.80000000   2.10000000    85.1186746295
  1.90000000   2.10000000    76.7287693248
  2.00000000   2.10000000    58.5973705223
  2.10000000   2.10000000    40.1592499518
  2.20000000   2.10000000    24.4623256061
  2.30000000   2.10000000    13.9218000957
  2.40000000   2.10000000     6.9114956510
  2.50000000   2.10000000     3.2783733157
  2.60000000   2.10000000     1.2941404711
  2.70000000   2.10000000     0.5037635419
  2.80000000   2.10000000     0.1513596479
  2.90000000   2.10000000     0.0472669373
  3.00000000   2.10000000     0.0100854260
  3.10000000   2.10000000     0.0024492678
  3.20000000   2.10000000     0.0003269844
  3.30000000   2.10000000     0.0000589440
  3.40000000   2.10000000     0.0000040571
  3.50000000   2.10000000     0.0000040571

  0.00000000   2.20000000     0.0000000000
  0.10000000   2.20000000     0.0000023749
  0.20000000   2.20000000     0.0000152388
  0.30000000   2.20000000     0.0002152054
  0.40000000   2.20000000     0.0010048097
  0.50000000   2.20000000     0.0066718087
  0.60000000   2.20000000     0.0238960434
  0.70000000   2.20000000     0.1004273974
  0.80000000   2.20000000     0.2852846897
  0.90000000   2.20000000     0.8567553741
  1.00000000   2.20000000     1.9750859326
  1.10000000   2.20000000     4.5244483772
  1.20000000   2.20000000     8.5929726163
  1.30000000   2.20000000    15.5822644942
  1.40000000   2.20000000    24.4623256061
  1.50000000   2.20000000    35.4377643380
  1.60000000   2.20000000    44.8238253797
  1.70000000   2.20000000    50.1836422598
  1.80000000   2.20000000    50.1836422598
  1.90000000   2.20000000    44.8238253797
  2.00000000   2.20000000    35.4377643380
  2.10000000   2.20000000    24.4623256061
  2.20000000   2.20000000    15.5822644942
  2.30000000   2.20000000     8.5929726163
  2.40000000   2.20000000     4.5244483772
  2.50000000   2.20000000     1.9750859326
  2.60000000   2.20000000     0.8567553741
  2.70000000   2.20000000     0.2852846897
  2.80000000   2.20000000     0.1004273974
  2.90000000   2.20000000     0.0238960434
  3.00000000   2.20000000     0.0066718087
  3.10000000   2.20000000     0.0010048097
  3.20000000   2.20000000     0.0002152054
  3.30000000   2.20000000     0.0000152388
  3.40000000   2.20000000     0.0000023749
  3.50000000   2.20000000     0.0000023749

  0.00000000   2.30000000     0.0000000000
  0.10000000   2.30000000     0.0000000000
  0.20000000   2.30000000     0.0000089058
  0.30000000   2.30000000     0.0000476954
  0.40000000   2.30000000     0.0005934387
  0.50000000   2.30000000     0.0023985456
  0.60000000   2.30000000     0.0142325589
  0.70000000   2.30000000     0.0450654479
  0.80000000   2.30000000     0.1704839873
  0.90000000   2.30000000     0.4334609170
  1.00000000   2.30000000     1.1753982486
  1.10000000   2.30000000     2.4388952355
  1.20000000   2.30000000     5.0372783327
  1.30000000   2.30000000     8.5929726163
  1.40000000   2.30000000    13.9218000957
  1.50000000   2.30000000    19.3846474605
  1.60000000   2.30000000    24.6468250843
  1.70000000   2.30000000    27.3986707325
  1.80000000   2.30000000    27.3986707325
  1.90000000   2.30000000    24.6468250843
  2.00000000   2.30000000    19.3846474605
  2.10000000   2.30000000    13.9218000957
  2.20000000   2.30000000     8.5929726163
  2.30000000   2.30000000     5.0372783327
  2.40000000   2.30000000     2.4388952355
  2.50000000   2.30000000     1.1753982486
  2.60000000   2.30000000     0.4334609170
  2.70000000   2.30000000     0.1704839873
  2.80000000   2.30000000     0.0450654479
  2.90000000   2.30000000     0.0142325589
  3.00000000   2.30000000     0.0023985456
  3.10000000   2.30000000     0.0005934387
  3.20000000   2.30000000     0.0000476954
  3.30000000   2.30000000     0.0000089058
  3.40000000   2.30000000     0.0000000000
  3.50000000   2.30000000     0.0000000000

  0.00000000   2.40000000     0.0000000000
  0.10000000   2.40000000     0.0000000000
  0.20000000   2.40000000     0.0000000000
  0.30000000   2.40000000     0.0000249362
  0.40000000   2.40000000     0.0001149834
  0.50000000   2.40000000     0.0012743985
  0.60000000   2.40000000     0.0045381952
  0.70000000   2.40000000     0.0241919130
  0.80000000   2.40000000     0.0684048107
  0.90000000   2.40000000     0.2334002202
  1.00000000   2.40000000     0.5336612492
  1.10000000   2.40000000     1.3055636780
  1.20000000   2.40000000     2.4388952355
  1.30000000   2.40000000     4.5244483772
  1.40000000   2.40000000     6.9114956510
  1.50000000   2.40000000     9.9562919611
  1.60000000   2.40000000    12.3124882899
  1.70000000   2.40000000    13.8457434165
  1.80000000   2.40000000    13.8457434165
  1.90000000   2.40000000    12.3124882899
  2.00000000   2.40000000     9.9562919611
  2.10000000   2.40000000     6.9114956510
  2.20000000   2.40000000     4.5244483772
  2.30000000   2.40000000     2.4388952355
  2.40000000   2.40000000     1.3055636780
  2.50000000   2.40000000     0.5336612492
  2.60000000   2.40000000     0.2334002202
  2.70000000   2.40000000     0.0684048107
  2.80000000   2.40000000     0.0241919130
  2.90000000   2.40000000     0.0045381952
  3.00000000   2.40000000     0.0012743985
  3.10000000   2.40000000     0.0001149834
  3.20000000   2.40000000     0.0000249362
  3.30000000   2.40000000     0.0000000000
  3.40000000   2.40000000     0.0000000000
  3.50000000   2.40000000     0.0000000000

  0.00000000   2.50000000     0.0000000000
  0.10000000   2.50000000     0.0000000000
  0.20000000   2.50000000     0.0000000000
  0.30000000   2.50000000     0.0000000000
  0.40000000   2.50000000     0.0000540284
  0.50000000   2.50000000     0.0002186862
  0.60000000   2.50000000     0.0021736196
  0.70000000   2.50000000     0.0068964844
  0.80000000   2.50000000     0.0331247516
  0.90000000   2.50000000     0.0841408328
  1.00000000   2.50000000     0.2590216231
  1.10000000   2.50000000     0.5336612492
  1.20000000   2.50000000     1.1753982486
  1.30000000   2.50000000     1.9750859326
  1.40000000   2.50000000     3.2783733157
  1.50000000   2.50000000     4.4820501469
  1.60000000   2.50000000     5.7337138918
  1.70000000   2.50000000     6.3517550036
  1.80000000   2.50000000     6.3517550036
  1.90000000   2.50000000     5.7337138918
  2.00000000   2.50000000     4.4820501469
  2.10000000   2.50000000     3.2783733157
  2.20000000   2.50000000     1.9750859326
  2.30000000   2.50000000     1.1753982486
  2.40000000   2.50000000     0.5336612492
  2.50000000   2.50000000     0.2590216231
  2.60000000   2.50000000     0.0841408328
  2.70000000   2.50000000     0.0331247516
  2.80000000   2.50000000     0.0068964844
  2.90000000   2.50000000     0.0021736196
  3.00000000   2.50000000     0.0002186862
  3.10000000   2.50000000     0.0000540284
  3.20000000   2.50000000     0.0000000000
  3.30000000   2.50000000     0.0000000000
  3.40000000   2.50000000     0.0000000000
  3.50000000   2.50000000     0.0000000000

  0.00000000   2.60000000     0.0000000000
  0.10000000   2.60000000     0.0000000000
  0.20000000   2.60000000     0.0000000000
  0.30000000   2.60000000     0.0000000000
  0.40000000   2.60000000     0.0000000000
  0.50000000   2.60000000     0.0000926200
  0.60000000   2.60000000     0.0003331748
  0.70000000   2.60000000     0.0029809424
  0.80000000   2.60000000     0.0084854022
  0.90000000   2.60000000     0.0367591041
  1.00000000   2.60000000     0.0841408328
  1.10000000   2.60000000     0.2334002202
  1.20000000   2.60000000     0.4334609170
  1.30000000   2.60000000     0.8567553741
  1.40000000   2.60000000     1.2941404711
  1.50000000   2.60000000     1.9148962514
  1.60000000   2.60000000     2.3493036046
  1.70000000   2.60000000     2.6663319615
  1.80000000   2.60000000     2.6663319615
  1.90000000   2.60000000     2.3493036046
  2.00000000   2.60000000     1.9148962514
  2.10000000   2.60000000     1.2941404711
  2.20000000   2.60000000     0.8567553741
  2.30000000   2.60000000     0.4334609170
  2.40000000   2.60000000     0.2334002202
  2.50000000   2.60000000     0.0841408328
  2.60000000   2.60000000     0.0367591041
  2.70000000   2.60000000     0.0084854022
  2.80000000   2.60000000     0.0029809424
  2.90000000   2.60000000     0.0003331748
  3.00000000   2.60000000     0.0000926200
  3.10000000   2.60000000     0.0000000000
  3.20000000   2.60000000     0.0000000000
  3.30000000   2.60000000     0.0000000000
  3.40000000   2.60000000     0.0000000000
  3.50000000   2.60000000     0.0000000000

  0.00000000   2.70000000     0.0000000000
  0.10000000   2.70000000     0.0000000000
  0.20000000   2.70000000     0.0000000000
  0.30000000   2.70000000     0.0000000000
  0.40000000   2.70000000     0.0000000000
  0.50000000   2.70000000     0.0000000000
  0.60000000   2.70000000     0.0001273525
  0.70000000   2.70000000     0.0004103582
  0.80000000   2.70000000     0.0033095013
  0.90000000   2.70000000     0.0084854022
  1.00000000   2.70000000     0.0331247516
  1.10000000   2.70000000     0.0684048107
  1.20000000   2.70000000     0.1704839873
  1.30000000   2.70000000     0.2852846897
  1.40000000   2.70000000     0.5037635419
  1.50000000   2.70000000     0.6843534618
  1.60000000   2.70000000     0.8985006949
  1.70000000   2.70000000     0.9935843525
  1.80000000   2.70000000     0.9935843525
  1.90000000   2.70000000     0.8985006949
  2.00000000   2.70000000     0.6843534618
  2.10000000   2.70000000     0.5037635419
  2.20000000   2.70000000     0.2852846897
  2.30000000   2.70000000     0.1704839873
  2.40000000   2.70000000     0.0684048107
  2.50000000   2.70000000     0.0331247516
  2.60000000   2.70000000     0.0084854022
  2.70000000   2.70000000     0.0033095013
  2.80000000   2.70000000     0.0004103582
  2.90000000   2.70000000     0.0001273525
  3.00000000   2.70000000     0.0000000000
  3.10000000   2.70000000     0.0000000000
  3.20000000   2.70000000     0.0000000000
  3.30000000   2.70000000     0.0000000000
  3.40000000   2.70000000     0.0000000000
  3.50000000   2.70000000     0.0000000000

  0.00000000   2.80000000     0.0000000000
  0.10000000   2.80000000     0.0000000000
  0.20000000   2.80000000     0.0000000000
  0.30000000   2.80000000     0.0000000000
  0.40000000   2.80000000     0.0000000000
  0.50000000   2.80000000     0.0000000000
  0.60000000   2.80000000     0.0000000000
  0.70000000   2.80000000     0.0001415028
  0.80000000   2.80000000     0.0004103582
  0.90000000   2.80000000     0.0029809424
  1.00000000   2.80000000     0.0068964844
  1.10000000   2.80000000     0.0241919130
  1.20000000   2.80000000     0.0450654479
  1.30000000   2.80000000     0.1004273974
  1.40000000   2.80000000     0.1513596479
  1.50000000   2.80000000     0.2372550254
  1.60000000   2.80000000     0.2903824294
  1.70000000   2.80000000     0.3354704939
  1.80000000   2.80000000     0.3354704939
  1.90000000   2.80000000     0.2903824294
  2.00000000   2.80000000     0.2372550254
  2.10000000   2.80000000     0.1513596479
  2.20000000   2.80000000     0.1004273974
  2.30000000   2.80000000     0.0450654479
  2.40000000   2.80000000     0.0241919130
  2.50000000   2.80000000     0.0068964844
  2.60000000   2.80000000     0.0029809424
  2.70000000   2.80000000     0.0004103582
  2.80000000   2.80000000     0.0001415028
  2.90000000   2.80000000     0.0000000000
  3.00000000   2.80000000     0.0000000000
  3.10000000   2.80000000     0.0000000000
  3.20000000   2.80000000     0.0000000000
  3.30000000   2.80000000     0.0000000000
  3.40000000   2.80000000     0.0000000000
  3.50000000   2.80000000     0.0000000000

  0.00000000   2.90000000     0.0000000000
  0.10000000   2.90000000     0.0000000000
  0.20000000   2.90000000     0.0000000000
  0.30000000   2.90000000     0.0000000000
  0.40000000   2.90000000     0.0000000000
  0.50000000   2.90000000     0.0000000000
  0.60000000   2.90000000     0.0000000000
  0.70000000   2.90000000     0.0000000000
  0.80000000   2.90000000     0.0001273525
  0.90000000   2.90000000     0.0003331748
  1.00000000   2.90000000     0.0021736196
  1.10000000   2.90000000     0.0045381952
  1.20000000   2.90000000     0.0142325589
  1.30000000   2.90000000     0.0238960434
  1.40000000   2.90000000     0.0472669373
  1.50000000   2.90000000     0.0641685707
  1.60000000   2.90000000     0.0884028064
  1.70000000   2.90000000     0.0977155229
  1.80000000   2.90000000     0.0977155229
  1.90000000   2.90000000     0.0884028064
  2.00000000   2.90000000     0.0641685707
  2.10000000   2.90000000     0.0472669373
  2.20000000   2.90000000     0.0238960434
  2.30000000   2.90000000     0.0142325589
  2.40000000   2.90000000     0.0045381952
  2.50000000   2.90000000     0.0021736196
  2.60000000   2.90000000     0.0003331748
  2.70000000   2.90000000     0.0001273525
  2.80000000   2.90000000     0.0000000000
  2.90000000   2.90000000     0.0000000000
  3.00000000   2.90000000     0.0000000000
  3.10000000   2.90000000     0.0000000000
  3.20000000   2.90000000     0.0000000000
  3.30000000   2.90000000     0.0000000000
  3.40000000   2.90000000     0.0000000000
  3.50000000   2.90000000     0.0000000000

  0.00000000   3.00000000     0.0000000000
  0.10000000   3.00000000     0.0000000000
  0.20000000   3.00000000     0.0000000000
  0.30000000   3.00000000     0.0000000000
  0.40000000   3.00000000     0.0000000000
  0.50000000   3.00000000     0.0000000000
  0.60000000   3.00000000     0.0000000000
  0.70000000   3.00000000     0.0000000000
  0.80000000   3.00000000     0.0000000000
  0.90000000   3.00000000     0.0000926200
  1.00000000   3.00000000     0.0002186862
  1.10000000   3.00000000     0.0012743985
  1.20000000   3.00000000     0.0023985456
  1.30000000   3.00000000     0.0066718087
  1.40000000   3.00000000     0.0100854260
  1.50000000   3.00000000     0.0175111374
  1.60000000   3.00000000     0.0214328582
  1.70000000   3.00000000     0.0255241466
  1.80000000   3.00000000     0.0255241466
  1.90000000   3.00000000     0.0214328582
  2.00000000   3.00000000     0.0175111374
  2.10000000   3.00000000     0.0100854260
  2.20000000   3.00000000     0.0066718087
  2.30000000   3.00000000     0.0023985456
  2.40000000   3.00000000     0.0012743985
  2.50000000   3.00000000     0.0002186862
  2.60000000   3.00000000     0.0000926200
  2.70000000   3.00000000     0.0000000000
  2.80000000   3.00000000     0.0000000000
  2.90000000   3.00000000     0.0000000000
  3.00000000   3.00000000     0.0000000000
  3.10000000   3.00000000     0.0000000000
  3.20000000   3.00000000     0.0000000000
  3.30000000   3.00000000     0.0000000000
  3.40000000   3.00000000     0.0000000000
  3.50000000   3.00000000     0.0000000000

  0.00000000   3.10000000     0.0000000000
  0.10000000   3.10000000     0.0000000000
  0.20000000   3.10000000     0.0000000000
  0.30000000   3.10000000     0.0000000000
  0.40000000   3.10000000     0.0000000000
  0.50000000   3.10000000     0.0000000000
  0.60000000   3.10000000     0.0000000000
  0.70000000   3.10000000     0.0000000000
  0.80000000   3.10000000     0.0000000000
  0.90000000   3.10000000     0.0000000000
  1.00000000   3.10000000     0.0000540284
  1.10000000   3.10000000     0.0001149834
  1.20000000   3.10000000     0.0005934387
  1.30000000   3.10000000     0.0010048097
  1.40000000   3.10000000     0.0024492678
  1.50000000   3.10000000     0.0033310265
  1.60000000   3.10000000     0.0049891620
  1.70000000   3.10000000     0.0055144337
  1.80000000   3.10000000     0.0055144337
  1.90000000   3.10000000     0.0049891620
  2.00000000   3.10000000     0.0033310265
  2.10000000   3.10000000     0.0024492678
  2.20000000   3.10000000     0.0010048097
  2.30000000   3.10000000     0.0005934387
  2.40000000   3.10000000     0.0001149834
  2.50000000   3.10000000     0.0000540284
  2.60000000   3.10000000     0.0000000000
  2.70000000   3.10000000     0.0000000000
  2.80000000   3.10000000     0.0000000000
  2.90000000   3.10000000     0.0000000000
  3.00000000   3.10000000     0.0000000000
  3.10000000   3.10000000     0.0000000000
  3.20000000   3.10000000     0.0000000000
  3.30000000   3.10000000     0.0000000000
  3.40000000   3.10000000     0.0000000000
  3.50000000   3.10000000     0.0000000000

  0.00000000   3.20000000     0.0000000000
  0.10000000   3.20000000     0.0000000000
  0.20000000   3.20000000     0.0000000000
  0.30000000   3.20000000     0.0000000000
  0.40000000   3.20000000     0.0000000000
  0.50000000   3.20000000     0.0000000000
  0.60000000   3.20000000     0.0000000000
  0.70000000   3.20000000     0.0000000000
  0.80000000   3.20000000     0.0000000000
  0.90000000   3.20000000     0.0000000000
  1.00000000   3.20000000     0.0000000000
  1.10000000   3.20000000     0.0000249362
  1.20000000   3.20000000     0.0000476954
  1.30000000   3.20000000     0.0002152054
  1.40000000   3.20000000     0.0003269844
  1.50000000   3.20000000     0.0006857008
  1.60000000   3.20000000     0.0008392119
  1.70000000   3.20000000     0.0010536227
  1.80000000   3.20000000     0.0010536227
  1.90000000   3.20000000     0.0008392119
  2.00000000   3.20000000     0.0006857008
  2.10000000   3.20000000     0.0003269844
  2.20000000   3.20000000     0.0002152054
  2.30000000   3.20000000     0.0000476954
  2.40000000   3.20000000     0.0000249362
  2.50000000   3.20000000     0.0000000000
  2.60000000   3.20000000     0.0000000000
  2.70000000   3.20000000     0.0000000000
  2.80000000   3.20000000     0.0000000000
  2.90000000   3.20000000     0.0000000000
  3.00000000   3.20000000     0.0000000000
  3.10000000   3.20000000     0.0000000000
  3.20000000   3.20000000     0.0000000000
  3.30000000   3.20000000     0.0000000000
  3.40000000   3.20000000     0.0000000000
  3.50000000   3.20000000     0.0000000000

  0.00000000   3.30000000     0.0000000000
  0.10000000   3.30000000     0.0000000000
  0.20000000   3.30000000     0.0000000000
  0.30000000   3.30000000     0.0000000000
  0.40000000   3.30000000     0.0000000000
  0.50000000   3.30000000     0.0000000000
  0.60000000   3.30000000     0.0000000000
  0.70000000   3.30000000     0.0000000000
  0.80000000   3.30000000     0.0000000000
  0.90000000   3.30000000     0.0000000000
  1.00000000   3.30000000     0.0000000000
  1.10000000   3.30000000     0.0000000000
  1.20000000   3.30000000     0.0000089058
  1.30000000   3.30000000     0.0000152388
  1.40000000   3.30000000     0.0000589440
  1.50000000   3.30000000     0.0000802276
  1.60000000   3.30000000     0.0001405220
  1.70000000   3.30000000     0.0001551176
  1.80000000   3.30000000     0.0001551176
  1.90000000   3.30000000     0.0001405220
  2.00000000   3.30000000     0.0000802276
  2.10000000   3.30000000     0.0000589440
  2.20000000   3.30000000     0.0000152388
  2.30000000   3.30000000     0.0000089058
  2.40000000   3.30000000     0.0000000000
  2.50000000   3.30000000     0.0000000000
  2.60000000   3.30000000     0.0000000000
  2.70000000   3.30000000     0.0000000000
  2.80000000   3.30000000     0.0000000000
  2.90000000   3.30000000     0.0000000000
  3.00000000   3.30000000     0.0000000000
  3.10000000   3.30000000     0.0000000000
  3.20000000   3.30000000     0.0000000000
  3.30000000   3.30000000     0.0000000000
  3.40000000   3.30000000     0.0000000000
  3.50000000   3.30000000     0.0000000000

  0.00000000   3.40000000     0.0000000000
  0.10000000   3.40000000     0.0000000000
  0.20000000   3.40000000     0.0000000000
  0.30000000   3.40000000     0.0000000000
  0.40000000   3.40000000     0.0000000000
  0.50000000   3.40000000     0.0000000000
  0.60000000   3.40000000     0.0000000000
  0.70000000   3.40000000     0.0000000000
  0.80000000   3.40000000     0.0000000000
  0.90000000   3.40000000     0.0000000000
  1.00000000   3.40000000     0.0000000000
  1.10000000   3.40000000     0.0000000000
  1.20000000   3.40000000     0.0000000000
  1.30000000   3.40000000     0.0000023749
  1.40000000   3.40000000     0.0000040571
  1.50000000   3.40000000     0.0000122091
  1.60000000   3.40000000     0.0000156404
  1.70000000   3.40000000     0.0000213098
  1.80000000   3.40000000     0.0000213098
  1.90000000   3.40000000     0.0000156404
  2.00000000   3.40000000     0.0000122091
  2.10000000   3.40000000     0.0000040571
  2.20000000   3.40000000     0.0000023749
  2.30000000   3.40000000     0.0000000000
  2.40000000   3.40000000     0.0000000000
  2.50000000   3.40000000     0.0000000000
  2.60000000   3.40000000     0.0000000000
  2.70000000   3.40000000     0.0000000000
  2.80000000   3.40000000     0.0000000000
  2.90000000   3.40000000     0.0000000000
  3.00000000   3.40000000     0.0000000000
  3.10000000   3.40000000     0.0000000000
  3.20000000   3.40000000     0.0000000000
  3.30000000   3.40000000     0.0000000000
  3.40000000   3.40000000     0.0000000000
  3.50000000   3.40000000     0.0000000000

  0.00000000   3.50000000     0.0000000000
  0.10000000   3.50000000     0.0000000000
  0.20000000   3.50000000     0.0000000000
  0.30000000   3.50000000     0.0000000000
  0.40000000   3.50000000     0.0000000000
  0.50000000   3.50000000     0.0000000000
  0.60000000   3.50000000     0.0000000000
  0.70000000   3.50000000     0.0000000000
  0.80000000   3.50000000     0.0000000000
  0.90000000   3.50000000     0.0000000000
  1.00000000   3.50000000     0.0000000000
  1.10000000   3.50000000     0.0000000000
  1.20000000   3.50000000     0.0000000000
  1.30000000   3.50000000     0.0000023749
  1.40000000   3.50000000     0.0000040571
  1.50000000   3.50000000     0.0000122091
  1.60000000   3.50000000     0.0000156404
  1.70000000   3.50000000     0.0000213098
  1.80000000   3.50000000     0.0000213098
  1.90000000   3.50000000     0.0000156404
  2.00000000   3.50000000     0.0000122091
  2.10000000   3.50000000     0.0000040571
  2.20000000   3.50000000     0.0000023749
  2.30000000   3.50000000     0.0000000000
  2.40000000   3.50000000     0.0000000000
  2.50000000   3.50000000     0.0000000000
  2.60000000   3.50000000     0.0000000000
  2.70000000   3.50000000     0.0000000000
  2.80000000   3.50000000     0.0000000000
  2.90000000   3.50000000     0.0000000000
  3.00000000   3.50000000     0.0000000000
  3.10000000   3.50000000     0.0000000000
  3.20000000   3.50000000     0.0000000000
  3.30000000   3.50000000     0.0000000000
  3.40000000   3.50000000     0.0000000000
  3.50000000   3.50000000     0.0000000000

