  0.00000000   0.00000000     0.0000000000
  0.10000000   0.00000000     0.4100031522
  0.20000000   0.00000000     0.8351091755
  0.30000000   0.00000000     1.2903206746
  0.40000000   0.00000000     1.7869636746
  0.50000000   0.00000000     2.3359668382
  0.60000000   0.00000000     2.9410256595
  0.70000000   0.00000000     3.6050086940
  0.80000000   0.00000000     4.3205766478
  0.90000000   0.00000000     5.0793582078
  1.00000000   0.00000000     5.8613203794
  1.10000000   0.00000000     6.6461533663
  1.20000000   0.00000000     7.4030989834
  1.30000000   0.00000000     8.1035268322
  1.40000000   0.00000000     8.7128317182
  1.50000000   0.00000000     9.2024262196
  1.60000000   0.00000000     9.5445748566
  1.70000000   0.00000000     9.7212888521
  1.80000000   0.00000000     9.7219919270
  1.90000000   0.00000000     9.5468605094
  2.00000000   0.00000000     9.2068472953
  2.10000000   0.00000000     8.7204234974
  2.20000000   0.00000000     8.1159669902
  2.30000000   0.00000000     7.4229856983
  2.40000000   0.00000000     6.6773541224
  2.50000000   0.00000000     5.9095104267
  2.60000000   0.00000000     5.1526427424
  2.70000000   0.00000000     4.4304046019
  2.80000000   0.00000000     3.7671497055
  2.90000000   0.00000000     3.1769507229
  3.00000000   0.00000000     2.6741869899
  3.10000000   0.00000000     2.2648508036
  3.20000000   0.00000000     1.9556290320
  3.30000000   0.00000000     1.7479579094
  3.40000000   0.00000000     1.6440903389
  3.50000000   0.00000000     1.6440903389

  0.00000000   0.10000000     0.0000000000
  0.10000000   0.10000000     0.4100031522
  0.20000000   0.10000000     0.8351091755
  0.30000000   0.10000000     1.2903206746
  0.40000000   0.10000000     1.7869636746
  0.50000000   0.10000000     2.3359668382
  0.60000000   0.10000000     2.9410256595
  0.70000000   0.10000000     3.6050086940
  0.80000000   0.10000000     4.3205766478
  0.90000000   0.10000000     5.0793582078
  1.00000000   0.10000000     5.8613203794
  1.10000000   0.10000000     6.6461533663
  1.20000000   0.10000000     7.4030989834
  1.30000000   0.10000000     8.1035268322
  1.40000000   0.10000000     8.7128317182
  1.50000000   0.10000000     9.2024262196
  1.60000000   0.10000000     9.5445748566
  1.70000000   0.10000000     9.7212888521
  1.80000000   0.10000000     9.7219919270
  1.90000000   0.10000000     9.5468605094
  2.00000000   0.10000000     9.2068472953
  2.10000000   0.10000000     8.7204234974
  2.20000000   0.10000000     8.1159669902
  2.30000000   0.10000000     7.4229856983
  2.40000000   0.10000000     6.6773541224
  2.50000000   0.10000000     5.9095104267
  2.60000000   0.10000000     5.1526427424
  2.70000000   0.10000000     4.4304046019
  2.80000000   0.10000000     3.7671497055
  2.90000000   0.10000000     3.1769507229
  3.00000000   0.10000000     2.6741869899
  3.10000000   0.10000000     2.2648508036
  3.20000000   0.10000000     1.9556290320
  3.30000000   0.10000000     1.7479579094
  3.40000000   0.10000000     1.6440903389
  3.50000000   0.10000000     1.6440903389

  0.00000000   0.20000000     0.0000000000
  0.10000000   0.20000000     0.4366744920
  0.20000000   0.20000000     0.8906218980
  0.30000000   0.20000000     1.3755039339
  0.40000000   0.20000000     1.9080646845
  0.50000000   0.20000000     2.4943605343
  0.60000000   0.20000000     3.1461498969
  0.70000000   0.20000000     3.8580884275
  0.80000000   0.20000000     4.6325057997
  0.90000000   0.20000000     5.4499406662
  1.00000000   0.20000000     6.3001920731
  1.10000000   0.20000000     7.1498837765
  1.20000000   0.20000000     7.9766985619
  1.30000000   0.20000000     8.7385415180
  1.40000000   0.20000000     9.4067418354
  1.50000000   0.20000000     9.9412316676
  1.60000000   0.20000000    10.3174862751
  1.70000000   0.20000000    10.5107896768
  1.80000000   0.20000000    10.5115359218
  1.90000000   0.20000000    10.3199042760
  2.00000000   0.20000000     9.9459153853
  2.10000000   0.20000000     9.4147755997
  2.20000000   0.20000000     8.7517174274
  2.30000000   0.20000000     7.9977450299
  2.40000000   0.20000000     7.1829285063
  2.50000000   0.20000000     6.3512032163
  2.60000000   0.20000000     5.5275685549
  2.70000000   0.20000000     4.7488086705
  2.80000000   0.20000000     4.0299040439
  2.90000000   0.20000000     3.3961346945
  3.00000000   0.20000000     2.8529853734
  3.10000000   0.20000000     2.4148587894
  3.20000000   0.20000000     2.0815832897
  3.30000000   0.20000000     1.8597684694
  3.40000000   0.20000000     1.7479579271
  3.50000000   0.20000000     1.7479579271

  0.00000000   0.30000000     0.0000000000
  0.10000000   0.30000000     0.4908580605
  0.20000000   0.30000000     0.9999071851
  0.30000000   0.30000000     1.5484841752
  0.40000000   0.30000000     2.1472451774
  0.50000000   0.30000000     2.8158605965
  0.60000000   0.30000000     3.5531650190
  0.70000000   0.30000000     4.3717518020
  0.80000000   0.30000000     5.2547902608
  0.90000000   0.30000000     6.2025501259
  1.00000000   0.30000000     7.1806658400
  1.10000000   0.30000000     8.1741252309
  1.20000000   0.30000000     9.1337347952
  1.30000000   0.30000000    10.0315175160
  1.40000000   0.30000000    10.8130953096
  1.50000000   0.30000000    11.4469339530
  1.60000000   0.30000000    11.8894105401
  1.70000000   0.30000000    12.1194310051
  1.80000000   0.30000000    12.1202559805
  1.90000000   0.30000000    11.8920995894
  2.00000000   0.30000000    11.4521283608
  2.10000000   0.30000000    10.8220220276
  2.20000000   0.30000000    10.0461333561
  2.30000000   0.30000000     9.1571153488
  2.40000000   0.30000000     8.2107912568
  2.50000000   0.30000000     7.2373405365
  2.60000000   0.30000000     6.2887319676
  2.70000000   0.30000000     5.3840675569
  2.80000000   0.30000000     4.5626697319
  2.90000000   0.30000000     3.8312844542
  3.00000000   0.30000000     3.2148702235
  3.10000000   0.30000000     2.7118361907
  3.20000000   0.30000000     2.3354422595
  3.30000000   0.30000000     2.0815833375
  3.40000000   0.30000000     1.9556290967
  3.50000000   0.30000000     1.9556290967

  0.00000000   0.40000000     0.0000000000
  0.10000000   0.40000000     0.5706921615
  0.20000000   0.40000000     1.1661519493
  0.30000000   0.40000000     1.8040904796
  0.40000000   0.40000000     2.5112316999
  0.50000000   0.40000000     3.2934039976
  0.60000000   0.40000000     4.1732649234
  0.70000000   0.40000000     5.1398891536
  0.80000000   0.40000000     6.2049213948
  0.90000000   0.40000000     7.3366294368
  1.00000000   0.40000000     8.5293201417
  1.10000000   0.40000000     9.7297672419
  1.20000000   0.40000000    10.9127129374
  1.30000000   0.40000000    12.0099557849
  1.40000000   0.40000000    12.9828487572
  1.50000000   0.40000000    13.7646548413
  1.60000000   0.40000000    14.3192253419
  1.70000000   0.40000000    14.6043798612
  1.80000000   0.40000000    14.6053317306
  1.90000000   0.40000000    14.3223036120
  2.00000000   0.40000000    13.7706216684
  2.10000000   0.40000000    12.9930758644
  2.20000000   0.40000000    12.0267366545
  2.30000000   0.40000000    10.9395076779
  2.40000000   0.40000000     9.7718630136
  2.50000000   0.40000000     8.5943061127
  2.60000000   0.40000000     7.4356121361
  2.70000000   0.40000000     6.3532944250
  2.80000000   0.40000000     5.3593556907
  2.90000000   0.40000000     4.4929088525
  3.00000000   0.40000000     3.7527273419
  3.10000000   0.40000000     3.1613643470
  3.20000000   0.40000000     2.7118363040
  3.30000000   0.40000000     2.4148589465
  3.40000000   0.40000000     2.2648509739
  3.50000000   0.40000000     2.2648509739

  0.00000000   0.50000000     0.0000000000
  0.10000000   0.50000000     0.6782762846
  0.20000000   0.50000000     1.3835824122
  0.30000000   0.50000000     2.1488104445
  0.40000000   0.50000000     2.9896720389
  0.50000000   0.50000000     3.9386322897
  0.60000000   0.50000000     4.9944481752
  0.70000000   0.50000000     6.1811843841
  0.80000000   0.50000000     7.4747118724
  0.90000000   0.50000000     8.8815115220
  1.00000000   0.50000000    10.3500879728
  1.10000000   0.50000000    11.8618872585
  1.20000000   0.50000000    13.3392863578
  1.30000000   0.50000000    14.7388146551
  1.40000000   0.50000000    15.9696722248
  1.50000000   0.50000000    16.9774491588
  1.60000000   0.50000000    17.6855569902
  1.70000000   0.50000000    18.0553155865
  1.80000000   0.50000000    18.0564198804
  1.90000000   0.50000000    17.6891598434
  2.00000000   0.50000000    16.9844050067
  2.10000000   0.50000000    15.9816290735
  2.20000000   0.50000000    14.7583866348
  2.30000000   0.50000000    13.3706068090
  2.40000000   0.50000000    11.9110094541
  2.50000000   0.50000000    10.4260678612
  2.60000000   0.50000000     8.9971129523
  2.70000000   0.50000000     7.6483090184
  2.80000000   0.50000000     6.4378292108
  2.90000000   0.50000000     5.3689049025
  3.00000000   0.50000000     4.4767470826
  3.10000000   0.50000000     3.7527276097
  3.20000000   0.50000000     3.2148705901
  3.30000000   0.50000000     2.8529857656
  3.40000000   0.50000000     2.6741873864
  3.50000000   0.50000000     2.6741873864

  0.00000000   0.60000000     0.0000000000
  0.10000000   0.60000000     0.8093918231
  0.20000000   0.60000000     1.6568932529
  0.30000000   0.60000000     2.5706203015
  0.40000000   0.60000000     3.5923282998
  0.50000000   0.60000000     4.7340250146
  0.60000000   0.60000000     6.0328930432
  0.70000000   0.60000000     7.4777271604
  0.80000000   0.60000000     9.0901907952
  0.90000000   0.60000000    10.8281006571
  1.00000000   0.60000000    12.6853303781
  1.10000000   0.60000000    14.5835243684
  1.20000000   0.60000000    16.4806096886
  1.30000000   0.60000000    18.2668561359
  1.40000000   0.60000000    19.8703125685
  1.50000000   0.60000000    21.1745309579
  1.60000000   0.60000000    22.1068293819
  1.70000000   0.60000000    22.5891502081
  1.80000000   0.60000000    22.5904557805
  1.90000000   0.60000000    22.1110502698
  2.00000000   0.60000000    21.1827137558
  2.10000000   0.60000000    19.8843370794
  2.20000000   0.60000000    18.2898722589
  2.30000000   0.60000000    16.5173663555
  2.40000000   0.60000000    14.6412963984
  2.50000000   0.60000000    12.7745633829
  2.60000000   0.60000000    10.9641288364
  2.70000000   0.60000000     9.2942967602
  2.80000000   0.60000000     7.7800320413
  2.90000000   0.60000000     6.4738686355
  3.00000000   0.60000000     5.3689055380
  3.10000000   0.60000000     4.4929097137
  3.20000000   0.60000000     3.8312853553
  3.30000000   0.60000000     3.3961355808
  3.40000000   0.60000000     3.1769515878
  3.50000000   0.60000000     3.1769515878

  0.00000000   0.70000000     0.0000000000
  0.10000000   0.70000000     0.9662456494
  0.20000000   0.70000000     1.9748843097
  0.30000000   0.70000000     3.0761530866
  0.40000000   0.70000000     4.2981292242
  0.50000000   0.70000000     5.6910997116
  0.60000000   0.70000000     7.2614123100
  0.70000000   0.70000000     9.0481512661
  0.80000000   0.70000000    11.0262620553
  0.90000000   0.70000000    13.2082478350
  1.00000000   0.70000000    15.5267391410
  1.10000000   0.70000000    17.9511575619
  1.20000000   0.70000000    20.3655199291
  1.30000000   0.70000000    22.6886563433
  1.40000000   0.70000000    24.7680415740
  1.50000000   0.70000000    26.4917443542
  1.60000000   0.70000000    27.7179421702
  1.70000000   0.70000000    28.3614070751
  1.80000000   0.70000000    28.3629259668
  1.90000000   0.70000000    27.7228973004
  2.00000000   0.70000000    26.5013136408
  2.10000000   0.70000000    24.7844933986
  2.20000000   0.70000000    22.7155945520
  2.30000000   0.70000000    20.4086407533
  2.40000000   0.70000000    18.0188215881
  2.50000000   0.70000000    15.6314610136
  2.60000000   0.70000000    13.3677192779
  2.70000000   0.70000000    11.2659874370
  2.80000000   0.70000000     9.4030417368
  2.90000000   0.70000000     7.7800335414
  3.00000000   0.70000000     6.4378312398
  3.10000000   0.70000000     5.3593577860
  3.20000000   0.70000000     4.5626717416
  3.30000000   0.70000000     4.0299059308
  3.40000000   0.70000000     3.7671515223
  3.50000000   0.70000000     3.7671515223

  0.00000000   0.80000000     0.0000000000
  0.10000000   0.80000000     1.1415462799
  0.20000000   0.80000000     2.3408812348
  0.30000000   0.80000000     3.6439535782
  0.40000000   0.80000000     5.1133603496
  0.50000000   0.80000000     6.7761807797
  0.60000000   0.80000000     8.6896507225
  0.70000000   0.80000000    10.8521697380
  0.80000000   0.80000000    13.2997006768
  0.90000000   0.80000000    15.9878644130
  1.00000000   0.80000000    18.9092493932
  1.10000000   0.80000000    21.9602135880
  1.20000000   0.80000000    25.0673639890
  1.30000000   0.80000000    28.0598880451
  1.40000000   0.80000000    30.7950730744
  1.50000000   0.80000000    33.0634204901
  1.60000000   0.80000000    34.7041766066
  1.70000000   0.80000000    35.5616999145
  1.80000000   0.80000000    35.5634743463
  1.90000000   0.80000000    34.7099181059
  2.00000000   0.80000000    33.0745542554
  2.10000000   0.80000000    30.8141682441
  2.20000000   0.80000000    28.0912362765
  2.30000000   0.80000000    25.1174571271
  2.40000000   0.80000000    22.0389818557
  2.50000000   0.80000000    19.0310081558
  2.60000000   0.80000000    16.1736204309
  2.70000000   0.80000000    13.5787465250
  2.80000000   0.80000000    11.2659909230
  2.90000000   0.80000000     9.2943014994
  3.00000000   0.80000000     7.6483139001
  3.10000000   0.80000000     6.3532990427
  3.20000000   0.80000000     5.3840717676
  3.30000000   0.80000000     4.7488125623
  3.40000000   0.80000000     4.4304083062
  3.50000000   0.80000000     4.4304083062

  0.00000000   0.90000000     0.0000000000
  0.10000000   0.90000000     1.3361110485
  0.20000000   0.90000000     2.7368476066
  0.30000000   0.90000000     4.2758186347
  0.40000000   0.90000000     6.0022920666
  0.50000000   0.90000000     7.9906885885
  0.60000000   0.90000000    10.2664941526
  0.70000000   0.90000000    12.8910422439
  0.80000000   0.90000000    15.8520809119
  0.90000000   0.90000000    19.1747935234
  1.00000000   0.90000000    22.7873308181
  1.10000000   0.90000000    26.6457378112
  1.20000000   0.90000000    30.5915859296
  1.30000000   0.90000000    34.4793117784
  1.40000000   0.90000000    38.0541329465
  1.50000000   0.90000000    41.0795632846
  1.60000000   0.90000000    43.2742581195
  1.70000000   0.90000000    44.4360073718
  1.80000000   0.90000000    44.4380302064
  1.90000000   0.90000000    43.2808575838
  2.00000000   0.90000000    41.0923258932
  2.10000000   0.90000000    38.0760922363
  2.20000000   0.90000000    34.5153042090
  2.30000000   0.90000000    30.6492294370
  2.40000000   0.90000000    26.7362630561
  2.50000000   0.90000000    22.9275186525
  2.60000000   0.90000000    19.3884867922
  2.70000000   0.90000000    16.1736283434
  2.80000000   0.90000000    13.3677301446
  2.90000000   0.90000000    10.9641400927
  3.00000000   0.90000000     8.9971235676
  3.10000000   0.90000000     7.4356216708
  3.20000000   0.90000000     6.2887405255
  3.30000000   0.90000000     5.5275763377
  3.40000000   0.90000000     5.1526501359
  3.50000000   0.90000000     5.1526501359

  0.00000000   1.00000000     0.0000000000
  0.10000000   1.00000000     1.5391860685
  0.20000000   1.00000000     3.1617313163
  0.30000000   1.00000000     4.9390445616
  0.40000000   1.00000000     6.9605202577
  0.50000000   1.00000000     9.2794028896
  0.60000000   1.00000000    11.9809406135
  0.70000000   1.00000000    15.0891859683
  0.80000000   1.00000000    18.6657751346
  0.90000000   1.00000000    22.6846758775
  1.00000000   1.00000000    27.1494925957
  1.10000000   1.00000000    31.9479583825
  1.20000000   1.00000000    36.9729781523
  1.30000000   1.00000000    41.9775044698
  1.40000000   1.00000000    46.6929385042
  1.50000000   1.00000000    50.7285069826
  1.60000000   1.00000000    53.7112283069
  1.70000000   1.00000000    55.2930270354
  1.80000000   1.00000000    55.2953209979
  1.90000000   1.00000000    53.7186687033
  2.00000000   1.00000000    50.7429630453
  2.10000000   1.00000000    46.7177874730
  2.20000000   1.00000000    42.0183472470
  2.30000000   1.00000000    37.0383197848
  2.40000000   1.00000000    32.0507677807
  2.50000000   1.00000000    27.3085622331
  2.60000000   1.00000000    22.9275361011
  2.70000000   1.00000000    19.0310324499
  2.80000000   1.00000000    15.6314864627
  2.90000000   1.00000000    12.7745875043
  3.00000000   1.00000000    10.4260894613
  3.10000000   1.00000000     8.5943252075
  3.20000000   1.00000000     7.2373573674
  3.30000000   1.00000000     6.3512185009
  3.40000000   1.00000000     5.9095248731
  3.50000000   1.00000000     5.9095248731

  0.00000000   1.10000000     0.0000000000
  0.10000000   1.10000000     1.7490264566
  0.20000000   1.10000000     3.5905833468
  0.30000000   1.10000000     5.6264789566
  0.40000000   1.10000000     7.9360338729
  0.50000000   1.10000000    10.6244194093
  0.60000000   1.10000000    13.7510455923
  0.70000000   1.10000000    17.4113589501
  0.80000000   1.10000000    21.6297779804
  0.90000000   1.10000000    26.4645718754
  1.00000000   1.10000000    31.8727165007
  1.10000000   1.10000000    37.8215630310
  1.20000000   1.10000000    44.1360933327
  1.30000000   1.10000000    50.5991947252
  1.40000000   1.10000000    56.8058911940
  1.50000000   1.10000000    62.2652973768
  1.60000000   1.10000000    66.3574841148
  1.70000000   1.10000000    68.5507602597
  1.80000000   1.10000000    68.5532852243
  1.90000000   1.10000000    66.3657443163
  2.00000000   1.10000000    62.2813569351
  2.10000000   1.10000000    56.8336245429
  2.20000000   1.10000000    50.6447750882
  2.30000000   1.10000000    44.2091857356
  2.40000000   1.10000000    37.9364841198
  2.50000000   1.10000000    32.0508050131
  2.60000000   1.10000000    26.7363157599
  2.70000000   1.10000000    22.0390379089
  2.80000000   1.10000000    18.0188752873
  2.90000000   1.10000000    14.6413447577
  3.00000000   1.10000000    11.9110520566
  3.10000000   1.10000000     9.7718999756
  3.20000000   1.10000000     8.2108238070
  3.30000000   1.10000000     7.1829578410
  3.40000000   1.10000000     6.6773818765
  3.50000000   1.10000000     6.6773818765

  0.00000000   1.20000000     0.0000000000
  0.10000000   1.20000000     1.9520783137
  0.20000000   1.20000000     4.0164555142
  0.30000000   1.20000000     6.2955490143
  0.40000000   1.20000000     8.9095385803
  0.50000000   1.20000000    11.9486069589
  0.60000000   1.20000000    15.5346503070
  0.70000000   1.20000000    19.7381402588
  0.80000000   1.20000000    24.6663495392
  0.90000000   1.20000000    30.3496535707
  1.00000000   1.20000000    36.8422749675
  1.10000000   1.20000000    44.0826204585
  1.20000000   1.20000000    51.9821831534
  1.30000000   1.20000000    60.2604417885
  1.40000000   1.20000000    68.4929998859
  1.50000000   1.20000000    75.9512888101
  1.60000000   1.20000000    81.7009682021
  1.70000000   1.20000000    84.7793068217
  1.80000000   1.20000000    84.7820316230
  1.90000000   1.20000000    81.7098874886
  2.00000000   1.20000000    75.9688091345
  2.10000000   1.20000000    68.5233688310
  2.20000000   1.20000000    60.3105706586
  2.30000000   1.20000000    52.0625833098
  2.40000000   1.20000000    44.2092623020
  2.50000000   1.20000000    37.0384303103
  2.60000000   1.20000000    30.6493491754
  2.70000000   1.20000000    25.1175735469
  2.80000000   1.20000000    20.4087468195
  2.90000000   1.20000000    16.5174602629
  3.00000000   1.20000000    13.3706880074
  3.10000000   1.20000000    10.9395780600
  3.20000000   1.20000000     9.1571767832
  3.30000000   1.20000000     7.9978005193
  3.40000000   1.20000000     7.4230380470
  3.50000000   1.20000000     7.4230380470

  0.00000000   1.30000000     0.0000000000
  0.10000000   1.30000000     2.1439987115
  0.20000000   1.30000000     4.4102683204
  0.30000000   1.30000000     6.9297843794
  0.40000000   1.30000000     9.8173755772
  0.50000000   1.30000000    13.2124742821
  0.60000000   1.30000000    17.2218098312
  0.70000000   1.30000000    21.9876468130
  0.80000000   1.30000000    27.6014825779
  0.90000000   1.30000000    34.1904495602
  1.00000000   1.30000000    41.8057474252
  1.10000000   1.30000000    50.5077628149
  1.20000000   1.30000000    60.2236012251
  1.30000000   1.30000000    70.7844699975
  1.40000000   1.30000000    81.7101238206
  1.50000000   1.30000000    92.1114724823
  1.60000000   1.30000000   100.4363375049
  1.70000000   1.30000000   104.8034763978
  1.80000000   1.30000000   104.8062634631
  1.90000000   1.30000000   100.4456332791
  2.00000000   1.30000000    92.1300718400
  2.10000000   1.30000000    81.7427887001
  2.20000000   1.30000000    70.8386119760
  2.30000000   1.30000000    60.3107215051
  2.40000000   1.30000000    50.6449981847
  2.50000000   1.30000000    42.0185943874
  2.60000000   1.30000000    34.5155489849
  2.70000000   1.30000000    28.0914628623
  2.80000000   1.30000000    22.7157973478
  2.90000000   1.30000000    18.2900485555
  3.00000000   1.30000000    14.7585388510
  3.10000000   1.30000000    12.0268673712
  3.20000000   1.30000000    10.0462477790
  3.30000000   1.30000000     8.7518203058
  3.40000000   1.30000000     8.1160642103
  3.50000000   1.30000000     8.1160642103

  0.00000000   1.40000000     0.0000000000
  0.10000000   1.40000000     2.3107107031
  0.20000000   1.40000000     4.7607476178
  0.30000000   1.40000000     7.4836291256
  0.40000000   1.40000000    10.6286765479
  0.50000000   1.40000000    14.3278799598
  0.60000000   1.40000000    18.7428205348
  0.70000000   1.40000000    24.0066128744
  0.80000000   1.40000000    30.2913327325
  0.90000000   1.40000000    37.7293311049
  1.00000000   1.40000000    46.4911626290
  1.10000000   1.40000000    56.6876650900
  1.20000000   1.40000000    68.4310128706
  1.30000000   1.40000000    81.6855533262
  1.40000000   1.40000000    96.1915381795
  1.50000000   1.40000000   111.0122005604
  1.60000000   1.40000000   123.7718323123
  1.70000000   1.40000000   129.8018646052
  1.80000000   1.40000000   129.8044651790
  1.90000000   1.40000000   123.7807985593
  2.00000000   1.40000000   111.0312781469
  2.10000000   1.40000000    96.2258786694
  2.20000000   1.40000000    81.7430700417
  2.30000000   1.40000000    68.5237992634
  2.40000000   1.40000000    56.8341152450
  2.50000000   1.40000000    46.7182848413
  2.60000000   1.40000000    38.0765618505
  2.70000000   1.40000000    30.8145949588
  2.80000000   1.40000000    24.7848685728
  2.90000000   1.40000000    19.8846624807
  3.00000000   1.40000000    15.9819074157
  3.10000000   1.40000000    12.9933155532
  3.20000000   1.40000000    10.8222306907
  3.30000000   1.40000000     9.4149637676
  3.40000000   1.40000000     8.7206009694
  3.50000000   1.40000000     8.7206009694

  0.00000000   1.50000000     0.0000000000
  0.10000000   1.50000000     2.4468481946
  0.20000000   1.50000000     5.0410009852
  0.30000000   1.50000000     7.9367827139
  0.40000000   1.50000000    11.2819888672
  0.50000000   1.50000000    15.2450760253
  0.60000000   1.50000000    19.9824400383
  0.70000000   1.50000000    25.6840384228
  0.80000000   1.50000000    32.5253688582
  0.90000000   1.50000000    40.7284876595
  1.00000000   1.50000000    50.5053263738
  1.10000000   1.50000000    62.1286537167
  1.20000000   1.50000000    75.8724641178
  1.30000000   1.50000000    92.0708652657
  1.40000000   1.50000000   110.9964699672
  1.50000000   1.50000000   132.5558523040
  1.60000000   1.50000000   154.3284982490
  1.70000000   1.50000000   161.2917218580
  1.80000000   1.50000000   161.2935451900
  1.90000000   1.50000000   154.3354421799
  2.00000000   1.50000000   132.5743599899
  2.10000000   1.50000000   111.0317596927
  2.20000000   1.50000000    92.1308538138
  2.30000000   1.50000000    75.9697395310
  2.40000000   1.50000000    62.2823296899
  2.50000000   1.50000000    50.7439044274
  2.60000000   1.50000000    41.0931976526
  2.70000000   1.50000000    33.0753326785
  2.80000000   1.50000000    26.5019957251
  2.90000000   1.50000000    21.1832999239
  3.00000000   1.50000000    16.9849074957
  3.10000000   1.50000000    13.7710518422
  3.20000000   1.50000000    11.4525041680
  3.30000000   1.50000000     9.9462531883
  3.40000000   1.50000000     9.2071664384
  3.50000000   1.50000000     9.2071664384

  0.00000000   1.60000000     0.0000000000
  0.10000000   1.60000000     2.5414824008
  0.20000000   1.60000000     5.2402969491
  0.30000000   1.60000000     8.2530239894
  0.40000000   1.60000000    11.7475393115
  0.50000000   1.60000000    15.8901452170
  0.60000000   1.60000000    20.8703292982
  0.70000000   1.60000000    26.8783398723
  0.80000000   1.60000000    34.1428934434
  0.90000000   1.60000000    42.9054611004
  1.00000000   1.60000000    53.4739280113
  1.10000000   1.60000000    66.2088319911
  1.20000000   1.60000000    81.6114036151
  1.30000000   1.60000000   100.3857043759
  1.40000000   1.60000000   123.7465744642
  1.50000000   1.60000000   154.3194051393
  1.60000000   1.60000000   200.0000000000
  1.70000000   1.60000000   200.0000000000
  1.80000000   1.60000000   200.0000000000
  1.90000000   1.60000000   200.0000000000
  2.00000000   1.60000000   154.3361144548
  2.10000000   1.60000000   123.7820815755
  2.20000000   1.60000000   100.4472915092
  2.30000000   1.60000000    81.7117071316
  2.40000000   1.60000000    66.3675638535
  2.50000000   1.60000000    53.7203936710
  2.60000000   1.60000000    43.2824272186
  2.70000000   1.60000000    34.7113129844
  2.80000000   1.60000000    27.7241083959
  2.90000000   1.60000000    22.1120923572
  3.00000000   1.60000000    17.6900478598
  3.10000000   1.60000000    14.3230664207
  3.20000000   1.60000000    11.8927633655
  3.30000000   1.60000000    10.3205026247
  3.40000000   1.60000000     9.5474249741
  3.50000000   1.60000000     9.5474249741

  0.00000000   1.70000000     0.0000000000
  0.10000000   1.70000000     2.5908775346
  0.20000000   1.70000000     5.3421667828
  0.30000000   1.70000000     8.4181243030
  0.40000000   1.70000000    11.9865464464
  0.50000000   1.70000000    16.2273530173
  0.60000000   1.70000000    21.3294007829
  0.70000000   1.70000000    27.5050905161
  0.80000000   1.70000000    34.9879629898
  0.90000000   1.70000000    44.0576028997
  1.00000000   1.70000000    55.0478464112
  1.10000000   1.70000000    68.3952945932
  1.20000000   1.70000000    84.6835476536
  1.30000000   1.70000000   104.7471029180
  1.40000000   1.70000000   129.7714560756
  1.50000000   1.70000000   161.2788095016
  1.60000000   1.70000000   200.0000000000
  1.70000000   1.70000000   200.0000000000
  1.80000000   1.70000000   200.0000000000
  1.90000000   1.70000000   200.0000000000
  2.00000000   1.70000000   161.2951324395
  2.10000000   1.70000000   129.8071285079
  2.20000000   1.70000000   104.8094803162
  2.30000000   1.70000000    84.7854098420
  2.40000000   1.70000000    68.5565855048
  2.50000000   1.70000000    55.2983915529
  2.60000000   1.70000000    44.4408052964
  2.70000000   1.70000000    35.5659172730
  2.80000000   1.70000000    28.3650471102
  2.90000000   1.70000000    22.5922701143
  3.00000000   1.70000000    18.0579703888
  3.10000000   1.70000000    14.6066579659
  3.20000000   1.70000000    12.1214138526
  3.30000000   1.70000000    10.5125770803
  3.40000000   1.70000000     9.7229756091
  3.50000000   1.70000000     9.7229756091

  0.00000000   1.80000000     0.0000000000
  0.10000000   1.80000000     2.5908775346
  0.20000000   1.80000000     5.3421667828
  0.30000000   1.80000000     8.4181243030
  0.40000000   1.80000000    11.9865464464
  0.50000000   1.80000000    16.2273530173
  0.60000000   1.80000000    21.3294007829
  0.70000000   1.80000000    27.5050905161
  0.80000000   1.80000000    34.9879629898
  0.90000000   1.80000000    44.0576028997
  1.00000000   1.80000000    55.0478464112
  1.10000000   1.80000000    68.3952945932
  1.20000000   1.80000000    84.6835476536
  1.30000000   1.80000000   104.7471029180
  1.40000000   1.80000000   129.7714560756
  1.50000000   1.80000000   161.2788095016
  1.60000000   1.80000000   200.0000000000
  1.70000000   1.80000000   200.0000000000
  1.80000000   1.80000000   200.0000000000
  1.90000000   1.80000000   200.0000000000
  2.00000000   1.80000000   161.2951324395
  2.10000000   1.80000000   129.8071285079
  2.20000000   1.80000000   104.8094803162
  2.30000000   1.80000000    84.7854098420
  2.40000000   1.80000000    68.5565855048
  2.50000000   1.80000000    55.2983915529
  2.60000000   1.80000000    44.4408052964
  2.70000000   1.80000000    35.5659172730
  2.80000000   1.80000000    28.3650471102
  2.90000000   1.80000000    22.5922701143
  3.00000000   1.80000000    18.0579703888
  3.10000000   1.80000000    14.6066579659
  3.20000000   1.80000000    12.1214138526
  3.30000000   1.80000000    10.5125770803
  3.40000000   1.80000000     9.7229756091
  3.50000000   1.80000000     9.7229756091

  0.00000000   1.90000000     0.0000000000
  0.10000000   1.90000000     2.5414824008
  0.20000000   1.90000000     5.2402969491
  0.30000000   1.90000000     8.2530239894
  0.40000000   1.90000000    11.7475393115
  0.50000000   1.90000000    15.8901452170
  0.60000000   1.90000000    20.8703292982
  0.70000000   1.90000000    26.8783398723
  0.80000000   1.90000000    34.1428934434
  0.90000000   1.90000000    42.9054611004
  1.00000000   1.90000000    53.4739280113
  1.10000000   1.90000000    66.2088319911
  1.20000000   1.90000000    81.6114036151
  1.30000000   1.90000000   100.3857043759
  1.40000000   1.90000000   123.7465744642
  1.50000000   1.90000000   154.3194051393
  1.60000000   1.90000000   200.0000000000
  1.70000000   1.90000000   200.0000000000
  1.80000000   1.90000000   200.0000000000
  1.90000000   1.90000000   200.0000000000
  2.00000000   1.90000000   154.3361144548
  2.10000000   1.90000000   123.7820815755
  2.20000000   1.90000000   100.4472915092
  2.30000000   1.90000000    81.7117071316
  2.40000000   1.90000000    66.3675638535
  2.50000000   1.90000000    53.7203936710
  2.60000000   1.90000000    43.2824272186
  2.70000000   1.90000000    34.7113129844
  2.80000000   1.90000000    27.7241083959
  2.90000000   1.90000000    22.1120923572
  3.00000000   1.90000000    17.6900478598
  3.10000000   1.90000000    14.3230664207
  3.20000000   1.90000000    11.8927633655
  3.30000000   1.90000000    10.3205026247
  3.40000000   1.90000000     9.5474249741
  3.50000000   1.90000000     9.5474249741

  0.00000000   2.00000000     0.0000000000
  0.10000000   2.00000000     2.4468481946
  0.20000000   2.00000000     5.0410009852
  0.30000000   2.00000000     7.9367827139
  0.40000000   2.00000000    11.2819888672
  0.50000000   2.00000000    15.2450760253
  0.60000000   2.00000000    19.9824400383
  0.70000000   2.00000000    25.6840384228
  0.80000000   2.00000000    32.5253688582
  0.90000000   2.00000000    40.7284876595
  1.00000000   2.00000000    50.5053263738
  1.10000000   2.00000000    62.1286537167
  1.20000000   2.00000000    75.8724641178
  1.30000000   2.00000000    92.0708652657
  1.40000000   2.00000000   110.9964699672
  1.50000000   2.00000000   132.5558523040
  1.60000000   2.00000000   154.3284982490
  1.70000000   2.00000000   161.2917218580
  1.80000000   2.00000000   161.2935451900
  1.90000000   2.00000000   154.3354421799
  2.00000000   2.00000000   132.5743599899
  2.10000000   2.00000000   111.0317596927
  2.20000000   2.00000000    92.1308538138
  2.30000000   2.00000000    75.9697395310
  2.40000000   2.00000000    62.2823296899
  2.50000000   2.00000000    50.7439044274
  2.60000000   2.00000000    41.0931976526
  2.70000000   2.00000000    33.0753326785
  2.80000000   2.00000000    26.5019957251
  2.90000000   2.00000000    21.1832999239
  3.00000000   2.00000000    16.9849074957
  3.10000000   2.00000000    13.7710518422
  3.20000000   2.00000000    11.4525041680
  3.30000000   2.00000000     9.9462531883
  3.40000000   2.00000000     9.2071664384
  3.50000000   2.00000000     9.2071664384

  0.00000000   2.10000000     0.0000000000
  0.10000000   2.10000000     2.3107107031
  0.20000000   2.10000000     4.7607476178
  0.30000000   2.10000000     7.4836291256
  0.40000000   2.10000000    10.6286765479
  0.50000000   2.10000000    14.3278799598
  0.60000000   2.10000000    18.7428205348
  0.70000000   2.10000000    24.0066128744
  0.80000000   2.10000000    30.2913327325
  0.90000000   2.10000000    37.7293311049
  1.00000000   2.10000000    46.4911626290
  1.10000000   2.10000000    56.6876650900
  1.20000000   2.10000000    68.4310128706
  1.30000000   2.10000000    81.6855533262
  1.40000000   2.10000000    96.1915381795
  1.50000000   2.10000000   111.0122005604
  1.60000000   2.10000000   123.7718323123
  1.70000000   2.10000000   129.8018646052
  1.80000000   2.10000000   129.8044651790
  1.90000000   2.10000000   123.7807985593
  2.00000000   2.10000000   111.0312781469
  2.10000000   2.10000000    96.2258786694
  2.20000000   2.10000000    81.7430700417
  2.30000000   2.10000000    68.5237992634
  2.40000000   2.10000000    56.8341152450
  2.50000000   2.10000000    46.7182848413
  2.60000000   2.10000000    38.0765618505
  2.70000000   2.10000000    30.8145949588
  2.80000000   2.10000000    24.7848685728
  2.90000000   2.10000000    19.8846624807
  3.00000000   2.10000000    15.9819074157
  3.10000000   2.10000000    12.9933155532
  3.20000000   2.10000000    10.8222306907
  3.30000000   2.10000000     9.4149637676
  3.40000000   2.10000000     8.7206009694
  3.50000000   2.10000000     8.7206009694

  0.00000000   2.20000000     0.0000000000
  0.10000000   2.20000000     2.1439987115
  0.20000000   2.20000000     4.4102683204
  0.30000000   2.20000000     6.9297843794
  0.40000000   2.20000000     9.8173755772
  0.50000000   2.20000000    13.2124742821
  0.60000000   2.20000000    17.2218098312
  0.70000000   2.20000000    21.9876468130
  0.80000000   2.20000000    27.6014825779
  0.90000000   2.20000000    34.1904495602
  1.00000000   2.20000000    41.8057474252
  1.10000000   2.20000000    50.5077628149
  1.20000000   2.20000000    60.2236012251
  1.30000000   2.20000000    70.7844699975
  1.40000000   2.20000000    81.7101238206
  1.50000000   2.20000000    92.1114724823
  1.60000000   2.20000000   100.4363375049
  1.70000000   2.20000000   104.8034763978
  1.80000000   2.20000000   104.8062634631
  1.90000000   2.20000000   100.4456332791
  2.00000000   2.20000000    92.1300718400
  2.10000000   2.20000000    81.7427887001
  2.20000000   2.20000000    70.8386119760
  2.30000000   2.20000000    60.3107215051
  2.40000000   2.20000000    50.6449981847
  2.50000000   2.20000000    42.0185943874
  2.60000000   2.20000000    34.5155489849
  2.70000000   2.20000000    28.0914628623
  2.80000000   2.20000000    22.7157973478
  2.90000000   2.20000000    18.2900485555
  3.00000000   2.20000000    14.7585388510
  3.10000000   2.20000000    12.0268673712
  3.20000000   2.20000000    10.0462477790
  3.30000000   2.20000000     8.7518203058
  3.40000000   2.20000000     8.1160642103
  3.50000000   2.20000000     8.1160642103

  0.00000000   2.30000000     0.0000000000
  0.10000000   2.30000000     1.9520783137
  0.20000000   2.30000000     4.0164555142
  0.30000000   2.30000000     6.2955490143
  0.40000000   2.30000000     8.9095385803
  0.50000000   2.30000000    11.9486069589
  0.60000000   2.30000000    15.5346503070
  0.70000000   2.30000000    19.7381402588
  0.80000000   2.30000000    24.6663495392
  0.90000000   2.30000000    30.3496535707
  1.00000000   2.30000000    36.8422749675
  1.10000000   2.30000000    44.0826204585
  1.20000000   2.30000000    51.9821831534
  1.30000000   2.30000000    60.2604417885
  1.40000000   2.30000000    68.4929998859
  1.50000000   2.30000000    75.9512888101
  1.60000000   2.30000000    81.7009682021
  1.70000000   2.30000000    84.7793068217
  1.80000000   2.30000000    84.7820316230
  1.90000000   2.30000000    81.7098874886
  2.00000000   2.30000000    75.9688091345
  2.10000000   2.30000000    68.5233688310
  2.20000000   2.30000000    60.3105706586
  2.30000000   2.30000000    52.0625833098
  2.40000000   2.30000000    44.2092623020
  2.50000000   2.30000000    37.0384303103
  2.60000000   2.30000000    30.6493491754
  2.70000000   2.30000000    25.1175735469
  2.80000000   2.30000000    20.4087468195
  2.90000000   2.30000000    16.5174602629
  3.00000000   2.30000000    13.3706880074
  3.10000000   2.30000000    10.9395780600
  3.20000000   2.30000000     9.1571767832
  3.30000000   2.30000000     7.9978005193
  3.40000000   2.30000000     7.4230380470
  3.50000000   2.30000000     7.4230380470

  0.00000000   2.40000000     0.0000000000
  0.10000000   2.40000000     1.7490264566
  0.20000000   2.40000000     3.5905833468
  0.30000000   2.40000000     5.6264789566
  0.40000000   2.40000000     7.9360338729
  0.50000000   2.40000000    10.6244194093
  0.60000000   2.40000000    13.7510455923
  0.70000000   2.40000000    17.4113589501
  0.80000000   2.40000000    21.6297779804
  0.90000000   2.40000000    26.4645718754
  1.00000000   2.40000000    31.8727165007
  1.10000000   2.40000000    37.8215630310
  1.20000000   2.40000000    44.1360933327
  1.30000000   2.40000000    50.5991947252
  1.40000000   2.40000000    56.8058911940
  1.50000000   2.40000000    62.2652973768
  1.60000000   2.40000000    66.3574841148
  1.70000000   2.40000000    68.5507602597
  1.80000000   2.40000000    68.5532852243
  1.90000000   2.40000000    66.3657443163
  2.00000000   2.40000000    62.2813569351
  2.10000000   2.40000000    56.8336245429
  2.20000000   2.40000000    50.6447750882
  2.30000000   2.40000000    44.2091857356
  2.40000000   2.40000000    37.9364841198
  2.50000000   2.40000000    32.0508050131
  2.60000000   2.40000000    26.7363157599
  2.70000000   2.40000000    22.0390379089
  2.80000000   2.40000000    18.0188752873
  2.90000000   2.40000000    14.6413447577
  3.00000000   2.40000000    11.9110520566
  3.10000000   2.40000000     9.7718999756
  3.20000000   2.40000000     8.2108238070
  3.30000000   2.40000000     7.1829578410
  3.40000000   2.40000000     6.6773818765
  3.50000000   2.40000000     6.6773818765

  0.00000000   2.50000000     0.0000000000
  0.10000000   2.50000000     1.5391860685
  0.20000000   2.50000000     3.1617313163
  0.30000000   2.50000000     4.9390445616
  0.40000000   2.50000000     6.9605202577
  0.50000000   2.50000000     9.2794028896
  0.60000000   2.50000000    11.9809406135
  0.70000000   2.50000000    15.0891859683
  0.80000000   2.50000000    18.6657751346
  0.90000000   2.50000000    22.6846758775
  1.00000000   2.50000000    27.1494925957
  1.10000000   2.50000000    31.9479583825
  1.20000000   2.50000000    36.9729781523
  1.30000000   2.50000000    41.9775044698
  1.40000000   2.50000000    46.6929385042
  1.50000000   2.50000000    50.7285069826
  1.60000000   2.50000000    53.7112283069
  1.70000000   2.50000000    55.2930270354
  1.80000000   2.50000000    55.2953209979
  1.90000000   2.50000000    53.7186687033
  2.00000000   2.50000000    50.7429630453
  2.10000000   2.50000000    46.7177874730
  2.20000000   2.50000000    42.0183472470
  2.30000000   2.50000000    37.0383197848
  2.40000000   2.50000000    32.0507677807
  2.50000000   2.50000000    27.3085622331
  2.60000000   2.50000000    22.9275361011
  2.70000000   2.50000000    19.0310324499
  2.80000000   2.50000000    15.6314864627
  2.90000000   2.50000000    12.7745875043
  3.00000000   2.50000000    10.4260894613
  3.10000000   2.50000000     8.5943252075
  3.20000000   2.50000000     7.2373573674
  3.30000000   2.50000000     6.3512185009
  3.40000000   2.50000000     5.9095248731
  3.50000000   2.50000000     5.9095248731

  0.00000000   2.60000000     0.0000000000
  0.10000000   2.60000000     1.3361110485
  0.20000000   2.60000000     2.7368476066
  0.30000000   2.60000000     4.2758186347
  0.40000000   2.60000000     6.0022920666
  0.50000000   2.60000000     7.9906885885
  0.60000000   2.60000000    10.2664941526
  0.70000000   2.60000000    12.8910422439
  0.80000000   2.60000000    15.8520809119
  0.90000000   2.60000000    19.1747935234
  1.00000000   2.60000000    22.7873308181
  1.10000000   2.60000000    26.6457378112
  1.20000000   2.60000000    30.5915859296
  1.30000000   2.60000000    34.4793117784
  1.40000000   2.60000000    38.0541329465
  1.50000000   2.60000000    41.0795632846
  1.60000000   2.60000000    43.2742581195
  1.70000000   2.60000000    44.4360073718
  1.80000000   2.60000000    44.4380302064
  1.90000000   2.60000000    43.2808575838
  2.00000000   2.60000000    41.0923258932
  2.10000000   2.60000000    38.0760922363
  2.20000000   2.60000000    34.5153042090
  2.30000000   2.60000000    30.6492294370
  2.40000000   2.60000000    26.7362630561
  2.50000000   2.60000000    22.9275186525
  2.60000000   2.60000000    19.3884867922
  2.70000000   2.60000000    16.1736283434
  2.80000000   2.60000000    13.3677301446
  2.90000000   2.60000000    10.9641400927
  3.00000000   2.60000000     8.9971235676
  3.10000000   2.60000000     7.4356216708
  3.20000000   2.60000000     6.2887405255
  3.30000000   2.60000000     5.5275763377
  3.40000000   2.60000000     5.1526501359
  3.50000000   2.60000000     5.1526501359

  0.00000000   2.70000000     0.0000000000
  0.10000000   2.70000000     1.1415462799
  0.20000000   2.70000000     2.3408812348
  0.30000000   2.70000000     3.6439535782
  0.40000000   2.70000000     5.1133603496
  0.50000000   2.70000000     6.7761807797
  0.60000000   2.70000000     8.6896507225
  0.70000000   2.70000000    10.8521697380
  0.80000000   2.70000000    13.2997006768
  0.90000000   2.70000000    15.9878644130
  1.00000000   2.70000000    18.9092493932
  1.10000000   2.70000000    21.9602135880
  1.20000000   2.70000000    25.0673639890
  1.30000000   2.70000000    28.0598880451
  1.40000000   2.70000000    30.7950730744
  1.50000000   2.70000000    33.0634204901
  1.60000000   2.70000000    34.7041766066
  1.70000000   2.70000000    35.5616999145
  1.80000000   2.70000000    35.5634743463
  1.90000000   2.70000000    34.7099181059
  2.00000000   2.70000000    33.0745542554
  2.10000000   2.70000000    30.8141682441
  2.20000000   2.70000000    28.0912362765
  2.30000000   2.70000000    25.1174571271
  2.40000000   2.70000000    22.0389818557
  2.50000000   2.70000000    19.0310081558
  2.60000000   2.70000000    16.1736204309
  2.70000000   2.70000000    13.5787465250
  2.80000000   2.70000000    11.2659909230
  2.90000000   2.70000000     9.2943014994
  3.00000000   2.70000000     7.6483139001
  3.10000000   2.70000000     6.3532990427
  3.20000000   2.70000000     5.3840717676
  3.30000000   2.70000000     4.7488125623
  3.40000000   2.70000000     4.4304083062
  3.50000000   2.70000000     4.4304083062

  0.00000000   2.80000000     0.0000000000
  0.10000000   2.80000000     0.9662456494
  0.20000000   2.80000000     1.9748843097
  0.30000000   2.80000000     3.0761530866
  0.40000000   2.80000000     4.2981292242
  0.50000000   2.80000000     5.6910997116
  0.60000000   2.80000000     7.2614123100
  0.70000000   2.80000000     9.0481512661
  0.80000000   2.80000000    11.0262620553
  0.90000000   2.80000000    13.2082478350
  1.00000000   2.80000000    15.5267391410
  1.10000000   2.80000000    17.9511575619
  1.20000000   2.80000000    20.3655199291
  1.30000000   2.80000000    22.6886563433
  1.40000000   2.80000000    24.7680415740
  1.50000000   2.80000000    26.4917443542
  1.60000000   2.80000000    27.7179421702
  1.70000000   2.80000000    28.3614070751
  1.80000000   2.80000000    28.3629259668
  1.90000000   2.80000000    27.7228973004
  2.00000000   2.80000000    26.5013136408
  2.10000000   2.80000000    24.7844933986
  2.20000000   2.80000000    22.7155945520
  2.30000000   2.80000000    20.4086407533
  2.40000000   2.80000000    18.0188215881
  2.50000000   2.80000000    15.6314610136
  2.60000000   2.80000000    13.3677192779
  2.70000000   2.80000000    11.2659874370
  2.80000000   2.80000000     9.4030417368
  2.90000000   2.80000000     7.7800335414
  3.00000000   2.80000000     6.4378312398
  3.10000000   2.80000000     5.3593577860
  3.20000000   2.80000000     4.5626717416
  3.30000000   2.80000000     4.0299059308
  3.40000000   2.80000000     3.7671515223
  3.50000000   2.80000000     3.7671515223

  0.00000000   2.90000000     0.0000000000
  0.10000000   2.90000000     0.8093918231
  0.20000000   2.90000000     1.6568932529
  0.30000000   2.90000000     2.5706203015
  0.40000000   2.90000000     3.5923282998
  0.50000000   2.90000000     4.7340250146
  0.60000000   2.90000000     6.0328930432
  0.70000000   2.90000000     7.4777271604
  0.80000000   2.90000000     9.0901907952
  0.90000000   2.90000000    10.8281006571
  1.00000000   2.90000000    12.6853303781
  1.10000000   2.90000000    14.5835243684
  1.20000000   2.90000000    16.4806096886
  1.30000000   2.90000000    18.2668561359
  1.40000000   2.90000000    19.8703125685
  1.50000000   2.90000000    21.1745309579
  1.60000000   2.90000000    22.1068293819
  1.70000000   2.90000000    22.5891502081
  1.80000000   2.90000000    22.5904557805
  1.90000000   2.90000000    22.1110502698
  2.00000000   2.90000000    21.1827137558
  2.10000000   2.90000000    19.8843370794
  2.20000000   2.90000000    18.2898722589
  2.30000000   2.90000000    16.5173663555
  2.40000000   2.90000000    14.6412963984
  2.50000000   2.90000000    12.7745633829
  2.60000000   2.90000000    10.9641288364
  2.70000000   2.90000000     9.2942967602
  2.80000000   2.90000000     7.7800320413
  2.90000000   2.90000000     6.4738686355
  3.00000000   2.90000000     5.3689055380
  3.10000000   2.90000000     4.4929097137
  3.20000000   2.90000000     3.8312853553
  3.30000000   2.90000000     3.3961355808
  3.40000000   2.90000000     3.1769515878
  3.50000000   2.90000000     3.1769515878

  0.00000000   3.00000000     0.0000000000
  0.10000000   3.00000000     0.6782762846
  0.20000000   3.00000000     1.3835824122
  0.30000000   3.00000000     2.1488104445
  0.40000000   3.00000000     2.9896720389
  0.50000000   3.00000000     3.9386322897
  0.60000000   3.00000000     4.9944481752
  0.70000000   3.00000000     6.1811843841
  0.80000000   3.00000000     7.4747118724
  0.90000000   3.00000000     8.8815115220
  1.00000000   3.00000000    10.3500879728
  1.10000000   3.00000000    11.8618872585
  1.20000000   3.00000000    13.3392863578
  1.30000000   3.00000000    14.7388146551
  1.40000000   3.00000000    15.9696722248
  1.50000000   3.00000000    16.9774491588
  1.60000000   3.00000000    17.6855569902
  1.70000000   3.00000000    18.0553155865
  1.80000000   3.00000000    18.0564198804
  1.90000000   3.00000000    17.6891598434
  2.00000000   3.00000000    16.9844050067
  2.10000000   3.00000000    15.9816290735
  2.20000000   3.00000000    14.7583866348
  2.30000000   3.00000000    13.3706068090
  2.40000000   3.00000000    11.9110094541
  2.50000000   3.00000000    10.4260678612
  2.60000000   3.00000000     8.9971129523
  2.70000000   3.00000000     7.6483090184
  2.80000000   3.00000000     6.4378292108
  2.90000000   3.00000000     5.3689049025
  3.00000000   3.00000000     4.4767470826
  3.10000000   3.00000000     3.7527276097
  3.20000000   3.00000000     3.2148705901
  3.30000000   3.00000000     2.8529857656
  3.40000000   3.00000000     2.6741873864
  3.50000000   3.00000000     2.6741873864

  0.00000000   3.10000000     0.0000000000
  0.10000000   3.10000000     0.5706921615
  0.20000000   3.10000000     1.1661519493
  0.30000000   3.10000000     1.8040904796
  0.40000000   3.10000000     2.5112316999
  0.50000000   3.10000000     3.2934039976
  0.60000000   3.10000000     4.1732649234
  0.70000000   3.10000000     5.1398891536
  0.80000000   3.10000000     6.2049213948
  0.90000000   3.10000000     7.3366294368
  1.00000000   3.10000000     8.5293201417
  1.10000000   3.10000000     9.7297672419
  1.20000000   3.10000000    10.9127129374
  1.30000000   3.10000000    12.0099557849
  1.40000000   3.10000000    12.9828487572
  1.50000000   3.10000000    13.7646548413
  1.60000000   3.10000000    14.3192253419
  1.70000000   3.10000000    14.6043798612
  1.80000000   3.10000000    14.6053317306
  1.90000000   3.10000000    14.3223036120
  2.00000000   3.10000000    13.7706216684
  2.10000000   3.10000000    12.9930758644
  2.20000000   3.10000000    12.0267366545
  2.30000000   3.10000000    10.9395076779
  2.40000000   3.10000000     9.7718630136
  2.50000000   3.10000000     8.5943061127
  2.60000000   3.10000000     7.4356121361
  2.70000000   3.10000000     6.3532944250
  2.80000000   3.10000000     5.3593556907
  2.90000000   3.10000000     4.4929088525
  3.00000000   3.10000000     3.7527273419
  3.10000000   3.10000000     3.1613643470
  3.20000000   3.10000000     2.7118363040
  3.30000000   3.10000000     2.4148589465
  3.40000000   3.10000000     2.2648509739
  3.50000000   3.10000000     2.2648509739

  0.00000000   3.20000000     0.0000000000
  0.10000000   3.20000000     0.4908580605
  0.20000000   3.20000000     0.9999071851
  0.30000000   3.20000000     1.5484841752
  0.40000000   3.20000000     2.1472451774
  0.50000000   3.20000000     2.8158605965
  0.60000000   3.20000000     3.5531650190
  0.70000000   3.20000000     4.3717518020
  0.80000000   3.20000000     5.2547902608
  0.90000000   3.20000000     6.2025501259
  1.00000000   3.20000000     7.1806658400
  1.10000000   3.20000000     8.1741252309
  1.20000000   3.20000000     9.1337347952
  1.30000000   3.20000000    10.0315175160
  1.40000000   3.20000000    10.8130953096
  1.50000000   3.20000000    11.4469339530
  1.60000000   3.20000000    11.8894105401
  1.70000000   3.20000000    12.1194310051
  1.80000000   3.20000000    12.1202559805
  1.90000000   3.20000000    11.8920995894
  2.00000000   3.20000000    11.4521283608
  2.10000000   3.20000000    10.8220220276
  2.20000000   3.20000000    10.0461333561
  2.30000000   3.20000000     9.1571153488
  2.40000000   3.20000000     8.2107912568
  2.50000000   3.20000000     7.2373405365
  2.60000000   3.20000000     6.2887319676
  2.70000000   3.20000000     5.3840675569
  2.80000000   3.20000000     4.5626697319
  2.90000000   3.20000000     3.8312844542
  3.00000000   3.20000000     3.2148702235
  3.10000000   3.20000000     2.7118361907
  3.20000000   3.20000000     2.3354422595
  3.30000000   3.20000000     2.0815833375
  3.40000000   3.20000000     1.9556290967
  3.50000000   3.20000000     1.9556290967

  0.00000000   3.30000000     0.0000000000
  0.10000000   3.30000000     0.4366744920
  0.20000000   3.30000000     0.8906218980
  0.30000000   3.30000000     1.3755039339
  0.40000000   3.30000000     1.9080646845
  0.50000000   3.30000000     2.4943605343
  0.60000000   3.30000000     3.1461498969
  0.70000000   3.30000000     3.8580884275
  0.80000000   3.30000000     4.6325057997
  0.90000000   3.30000000     5.4499406662
  1.00000000   3.30000000     6.3001920731
  1.10000000   3.30000000     7.1498837765
  1.20000000   3.30000000     7.9766985619
  1.30000000   3.30000000     8.7385415180
  1.40000000   3.30000000     9.4067418354
  1.50000000   3.30000000     9.9412316676
  1.60000000   3.30000000    10.3174862751
  1.70000000   3.30000000    10.5107896768
  1.80000000   3.30000000    10.5115359218
  1.90000000   3.30000000    10.3199042760
  2.00000000   3.30000000     9.9459153853
  2.10000000   3.30000000     9.4147755997
  2.20000000   3.30000000     8.7517174274
  2.30000000   3.30000000     7.9977450299
  2.40000000   3.30000000     7.1829285063
  2.50000000   3.30000000     6.3512032163
  2.60000000   3.30000000     5.5275685549
  2.70000000   3.30000000     4.7488086705
  2.80000000   3.30000000     4.0299040439
  2.90000000   3.30000000     3.3961346945
  3.00000000   3.30000000     2.8529853734
  3.10000000   3.30000000     2.4148587894
  3.20000000   3.30000000     2.0815832897
  3.30000000   3.30000000     1.8597684694
  3.40000000   3.30000000     1.7479579271
  3.50000000   3.30000000     1.7479579271

  0.00000000   3.40000000     0.0000000000
  0.10000000   3.40000000     0.4100031522
  0.20000000   3.40000000     0.8351091755
  0.30000000   3.40000000     1.2903206746
  0.40000000   3.40000000     1.7869636746
  0.50000000   3.40000000     2.3359668382
  0.60000000   3.40000000     2.9410256595
  0.70000000   3.40000000     3.6050086940
  0.80000000   3.40000000     4.3205766478
  0.90000000   3.40000000     5.0793582078
  1.00000000   3.40000000     5.8613203794
  1.10000000   3.40000000     6.6461533663
  1.20000000   3.40000000     7.4030989834
  1.30000000   3.40000000     8.1035268322
  1.40000000   3.40000000     8.7128317182
  1.50000000   3.40000000     9.2024262196
  1.60000000   3.40000000     9.5445748566
  1.70000000   3.40000000     9.7212888521
  1.80000000   3.40000000     9.7219919270
  1.90000000   3.40000000     9.5468605094
  2.00000000   3.40000000     9.2068472953
  2.10000000   3.40000000     8.7204234974
  2.20000000   3.40000000     8.1159669902
  2.30000000   3.40000000     7.4229856983
  2.40000000   3.40000000     6.6773541224
  2.50000000   3.40000000     5.9095104267
  2.60000000   3.40000000     5.1526427424
  2.70000000   3.40000000     4.4304046019
  2.80000000   3.40000000     3.7671497055
  2.90000000   3.40000000     3.1769507229
  3.00000000   3.40000000     2.6741869899
  3.10000000   3.40000000     2.2648508036
  3.20000000   3.40000000     1.9556290320
  3.30000000   3.40000000     1.7479579094
  3.40000000   3.40000000     1.6440903389
  3.50000000   3.40000000     1.6440903389

  0.00000000   3.50000000     0.0000000000
  0.10000000   3.50000000     0.4100031522
  0.20000000   3.50000000     0.8351091755
  0.30000000   3.50000000     1.2903206746
  0.40000000   3.50000000     1.7869636746
  0.50000000   3.50000000     2.3359668382
  0.60000000   3.50000000     2.9410256595
  0.70000000   3.50000000     3.6050086940
  0.80000000   3.50000000     4.3205766478
  0.90000000   3.50000000     5.0793582078
  1.00000000   3.50000000     5.8613203794
  1.10000000   3.50000000     6.6461533663
  1.20000000   3.50000000     7.4030989834
  1.30000000   3.50000000     8.1035268322
  1.40000000   3.50000000     8.7128317182
  1.50000000   3.50000000     9.2024262196
  1.60000000   3.50000000     9.5445748566
  1.70000000   3.50000000     9.7212888521
  1.80000000   3.50000000     9.7219919270
  1.90000000   3.50000000     9.5468605094
  2.00000000   3.50000000     9.2068472953
  2.10000000   3.50000000     8.7204234974
  2.20000000   3.50000000     8.1159669902
  2.30000000   3.50000000     7.4229856983
  2.40000000   3.50000000     6.6773541224
  2.50000000   3.50000000     5.9095104267
  2.60000000   3.50000000     5.1526427424
  2.70000000   3.50000000     4.4304046019
  2.80000000   3.50000000     3.7671497055
  2.90000000   3.50000000     3.1769507229
  3.00000000   3.50000000     2.6741869899
  3.10000000   3.50000000     2.2648508036
  3.20000000   3.50000000     1.9556290320
  3.30000000   3.50000000     1.7479579094
  3.40000000   3.50000000     1.6440903389
  3.50000000   3.50000000     1.6440903389

