  0.00000000   0.00000000     0.0000000000
  0.10000000   0.00000000     3.8966939725
  0.20000000   0.00000000     7.7830800068
  0.30000000   0.00000000    11.6479451436
  0.40000000   0.00000000    15.4782815150
  0.50000000   0.00000000    19.2585204255
  0.60000000   0.00000000    22.9698264533
  0.70000000   0.00000000    26.5896559349
  0.80000000   0.00000000    30.0914567956
  0.90000000   0.00000000    33.4447911865
  1.00000000   0.00000000    36.6157113042
  1.10000000   0.00000000    39.5676969958
  1.20000000   0.00000000    42.2629268146
  1.30000000   0.00000000    44.6641301878
  1.40000000   0.00000000    46.7366956468
  1.50000000   0.00000000    48.4511248300
  1.60000000   0.00000000    49.7853993969
  1.70000000   0.00000000    50.7271780880
  1.80000000   0.00000000    51.2753943739
  1.90000000   0.00000000    51.4411405339
  2.00000000   0.00000000    51.2476317386
  2.10000000   0.00000000    50.7292826878
  2.20000000   0.00000000    49.9300309097
  2.30000000   0.00000000    48.9010826859
  2.40000000   0.00000000    47.6984341545
  2.50000000   0.00000000    46.3803073383
  2.60000000   0.00000000    45.0048551315
  2.70000000   0.00000000    43.6281012719
  2.80000000   0.00000000    42.3023649588
  2.90000000   0.00000000    41.0749787783
  3.00000000   0.00000000    39.9874597020
  3.10000000   0.00000000    39.0748804498
  3.20000000   0.00000000    38.3655520829
  3.30000000   0.00000000    37.8807905649
  3.40000000   0.00000000    37.6348464291
  3.50000000   0.00000000    37.6348464291

  0.00000000   0.10000000     0.0000000000
  0.10000000   0.10000000     3.8966939725
  0.20000000   0.10000000     7.7830800068
  0.30000000   0.10000000    11.6479451436
  0.40000000   0.10000000    15.4782815150
  0.50000000   0.10000000    19.2585204255
  0.60000000   0.10000000    22.9698264533
  0.70000000   0.10000000    26.5896559349
  0.80000000   0.10000000    30.0914567956
  0.90000000   0.10000000    33.4447911865
  1.00000000   0.10000000    36.6157113042
  1.10000000   0.10000000    39.5676969958
  1.20000000   0.10000000    42.2629268146
  1.30000000   0.10000000    44.6641301878
  1.40000000   0.10000000    46.7366956468
  1.50000000   0.10000000    48.4511248300
  1.60000000   0.10000000    49.7853993969
  1.70000000   0.10000000    50.7271780880
  1.80000000   0.10000000    51.2753943739
  1.90000000   0.10000000    51.4411405339
  2.00000000   0.10000000    51.2476317386
  2.10000000   0.10000000    50.7292826878
  2.20000000   0.10000000    49.9300309097
  2.30000000   0.10000000    48.9010826859
  2.40000000   0.10000000    47.6984341545
  2.50000000   0.10000000    46.3803073383
  2.60000000   0.10000000    45.0048551315
  2.70000000   0.10000000    43.6281012719
  2.80000000   0.10000000    42.3023649588
  2.90000000   0.10000000    41.0749787783
  3.00000000   0.10000000    39.9874597020
  3.10000000   0.10000000    39.0748804498
  3.20000000   0.10000000    38.3655520829
  3.30000000   0.10000000    37.8807905649
  3.40000000   0.10000000    37.6348464291
  3.50000000   0.10000000    37.6348464291

  0.00000000   0.20000000     0.0000000000
  0.10000000   0.20000000     3.9364215427
  0.20000000   0.20000000     7.8632278826
  0.30000000   0.20000000    11.7698447165
  0.40000000   0.20000000    15.6438819846
  0.50000000   0.20000000    19.4702166888
  0.60000000   0.20000000    23.2303881862
  0.70000000   0.20000000    26.9019144609
  0.80000000   0.20000000    30.4581418778
  0.90000000   0.20000000    33.8680663441
  1.00000000   0.20000000    37.0969047483
  1.10000000   0.20000000    40.1067404212
  1.20000000   0.20000000    42.8580622830
  1.30000000   0.20000000    45.3114339781
  1.40000000   0.20000000    47.4299784379
  1.50000000   0.20000000    49.1818288164
  1.60000000   0.20000000    50.5429417928
  1.70000000   0.20000000    51.4994110148
  1.80000000   0.20000000    52.0494026509
  1.90000000   0.20000000    52.2040900731
  2.00000000   0.20000000    51.9876504628
  2.10000000   0.20000000    51.4362216741
  2.20000000   0.20000000    50.5959563483
  2.30000000   0.20000000    49.5205882994
  2.40000000   0.20000000    48.2685812971
  2.50000000   0.20000000    46.9005095820
  2.60000000   0.20000000    45.4764612181
  2.70000000   0.20000000    44.0541039014
  2.80000000   0.20000000    42.6869125035
  2.90000000   0.20000000    41.4231232290
  3.00000000   0.20000000    40.3047736202
  3.10000000   0.20000000    39.3673223818
  3.20000000   0.20000000    38.6392366478
  3.30000000   0.20000000    38.1419511973
  3.40000000   0.20000000    37.8897348520
  3.50000000   0.20000000    37.8897348520

  0.00000000   0.30000000     0.0000000000
  0.10000000   0.30000000     4.0150843765
  0.20000000   0.30000000     8.0219455459
  0.30000000   0.30000000    12.0113869070
  0.40000000   0.30000000    15.9721825503
  0.50000000   0.30000000    19.8902982619
  0.60000000   0.30000000    23.7478948629
  0.70000000   0.30000000    27.5228910741
  0.80000000   0.30000000    31.1882594619
  0.90000000   0.30000000    34.7121725781
  1.00000000   0.30000000    38.0579527650
  1.10000000   0.30000000    41.1851442528
  1.20000000   0.30000000    44.0505420665
  1.30000000   0.30000000    46.6104796872
  1.40000000   0.30000000    48.8231307809
  1.50000000   0.30000000    50.6518228264
  1.60000000   0.30000000    52.0680475672
  1.70000000   0.30000000    53.0546651530
  1.80000000   0.30000000    53.6081091254
  1.90000000   0.30000000    53.7397500870
  2.00000000   0.30000000    53.4758221541
  2.10000000   0.30000000    52.8560787622
  2.20000000   0.30000000    51.9314463756
  2.30000000   0.30000000    50.7608418198
  2.40000000   0.30000000    49.4080067786
  2.50000000   0.30000000    47.9381745242
  2.60000000   0.30000000    46.4155439805
  2.70000000   0.30000000    44.9008716396
  2.80000000   0.30000000    43.4500983444
  2.90000000   0.30000000    42.1130110739
  3.00000000   0.30000000    40.9327976008
  3.10000000   0.30000000    39.9454603323
  3.20000000   0.30000000    39.1798577042
  3.30000000   0.30000000    38.6575111607
  3.40000000   0.30000000    38.3927698905
  3.50000000   0.30000000    38.3927698905

  0.00000000   0.40000000     0.0000000000
  0.10000000   0.40000000     4.1310480486
  0.20000000   0.40000000     8.2560641962
  0.30000000   0.40000000    12.3678978205
  0.40000000   0.40000000    16.4573265893
  0.50000000   0.40000000    20.5118478246
  0.60000000   0.40000000    24.5149682912
  0.70000000   0.40000000    28.4450590676
  0.80000000   0.40000000    32.2750517318
  0.90000000   0.40000000    35.9716734373
  1.00000000   0.40000000    39.4958905225
  1.10000000   0.40000000    42.8030643646
  1.20000000   0.40000000    45.8446708735
  1.30000000   0.40000000    48.5700162501
  1.40000000   0.40000000    50.9296323057
  1.50000000   0.40000000    52.8786907723
  1.60000000   0.40000000    54.3814987913
  1.70000000   0.40000000    55.4153030506
  1.80000000   0.40000000    55.9737105641
  1.90000000   0.40000000    56.0683438005
  2.00000000   0.40000000    55.7288546524
  2.10000000   0.40000000    55.0010832592
  2.20000000   0.40000000    53.9436900535
  2.30000000   0.40000000    52.6241962800
  2.40000000   0.40000000    51.1145514047
  2.50000000   0.40000000    49.4875380416
  2.60000000   0.40000000    47.8133705905
  2.70000000   0.40000000    46.1576982851
  2.80000000   0.40000000    44.5797460799
  2.90000000   0.40000000    43.1317338708
  3.00000000   0.40000000    41.8581238391
  3.10000000   0.40000000    40.7957960599
  3.20000000   0.40000000    39.9738497039
  3.30000000   0.40000000    39.4139813537
  3.40000000   0.40000000    39.1304787289
  3.50000000   0.40000000    39.1304787289

  0.00000000   0.50000000     0.0000000000
  0.10000000   0.50000000     4.2818302510
  0.20000000   0.50000000     8.5606278035
  0.30000000   0.50000000    12.8322355738
  0.40000000   0.50000000    17.0900652893
  0.50000000   0.50000000    21.3241567327
  0.60000000   0.50000000    25.5197337078
  0.70000000   0.50000000    29.6564944265
  0.80000000   0.50000000    33.7072203717
  0.90000000   0.50000000    37.6375226119
  1.00000000   0.50000000    41.4049881231
  1.10000000   0.50000000    44.9599563795
  1.20000000   0.50000000    48.2461068881
  1.30000000   0.50000000    51.2031976542
  1.40000000   0.50000000    53.7701225055
  1.50000000   0.50000000    55.8901468640
  1.60000000   0.50000000    57.5162226893
  1.70000000   0.50000000    58.6170618025
  1.80000000   0.50000000    59.1816398169
  1.90000000   0.50000000    59.2219914900
  2.00000000   0.50000000    58.7730812322
  2.10000000   0.50000000    57.8900392714
  2.20000000   0.50000000    56.6434637419
  2.30000000   0.50000000    55.1134648486
  2.40000000   0.50000000    53.3842110539
  2.50000000   0.50000000    51.5388034259
  2.60000000   0.50000000    49.6560134162
  2.70000000   0.50000000    47.8075371630
  2.80000000   0.50000000    46.0570640756
  2.90000000   0.50000000    44.4593267907
  3.00000000   0.50000000    43.0604491063
  3.10000000   0.50000000    41.8978364988
  3.20000000   0.50000000    41.0008861711
  3.30000000   0.50000000    40.3911160406
  3.40000000   0.50000000    40.0827315714
  3.50000000   0.50000000    40.0827315714

  0.00000000   0.60000000     0.0000000000
  0.10000000   0.60000000     4.4639688012
  0.20000000   0.60000000     8.9288765449
  0.30000000   0.60000000    13.3943565282
  0.40000000   0.60000000    17.8576200707
  0.50000000   0.60000000    22.3118886002
  0.60000000   0.60000000    26.7453876690
  0.70000000   0.60000000    31.1395348738
  0.80000000   0.60000000    35.4680736124
  0.90000000   0.60000000    39.6952853221
  1.00000000   0.60000000    43.7756424463
  1.10000000   0.60000000    47.6528709932
  1.20000000   0.60000000    51.2612150434
  1.30000000   0.60000000    54.5269994287
  1.40000000   0.60000000    57.3732586440
  1.50000000   0.60000000    59.7254560875
  1.60000000   0.60000000    61.5198942176
  1.70000000   0.60000000    62.7119296050
  1.80000000   0.60000000    63.2835245035
  1.90000000   0.60000000    63.2471866841
  2.00000000   0.60000000    62.6459409337
  2.10000000   0.60000000    61.5490682437
  2.20000000   0.60000000    60.0446478943
  2.30000000   0.60000000    58.2312195930
  2.40000000   0.60000000    56.2095976142
  2.50000000   0.60000000    54.0770467387
  2.60000000   0.60000000    51.9227937287
  2.70000000   0.60000000    49.8262210926
  2.80000000   0.60000000    47.8555694395
  2.90000000   0.60000000    46.0684620704
  3.00000000   0.60000000    44.5120311990
  3.10000000   0.60000000    43.2241233088
  3.20000000   0.60000000    42.2337381058
  3.30000000   0.60000000    41.5620700916
  3.40000000   0.60000000    41.2228352224
  3.50000000   0.60000000    41.2228352224

  0.00000000   0.70000000     0.0000000000
  0.10000000   0.70000000     4.6730340441
  0.20000000   0.70000000     9.3519235192
  0.30000000   0.70000000    14.0412759521
  0.40000000   0.70000000    18.7429253433
  0.50000000   0.70000000    23.4547688057
  0.60000000   0.70000000    28.1688101426
  0.70000000   0.70000000    32.8699047980
  0.80000000   0.70000000    37.5333517077
  0.90000000   0.70000000    42.1235695919
  1.00000000   0.70000000    46.5916548394
  1.10000000   0.70000000    50.8747164959
  1.20000000   0.70000000    54.8949466019
  1.30000000   0.70000000    58.5618603660
  1.40000000   0.70000000    61.7761176306
  1.50000000   0.70000000    64.4380430949
  1.60000000   0.70000000    66.4585815373
  1.70000000   0.70000000    67.7728988292
  1.80000000   0.70000000    68.3517930019
  1.90000000   0.70000000    68.2084972175
  2.00000000   0.70000000    67.3983938014
  2.10000000   0.70000000    66.0120834181
  2.20000000   0.70000000    64.1637457139
  2.30000000   0.70000000    61.9778402321
  2.40000000   0.70000000    59.5781829747
  2.50000000   0.70000000    57.0797551007
  2.60000000   0.70000000    54.5847817685
  2.70000000   0.70000000    52.1806148389
  2.80000000   0.70000000    49.9403558936
  2.90000000   0.70000000    47.9234385461
  3.00000000   0.70000000    46.1775909114
  3.10000000   0.70000000    44.7398853330
  3.20000000   0.70000000    43.6384989226
  3.30000000   0.70000000    42.8934702160
  3.40000000   0.70000000    42.5177975906
  3.50000000   0.70000000    42.5177975906

  0.00000000   0.80000000     0.0000000000
  0.10000000   0.80000000     4.9034712596
  0.20000000   0.80000000     9.8188102461
  0.30000000   0.80000000    14.7565192495
  0.40000000   0.80000000    19.7245371448
  0.50000000   0.80000000    24.7264096683
  0.60000000   0.80000000    29.7599264001
  0.70000000   0.80000000    34.8145521590
  0.80000000   0.80000000    39.8695669358
  0.90000000   0.80000000    44.8906414854
  1.00000000   0.80000000    49.8274932363
  1.10000000   0.80000000    54.6103031854
  1.20000000   0.80000000    59.1483898994
  1.30000000   0.80000000    63.3296412635
  1.40000000   0.80000000    67.0251586664
  1.50000000   0.80000000    70.0985116445
  1.60000000   0.80000000    72.4227361906
  1.70000000   0.80000000    73.9010570455
  1.80000000   0.80000000    74.4868543018
  1.90000000   0.80000000    74.1942806261
  2.00000000   0.80000000    73.0979378023
  2.10000000   0.80000000    71.3215122399
  2.20000000   0.80000000    69.0179640398
  2.30000000   0.80000000    66.3489853587
  2.40000000   0.80000000    63.4686158823
  2.50000000   0.80000000    60.5141410228
  2.60000000   0.80000000    57.6017833489
  2.70000000   0.80000000    54.8271026978
  2.80000000   0.80000000    52.2663724768
  2.90000000   0.80000000    49.9797817629
  3.00000000   0.80000000    48.0136408889
  3.10000000   0.80000000    46.4032783961
  3.20000000   0.80000000    45.1745805111
  3.30000000   0.80000000    44.3458670561
  3.40000000   0.80000000    43.9286827180
  3.50000000   0.80000000    43.9286827180

  0.00000000   0.90000000     0.0000000000
  0.10000000   0.90000000     5.1486873255
  0.20000000   0.90000000    10.3162133625
  0.30000000   0.90000000    15.5202604781
  0.40000000   0.90000000    20.7758491585
  0.50000000   0.90000000    26.0941063450
  0.60000000   0.90000000    31.4799830534
  0.70000000   0.90000000    36.9304003143
  0.80000000   0.90000000    42.4306667086
  0.90000000   0.90000000    47.9513482162
  1.00000000   0.90000000    53.4429952423
  1.10000000   0.90000000    58.8316688583
  1.20000000   0.90000000    64.0132126883
  1.30000000   0.90000000    68.8507599491
  1.40000000   0.90000000    73.1757823184
  1.50000000   0.90000000    76.7994573759
  1.60000000   0.90000000    79.5357569437
  1.70000000   0.90000000    81.2369389349
  1.80000000   0.90000000    81.8281799716
  1.90000000   0.90000000    81.3251388386
  2.00000000   0.90000000    79.8329817945
  2.10000000   0.90000000    77.5278330341
  2.20000000   0.90000000    74.6221473824
  2.30000000   0.90000000    71.3302765242
  2.40000000   0.90000000    67.8460702744
  2.50000000   0.90000000    64.3322464853
  2.60000000   0.90000000    60.9194100514
  2.70000000   0.90000000    57.7087396228
  2.80000000   0.90000000    54.7774223256
  2.90000000   0.90000000    52.1830871734
  3.00000000   0.90000000    49.9686469394
  3.10000000   0.90000000    48.1652545555
  3.20000000   0.90000000    46.7953481898
  3.30000000   0.90000000    45.8741587304
  3.40000000   0.90000000    45.4112845030
  3.50000000   0.90000000    45.4112845030

  0.00000000   1.00000000     0.0000000000
  0.10000000   1.00000000     5.4009681138
  0.20000000   1.00000000    10.8287238540
  0.30000000   1.00000000    16.3089707014
  0.40000000   1.00000000    21.8653672268
  0.50000000   1.00000000    27.5178318730
  0.60000000   1.00000000    33.2811186897
  0.70000000   1.00000000    39.1618437467
  0.80000000   1.00000000    45.1556386998
  0.90000000   1.00000000    51.2418062247
  1.00000000   1.00000000    57.3776324439
  1.10000000   1.00000000    63.4894820440
  1.20000000   1.00000000    69.4637898751
  1.30000000   1.00000000    75.1369195170
  1.40000000   1.00000000    80.2909241421
  1.50000000   1.00000000    84.6609961953
  1.60000000   1.00000000    87.9678985565
  1.70000000   1.00000000    89.9781397857
  1.80000000   1.00000000    90.5718505757
  1.90000000   1.00000000    89.7671039897
  2.00000000   1.00000000    87.7180081518
  2.10000000   1.00000000    84.6876901213
  2.20000000   1.00000000    80.9816210551
  2.30000000   1.00000000    76.8893938338
  2.40000000   1.00000000    72.6540703452
  2.50000000   1.00000000    68.4653643881
  2.60000000   1.00000000    64.4642956156
  2.70000000   1.00000000    60.7531069943
  2.80000000   1.00000000    57.4042621938
  2.90000000   1.00000000    54.4689602344
  3.00000000   1.00000000    51.9827341252
  3.10000000   1.00000000    49.9703752426
  3.20000000   1.00000000    48.4486148373
  3.30000000   1.00000000    47.4286043850
  3.40000000   1.00000000    46.9170046981
  3.50000000   1.00000000    46.9170046981

  0.00000000   1.10000000     0.0000000000
  0.10000000   1.10000000     5.6517275382
  0.20000000   1.10000000    11.3388296395
  0.30000000   1.10000000    17.0960389364
  0.40000000   1.10000000    22.9564541000
  0.50000000   1.10000000    28.9507369651
  0.60000000   1.10000000    35.1051841822
  0.70000000   1.10000000    41.4398977929
  0.80000000   1.10000000    47.9647634363
  0.90000000   1.10000000    54.6747744909
  1.00000000   1.10000000    61.5414730602
  1.10000000   1.10000000    68.5020257256
  1.20000000   1.10000000    75.4424890189
  1.30000000   1.10000000    82.1783285663
  1.40000000   1.10000000    88.4341263121
  1.50000000   1.10000000    93.8383167122
  1.60000000   1.10000000    97.9582247840
  1.70000000   1.10000000   100.4080290649
  1.80000000   1.10000000   100.9985748749
  1.90000000   1.10000000    99.7525785313
  2.00000000   1.10000000    96.8999425103
  2.10000000   1.10000000    92.8566681254
  2.20000000   1.10000000    88.0792308863
  2.30000000   1.10000000    82.9617986875
  2.40000000   1.10000000    77.8036833626
  2.50000000   1.10000000    72.8155946375
  2.60000000   1.10000000    68.1397448708
  2.70000000   1.10000000    63.8691948325
  2.80000000   1.10000000    60.0641087146
  2.90000000   1.10000000    56.7625596782
  3.00000000   1.10000000    53.9887132237
  3.10000000   1.10000000    51.7574470353
  3.20000000   1.10000000    50.0780431356
  3.30000000   1.10000000    48.9559214033
  3.40000000   1.10000000    48.3941901316
  3.50000000   1.10000000    48.3941901316

  0.00000000   1.20000000     0.0000000000
  0.10000000   1.20000000     5.8916247488
  0.20000000   1.20000000    11.8276227382
  0.30000000   1.20000000    17.8520641874
  0.40000000   1.20000000    24.0085283104
  0.50000000   1.20000000    30.3392835708
  0.60000000   1.20000000    36.8846653049
  0.70000000   1.20000000    43.6809642837
  0.80000000   1.20000000    50.7580146307
  0.90000000   1.20000000    58.1336666949
  1.00000000   1.20000000    65.8059266233
  1.10000000   1.20000000    73.7382668791
  1.20000000   1.20000000    81.8373446921
  1.30000000   1.20000000    89.9172518164
  1.40000000   1.20000000    97.6520928680
  1.50000000   1.20000000   104.5284884808
  1.60000000   1.20000000   109.8542189704
  1.70000000   1.20000000   112.9418246128
  1.80000000   1.20000000   113.5187403570
  1.90000000   1.20000000   111.6170905051
  2.00000000   1.20000000   107.5632705949
  2.10000000   1.20000000   102.0711033233
  2.20000000   1.20000000    95.8493022750
  2.30000000   1.20000000    89.4287805516
  2.40000000   1.20000000    83.1573507301
  2.50000000   1.20000000    77.2469698468
  2.60000000   1.20000000    71.8204269323
  2.70000000   1.20000000    66.9461535735
  2.80000000   1.20000000    62.6601081182
  2.90000000   1.20000000    58.9799955483
  3.00000000   1.20000000    55.9130762466
  3.10000000   1.20000000    53.4614585826
  3.20000000   1.20000000    51.6245715228
  3.30000000   1.20000000    50.4011205214
  3.40000000   1.20000000    49.7897618588
  3.50000000   1.20000000    49.7897618588

  0.00000000   1.30000000     0.0000000000
  0.10000000   1.30000000     6.1110543552
  0.20000000   1.30000000    12.2753084550
  0.30000000   1.30000000    18.5463089122
  0.40000000   1.30000000    24.9780720699
  0.50000000   1.30000000    31.6254587468
  0.60000000   1.30000000    38.5437930978
  0.70000000   1.30000000    45.7886855331
  0.80000000   1.30000000    53.4141254021
  0.90000000   1.30000000    61.4696752948
  1.00000000   1.30000000    69.9932082180
  1.10000000   1.30000000    78.9979991225
  1.20000000   1.30000000    88.4460821981
  1.30000000   1.30000000    98.1990932502
  1.40000000   1.30000000   107.9279362653
  1.50000000   1.30000000   116.9708141944
  1.60000000   1.30000000   124.1933331380
  1.70000000   1.30000000   128.1985410035
  1.80000000   1.30000000   128.7414132740
  1.90000000   1.30000000   125.8744573466
  2.00000000   1.30000000   119.9270052248
  2.10000000   1.30000000   112.3012945261
  2.20000000   1.30000000   104.1295381661
  2.30000000   1.30000000    96.0827452902
  2.40000000   1.30000000    88.5097568182
  2.50000000   1.30000000    81.5757634625
  2.60000000   1.30000000    75.3498970474
  2.70000000   1.30000000    69.8530372941
  2.80000000   1.30000000    65.0835937880
  2.90000000   1.30000000    61.0302155441
  3.00000000   1.30000000    57.6788388011
  3.10000000   1.30000000    55.0156313265
  3.20000000   1.30000000    53.0288943463
  3.30000000   1.30000000    51.7094895831
  3.40000000   1.30000000    51.0513322307
  3.50000000   1.30000000    51.0513322307

  0.00000000   1.40000000     0.0000000000
  0.10000000   1.40000000     6.3005350898
  0.20000000   1.40000000    12.6624493485
  0.30000000   1.40000000    19.1479829775
  0.40000000   1.40000000    25.8212830455
  0.50000000   1.40000000    32.7492181543
  0.60000000   1.40000000    40.0026803755
  0.70000000   1.40000000    47.6573314001
  0.80000000   1.40000000    55.7947890189
  0.90000000   1.40000000    64.5023415887
  1.00000000   1.40000000    73.8714976922
  1.10000000   1.40000000    83.9908520657
  1.20000000   1.40000000    94.9280298005
  1.30000000   1.40000000   106.6819113139
  1.40000000   1.40000000   119.0637456961
  1.50000000   1.40000000   131.4039610119
  1.60000000   1.40000000   141.9190596418
  1.70000000   1.40000000   147.0909537867
  1.80000000   1.40000000   147.5581978190
  1.90000000   1.40000000   143.4150938781
  2.00000000   1.40000000   134.1976236989
  2.10000000   1.40000000   123.3359345427
  2.20000000   1.40000000   112.5734876218
  2.30000000   1.40000000   102.5809765765
  2.40000000   1.40000000    93.5681981625
  2.50000000   1.40000000    85.5662309179
  2.60000000   1.40000000    78.5418335606
  2.70000000   1.40000000    72.4433254605
  2.80000000   1.40000000    67.2181177348
  2.90000000   1.40000000    62.8196162639
  3.00000000   1.40000000    59.2088570888
  3.10000000   1.40000000    56.3549038720
  3.20000000   1.40000000    54.2340298505
  3.30000000   1.40000000    52.8292515737
  3.40000000   1.40000000    52.1295473243
  3.50000000   1.40000000    52.1295473243

  0.00000000   1.50000000     0.0000000000
  0.10000000   1.50000000     6.4514080105
  0.20000000   1.50000000    12.9710257238
  0.30000000   1.50000000    19.6285544308
  0.40000000   1.50000000    26.4966924678
  0.50000000   1.50000000    33.6531154221
  0.60000000   1.50000000    41.1825532293
  0.70000000   1.50000000    49.1798713794
  0.80000000   1.50000000    57.7534832737
  0.90000000   1.50000000    67.0303532055
  1.00000000   1.50000000    77.1616168363
  1.10000000   1.50000000    88.3298338467
  1.20000000   1.50000000   100.7550070041
  1.30000000   1.50000000   114.6929053763
  1.40000000   1.50000000   130.3880399048
  1.50000000   1.50000000   147.7981460771
  1.60000000   1.50000000   165.1145076101
  1.70000000   1.50000000   170.8143959797
  1.80000000   1.50000000   171.1209479398
  1.90000000   1.50000000   166.1860448145
  2.00000000   1.50000000   150.3025081770
  2.10000000   1.50000000   134.4995244343
  2.20000000   1.50000000   120.5131683151
  2.30000000   1.50000000   108.3995919385
  2.40000000   1.50000000    97.9472170539
  2.50000000   1.50000000    88.9379544506
  2.60000000   1.50000000    81.1910257396
  2.70000000   1.50000000    74.5641915915
  2.80000000   1.50000000    68.9477987385
  2.90000000   1.50000000    64.2579210143
  3.00000000   1.50000000    60.4310462110
  3.10000000   1.50000000    57.4195561813
  3.20000000   1.50000000    55.1887188583
  3.30000000   1.50000000    53.7142170614
  3.40000000   1.50000000    52.9806977281
  3.50000000   1.50000000    52.9806977281

  0.00000000   1.60000000     0.0000000000
  0.10000000   1.60000000     6.5563950502
  0.20000000   1.60000000    13.1859638864
  0.30000000   1.60000000    19.9637712123
  0.40000000   1.60000000    26.9689319669
  0.50000000   1.60000000    34.2870708623
  0.60000000   1.60000000    42.0137123296
  0.70000000   1.60000000    50.2585894640
  0.80000000   1.60000000    59.1520762208
  0.90000000   1.60000000    68.8541740807
  1.00000000   1.60000000    79.5685930822
  1.10000000   1.60000000    91.5647619671
  1.20000000   1.60000000   105.2168408387
  1.30000000   1.60000000   121.0834114180
  1.40000000   1.60000000   140.1177482443
  1.50000000   1.60000000   164.3841724142
  1.60000000   1.60000000   200.0000000000
  1.70000000   1.60000000   200.0000000000
  1.80000000   1.60000000   200.0000000000
  1.90000000   1.60000000   200.0000000000
  2.00000000   1.60000000   166.4728230586
  2.10000000   1.60000000   144.0441041749
  2.20000000   1.60000000   126.8237994303
  2.30000000   1.60000000   112.8412407510
  2.40000000   1.60000000   101.2023919531
  2.50000000   1.60000000    91.3971545169
  2.60000000   1.60000000    83.0960340890
  2.70000000   1.60000000    76.0730766850
  2.80000000   1.60000000    70.1682845872
  2.90000000   1.60000000    65.2664566697
  3.00000000   1.60000000    61.2838383910
  3.10000000   1.60000000    58.1597069011
  3.20000000   1.60000000    55.8506013693
  3.30000000   1.60000000    54.3266817829
  3.40000000   1.60000000    53.5692250708
  3.50000000   1.60000000    53.5692250708

  0.00000000   1.70000000     0.0000000000
  0.10000000   1.70000000     6.6102663868
  0.20000000   1.70000000    13.2963029175
  0.30000000   1.70000000    20.1360382192
  0.40000000   1.70000000    27.2119410290
  0.50000000   1.70000000    34.6139828592
  0.60000000   1.70000000    42.4434634118
  0.70000000   1.70000000    50.8184299804
  0.80000000   1.70000000    59.8814264182
  0.90000000   1.70000000    69.8113017326
  1.00000000   1.70000000    80.8414093208
  1.10000000   1.70000000    93.2887794853
  1.20000000   1.70000000   107.6008575325
  1.30000000   1.70000000   124.4279508660
  1.40000000   1.70000000   144.7135119030
  1.50000000   1.70000000   169.6825596498
  1.60000000   1.70000000   200.0000000000
  1.70000000   1.70000000   200.0000000000
  1.80000000   1.70000000   200.0000000000
  1.90000000   1.70000000   200.0000000000
  2.00000000   1.70000000   171.6458281466
  2.10000000   1.70000000   148.5514297325
  2.20000000   1.70000000   130.1230424221
  2.30000000   1.70000000   115.2110864098
  2.40000000   1.70000000   102.9343750576
  2.50000000   1.70000000    92.6952581205
  2.60000000   1.70000000    84.0937739817
  2.70000000   1.70000000    76.8581910851
  2.80000000   1.70000000    70.8000976551
  2.90000000   1.70000000    65.7864420054
  3.00000000   1.70000000    61.7221877886
  3.10000000   1.70000000    58.5392493004
  3.20000000   1.70000000    56.1894418490
  3.30000000   1.70000000    54.6398619639
  3.40000000   1.70000000    53.8700008119
  3.50000000   1.70000000    53.8700008119

  0.00000000   1.80000000     0.0000000000
  0.10000000   1.80000000     6.6102663868
  0.20000000   1.80000000    13.2963029175
  0.30000000   1.80000000    20.1360382192
  0.40000000   1.80000000    27.2119410290
  0.50000000   1.80000000    34.6139828592
  0.60000000   1.80000000    42.4434634118
  0.70000000   1.80000000    50.8184299804
  0.80000000   1.80000000    59.8814264182
  0.90000000   1.80000000    69.8113017326
  1.00000000   1.80000000    80.8414093208
  1.10000000   1.80000000    93.2887794853
  1.20000000   1.80000000   107.6008575325
  1.30000000   1.80000000   124.4279508660
  1.40000000   1.80000000   144.7135119030
  1.50000000   1.80000000   169.6825596498
  1.60000000   1.80000000   200.0000000000
  1.70000000   1.80000000   200.0000000000
  1.80000000   1.80000000   200.0000000000
  1.90000000   1.80000000   200.0000000000
  2.00000000   1.80000000   171.6458281466
  2.10000000   1.80000000   148.5514297325
  2.20000000   1.80000000   130.1230424221
  2.30000000   1.80000000   115.2110864098
  2.40000000   1.80000000   102.9343750576
  2.50000000   1.80000000    92.6952581205
  2.60000000   1.80000000    84.0937739817
  2.70000000   1.80000000    76.8581910851
  2.80000000   1.80000000    70.8000976551
  2.90000000   1.80000000    65.7864420054
  3.00000000   1.80000000    61.7221877886
  3.10000000   1.80000000    58.5392493004
  3.20000000   1.80000000    56.1894418490
  3.30000000   1.80000000    54.6398619639
  3.40000000   1.80000000    53.8700008119
  3.50000000   1.80000000    53.8700008119

  0.00000000   1.90000000     0.0000000000
  0.10000000   1.90000000     6.5563950502
  0.20000000   1.90000000    13.1859638864
  0.30000000   1.90000000    19.9637712123
  0.40000000   1.90000000    26.9689319669
  0.50000000   1.90000000    34.2870708623
  0.60000000   1.90000000    42.0137123296
  0.70000000   1.90000000    50.2585894640
  0.80000000   1.90000000    59.1520762208
  0.90000000   1.90000000    68.8541740807
  1.00000000   1.90000000    79.5685930822
  1.10000000   1.90000000    91.5647619671
  1.20000000   1.90000000   105.2168408387
  1.30000000   1.90000000   121.0834114180
  1.40000000   1.90000000   140.1177482443
  1.50000000   1.90000000   164.3841724142
  1.60000000   1.90000000   200.0000000000
  1.70000000   1.90000000   200.0000000000
  1.80000000   1.90000000   200.0000000000
  1.90000000   1.90000000   200.0000000000
  2.00000000   1.90000000   166.4728230586
  2.10000000   1.90000000   144.0441041749
  2.20000000   1.90000000   126.8237994303
  2.30000000   1.90000000   112.8412407510
  2.40000000   1.90000000   101.2023919531
  2.50000000   1.90000000    91.3971545169
  2.60000000   1.90000000    83.0960340890
  2.70000000   1.90000000    76.0730766850
  2.80000000   1.90000000    70.1682845872
  2.90000000   1.90000000    65.2664566697
  3.00000000   1.90000000    61.2838383910
  3.10000000   1.90000000    58.1597069011
  3.20000000   1.90000000    55.8506013693
  3.30000000   1.90000000    54.3266817829
  3.40000000   1.90000000    53.5692250708
  3.50000000   1.90000000    53.5692250708

  0.00000000   2.00000000     0.0000000000
  0.10000000   2.00000000     6.4514080105
  0.20000000   2.00000000    12.9710257238
  0.30000000   2.00000000    19.6285544308
  0.40000000   2.00000000    26.4966924678
  0.50000000   2.00000000    33.6531154221
  0.60000000   2.00000000    41.1825532293
  0.70000000   2.00000000    49.1798713794
  0.80000000   2.00000000    57.7534832737
  0.90000000   2.00000000    67.0303532055
  1.00000000   2.00000000    77.1616168363
  1.10000000   2.00000000    88.3298338467
  1.20000000   2.00000000   100.7550070041
  1.30000000   2.00000000   114.6929053763
  1.40000000   2.00000000   130.3880399048
  1.50000000   2.00000000   147.7981460771
  1.60000000   2.00000000   165.1145076101
  1.70000000   2.00000000   170.8143959797
  1.80000000   2.00000000   171.1209479398
  1.90000000   2.00000000   166.1860448145
  2.00000000   2.00000000   150.3025081770
  2.10000000   2.00000000   134.4995244343
  2.20000000   2.00000000   120.5131683151
  2.30000000   2.00000000   108.3995919385
  2.40000000   2.00000000    97.9472170539
  2.50000000   2.00000000    88.9379544506
  2.60000000   2.00000000    81.1910257396
  2.70000000   2.00000000    74.5641915915
  2.80000000   2.00000000    68.9477987385
  2.90000000   2.00000000    64.2579210143
  3.00000000   2.00000000    60.4310462110
  3.10000000   2.00000000    57.4195561813
  3.20000000   2.00000000    55.1887188583
  3.30000000   2.00000000    53.7142170614
  3.40000000   2.00000000    52.9806977281
  3.50000000   2.00000000    52.9806977281

  0.00000000   2.10000000     0.0000000000
  0.10000000   2.10000000     6.3005350898
  0.20000000   2.10000000    12.6624493485
  0.30000000   2.10000000    19.1479829775
  0.40000000   2.10000000    25.8212830455
  0.50000000   2.10000000    32.7492181543
  0.60000000   2.10000000    40.0026803755
  0.70000000   2.10000000    47.6573314001
  0.80000000   2.10000000    55.7947890189
  0.90000000   2.10000000    64.5023415887
  1.00000000   2.10000000    73.8714976922
  1.10000000   2.10000000    83.9908520657
  1.20000000   2.10000000    94.9280298005
  1.30000000   2.10000000   106.6819113139
  1.40000000   2.10000000   119.0637456961
  1.50000000   2.10000000   131.4039610119
  1.60000000   2.10000000   141.9190596418
  1.70000000   2.10000000   147.0909537867
  1.80000000   2.10000000   147.5581978190
  1.90000000   2.10000000   143.4150938781
  2.00000000   2.10000000   134.1976236989
  2.10000000   2.10000000   123.3359345427
  2.20000000   2.10000000   112.5734876218
  2.30000000   2.10000000   102.5809765765
  2.40000000   2.10000000    93.5681981625
  2.50000000   2.10000000    85.5662309179
  2.60000000   2.10000000    78.5418335606
  2.70000000   2.10000000    72.4433254605
  2.80000000   2.10000000    67.2181177348
  2.90000000   2.10000000    62.8196162639
  3.00000000   2.10000000    59.2088570888
  3.10000000   2.10000000    56.3549038720
  3.20000000   2.10000000    54.2340298505
  3.30000000   2.10000000    52.8292515737
  3.40000000   2.10000000    52.1295473243
  3.50000000   2.10000000    52.1295473243

  0.00000000   2.20000000     0.0000000000
  0.10000000   2.20000000     6.1110543552
  0.20000000   2.20000000    12.2753084550
  0.30000000   2.20000000    18.5463089122
  0.40000000   2.20000000    24.9780720699
  0.50000000   2.20000000    31.6254587468
  0.60000000   2.20000000    38.5437930978
  0.70000000   2.20000000    45.7886855331
  0.80000000   2.20000000    53.4141254021
  0.90000000   2.20000000    61.4696752948
  1.00000000   2.20000000    69.9932082180
  1.10000000   2.20000000    78.9979991225
  1.20000000   2.20000000    88.4460821981
  1.30000000   2.20000000    98.1990932502
  1.40000000   2.20000000   107.9279362653
  1.50000000   2.20000000   116.9708141944
  1.60000000   2.20000000   124.1933331380
  1.70000000   2.20000000   128.1985410035
  1.80000000   2.20000000   128.7414132740
  1.90000000   2.20000000   125.8744573466
  2.00000000   2.20000000   119.9270052248
  2.10000000   2.20000000   112.3012945261
  2.20000000   2.20000000   104.1295381661
  2.30000000   2.20000000    96.0827452902
  2.40000000   2.20000000    88.5097568182
  2.50000000   2.20000000    81.5757634625
  2.60000000   2.20000000    75.3498970474
  2.70000000   2.20000000    69.8530372941
  2.80000000   2.20000000    65.0835937880
  2.90000000   2.20000000    61.0302155441
  3.00000000   2.20000000    57.6788388011
  3.10000000   2.20000000    55.0156313265
  3.20000000   2.20000000    53.0288943463
  3.30000000   2.20000000    51.7094895831
  3.40000000   2.20000000    51.0513322307
  3.50000000   2.20000000    51.0513322307

  0.00000000   2.30000000     0.0000000000
  0.10000000   2.30000000     5.8916247488
  0.20000000   2.30000000    11.8276227382
  0.30000000   2.30000000    17.8520641874
  0.40000000   2.30000000    24.0085283104
  0.50000000   2.30000000    30.3392835708
  0.60000000   2.30000000    36.8846653049
  0.70000000   2.30000000    43.6809642837
  0.80000000   2.30000000    50.7580146307
  0.90000000   2.30000000    58.1336666949
  1.00000000   2.30000000    65.8059266233
  1.10000000   2.30000000    73.7382668791
  1.20000000   2.30000000    81.8373446921
  1.30000000   2.30000000    89.9172518164
  1.40000000   2.30000000    97.6520928680
  1.50000000   2.30000000   104.5284884808
  1.60000000   2.30000000   109.8542189704
  1.70000000   2.30000000   112.9418246128
  1.80000000   2.30000000   113.5187403570
  1.90000000   2.30000000   111.6170905051
  2.00000000   2.30000000   107.5632705949
  2.10000000   2.30000000   102.0711033233
  2.20000000   2.30000000    95.8493022750
  2.30000000   2.30000000    89.4287805516
  2.40000000   2.30000000    83.1573507301
  2.50000000   2.30000000    77.2469698468
  2.60000000   2.30000000    71.8204269323
  2.70000000   2.30000000    66.9461535735
  2.80000000   2.30000000    62.6601081182
  2.90000000   2.30000000    58.9799955483
  3.00000000   2.30000000    55.9130762466
  3.10000000   2.30000000    53.4614585826
  3.20000000   2.30000000    51.6245715228
  3.30000000   2.30000000    50.4011205214
  3.40000000   2.30000000    49.7897618588
  3.50000000   2.30000000    49.7897618588

  0.00000000   2.40000000     0.0000000000
  0.10000000   2.40000000     5.6517275382
  0.20000000   2.40000000    11.3388296395
  0.30000000   2.40000000    17.0960389364
  0.40000000   2.40000000    22.9564541000
  0.50000000   2.40000000    28.9507369651
  0.60000000   2.40000000    35.1051841822
  0.70000000   2.40000000    41.4398977929
  0.80000000   2.40000000    47.9647634363
  0.90000000   2.40000000    54.6747744909
  1.00000000   2.40000000    61.5414730602
  1.10000000   2.40000000    68.5020257256
  1.20000000   2.40000000    75.4424890189
  1.30000000   2.40000000    82.1783285663
  1.40000000   2.40000000    88.4341263121
  1.50000000   2.40000000    93.8383167122
  1.60000000   2.40000000    97.9582247840
  1.70000000   2.40000000   100.4080290649
  1.80000000   2.40000000   100.9985748749
  1.90000000   2.40000000    99.7525785313
  2.00000000   2.40000000    96.8999425103
  2.10000000   2.40000000    92.8566681254
  2.20000000   2.40000000    88.0792308863
  2.30000000   2.40000000    82.9617986875
  2.40000000   2.40000000    77.8036833626
  2.50000000   2.40000000    72.8155946375
  2.60000000   2.40000000    68.1397448708
  2.70000000   2.40000000    63.8691948325
  2.80000000   2.40000000    60.0641087146
  2.90000000   2.40000000    56.7625596782
  3.00000000   2.40000000    53.9887132237
  3.10000000   2.40000000    51.7574470353
  3.20000000   2.40000000    50.0780431356
  3.30000000   2.40000000    48.9559214033
  3.40000000   2.40000000    48.3941901316
  3.50000000   2.40000000    48.3941901316

  0.00000000   2.50000000     0.0000000000
  0.10000000   2.50000000     5.4009681138
  0.20000000   2.50000000    10.8287238540
  0.30000000   2.50000000    16.3089707014
  0.40000000   2.50000000    21.8653672268
  0.50000000   2.50000000    27.5178318730
  0.60000000   2.50000000    33.2811186897
  0.70000000   2.50000000    39.1618437467
  0.80000000   2.50000000    45.1556386998
  0.90000000   2.50000000    51.2418062247
  1.00000000   2.50000000    57.3776324439
  1.10000000   2.50000000    63.4894820440
  1.20000000   2.50000000    69.4637898751
  1.30000000   2.50000000    75.1369195170
  1.40000000   2.50000000    80.2909241421
  1.50000000   2.50000000    84.6609961953
  1.60000000   2.50000000    87.9678985565
  1.70000000   2.50000000    89.9781397857
  1.80000000   2.50000000    90.5718505757
  1.90000000   2.50000000    89.7671039897
  2.00000000   2.50000000    87.7180081518
  2.10000000   2.50000000    84.6876901213
  2.20000000   2.50000000    80.9816210551
  2.30000000   2.50000000    76.8893938338
  2.40000000   2.50000000    72.6540703452
  2.50000000   2.50000000    68.4653643881
  2.60000000   2.50000000    64.4642956156
  2.70000000   2.50000000    60.7531069943
  2.80000000   2.50000000    57.4042621938
  2.90000000   2.50000000    54.4689602344
  3.00000000   2.50000000    51.9827341252
  3.10000000   2.50000000    49.9703752426
  3.20000000   2.50000000    48.4486148373
  3.30000000   2.50000000    47.4286043850
  3.40000000   2.50000000    46.9170046981
  3.50000000   2.50000000    46.9170046981

  0.00000000   2.60000000     0.0000000000
  0.10000000   2.60000000     5.1486873255
  0.20000000   2.60000000    10.3162133625
  0.30000000   2.60000000    15.5202604781
  0.40000000   2.60000000    20.7758491585
  0.50000000   2.60000000    26.0941063450
  0.60000000   2.60000000    31.4799830534
  0.70000000   2.60000000    36.9304003143
  0.80000000   2.60000000    42.4306667086
  0.90000000   2.60000000    47.9513482162
  1.00000000   2.60000000    53.4429952423
  1.10000000   2.60000000    58.8316688583
  1.20000000   2.60000000    64.0132126883
  1.30000000   2.60000000    68.8507599491
  1.40000000   2.60000000    73.1757823184
  1.50000000   2.60000000    76.7994573759
  1.60000000   2.60000000    79.5357569437
  1.70000000   2.60000000    81.2369389349
  1.80000000   2.60000000    81.8281799716
  1.90000000   2.60000000    81.3251388386
  2.00000000   2.60000000    79.8329817945
  2.10000000   2.60000000    77.5278330341
  2.20000000   2.60000000    74.6221473824
  2.30000000   2.60000000    71.3302765242
  2.40000000   2.60000000    67.8460702744
  2.50000000   2.60000000    64.3322464853
  2.60000000   2.60000000    60.9194100514
  2.70000000   2.60000000    57.7087396228
  2.80000000   2.60000000    54.7774223256
  2.90000000   2.60000000    52.1830871734
  3.00000000   2.60000000    49.9686469394
  3.10000000   2.60000000    48.1652545555
  3.20000000   2.60000000    46.7953481898
  3.30000000   2.60000000    45.8741587304
  3.40000000   2.60000000    45.4112845030
  3.50000000   2.60000000    45.4112845030

  0.00000000   2.70000000     0.0000000000
  0.10000000   2.70000000     4.9034712596
  0.20000000   2.70000000     9.8188102461
  0.30000000   2.70000000    14.7565192495
  0.40000000   2.70000000    19.7245371448
  0.50000000   2.70000000    24.7264096683
  0.60000000   2.70000000    29.7599264001
  0.70000000   2.70000000    34.8145521590
  0.80000000   2.70000000    39.8695669358
  0.90000000   2.70000000    44.8906414854
  1.00000000   2.70000000    49.8274932363
  1.10000000   2.70000000    54.6103031854
  1.20000000   2.70000000    59.1483898994
  1.30000000   2.70000000    63.3296412635
  1.40000000   2.70000000    67.0251586664
  1.50000000   2.70000000    70.0985116445
  1.60000000   2.70000000    72.4227361906
  1.70000000   2.70000000    73.9010570455
  1.80000000   2.70000000    74.4868543018
  1.90000000   2.70000000    74.1942806261
  2.00000000   2.70000000    73.0979378023
  2.10000000   2.70000000    71.3215122399
  2.20000000   2.70000000    69.0179640398
  2.30000000   2.70000000    66.3489853587
  2.40000000   2.70000000    63.4686158823
  2.50000000   2.70000000    60.5141410228
  2.60000000   2.70000000    57.6017833489
  2.70000000   2.70000000    54.8271026978
  2.80000000   2.70000000    52.2663724768
  2.90000000   2.70000000    49.9797817629
  3.00000000   2.70000000    48.0136408889
  3.10000000   2.70000000    46.4032783961
  3.20000000   2.70000000    45.1745805111
  3.30000000   2.70000000    44.3458670561
  3.40000000   2.70000000    43.9286827180
  3.50000000   2.70000000    43.9286827180

  0.00000000   2.80000000     0.0000000000
  0.10000000   2.80000000     4.6730340441
  0.20000000   2.80000000     9.3519235192
  0.30000000   2.80000000    14.0412759521
  0.40000000   2.80000000    18.7429253433
  0.50000000   2.80000000    23.4547688057
  0.60000000   2.80000000    28.1688101426
  0.70000000   2.80000000    32.8699047980
  0.80000000   2.80000000    37.5333517077
  0.90000000   2.80000000    42.1235695919
  1.00000000   2.80000000    46.5916548394
  1.10000000   2.80000000    50.8747164959
  1.20000000   2.80000000    54.8949466019
  1.30000000   2.80000000    58.5618603660
  1.40000000   2.80000000    61.7761176306
  1.50000000   2.80000000    64.4380430949
  1.60000000   2.80000000    66.4585815373
  1.70000000   2.80000000    67.7728988292
  1.80000000   2.80000000    68.3517930019
  1.90000000   2.80000000    68.2084972175
  2.00000000   2.80000000    67.3983938014
  2.10000000   2.80000000    66.0120834181
  2.20000000   2.80000000    64.1637457139
  2.30000000   2.80000000    61.9778402321
  2.40000000   2.80000000    59.5781829747
  2.50000000   2.80000000    57.0797551007
  2.60000000   2.80000000    54.5847817685
  2.70000000   2.80000000    52.1806148389
  2.80000000   2.80000000    49.9403558936
  2.90000000   2.80000000    47.9234385461
  3.00000000   2.80000000    46.1775909114
  3.10000000   2.80000000    44.7398853330
  3.20000000   2.80000000    43.6384989226
  3.30000000   2.80000000    42.8934702160
  3.40000000   2.80000000    42.5177975906
  3.50000000   2.80000000    42.5177975906

  0.00000000   2.90000000     0.0000000000
  0.10000000   2.90000000     4.4639688012
  0.20000000   2.90000000     8.9288765449
  0.30000000   2.90000000    13.3943565282
  0.40000000   2.90000000    17.8576200707
  0.50000000   2.90000000    22.3118886002
  0.60000000   2.90000000    26.7453876690
  0.70000000   2.90000000    31.1395348738
  0.80000000   2.90000000    35.4680736124
  0.90000000   2.90000000    39.6952853221
  1.00000000   2.90000000    43.7756424463
  1.10000000   2.90000000    47.6528709932
  1.20000000   2.90000000    51.2612150434
  1.30000000   2.90000000    54.5269994287
  1.40000000   2.90000000    57.3732586440
  1.50000000   2.90000000    59.7254560875
  1.60000000   2.90000000    61.5198942176
  1.70000000   2.90000000    62.7119296050
  1.80000000   2.90000000    63.2835245035
  1.90000000   2.90000000    63.2471866841
  2.00000000   2.90000000    62.6459409337
  2.10000000   2.90000000    61.5490682437
  2.20000000   2.90000000    60.0446478943
  2.30000000   2.90000000    58.2312195930
  2.40000000   2.90000000    56.2095976142
  2.50000000   2.90000000    54.0770467387
  2.60000000   2.90000000    51.9227937287
  2.70000000   2.90000000    49.8262210926
  2.80000000   2.90000000    47.8555694395
  2.90000000   2.90000000    46.0684620704
  3.00000000   2.90000000    44.5120311990
  3.10000000   2.90000000    43.2241233088
  3.20000000   2.90000000    42.2337381058
  3.30000000   2.90000000    41.5620700916
  3.40000000   2.90000000    41.2228352224
  3.50000000   2.90000000    41.2228352224

  0.00000000   3.00000000     0.0000000000
  0.10000000   3.00000000     4.2818302510
  0.20000000   3.00000000     8.5606278035
  0.30000000   3.00000000    12.8322355738
  0.40000000   3.00000000    17.0900652893
  0.50000000   3.00000000    21.3241567327
  0.60000000   3.00000000    25.5197337078
  0.70000000   3.00000000    29.6564944265
  0.80000000   3.00000000    33.7072203717
  0.90000000   3.00000000    37.6375226119
  1.00000000   3.00000000    41.4049881231
  1.10000000   3.00000000    44.9599563795
  1.20000000   3.00000000    48.2461068881
  1.30000000   3.00000000    51.2031976542
  1.40000000   3.00000000    53.7701225055
  1.50000000   3.00000000    55.8901468640
  1.60000000   3.00000000    57.5162226893
  1.70000000   3.00000000    58.6170618025
  1.80000000   3.00000000    59.1816398169
  1.90000000   3.00000000    59.2219914900
  2.00000000   3.00000000    58.7730812322
  2.10000000   3.00000000    57.8900392714
  2.20000000   3.00000000    56.6434637419
  2.30000000   3.00000000    55.1134648486
  2.40000000   3.00000000    53.3842110539
  2.50000000   3.00000000    51.5388034259
  2.60000000   3.00000000    49.6560134162
  2.70000000   3.00000000    47.8075371630
  2.80000000   3.00000000    46.0570640756
  2.90000000   3.00000000    44.4593267907
  3.00000000   3.00000000    43.0604491063
  3.10000000   3.00000000    41.8978364988
  3.20000000   3.00000000    41.0008861711
  3.30000000   3.00000000    40.3911160406
  3.40000000   3.00000000    40.0827315714
  3.50000000   3.00000000    40.0827315714

  0.00000000   3.10000000     0.0000000000
  0.10000000   3.10000000     4.1310480486
  0.20000000   3.10000000     8.2560641962
  0.30000000   3.10000000    12.3678978205
  0.40000000   3.10000000    16.4573265893
  0.50000000   3.10000000    20.5118478246
  0.60000000   3.10000000    24.5149682912
  0.70000000   3.10000000    28.4450590676
  0.80000000   3.10000000    32.2750517318
  0.90000000   3.10000000    35.9716734373
  1.00000000   3.10000000    39.4958905225
  1.10000000   3.10000000    42.8030643646
  1.20000000   3.10000000    45.8446708735
  1.30000000   3.10000000    48.5700162501
  1.40000000   3.10000000    50.9296323057
  1.50000000   3.10000000    52.8786907723
  1.60000000   3.10000000    54.3814987913
  1.70000000   3.10000000    55.4153030506
  1.80000000   3.10000000    55.9737105641
  1.90000000   3.10000000    56.0683438005
  2.00000000   3.10000000    55.7288546524
  2.10000000   3.10000000    55.0010832592
  2.20000000   3.10000000    53.9436900535
  2.30000000   3.10000000    52.6241962800
  2.40000000   3.10000000    51.1145514047
  2.50000000   3.10000000    49.4875380416
  2.60000000   3.10000000    47.8133705905
  2.70000000   3.10000000    46.1576982851
  2.80000000   3.10000000    44.5797460799
  2.90000000   3.10000000    43.1317338708
  3.00000000   3.10000000    41.8581238391
  3.10000000   3.10000000    40.7957960599
  3.20000000   3.10000000    39.9738497039
  3.30000000   3.10000000    39.4139813537
  3.40000000   3.10000000    39.1304787289
  3.50000000   3.10000000    39.1304787289

  0.00000000   3.20000000     0.0000000000
  0.10000000   3.20000000     4.0150843765
  0.20000000   3.20000000     8.0219455459
  0.30000000   3.20000000    12.0113869070
  0.40000000   3.20000000    15.9721825503
  0.50000000   3.20000000    19.8902982619
  0.60000000   3.20000000    23.7478948629
  0.70000000   3.20000000    27.5228910741
  0.80000000   3.20000000    31.1882594619
  0.90000000   3.20000000    34.7121725781
  1.00000000   3.20000000    38.0579527650
  1.10000000   3.20000000    41.1851442528
  1.20000000   3.20000000    44.0505420665
  1.30000000   3.20000000    46.6104796872
  1.40000000   3.20000000    48.8231307809
  1.50000000   3.20000000    50.6518228264
  1.60000000   3.20000000    52.0680475672
  1.70000000   3.20000000    53.0546651530
  1.80000000   3.20000000    53.6081091254
  1.90000000   3.20000000    53.7397500870
  2.00000000   3.20000000    53.4758221541
  2.10000000   3.20000000    52.8560787622
  2.20000000   3.20000000    51.9314463756
  2.30000000   3.20000000    50.7608418198
  2.40000000   3.20000000    49.4080067786
  2.50000000   3.20000000    47.9381745242
  2.60000000   3.20000000    46.4155439805
  2.70000000   3.20000000    44.9008716396
  2.80000000   3.20000000    43.4500983444
  2.90000000   3.20000000    42.1130110739
  3.00000000   3.20000000    40.9327976008
  3.10000000   3.20000000    39.9454603323
  3.20000000   3.20000000    39.1798577042
  3.30000000   3.20000000    38.6575111607
  3.40000000   3.20000000    38.3927698905
  3.50000000   3.20000000    38.3927698905

  0.00000000   3.30000000     0.0000000000
  0.10000000   3.30000000     3.9364215427
  0.20000000   3.30000000     7.8632278826
  0.30000000   3.30000000    11.7698447165
  0.40000000   3.30000000    15.6438819846
  0.50000000   3.30000000    19.4702166888
  0.60000000   3.30000000    23.2303881862
  0.70000000   3.30000000    26.9019144609
  0.80000000   3.30000000    30.4581418778
  0.90000000   3.30000000    33.8680663441
  1.00000000   3.30000000    37.0969047483
  1.10000000   3.30000000    40.1067404212
  1.20000000   3.30000000    42.8580622830
  1.30000000   3.30000000    45.3114339781
  1.40000000   3.30000000    47.4299784379
  1.50000000   3.30000000    49.1818288164
  1.60000000   3.30000000    50.5429417928
  1.70000000   3.30000000    51.4994110148
  1.80000000   3.30000000    52.0494026509
  1.90000000   3.30000000    52.2040900731
  2.00000000   3.30000000    51.9876504628
  2.10000000   3.30000000    51.4362216741
  2.20000000   3.30000000    50.5959563483
  2.30000000   3.30000000    49.5205882994
  2.40000000   3.30000000    48.2685812971
  2.50000000   3.30000000    46.9005095820
  2.60000000   3.30000000    45.4764612181
  2.70000000   3.30000000    44.0541039014
  2.80000000   3.30000000    42.6869125035
  2.90000000   3.30000000    41.4231232290
  3.00000000   3.30000000    40.3047736202
  3.10000000   3.30000000    39.3673223818
  3.20000000   3.30000000    38.6392366478
  3.30000000   3.30000000    38.1419511973
  3.40000000   3.30000000    37.8897348520
  3.50000000   3.30000000    37.8897348520

  0.00000000   3.40000000     0.0000000000
  0.10000000   3.40000000     3.8966939725
  0.20000000   3.40000000     7.7830800068
  0.30000000   3.40000000    11.6479451436
  0.40000000   3.40000000    15.4782815150
  0.50000000   3.40000000    19.2585204255
  0.60000000   3.40000000    22.9698264533
  0.70000000   3.40000000    26.5896559349
  0.80000000   3.40000000    30.0914567956
  0.90000000   3.40000000    33.4447911865
  1.00000000   3.40000000    36.6157113042
  1.10000000   3.40000000    39.5676969958
  1.20000000   3.40000000    42.2629268146
  1.30000000   3.40000000    44.6641301878
  1.40000000   3.40000000    46.7366956468
  1.50000000   3.40000000    48.4511248300
  1.60000000   3.40000000    49.7853993969
  1.70000000   3.40000000    50.7271780880
  1.80000000   3.40000000    51.2753943739
  1.90000000   3.40000000    51.4411405339
  2.00000000   3.40000000    51.2476317386
  2.10000000   3.40000000    50.7292826878
  2.20000000   3.40000000    49.9300309097
  2.30000000   3.40000000    48.9010826859
  2.40000000   3.40000000    47.6984341545
  2.50000000   3.40000000    46.3803073383
  2.60000000   3.40000000    45.0048551315
  2.70000000   3.40000000    43.6281012719
  2.80000000   3.40000000    42.3023649588
  2.90000000   3.40000000    41.0749787783
  3.00000000   3.40000000    39.9874597020
  3.10000000   3.40000000    39.0748804498
  3.20000000   3.40000000    38.3655520829
  3.30000000   3.40000000    37.8807905649
  3.40000000   3.40000000    37.6348464291
  3.50000000   3.40000000    37.6348464291

  0.00000000   3.50000000     0.0000000000
  0.10000000   3.50000000     3.8966939725
  0.20000000   3.50000000     7.7830800068
  0.30000000   3.50000000    11.6479451436
  0.40000000   3.50000000    15.4782815150
  0.50000000   3.50000000    19.2585204255
  0.60000000   3.50000000    22.9698264533
  0.70000000   3.50000000    26.5896559349
  0.80000000   3.50000000    30.0914567956
  0.90000000   3.50000000    33.4447911865
  1.00000000   3.50000000    36.6157113042
  1.10000000   3.50000000    39.5676969958
  1.20000000   3.50000000    42.2629268146
  1.30000000   3.50000000    44.6641301878
  1.40000000   3.50000000    46.7366956468
  1.50000000   3.50000000    48.4511248300
  1.60000000   3.50000000    49.7853993969
  1.70000000   3.50000000    50.7271780880
  1.80000000   3.50000000    51.2753943739
  1.90000000   3.50000000    51.4411405339
  2.00000000   3.50000000    51.2476317386
  2.10000000   3.50000000    50.7292826878
  2.20000000   3.50000000    49.9300309097
  2.30000000   3.50000000    48.9010826859
  2.40000000   3.50000000    47.6984341545
  2.50000000   3.50000000    46.3803073383
  2.60000000   3.50000000    45.0048551315
  2.70000000   3.50000000    43.6281012719
  2.80000000   3.50000000    42.3023649588
  2.90000000   3.50000000    41.0749787783
  3.00000000   3.50000000    39.9874597020
  3.10000000   3.50000000    39.0748804498
  3.20000000   3.50000000    38.3655520829
  3.30000000   3.50000000    37.8807905649
  3.40000000   3.50000000    37.6348464291
  3.50000000   3.50000000    37.6348464291

