  0.00000000   0.00000000     0.0000000000
  0.10000000   0.00000000     5.8959623401
  0.20000000   0.00000000    11.7722547131
  0.30000000   0.00000000    17.6086364714
  0.40000000   0.00000000    23.3837519097
  0.50000000   0.00000000    29.0746412199
  0.60000000   0.00000000    34.6563405115
  0.70000000   0.00000000    40.1016114093
  0.80000000   0.00000000    45.3808470688
  0.90000000   0.00000000    50.4622068698
  1.00000000   0.00000000    55.3120317348
  1.10000000   0.00000000    59.8955846044
  1.20000000   0.00000000    64.1781398334
  1.30000000   0.00000000    68.1264111692
  1.40000000   0.00000000    71.7102578735
  1.50000000   0.00000000    74.9045506265
  1.60000000   0.00000000    77.6910214237
  1.70000000   0.00000000    80.0598842300
  1.80000000   0.00000000    82.0110092813
  1.90000000   0.00000000    83.5544760747
  2.00000000   0.00000000    84.7104112071
  2.10000000   0.00000000    85.5081218516
  2.20000000   0.00000000    85.9846354417
  2.30000000   0.00000000    86.1828293720
  2.40000000   0.00000000    86.1493646905
  2.50000000   0.00000000    85.9326264382
  2.60000000   0.00000000    85.5808300504
  2.70000000   0.00000000    85.1403962659
  2.80000000   0.00000000    84.6546400645
  2.90000000   0.00000000    84.1627733766
  3.00000000   0.00000000    83.6991897580
  3.10000000   0.00000000    83.2929823777
  3.20000000   0.00000000    82.9676410874
  3.30000000   0.00000000    82.7408770721
  3.40000000   0.00000000    82.6245310404
  3.50000000   0.00000000    82.6245310404

  0.00000000   0.10000000     0.0000000000
  0.10000000   0.10000000     5.8959623401
  0.20000000   0.10000000    11.7722547131
  0.30000000   0.10000000    17.6086364714
  0.40000000   0.10000000    23.3837519097
  0.50000000   0.10000000    29.0746412199
  0.60000000   0.10000000    34.6563405115
  0.70000000   0.10000000    40.1016114093
  0.80000000   0.10000000    45.3808470688
  0.90000000   0.10000000    50.4622068698
  1.00000000   0.10000000    55.3120317348
  1.10000000   0.10000000    59.8955846044
  1.20000000   0.10000000    64.1781398334
  1.30000000   0.10000000    68.1264111692
  1.40000000   0.10000000    71.7102578735
  1.50000000   0.10000000    74.9045506265
  1.60000000   0.10000000    77.6910214237
  1.70000000   0.10000000    80.0598842300
  1.80000000   0.10000000    82.0110092813
  1.90000000   0.10000000    83.5544760747
  2.00000000   0.10000000    84.7104112071
  2.10000000   0.10000000    85.5081218516
  2.20000000   0.10000000    85.9846354417
  2.30000000   0.10000000    86.1828293720
  2.40000000   0.10000000    86.1493646905
  2.50000000   0.10000000    85.9326264382
  2.60000000   0.10000000    85.5808300504
  2.70000000   0.10000000    85.1403962659
  2.80000000   0.10000000    84.6546400645
  2.90000000   0.10000000    84.1627733766
  3.00000000   0.10000000    83.6991897580
  3.10000000   0.10000000    83.2929823777
  3.20000000   0.10000000    82.9676410874
  3.30000000   0.10000000    82.7408770721
  3.40000000   0.10000000    82.6245310404
  3.50000000   0.10000000    82.6245310404

  0.00000000   0.20000000     0.0000000000
  0.10000000   0.20000000     5.9268896998
  0.20000000   0.20000000    11.8346594242
  0.30000000   0.20000000    17.7035934455
  0.40000000   0.20000000    23.5128082719
  0.50000000   0.20000000    29.2397307436
  0.60000000   0.20000000    34.8596588651
  0.70000000   0.20000000    40.3454448593
  0.80000000   0.20000000    45.6673498802
  0.90000000   0.20000000    50.7931262024
  1.00000000   0.20000000    55.6883882277
  1.10000000   0.20000000    60.3173275026
  1.20000000   0.20000000    64.6438115997
  1.30000000   0.20000000    68.6328695774
  1.40000000   0.20000000    72.2525145078
  1.50000000   0.20000000    75.4757812907
  1.60000000   0.20000000    78.2827873206
  1.70000000   0.20000000    80.6625664893
  1.80000000   0.20000000    82.6144167111
  1.90000000   0.20000000    84.1485445502
  2.00000000   0.20000000    85.2858925099
  2.10000000   0.20000000    86.0571622110
  2.20000000   0.20000000    86.5011727698
  2.30000000   0.20000000    86.6627789124
  2.40000000   0.20000000    86.5906058310
  2.50000000   0.20000000    86.3348333185
  2.60000000   0.20000000    85.9452034835
  2.70000000   0.20000000    85.4693529545
  2.80000000   0.20000000    84.9515048920
  2.90000000   0.20000000    84.4315053915
  3.00000000   0.20000000    83.9441585235
  3.10000000   0.20000000    83.5187995640
  3.20000000   0.20000000    83.1790444228
  3.30000000   0.20000000    82.9426587728
  3.40000000   0.20000000    82.8215005028
  3.50000000   0.20000000    82.8215005028

  0.00000000   0.30000000     0.0000000000
  0.10000000   0.30000000     5.9881407674
  0.20000000   0.30000000    11.9582856992
  0.30000000   0.30000000    17.8917958740
  0.40000000   0.30000000    23.7687640776
  0.50000000   0.30000000    29.5674293593
  0.60000000   0.30000000    35.2636591666
  0.70000000   0.30000000    40.8305385436
  0.80000000   0.30000000    46.2381166751
  0.90000000   0.30000000    51.4533771240
  1.00000000   0.30000000    56.4405070200
  1.10000000   0.30000000    61.1615479231
  1.20000000   0.30000000    65.5774976957
  1.30000000   0.30000000    69.6499029678
  1.40000000   0.30000000    73.3429146838
  1.50000000   0.30000000    76.6256892166
  1.60000000   0.30000000    79.4749035220
  1.70000000   0.30000000    81.8770611308
  1.80000000   0.30000000    83.8302244509
  1.90000000   0.30000000    85.3448656982
  2.00000000   0.30000000    86.4436681019
  2.10000000   0.30000000    87.1603021194
  2.20000000   0.30000000    87.5373786457
  2.30000000   0.30000000    87.6239031201
  2.40000000   0.30000000    87.4725815248
  2.50000000   0.30000000    87.1372789613
  2.60000000   0.30000000    86.6708305028
  2.70000000   0.30000000    86.1232993541
  2.80000000   0.30000000    85.5406893311
  2.90000000   0.30000000    84.9640632825
  3.00000000   0.30000000    84.4289900089
  3.10000000   0.30000000    83.9652361078
  3.20000000   0.30000000    83.5966246858
  3.30000000   0.30000000    83.3409959604
  3.40000000   0.30000000    83.2102190739
  3.50000000   0.30000000    83.2102190739

  0.00000000   0.40000000     0.0000000000
  0.10000000   0.40000000     6.0784852212
  0.20000000   0.40000000    12.1407185779
  0.30000000   0.40000000    18.1697410388
  0.40000000   0.40000000    24.1471882350
  0.50000000   0.40000000    30.0526136771
  0.60000000   0.40000000    35.8628555672
  0.70000000   0.40000000    41.5514806541
  0.80000000   0.40000000    47.0883594728
  0.90000000   0.40000000    52.4394467827
  1.00000000   0.40000000    57.5668691943
  1.10000000   0.40000000    62.4294383285
  1.20000000   0.40000000    66.9837181338
  1.30000000   0.40000000    71.1857458345
  1.40000000   0.40000000    74.9934386031
  1.50000000   0.40000000    78.3695819475
  1.60000000   0.40000000    81.2851220291
  1.70000000   0.40000000    83.7223004883
  1.80000000   0.40000000    85.6770791379
  1.90000000   0.40000000    87.1603600712
  2.00000000   0.40000000    88.1977384222
  2.10000000   0.40000000    88.8278280269
  2.20000000   0.40000000    89.0994908429
  2.30000000   0.40000000    89.0684777292
  2.40000000   0.40000000    88.7940113995
  2.50000000   0.40000000    88.3357225055
  2.60000000   0.40000000    87.7511741795
  2.70000000   0.40000000    87.0940412884
  2.80000000   0.40000000    86.4128954782
  2.90000000   0.40000000    85.7504841469
  3.00000000   0.40000000    85.1433748476
  3.10000000   0.40000000    84.6218441147
  3.20000000   0.40000000    84.2099113630
  3.30000000   0.40000000    83.9254415962
  3.40000000   0.40000000    83.7802629687
  3.50000000   0.40000000    83.7802629687

  0.00000000   0.50000000     0.0000000000
  0.10000000   0.50000000     6.1960228987
  0.20000000   0.50000000    12.3782189590
  0.30000000   0.50000000    18.5319829230
  0.40000000   0.50000000    24.6411480122
  0.50000000   0.50000000    30.6871986909
  0.60000000   0.50000000    36.6484876888
  0.70000000   0.50000000    42.4994842358
  0.80000000   0.50000000    48.2101016625
  0.90000000   0.50000000    53.7451905339
  1.00000000   0.50000000    59.0643221708
  1.10000000   0.50000000    64.1220395204
  1.20000000   0.50000000    68.8687841975
  1.30000000   0.50000000    73.2527163781
  1.40000000   0.50000000    77.2225680202
  1.50000000   0.50000000    80.7314967781
  1.60000000   0.50000000    83.7416066607
  1.70000000   0.50000000    86.2284637158
  1.80000000   0.50000000    88.1846982419
  1.90000000   0.50000000    89.6218580071
  2.00000000   0.50000000    90.5700673266
  2.10000000   0.50000000    91.0755765832
  2.20000000   0.50000000    91.1967606271
  2.30000000   0.50000000    90.9994236886
  2.40000000   0.50000000    90.5522514466
  2.50000000   0.50000000    89.9229971789
  2.60000000   0.50000000    89.1756564730
  2.70000000   0.50000000    88.3686219087
  2.80000000   0.50000000    87.5536537674
  2.90000000   0.50000000    86.7754509751
  3.00000000   0.50000000    86.0716141032
  3.10000000   0.50000000    85.4728318061
  3.20000000   0.50000000    85.0031658130
  3.30000000   0.50000000    84.6803501376
  3.40000000   0.50000000    84.5160502650
  3.50000000   0.50000000    84.5160502650

  0.00000000   0.60000000     0.0000000000
  0.10000000   0.60000000     6.3381260877
  0.20000000   0.60000000    12.6655991316
  0.30000000   0.60000000    18.9709222520
  0.40000000   0.60000000    25.2408889933
  0.50000000   0.60000000    31.4596767153
  0.60000000   0.60000000    37.6078912396
  0.70000000   0.60000000    43.6615691691
  0.80000000   0.60000000    49.5911771766
  0.90000000   0.60000000    55.3606891909
  1.00000000   0.60000000    60.9268946721
  1.10000000   0.60000000    66.2391725989
  1.20000000   0.60000000    71.2400663687
  1.30000000   0.60000000    75.8670536515
  1.40000000   0.60000000    80.0558809988
  1.50000000   0.60000000    83.7456054680
  1.60000000   0.60000000    86.8850144479
  1.70000000   0.60000000    89.4394173317
  1.80000000   0.60000000    91.3962595583
  1.90000000   0.60000000    92.7680440591
  2.00000000   0.60000000    93.5918155078
  2.10000000   0.60000000    93.9253729185
  2.20000000   0.60000000    93.8411889745
  2.30000000   0.60000000    93.4195421734
  2.40000000   0.60000000    92.7422622526
  2.50000000   0.60000000    91.8879161740
  2.60000000   0.60000000    90.9286496787
  2.70000000   0.60000000    89.9284832416
  2.80000000   0.60000000    88.9426884833
  2.90000000   0.60000000    88.0178591915
  3.00000000   0.60000000    87.1923632338
  3.10000000   0.60000000    86.4969506357
  3.20000000   0.60000000    85.9553744690
  3.30000000   0.60000000    85.5849399632
  3.40000000   0.60000000    85.3969374054
  3.50000000   0.60000000    85.3969374054

  0.00000000   0.70000000     0.0000000000
  0.10000000   0.70000000     6.5013769833
  0.20000000   0.70000000    12.9960838335
  0.30000000   0.70000000    19.4765652275
  0.40000000   0.70000000    25.9334514715
  0.50000000   0.70000000    32.3545445048
  0.60000000   0.70000000    38.7236822238
  0.70000000   0.70000000    45.0194614607
  0.80000000   0.70000000    51.2138249125
  0.90000000   0.70000000    57.2705762729
  1.00000000   0.70000000    63.1439738417
  1.10000000   0.70000000    68.7776995100
  1.20000000   0.70000000    74.1046802074
  1.30000000   0.70000000    79.0484428009
  1.40000000   0.70000000    83.5267764307
  1.50000000   0.70000000    87.4582908194
  1.60000000   0.70000000    90.7717253407
  1.70000000   0.70000000    93.4165621055
  1.80000000   0.70000000    95.3721500897
  1.90000000   0.70000000    96.6524380666
  2.00000000   0.70000000    97.3051103148
  2.10000000   0.70000000    97.4054924001
  2.20000000   0.70000000    97.0468890213
  2.30000000   0.70000000    96.3301583004
  2.40000000   0.70000000    95.3549307357
  2.50000000   0.70000000    94.2135925869
  2.60000000   0.70000000    92.9879992894
  2.70000000   0.70000000    91.7482930759
  2.80000000   0.70000000    90.5530709757
  2.90000000   0.70000000    89.4502718668
  3.00000000   0.70000000    88.4783404710
  3.10000000   0.70000000    87.6674007821
  3.20000000   0.70000000    87.0402958291
  3.30000000   0.70000000    86.6134309256
  3.40000000   0.70000000    86.3974006545
  3.50000000   0.70000000    86.3974006545

  0.00000000   0.80000000     0.0000000000
  0.10000000   0.80000000     6.6815134493
  0.20000000   0.80000000    13.3611843924
  0.30000000   0.80000000    20.0362889644
  0.40000000   0.80000000    26.7022735062
  0.50000000   0.80000000    33.3516692939
  0.60000000   0.80000000    39.9728017846
  0.70000000   0.80000000    46.5482266063
  0.80000000   0.80000000    53.0528474624
  0.90000000   0.80000000    59.4517152673
  1.00000000   0.80000000    65.6976190399
  1.10000000   0.80000000    71.7287674901
  1.20000000   0.80000000    77.4671841627
  1.30000000   0.80000000    82.8188645240
  1.40000000   0.80000000    87.6771809674
  1.50000000   0.80000000    91.9310870131
  1.60000000   0.80000000    95.4787572476
  1.70000000   0.80000000    98.2447915617
  1.80000000   0.80000000   100.1957425182
  1.90000000   0.80000000   101.3478471710
  2.00000000   0.80000000   101.7654486110
  2.10000000   0.80000000   101.5509323753
  2.20000000   0.80000000   100.8286971943
  2.30000000   0.80000000    99.7287761154
  2.40000000   0.80000000    98.3744296319
  2.50000000   0.80000000    96.8749695851
  2.60000000   0.80000000    95.3229808785
  2.70000000   0.80000000    93.7944156265
  2.80000000   0.80000000    92.3501871213
  2.90000000   0.80000000    91.0383125505
  3.00000000   0.80000000    89.8960565499
  3.10000000   0.80000000    88.9518102773
  3.20000000   0.80000000    88.2266121762
  3.30000000   0.80000000    87.7353031466
  3.40000000   0.80000000    87.4873459764
  3.50000000   0.80000000    87.4873459764

  0.00000000   0.90000000     0.0000000000
  0.10000000   0.90000000     6.8734013962
  0.20000000   0.90000000    13.7506213174
  0.30000000   0.90000000    20.6346701225
  0.40000000   0.90000000    27.5268521940
  0.50000000   0.90000000    34.4256827501
  0.60000000   0.90000000    41.3255081920
  0.70000000   0.90000000    48.2147071719
  0.80000000   0.90000000    55.0733374566
  0.90000000   0.90000000    61.8701181484
  1.00000000   0.90000000    68.5587155402
  1.10000000   0.90000000    75.0735254104
  1.20000000   0.90000000    81.3255884426
  1.30000000   0.90000000    87.2000723123
  1.40000000   0.90000000    92.5578568154
  1.50000000   0.90000000    97.2447461775
  1.60000000   0.90000000   101.1112862852
  1.70000000   0.90000000   104.0417848811
  1.80000000   0.90000000   105.9823275580
  1.90000000   0.90000000   106.9530099377
  2.00000000   0.90000000   107.0448051628
  2.10000000   0.90000000   106.4030251873
  2.20000000   0.90000000   105.1993265139
  2.30000000   0.90000000   103.6050901303
  2.40000000   0.90000000   101.7741501446
  2.50000000   0.90000000    99.8353106508
  2.60000000   0.90000000    97.8916056040
  2.70000000   0.90000000    96.0230467598
  2.80000000   0.90000000    94.2905910543
  2.90000000   0.90000000    92.7400859144
  3.00000000   0.90000000    91.4056529831
  3.10000000   0.90000000    90.3123648681
  3.20000000   0.90000000    89.4782507911
  3.30000000   0.90000000    88.9157325546
  3.40000000   0.90000000    88.6325976096
  3.50000000   0.90000000    88.6325976096

  0.00000000   1.00000000     0.0000000000
  0.10000000   1.00000000     7.0710549024
  0.20000000   1.00000000    14.1523415027
  0.30000000   1.00000000    21.2534472208
  0.40000000   1.00000000    28.3825671792
  0.50000000   1.00000000    35.5455333253
  0.60000000   1.00000000    42.7444748265
  0.70000000   1.00000000    49.9759171260
  0.80000000   1.00000000    57.2280773329
  0.90000000   1.00000000    64.4770591168
  1.00000000   1.00000000    71.6816529765
  1.10000000   1.00000000    78.7765809669
  1.20000000   1.00000000    85.6645128511
  1.30000000   1.00000000    92.2083333153
  1.40000000   1.00000000    98.2273915190
  1.50000000   1.00000000   103.5047269595
  1.60000000   1.00000000   107.8144516801
  1.70000000   1.00000000   110.9727489139
  1.80000000   1.00000000   112.8931210959
  1.90000000   1.00000000   113.6026623179
  2.00000000   1.00000000   113.2354030837
  2.10000000   1.00000000   112.0073510409
  2.20000000   1.00000000   110.1637508053
  2.30000000   1.00000000   107.9342931698
  2.40000000   1.00000000   105.5105802905
  2.50000000   1.00000000   103.0413957576
  2.60000000   1.00000000   100.6372661801
  2.70000000   1.00000000    98.3781266272
  2.80000000   1.00000000    96.3208997861
  2.90000000   1.00000000    94.5057754304
  3.00000000   1.00000000    92.9609756939
  3.10000000   1.00000000    91.7061879179
  3.20000000   1.00000000    90.7549512145
  3.30000000   1.00000000    90.1162632543
  3.40000000   1.00000000    89.7956173243
  3.50000000   1.00000000    89.7956173243

  0.00000000   1.10000000     0.0000000000
  0.10000000   1.10000000     7.2677281049
  0.20000000   1.10000000    14.5526796877
  0.30000000   1.10000000    21.8717035474
  0.40000000   1.10000000    29.2407945430
  0.50000000   1.10000000    36.6743854312
  0.60000000   1.10000000    44.1842383684
  0.70000000   1.10000000    51.7776918747
  0.80000000   1.10000000    59.4548998655
  0.90000000   1.10000000    67.2045448451
  1.00000000   1.10000000    74.9973135376
  1.10000000   1.10000000    82.7762935013
  1.20000000   1.10000000    90.4436135495
  1.30000000   1.10000000    97.8437842308
  1.40000000   1.10000000   104.7476178820
  1.50000000   1.10000000   110.8482927710
  1.60000000   1.10000000   115.7928062143
  1.70000000   1.10000000   119.2742684471
  1.80000000   1.10000000   121.1575234311
  1.90000000   1.10000000   121.4833647164
  2.00000000   1.10000000   120.4536924670
  2.10000000   1.10000000   118.4076258611
  2.20000000   1.10000000   115.7083709226
  2.30000000   1.10000000   112.6660472251
  2.40000000   1.10000000   109.5143888547
  2.50000000   1.10000000   106.4173020267
  2.60000000   1.10000000   103.4849102797
  2.70000000   1.10000000   100.7893195338
  2.80000000   1.10000000    98.3770082162
  2.90000000   1.10000000    96.2776466958
  3.00000000   1.10000000    94.5100526311
  3.10000000   1.10000000    93.0860888619
  3.20000000   1.10000000    92.0131591919
  3.30000000   1.10000000    91.2957736779
  3.40000000   1.10000000    90.9364996269
  3.50000000   1.10000000    90.9364996269

  0.00000000   1.20000000     0.0000000000
  0.10000000   1.20000000     7.4560998445
  0.20000000   1.20000000    14.9367141343
  0.30000000   1.20000000    22.4663573373
  0.40000000   1.20000000    30.0694605201
  0.50000000   1.20000000    37.7700961647
  0.60000000   1.20000000    45.5913504459
  0.70000000   1.20000000    53.5540796813
  0.80000000   1.20000000    61.6746200092
  0.90000000   1.20000000    69.9607302887
  1.00000000   1.20000000    78.4045994454
  1.10000000   1.20000000    86.9710773314
  1.20000000   1.20000000    95.5785075669
  1.30000000   1.20000000   104.0692763779
  1.40000000   1.20000000   112.1698700032
  1.50000000   1.20000000   119.4525387438
  1.60000000   1.20000000   125.3453550913
  1.70000000   1.20000000   129.2932190949
  1.80000000   1.20000000   131.1084397754
  1.90000000   1.20000000   130.8604658505
  2.00000000   1.20000000   128.8427688394
  2.10000000   1.20000000   125.6301950173
  2.20000000   1.20000000   121.7804562725
  2.30000000   1.20000000   117.7068234989
  2.40000000   1.20000000   113.6781495887
  2.50000000   1.20000000   109.8570814039
  2.60000000   1.20000000   106.3373364921
  2.70000000   1.20000000   103.1706343459
  2.80000000   1.20000000   100.3840739619
  2.90000000   1.20000000    97.9907692677
  3.00000000   1.20000000    95.9961784840
  3.10000000   1.20000000    94.4018034295
  3.20000000   1.20000000    93.2073190566
  3.30000000   1.20000000    92.4117774323
  3.40000000   1.20000000    92.0142699386
  3.50000000   1.20000000    92.0142699386

  0.00000000   1.30000000     0.0000000000
  0.10000000   1.30000000     7.6285654695
  0.20000000   1.30000000    15.2888501578
  0.30000000   1.30000000    23.0130325093
  0.40000000   1.30000000    30.8341701346
  0.50000000   1.30000000    38.7865216316
  0.60000000   1.30000000    46.9056609403
  0.70000000   1.30000000    55.2281802497
  0.80000000   1.30000000    63.7905886868
  0.90000000   1.30000000    72.6266643084
  1.00000000   1.30000000    81.7618367284
  1.10000000   1.30000000    91.2018942929
  1.20000000   1.30000000   100.9109117410
  1.30000000   1.30000000   110.7692575569
  1.40000000   1.30000000   120.4977348208
  1.50000000   1.30000000   129.5381211052
  1.60000000   1.30000000   136.9392892885
  1.70000000   1.30000000   141.5481699685
  1.80000000   1.30000000   143.2353563911
  1.90000000   1.30000000   142.1323317941
  2.00000000   1.30000000   138.5665848353
  2.10000000   1.30000000   133.6462828103
  2.20000000   1.30000000   128.2499399479
  2.30000000   1.30000000   122.8931600751
  2.40000000   1.30000000   117.8411557437
  2.50000000   1.30000000   113.2176865520
  2.60000000   1.30000000   109.0729116840
  2.70000000   1.30000000   105.4206496862
  2.80000000   1.30000000   102.2578981448
  2.90000000   1.30000000    99.5748306643
  3.00000000   1.30000000    97.3598109432
  3.10000000   1.30000000    95.6018269994
  3.20000000   1.30000000    94.2916052509
  3.30000000   1.30000000    93.4220675101
  3.40000000   1.30000000    92.9884803429
  3.50000000   1.30000000    92.9884803429

  0.00000000   1.40000000     0.0000000000
  0.10000000   1.40000000     7.7776342989
  0.20000000   1.40000000    15.5936372149
  0.30000000   1.40000000    23.4873346399
  0.40000000   1.40000000    31.4999931508
  0.50000000   1.40000000    39.6758462384
  0.60000000   1.40000000    48.0631578628
  0.70000000   1.40000000    56.7152618217
  0.80000000   1.40000000    65.6913977058
  0.90000000   1.40000000    75.0568932538
  1.00000000   1.40000000    84.8816400694
  1.10000000   1.40000000    95.2343885086
  1.20000000   1.40000000   106.1669415439
  1.30000000   1.40000000   117.6736083930
  1.40000000   1.40000000   129.5892563362
  1.50000000   1.40000000   141.3396828767
  1.60000000   1.40000000   151.4047099822
  1.70000000   1.40000000   156.8092020758
  1.80000000   1.40000000   158.2455927172
  1.90000000   1.40000000   155.9728625062
  2.00000000   1.40000000   149.7678839371
  2.10000000   1.40000000   142.2805416255
  2.20000000   1.40000000   134.8417210524
  2.30000000   1.40000000   127.9557893582
  2.40000000   1.40000000   121.7748023736
  2.50000000   1.40000000   116.3154766661
  2.60000000   1.40000000   111.5470001420
  2.70000000   1.40000000   107.4256945118
  2.80000000   1.40000000   103.9084232403
  2.90000000   1.40000000   100.9573890981
  3.00000000   1.40000000    98.5414206973
  3.10000000   1.40000000    96.6358758773
  3.20000000   1.40000000    95.2220753414
  3.30000000   1.40000000    94.2866615063
  3.40000000   1.40000000    93.8210512692
  3.50000000   1.40000000    93.8210512692

  0.00000000   1.50000000     0.0000000000
  0.10000000   1.50000000     7.8964109812
  0.20000000   1.50000000    15.8367770158
  0.30000000   1.50000000    23.8664820413
  0.40000000   1.50000000    32.0338673606
  0.50000000   1.50000000    40.3919686828
  0.60000000   1.50000000    49.0005872432
  0.70000000   1.50000000    57.9288468420
  0.80000000   1.50000000    67.2584131192
  0.90000000   1.50000000    77.0875629726
  1.00000000   1.50000000    87.5362248598
  1.10000000   1.50000000    98.7517917321
  1.20000000   1.50000000   110.9142316055
  1.30000000   1.50000000   124.2336952162
  1.40000000   1.50000000   138.9088578512
  1.50000000   1.50000000   154.8869921415
  1.60000000   1.50000000   170.5894264397
  1.70000000   1.50000000   176.0997494246
  1.80000000   1.50000000   177.0337416697
  1.90000000   1.50000000   173.8277690954
  2.00000000   1.50000000   162.3546796575
  2.10000000   1.50000000   150.9929255692
  2.20000000   1.50000000   141.0305275892
  2.30000000   1.50000000   132.4852799005
  2.40000000   1.50000000   125.1786960400
  2.50000000   1.50000000   118.9325141084
  2.60000000   1.50000000   113.6002730931
  2.70000000   1.50000000   109.0674142044
  2.80000000   1.50000000   105.2459028666
  2.90000000   1.50000000   102.0687173124
  3.00000000   1.50000000    99.4852750133
  3.10000000   1.50000000    97.4578917114
  3.20000000   1.50000000    95.9591394897
  3.30000000   1.50000000    94.9699398709
  3.40000000   1.50000000    94.4782518235
  3.50000000   1.50000000    94.4782518235

  0.00000000   1.60000000     0.0000000000
  0.10000000   1.60000000     7.9791137335
  0.20000000   1.60000000    16.0062267354
  0.30000000   1.60000000    24.1311376756
  0.40000000   1.60000000    32.4074086000
  0.50000000   1.60000000    40.8946843827
  0.60000000   1.60000000    49.6616191899
  0.70000000   1.60000000    58.7897700471
  0.80000000   1.60000000    68.3790104523
  0.90000000   1.60000000    78.5553585808
  1.00000000   1.60000000    89.4827773989
  1.10000000   1.60000000   101.3819697334
  1.20000000   1.60000000   114.5632012286
  1.30000000   1.60000000   129.4938177102
  1.40000000   1.60000000   146.9759125014
  1.50000000   1.60000000   168.7526558853
  1.60000000   1.60000000   200.0000000000
  1.70000000   1.60000000   200.0000000000
  1.80000000   1.60000000   200.0000000000
  1.90000000   1.60000000   200.0000000000
  2.00000000   1.60000000   174.9104342321
  2.10000000   1.60000000   158.4167148752
  2.20000000   1.60000000   145.9407697513
  2.30000000   1.60000000   135.9395777093
  2.40000000   1.60000000   127.7077885871
  2.50000000   1.60000000   120.8408152320
  2.60000000   1.60000000   115.0766421708
  2.70000000   1.60000000   110.2353601185
  2.80000000   1.60000000   106.1896627044
  2.90000000   1.60000000   102.8479618995
  3.00000000   1.60000000   100.1438671393
  3.10000000   1.60000000    98.0293385671
  3.20000000   1.60000000    96.4701380782
  3.30000000   1.60000000    95.4427994989
  3.40000000   1.60000000    94.9326569460
  3.50000000   1.60000000    94.9326569460

  0.00000000   1.70000000     0.0000000000
  0.10000000   1.70000000     8.0215627412
  0.20000000   1.70000000    16.0932505037
  0.30000000   1.70000000    24.2671921082
  0.40000000   1.70000000    32.5997263637
  0.50000000   1.70000000    41.1540508066
  0.60000000   1.70000000    50.0036392723
  0.70000000   1.70000000    59.2369160719
  0.80000000   1.70000000    68.9639617556
  0.90000000   1.70000000    79.3265355552
  1.00000000   1.70000000    90.5135967574
  1.10000000   1.70000000   102.7860293152
  1.20000000   1.70000000   116.5164708807
  1.30000000   1.70000000   132.2512094344
  1.40000000   1.70000000   150.7884608724
  1.50000000   1.70000000   173.1735639239
  1.60000000   1.70000000   200.0000000000
  1.70000000   1.70000000   200.0000000000
  1.80000000   1.70000000   200.0000000000
  1.90000000   1.70000000   200.0000000000
  2.00000000   1.70000000   178.9270041803
  2.10000000   1.70000000   161.9196869049
  2.20000000   1.70000000   148.5057582181
  2.30000000   1.70000000   137.7815487494
  2.40000000   1.70000000   129.0529642857
  2.50000000   1.70000000   121.8479481201
  2.60000000   1.70000000   115.8498091895
  2.70000000   1.70000000   110.8430648528
  2.80000000   1.70000000   106.6782081682
  2.90000000   1.70000000   103.2497353357
  3.00000000   1.70000000   100.4823849391
  3.10000000   1.70000000    98.3223737345
  3.20000000   1.70000000    96.7317267877
  3.30000000   1.70000000    95.6845909297
  3.40000000   1.70000000    95.1648810320
  3.50000000   1.70000000    95.1648810320

  0.00000000   1.80000000     0.0000000000
  0.10000000   1.80000000     8.0215627412
  0.20000000   1.80000000    16.0932505037
  0.30000000   1.80000000    24.2671921082
  0.40000000   1.80000000    32.5997263637
  0.50000000   1.80000000    41.1540508066
  0.60000000   1.80000000    50.0036392723
  0.70000000   1.80000000    59.2369160719
  0.80000000   1.80000000    68.9639617556
  0.90000000   1.80000000    79.3265355552
  1.00000000   1.80000000    90.5135967574
  1.10000000   1.80000000   102.7860293152
  1.20000000   1.80000000   116.5164708807
  1.30000000   1.80000000   132.2512094344
  1.40000000   1.80000000   150.7884608724
  1.50000000   1.80000000   173.1735639239
  1.60000000   1.80000000   200.0000000000
  1.70000000   1.80000000   200.0000000000
  1.80000000   1.80000000   200.0000000000
  1.90000000   1.80000000   200.0000000000
  2.00000000   1.80000000   178.9270041803
  2.10000000   1.80000000   161.9196869049
  2.20000000   1.80000000   148.5057582181
  2.30000000   1.80000000   137.7815487494
  2.40000000   1.80000000   129.0529642857
  2.50000000   1.80000000   121.8479481201
  2.60000000   1.80000000   115.8498091895
  2.70000000   1.80000000   110.8430648528
  2.80000000   1.80000000   106.6782081682
  2.90000000   1.80000000   103.2497353357
  3.00000000   1.80000000   100.4823849391
  3.10000000   1.80000000    98.3223737345
  3.20000000   1.80000000    96.7317267877
  3.30000000   1.80000000    95.6845909297
  3.40000000   1.80000000    95.1648810320
  3.50000000   1.80000000    95.1648810320

  0.00000000   1.90000000     0.0000000000
  0.10000000   1.90000000     7.9791137335
  0.20000000   1.90000000    16.0062267354
  0.30000000   1.90000000    24.1311376756
  0.40000000   1.90000000    32.4074086000
  0.50000000   1.90000000    40.8946843827
  0.60000000   1.90000000    49.6616191899
  0.70000000   1.90000000    58.7897700471
  0.80000000   1.90000000    68.3790104523
  0.90000000   1.90000000    78.5553585808
  1.00000000   1.90000000    89.4827773989
  1.10000000   1.90000000   101.3819697334
  1.20000000   1.90000000   114.5632012286
  1.30000000   1.90000000   129.4938177102
  1.40000000   1.90000000   146.9759125014
  1.50000000   1.90000000   168.7526558853
  1.60000000   1.90000000   200.0000000000
  1.70000000   1.90000000   200.0000000000
  1.80000000   1.90000000   200.0000000000
  1.90000000   1.90000000   200.0000000000
  2.00000000   1.90000000   174.9104342321
  2.10000000   1.90000000   158.4167148752
  2.20000000   1.90000000   145.9407697513
  2.30000000   1.90000000   135.9395777093
  2.40000000   1.90000000   127.7077885871
  2.50000000   1.90000000   120.8408152320
  2.60000000   1.90000000   115.0766421708
  2.70000000   1.90000000   110.2353601185
  2.80000000   1.90000000   106.1896627044
  2.90000000   1.90000000   102.8479618995
  3.00000000   1.90000000   100.1438671393
  3.10000000   1.90000000    98.0293385671
  3.20000000   1.90000000    96.4701380782
  3.30000000   1.90000000    95.4427994989
  3.40000000   1.90000000    94.9326569460
  3.50000000   1.90000000    94.9326569460

  0.00000000   2.00000000     0.0000000000
  0.10000000   2.00000000     7.8964109812
  0.20000000   2.00000000    15.8367770158
  0.30000000   2.00000000    23.8664820413
  0.40000000   2.00000000    32.0338673606
  0.50000000   2.00000000    40.3919686828
  0.60000000   2.00000000    49.0005872432
  0.70000000   2.00000000    57.9288468420
  0.80000000   2.00000000    67.2584131192
  0.90000000   2.00000000    77.0875629726
  1.00000000   2.00000000    87.5362248598
  1.10000000   2.00000000    98.7517917321
  1.20000000   2.00000000   110.9142316055
  1.30000000   2.00000000   124.2336952162
  1.40000000   2.00000000   138.9088578512
  1.50000000   2.00000000   154.8869921415
  1.60000000   2.00000000   170.5894264397
  1.70000000   2.00000000   176.0997494246
  1.80000000   2.00000000   177.0337416697
  1.90000000   2.00000000   173.8277690954
  2.00000000   2.00000000   162.3546796575
  2.10000000   2.00000000   150.9929255692
  2.20000000   2.00000000   141.0305275892
  2.30000000   2.00000000   132.4852799005
  2.40000000   2.00000000   125.1786960400
  2.50000000   2.00000000   118.9325141084
  2.60000000   2.00000000   113.6002730931
  2.70000000   2.00000000   109.0674142044
  2.80000000   2.00000000   105.2459028666
  2.90000000   2.00000000   102.0687173124
  3.00000000   2.00000000    99.4852750133
  3.10000000   2.00000000    97.4578917114
  3.20000000   2.00000000    95.9591394897
  3.30000000   2.00000000    94.9699398709
  3.40000000   2.00000000    94.4782518235
  3.50000000   2.00000000    94.4782518235

  0.00000000   2.10000000     0.0000000000
  0.10000000   2.10000000     7.7776342989
  0.20000000   2.10000000    15.5936372149
  0.30000000   2.10000000    23.4873346399
  0.40000000   2.10000000    31.4999931508
  0.50000000   2.10000000    39.6758462384
  0.60000000   2.10000000    48.0631578628
  0.70000000   2.10000000    56.7152618217
  0.80000000   2.10000000    65.6913977058
  0.90000000   2.10000000    75.0568932538
  1.00000000   2.10000000    84.8816400694
  1.10000000   2.10000000    95.2343885086
  1.20000000   2.10000000   106.1669415439
  1.30000000   2.10000000   117.6736083930
  1.40000000   2.10000000   129.5892563362
  1.50000000   2.10000000   141.3396828767
  1.60000000   2.10000000   151.4047099822
  1.70000000   2.10000000   156.8092020758
  1.80000000   2.10000000   158.2455927172
  1.90000000   2.10000000   155.9728625062
  2.00000000   2.10000000   149.7678839371
  2.10000000   2.10000000   142.2805416255
  2.20000000   2.10000000   134.8417210524
  2.30000000   2.10000000   127.9557893582
  2.40000000   2.10000000   121.7748023736
  2.50000000   2.10000000   116.3154766661
  2.60000000   2.10000000   111.5470001420
  2.70000000   2.10000000   107.4256945118
  2.80000000   2.10000000   103.9084232403
  2.90000000   2.10000000   100.9573890981
  3.00000000   2.10000000    98.5414206973
  3.10000000   2.10000000    96.6358758773
  3.20000000   2.10000000    95.2220753414
  3.30000000   2.10000000    94.2866615063
  3.40000000   2.10000000    93.8210512692
  3.50000000   2.10000000    93.8210512692

  0.00000000   2.20000000     0.0000000000
  0.10000000   2.20000000     7.6285654695
  0.20000000   2.20000000    15.2888501578
  0.30000000   2.20000000    23.0130325093
  0.40000000   2.20000000    30.8341701346
  0.50000000   2.20000000    38.7865216316
  0.60000000   2.20000000    46.9056609403
  0.70000000   2.20000000    55.2281802497
  0.80000000   2.20000000    63.7905886868
  0.90000000   2.20000000    72.6266643084
  1.00000000   2.20000000    81.7618367284
  1.10000000   2.20000000    91.2018942929
  1.20000000   2.20000000   100.9109117410
  1.30000000   2.20000000   110.7692575569
  1.40000000   2.20000000   120.4977348208
  1.50000000   2.20000000   129.5381211052
  1.60000000   2.20000000   136.9392892885
  1.70000000   2.20000000   141.5481699685
  1.80000000   2.20000000   143.2353563911
  1.90000000   2.20000000   142.1323317941
  2.00000000   2.20000000   138.5665848353
  2.10000000   2.20000000   133.6462828103
  2.20000000   2.20000000   128.2499399479
  2.30000000   2.20000000   122.8931600751
  2.40000000   2.20000000   117.8411557437
  2.50000000   2.20000000   113.2176865520
  2.60000000   2.20000000   109.0729116840
  2.70000000   2.20000000   105.4206496862
  2.80000000   2.20000000   102.2578981448
  2.90000000   2.20000000    99.5748306643
  3.00000000   2.20000000    97.3598109432
  3.10000000   2.20000000    95.6018269994
  3.20000000   2.20000000    94.2916052509
  3.30000000   2.20000000    93.4220675101
  3.40000000   2.20000000    92.9884803429
  3.50000000   2.20000000    92.9884803429

  0.00000000   2.30000000     0.0000000000
  0.10000000   2.30000000     7.4560998445
  0.20000000   2.30000000    14.9367141343
  0.30000000   2.30000000    22.4663573373
  0.40000000   2.30000000    30.0694605201
  0.50000000   2.30000000    37.7700961647
  0.60000000   2.30000000    45.5913504459
  0.70000000   2.30000000    53.5540796813
  0.80000000   2.30000000    61.6746200092
  0.90000000   2.30000000    69.9607302887
  1.00000000   2.30000000    78.4045994454
  1.10000000   2.30000000    86.9710773314
  1.20000000   2.30000000    95.5785075669
  1.30000000   2.30000000   104.0692763779
  1.40000000   2.30000000   112.1698700032
  1.50000000   2.30000000   119.4525387438
  1.60000000   2.30000000   125.3453550913
  1.70000000   2.30000000   129.2932190949
  1.80000000   2.30000000   131.1084397754
  1.90000000   2.30000000   130.8604658505
  2.00000000   2.30000000   128.8427688394
  2.10000000   2.30000000   125.6301950173
  2.20000000   2.30000000   121.7804562725
  2.30000000   2.30000000   117.7068234989
  2.40000000   2.30000000   113.6781495887
  2.50000000   2.30000000   109.8570814039
  2.60000000   2.30000000   106.3373364921
  2.70000000   2.30000000   103.1706343459
  2.80000000   2.30000000   100.3840739619
  2.90000000   2.30000000    97.9907692677
  3.00000000   2.30000000    95.9961784840
  3.10000000   2.30000000    94.4018034295
  3.20000000   2.30000000    93.2073190566
  3.30000000   2.30000000    92.4117774323
  3.40000000   2.30000000    92.0142699386
  3.50000000   2.30000000    92.0142699386

  0.00000000   2.40000000     0.0000000000
  0.10000000   2.40000000     7.2677281049
  0.20000000   2.40000000    14.5526796877
  0.30000000   2.40000000    21.8717035474
  0.40000000   2.40000000    29.2407945430
  0.50000000   2.40000000    36.6743854312
  0.60000000   2.40000000    44.1842383684
  0.70000000   2.40000000    51.7776918747
  0.80000000   2.40000000    59.4548998655
  0.90000000   2.40000000    67.2045448451
  1.00000000   2.40000000    74.9973135376
  1.10000000   2.40000000    82.7762935013
  1.20000000   2.40000000    90.4436135495
  1.30000000   2.40000000    97.8437842308
  1.40000000   2.40000000   104.7476178820
  1.50000000   2.40000000   110.8482927710
  1.60000000   2.40000000   115.7928062143
  1.70000000   2.40000000   119.2742684471
  1.80000000   2.40000000   121.1575234311
  1.90000000   2.40000000   121.4833647164
  2.00000000   2.40000000   120.4536924670
  2.10000000   2.40000000   118.4076258611
  2.20000000   2.40000000   115.7083709226
  2.30000000   2.40000000   112.6660472251
  2.40000000   2.40000000   109.5143888547
  2.50000000   2.40000000   106.4173020267
  2.60000000   2.40000000   103.4849102797
  2.70000000   2.40000000   100.7893195338
  2.80000000   2.40000000    98.3770082162
  2.90000000   2.40000000    96.2776466958
  3.00000000   2.40000000    94.5100526311
  3.10000000   2.40000000    93.0860888619
  3.20000000   2.40000000    92.0131591919
  3.30000000   2.40000000    91.2957736779
  3.40000000   2.40000000    90.9364996269
  3.50000000   2.40000000    90.9364996269

  0.00000000   2.50000000     0.0000000000
  0.10000000   2.50000000     7.0710549024
  0.20000000   2.50000000    14.1523415027
  0.30000000   2.50000000    21.2534472208
  0.40000000   2.50000000    28.3825671792
  0.50000000   2.50000000    35.5455333253
  0.60000000   2.50000000    42.7444748265
  0.70000000   2.50000000    49.9759171260
  0.80000000   2.50000000    57.2280773329
  0.90000000   2.50000000    64.4770591168
  1.00000000   2.50000000    71.6816529765
  1.10000000   2.50000000    78.7765809669
  1.20000000   2.50000000    85.6645128511
  1.30000000   2.50000000    92.2083333153
  1.40000000   2.50000000    98.2273915190
  1.50000000   2.50000000   103.5047269595
  1.60000000   2.50000000   107.8144516801
  1.70000000   2.50000000   110.9727489139
  1.80000000   2.50000000   112.8931210959
  1.90000000   2.50000000   113.6026623179
  2.00000000   2.50000000   113.2354030837
  2.10000000   2.50000000   112.0073510409
  2.20000000   2.50000000   110.1637508053
  2.30000000   2.50000000   107.9342931698
  2.40000000   2.50000000   105.5105802905
  2.50000000   2.50000000   103.0413957576
  2.60000000   2.50000000   100.6372661801
  2.70000000   2.50000000    98.3781266272
  2.80000000   2.50000000    96.3208997861
  2.90000000   2.50000000    94.5057754304
  3.00000000   2.50000000    92.9609756939
  3.10000000   2.50000000    91.7061879179
  3.20000000   2.50000000    90.7549512145
  3.30000000   2.50000000    90.1162632543
  3.40000000   2.50000000    89.7956173243
  3.50000000   2.50000000    89.7956173243

  0.00000000   2.60000000     0.0000000000
  0.10000000   2.60000000     6.8734013962
  0.20000000   2.60000000    13.7506213174
  0.30000000   2.60000000    20.6346701225
  0.40000000   2.60000000    27.5268521940
  0.50000000   2.60000000    34.4256827501
  0.60000000   2.60000000    41.3255081920
  0.70000000   2.60000000    48.2147071719
  0.80000000   2.60000000    55.0733374566
  0.90000000   2.60000000    61.8701181484
  1.00000000   2.60000000    68.5587155402
  1.10000000   2.60000000    75.0735254104
  1.20000000   2.60000000    81.3255884426
  1.30000000   2.60000000    87.2000723123
  1.40000000   2.60000000    92.5578568154
  1.50000000   2.60000000    97.2447461775
  1.60000000   2.60000000   101.1112862852
  1.70000000   2.60000000   104.0417848811
  1.80000000   2.60000000   105.9823275580
  1.90000000   2.60000000   106.9530099377
  2.00000000   2.60000000   107.0448051628
  2.10000000   2.60000000   106.4030251873
  2.20000000   2.60000000   105.1993265139
  2.30000000   2.60000000   103.6050901303
  2.40000000   2.60000000   101.7741501446
  2.50000000   2.60000000    99.8353106508
  2.60000000   2.60000000    97.8916056040
  2.70000000   2.60000000    96.0230467598
  2.80000000   2.60000000    94.2905910543
  2.90000000   2.60000000    92.7400859144
  3.00000000   2.60000000    91.4056529831
  3.10000000   2.60000000    90.3123648681
  3.20000000   2.60000000    89.4782507911
  3.30000000   2.60000000    88.9157325546
  3.40000000   2.60000000    88.6325976096
  3.50000000   2.60000000    88.6325976096

  0.00000000   2.70000000     0.0000000000
  0.10000000   2.70000000     6.6815134493
  0.20000000   2.70000000    13.3611843924
  0.30000000   2.70000000    20.0362889644
  0.40000000   2.70000000    26.7022735062
  0.50000000   2.70000000    33.3516692939
  0.60000000   2.70000000    39.9728017846
  0.70000000   2.70000000    46.5482266063
  0.80000000   2.70000000    53.0528474624
  0.90000000   2.70000000    59.4517152673
  1.00000000   2.70000000    65.6976190399
  1.10000000   2.70000000    71.7287674901
  1.20000000   2.70000000    77.4671841627
  1.30000000   2.70000000    82.8188645240
  1.40000000   2.70000000    87.6771809674
  1.50000000   2.70000000    91.9310870131
  1.60000000   2.70000000    95.4787572476
  1.70000000   2.70000000    98.2447915617
  1.80000000   2.70000000   100.1957425182
  1.90000000   2.70000000   101.3478471710
  2.00000000   2.70000000   101.7654486110
  2.10000000   2.70000000   101.5509323753
  2.20000000   2.70000000   100.8286971943
  2.30000000   2.70000000    99.7287761154
  2.40000000   2.70000000    98.3744296319
  2.50000000   2.70000000    96.8749695851
  2.60000000   2.70000000    95.3229808785
  2.70000000   2.70000000    93.7944156265
  2.80000000   2.70000000    92.3501871213
  2.90000000   2.70000000    91.0383125505
  3.00000000   2.70000000    89.8960565499
  3.10000000   2.70000000    88.9518102773
  3.20000000   2.70000000    88.2266121762
  3.30000000   2.70000000    87.7353031466
  3.40000000   2.70000000    87.4873459764
  3.50000000   2.70000000    87.4873459764

  0.00000000   2.80000000     0.0000000000
  0.10000000   2.80000000     6.5013769833
  0.20000000   2.80000000    12.9960838335
  0.30000000   2.80000000    19.4765652275
  0.40000000   2.80000000    25.9334514715
  0.50000000   2.80000000    32.3545445048
  0.60000000   2.80000000    38.7236822238
  0.70000000   2.80000000    45.0194614607
  0.80000000   2.80000000    51.2138249125
  0.90000000   2.80000000    57.2705762729
  1.00000000   2.80000000    63.1439738417
  1.10000000   2.80000000    68.7776995100
  1.20000000   2.80000000    74.1046802074
  1.30000000   2.80000000    79.0484428009
  1.40000000   2.80000000    83.5267764307
  1.50000000   2.80000000    87.4582908194
  1.60000000   2.80000000    90.7717253407
  1.70000000   2.80000000    93.4165621055
  1.80000000   2.80000000    95.3721500897
  1.90000000   2.80000000    96.6524380666
  2.00000000   2.80000000    97.3051103148
  2.10000000   2.80000000    97.4054924001
  2.20000000   2.80000000    97.0468890213
  2.30000000   2.80000000    96.3301583004
  2.40000000   2.80000000    95.3549307357
  2.50000000   2.80000000    94.2135925869
  2.60000000   2.80000000    92.9879992894
  2.70000000   2.80000000    91.7482930759
  2.80000000   2.80000000    90.5530709757
  2.90000000   2.80000000    89.4502718668
  3.00000000   2.80000000    88.4783404710
  3.10000000   2.80000000    87.6674007821
  3.20000000   2.80000000    87.0402958291
  3.30000000   2.80000000    86.6134309256
  3.40000000   2.80000000    86.3974006545
  3.50000000   2.80000000    86.3974006545

  0.00000000   2.90000000     0.0000000000
  0.10000000   2.90000000     6.3381260877
  0.20000000   2.90000000    12.6655991316
  0.30000000   2.90000000    18.9709222520
  0.40000000   2.90000000    25.2408889933
  0.50000000   2.90000000    31.4596767153
  0.60000000   2.90000000    37.6078912396
  0.70000000   2.90000000    43.6615691691
  0.80000000   2.90000000    49.5911771766
  0.90000000   2.90000000    55.3606891909
  1.00000000   2.90000000    60.9268946721
  1.10000000   2.90000000    66.2391725989
  1.20000000   2.90000000    71.2400663687
  1.30000000   2.90000000    75.8670536515
  1.40000000   2.90000000    80.0558809988
  1.50000000   2.90000000    83.7456054680
  1.60000000   2.90000000    86.8850144479
  1.70000000   2.90000000    89.4394173317
  1.80000000   2.90000000    91.3962595583
  1.90000000   2.90000000    92.7680440591
  2.00000000   2.90000000    93.5918155078
  2.10000000   2.90000000    93.9253729185
  2.20000000   2.90000000    93.8411889745
  2.30000000   2.90000000    93.4195421734
  2.40000000   2.90000000    92.7422622526
  2.50000000   2.90000000    91.8879161740
  2.60000000   2.90000000    90.9286496787
  2.70000000   2.90000000    89.9284832416
  2.80000000   2.90000000    88.9426884833
  2.90000000   2.90000000    88.0178591915
  3.00000000   2.90000000    87.1923632338
  3.10000000   2.90000000    86.4969506357
  3.20000000   2.90000000    85.9553744690
  3.30000000   2.90000000    85.5849399632
  3.40000000   2.90000000    85.3969374054
  3.50000000   2.90000000    85.3969374054

  0.00000000   3.00000000     0.0000000000
  0.10000000   3.00000000     6.1960228987
  0.20000000   3.00000000    12.3782189590
  0.30000000   3.00000000    18.5319829230
  0.40000000   3.00000000    24.6411480122
  0.50000000   3.00000000    30.6871986909
  0.60000000   3.00000000    36.6484876888
  0.70000000   3.00000000    42.4994842358
  0.80000000   3.00000000    48.2101016625
  0.90000000   3.00000000    53.7451905339
  1.00000000   3.00000000    59.0643221708
  1.10000000   3.00000000    64.1220395204
  1.20000000   3.00000000    68.8687841975
  1.30000000   3.00000000    73.2527163781
  1.40000000   3.00000000    77.2225680202
  1.50000000   3.00000000    80.7314967781
  1.60000000   3.00000000    83.7416066607
  1.70000000   3.00000000    86.2284637158
  1.80000000   3.00000000    88.1846982419
  1.90000000   3.00000000    89.6218580071
  2.00000000   3.00000000    90.5700673266
  2.10000000   3.00000000    91.0755765832
  2.20000000   3.00000000    91.1967606271
  2.30000000   3.00000000    90.9994236886
  2.40000000   3.00000000    90.5522514466
  2.50000000   3.00000000    89.9229971789
  2.60000000   3.00000000    89.1756564730
  2.70000000   3.00000000    88.3686219087
  2.80000000   3.00000000    87.5536537674
  2.90000000   3.00000000    86.7754509751
  3.00000000   3.00000000    86.0716141032
  3.10000000   3.00000000    85.4728318061
  3.20000000   3.00000000    85.0031658130
  3.30000000   3.00000000    84.6803501376
  3.40000000   3.00000000    84.5160502650
  3.50000000   3.00000000    84.5160502650

  0.00000000   3.10000000     0.0000000000
  0.10000000   3.10000000     6.0784852212
  0.20000000   3.10000000    12.1407185779
  0.30000000   3.10000000    18.1697410388
  0.40000000   3.10000000    24.1471882350
  0.50000000   3.10000000    30.0526136771
  0.60000000   3.10000000    35.8628555672
  0.70000000   3.10000000    41.5514806541
  0.80000000   3.10000000    47.0883594728
  0.90000000   3.10000000    52.4394467827
  1.00000000   3.10000000    57.5668691943
  1.10000000   3.10000000    62.4294383285
  1.20000000   3.10000000    66.9837181338
  1.30000000   3.10000000    71.1857458345
  1.40000000   3.10000000    74.9934386031
  1.50000000   3.10000000    78.3695819475
  1.60000000   3.10000000    81.2851220291
  1.70000000   3.10000000    83.7223004883
  1.80000000   3.10000000    85.6770791379
  1.90000000   3.10000000    87.1603600712
  2.00000000   3.10000000    88.1977384222
  2.10000000   3.10000000    88.8278280269
  2.20000000   3.10000000    89.0994908429
  2.30000000   3.10000000    89.0684777292
  2.40000000   3.10000000    88.7940113995
  2.50000000   3.10000000    88.3357225055
  2.60000000   3.10000000    87.7511741795
  2.70000000   3.10000000    87.0940412884
  2.80000000   3.10000000    86.4128954782
  2.90000000   3.10000000    85.7504841469
  3.00000000   3.10000000    85.1433748476
  3.10000000   3.10000000    84.6218441147
  3.20000000   3.10000000    84.2099113630
  3.30000000   3.10000000    83.9254415962
  3.40000000   3.10000000    83.7802629687
  3.50000000   3.10000000    83.7802629687

  0.00000000   3.20000000     0.0000000000
  0.10000000   3.20000000     5.9881407674
  0.20000000   3.20000000    11.9582856992
  0.30000000   3.20000000    17.8917958740
  0.40000000   3.20000000    23.7687640776
  0.50000000   3.20000000    29.5674293593
  0.60000000   3.20000000    35.2636591666
  0.70000000   3.20000000    40.8305385436
  0.80000000   3.20000000    46.2381166751
  0.90000000   3.20000000    51.4533771240
  1.00000000   3.20000000    56.4405070200
  1.10000000   3.20000000    61.1615479231
  1.20000000   3.20000000    65.5774976957
  1.30000000   3.20000000    69.6499029678
  1.40000000   3.20000000    73.3429146838
  1.50000000   3.20000000    76.6256892166
  1.60000000   3.20000000    79.4749035220
  1.70000000   3.20000000    81.8770611308
  1.80000000   3.20000000    83.8302244509
  1.90000000   3.20000000    85.3448656982
  2.00000000   3.20000000    86.4436681019
  2.10000000   3.20000000    87.1603021194
  2.20000000   3.20000000    87.5373786457
  2.30000000   3.20000000    87.6239031201
  2.40000000   3.20000000    87.4725815248
  2.50000000   3.20000000    87.1372789613
  2.60000000   3.20000000    86.6708305028
  2.70000000   3.20000000    86.1232993541
  2.80000000   3.20000000    85.5406893311
  2.90000000   3.20000000    84.9640632825
  3.00000000   3.20000000    84.4289900089
  3.10000000   3.20000000    83.9652361078
  3.20000000   3.20000000    83.5966246858
  3.30000000   3.20000000    83.3409959604
  3.40000000   3.20000000    83.2102190739
  3.50000000   3.20000000    83.2102190739

  0.00000000   3.30000000     0.0000000000
  0.10000000   3.30000000     5.9268896998
  0.20000000   3.30000000    11.8346594242
  0.30000000   3.30000000    17.7035934455
  0.40000000   3.30000000    23.5128082719
  0.50000000   3.30000000    29.2397307436
  0.60000000   3.30000000    34.8596588651
  0.70000000   3.30000000    40.3454448593
  0.80000000   3.30000000    45.6673498802
  0.90000000   3.30000000    50.7931262024
  1.00000000   3.30000000    55.6883882277
  1.10000000   3.30000000    60.3173275026
  1.20000000   3.30000000    64.6438115997
  1.30000000   3.30000000    68.6328695774
  1.40000000   3.30000000    72.2525145078
  1.50000000   3.30000000    75.4757812907
  1.60000000   3.30000000    78.2827873206
  1.70000000   3.30000000    80.6625664893
  1.80000000   3.30000000    82.6144167111
  1.90000000   3.30000000    84.1485445502
  2.00000000   3.30000000    85.2858925099
  2.10000000   3.30000000    86.0571622110
  2.20000000   3.30000000    86.5011727698
  2.30000000   3.30000000    86.6627789124
  2.40000000   3.30000000    86.5906058310
  2.50000000   3.30000000    86.3348333185
  2.60000000   3.30000000    85.9452034835
  2.70000000   3.30000000    85.4693529545
  2.80000000   3.30000000    84.9515048920
  2.90000000   3.30000000    84.4315053915
  3.00000000   3.30000000    83.9441585235
  3.10000000   3.30000000    83.5187995640
  3.20000000   3.30000000    83.1790444228
  3.30000000   3.30000000    82.9426587728
  3.40000000   3.30000000    82.8215005028
  3.50000000   3.30000000    82.8215005028

  0.00000000   3.40000000     0.0000000000
  0.10000000   3.40000000     5.8959623401
  0.20000000   3.40000000    11.7722547131
  0.30000000   3.40000000    17.6086364714
  0.40000000   3.40000000    23.3837519097
  0.50000000   3.40000000    29.0746412199
  0.60000000   3.40000000    34.6563405115
  0.70000000   3.40000000    40.1016114093
  0.80000000   3.40000000    45.3808470688
  0.90000000   3.40000000    50.4622068698
  1.00000000   3.40000000    55.3120317348
  1.10000000   3.40000000    59.8955846044
  1.20000000   3.40000000    64.1781398334
  1.30000000   3.40000000    68.1264111692
  1.40000000   3.40000000    71.7102578735
  1.50000000   3.40000000    74.9045506265
  1.60000000   3.40000000    77.6910214237
  1.70000000   3.40000000    80.0598842300
  1.80000000   3.40000000    82.0110092813
  1.90000000   3.40000000    83.5544760747
  2.00000000   3.40000000    84.7104112071
  2.10000000   3.40000000    85.5081218516
  2.20000000   3.40000000    85.9846354417
  2.30000000   3.40000000    86.1828293720
  2.40000000   3.40000000    86.1493646905
  2.50000000   3.40000000    85.9326264382
  2.60000000   3.40000000    85.5808300504
  2.70000000   3.40000000    85.1403962659
  2.80000000   3.40000000    84.6546400645
  2.90000000   3.40000000    84.1627733766
  3.00000000   3.40000000    83.6991897580
  3.10000000   3.40000000    83.2929823777
  3.20000000   3.40000000    82.9676410874
  3.30000000   3.40000000    82.7408770721
  3.40000000   3.40000000    82.6245310404
  3.50000000   3.40000000    82.6245310404

  0.00000000   3.50000000     0.0000000000
  0.10000000   3.50000000     5.8959623401
  0.20000000   3.50000000    11.7722547131
  0.30000000   3.50000000    17.6086364714
  0.40000000   3.50000000    23.3837519097
  0.50000000   3.50000000    29.0746412199
  0.60000000   3.50000000    34.6563405115
  0.70000000   3.50000000    40.1016114093
  0.80000000   3.50000000    45.3808470688
  0.90000000   3.50000000    50.4622068698
  1.00000000   3.50000000    55.3120317348
  1.10000000   3.50000000    59.8955846044
  1.20000000   3.50000000    64.1781398334
  1.30000000   3.50000000    68.1264111692
  1.40000000   3.50000000    71.7102578735
  1.50000000   3.50000000    74.9045506265
  1.60000000   3.50000000    77.6910214237
  1.70000000   3.50000000    80.0598842300
  1.80000000   3.50000000    82.0110092813
  1.90000000   3.50000000    83.5544760747
  2.00000000   3.50000000    84.7104112071
  2.10000000   3.50000000    85.5081218516
  2.20000000   3.50000000    85.9846354417
  2.30000000   3.50000000    86.1828293720
  2.40000000   3.50000000    86.1493646905
  2.50000000   3.50000000    85.9326264382
  2.60000000   3.50000000    85.5808300504
  2.70000000   3.50000000    85.1403962659
  2.80000000   3.50000000    84.6546400645
  2.90000000   3.50000000    84.1627733766
  3.00000000   3.50000000    83.6991897580
  3.10000000   3.50000000    83.2929823777
  3.20000000   3.50000000    82.9676410874
  3.30000000   3.50000000    82.7408770721
  3.40000000   3.50000000    82.6245310404
  3.50000000   3.50000000    82.6245310404

