  0.00000000   0.00000000    80.0474382021
  0.10000000   0.00000000    80.0474382021
  0.20000000   0.00000000    80.2707836738
  0.30000000   0.00000000    80.6833026260
  0.40000000   0.00000000    81.2605842714
  0.50000000   0.00000000    81.9886046820
  0.60000000   0.00000000    82.8482504638
  0.70000000   0.00000000    83.8157223720
  0.80000000   0.00000000    84.8629241199
  0.90000000   0.00000000    85.9579693519
  1.00000000   0.00000000    87.0658814140
  1.10000000   0.00000000    88.1495360594
  1.20000000   0.00000000    89.1708744304
  1.30000000   0.00000000    90.0923820929
  1.40000000   0.00000000    90.8787871561
  1.50000000   0.00000000    91.4988799096
  1.60000000   0.00000000    91.9273069720
  1.70000000   0.00000000    92.1461581446
  1.80000000   0.00000000    92.1461581446
  1.90000000   0.00000000    91.9273069720
  2.00000000   0.00000000    91.4988799096
  2.10000000   0.00000000    90.8787871561
  2.20000000   0.00000000    90.0923820929
  2.30000000   0.00000000    89.1708744304
  2.40000000   0.00000000    88.1495360594
  2.50000000   0.00000000    87.0658814140
  2.60000000   0.00000000    85.9579693519
  2.70000000   0.00000000    84.8629241199
  2.80000000   0.00000000    83.8157223720
  2.90000000   0.00000000    82.8482504638
  3.00000000   0.00000000    81.9886046820
  3.10000000   0.00000000    81.2605842714
  3.20000000   0.00000000    80.6833026260
  3.30000000   0.00000000    80.2707836738
  3.40000000   0.00000000    80.0474382021
  3.50000000   0.00000000    80.0474382021

  0.00000000   0.10000000    80.0474382021
  0.10000000   0.10000000    80.0474382021
  0.20000000   0.10000000    80.2707836738
  0.30000000   0.10000000    80.6833026260
  0.40000000   0.10000000    81.2605842714
  0.50000000   0.10000000    81.9886046820
  0.60000000   0.10000000    82.8482504638
  0.70000000   0.10000000    83.8157223720
  0.80000000   0.10000000    84.8629241199
  0.90000000   0.10000000    85.9579693519
  1.00000000   0.10000000    87.0658814140
  1.10000000   0.10000000    88.1495360594
  1.20000000   0.10000000    89.1708744304
  1.30000000   0.10000000    90.0923820929
  1.40000000   0.10000000    90.8787871561
  1.50000000   0.10000000    91.4988799096
  1.60000000   0.10000000    91.9273069720
  1.70000000   0.10000000    92.1461581446
  1.80000000   0.10000000    92.1461581446
  1.90000000   0.10000000    91.9273069720
  2.00000000   0.10000000    91.4988799096
  2.10000000   0.10000000    90.8787871561
  2.20000000   0.10000000    90.0923820929
  2.30000000   0.10000000    89.1708744304
  2.40000000   0.10000000    88.1495360594
  2.50000000   0.10000000    87.0658814140
  2.60000000   0.10000000    85.9579693519
  2.70000000   0.10000000    84.8629241199
  2.80000000   0.10000000    83.8157223720
  2.90000000   0.10000000    82.8482504638
  3.00000000   0.10000000    81.9886046820
  3.10000000   0.10000000    81.2605842714
  3.20000000   0.10000000    80.6833026260
  3.30000000   0.10000000    80.2707836738
  3.40000000   0.10000000    80.0474382021
  3.50000000   0.10000000    80.0474382021

  0.00000000   0.20000000    80.2869841794
  0.10000000   0.20000000    80.2869841794
  0.20000000   0.20000000    80.5096338067
  0.30000000   0.20000000    80.9289179143
  0.40000000   0.20000000    81.5182450446
  0.50000000   0.20000000    82.2628830967
  0.60000000   0.20000000    83.1433805541
  0.70000000   0.20000000    84.1356308362
  0.80000000   0.20000000    85.2111268988
  0.90000000   0.20000000    86.3373918799
  1.00000000   0.20000000    87.4786263633
  1.10000000   0.20000000    88.5966205267
  1.20000000   0.20000000    89.6519671909
  1.30000000   0.20000000    90.6055827399
  1.40000000   0.20000000    91.4204969550
  1.50000000   0.20000000    92.0638133764
  1.60000000   0.20000000    92.5086790568
  1.70000000   0.20000000    92.7360537463
  1.80000000   0.20000000    92.7360537463
  1.90000000   0.20000000    92.5086790568
  2.00000000   0.20000000    92.0638133764
  2.10000000   0.20000000    91.4204969550
  2.20000000   0.20000000    90.6055827399
  2.30000000   0.20000000    89.6519671909
  2.40000000   0.20000000    88.5966205267
  2.50000000   0.20000000    87.4786263633
  2.60000000   0.20000000    86.3373918799
  2.70000000   0.20000000    85.2111268988
  2.80000000   0.20000000    84.1356308362
  2.90000000   0.20000000    83.1433805541
  3.00000000   0.20000000    82.2628830967
  3.10000000   0.20000000    81.5182450446
  3.20000000   0.20000000    80.9289179143
  3.30000000   0.20000000    80.5096338067
  3.40000000   0.20000000    80.2869841794
  3.50000000   0.20000000    80.2869841794

  0.00000000   0.30000000    80.6994495082
  0.10000000   0.30000000    80.6994495082
  0.20000000   0.30000000    80.9289208228
  0.30000000   0.30000000    81.3641029052
  0.40000000   0.30000000    81.9784366275
  0.50000000   0.30000000    82.7569061302
  0.60000000   0.30000000    83.6797157062
  0.70000000   0.30000000    84.7222691927
  0.80000000   0.30000000    85.8553037611
  0.90000000   0.30000000    87.0452023649
  1.00000000   0.30000000    88.2545382854
  1.10000000   0.30000000    89.4429179686
  1.20000000   0.30000000    90.5681835159
  1.30000000   0.30000000    91.5880098672
  1.40000000   0.30000000    92.4618793398
  1.50000000   0.30000000    93.1533379445
  1.60000000   0.30000000    93.6323447716
  1.70000000   0.30000000    93.8774429492
  1.80000000   0.30000000    93.8774429492
  1.90000000   0.30000000    93.6323447716
  2.00000000   0.30000000    93.1533379445
  2.10000000   0.30000000    92.4618793398
  2.20000000   0.30000000    91.5880098672
  2.30000000   0.30000000    90.5681835159
  2.40000000   0.30000000    89.4429179686
  2.50000000   0.30000000    88.2545382854
  2.60000000   0.30000000    87.0452023649
  2.70000000   0.30000000    85.8553037611
  2.80000000   0.30000000    84.7222691927
  2.90000000   0.30000000    83.6797157062
  3.00000000   0.30000000    82.7569061302
  3.10000000   0.30000000    81.9784366275
  3.20000000   0.30000000    81.3641029052
  3.30000000   0.30000000    80.9289208228
  3.40000000   0.30000000    80.6994495082
  3.50000000   0.30000000    80.6994495082

  0.00000000   0.40000000    81.2766567951
  0.10000000   0.40000000    81.2766567951
  0.20000000   0.40000000    81.5182520741
  0.30000000   0.40000000    81.9784408257
  0.40000000   0.40000000    82.6309502373
  0.50000000   0.40000000    83.4607066131
  0.60000000   0.40000000    84.4476500687
  0.70000000   0.40000000    85.5666349247
  0.80000000   0.40000000    86.7874180369
  0.90000000   0.40000000    88.0747986758
  1.00000000   0.40000000    89.3889925319
  1.10000000   0.40000000    90.6863413425
  1.20000000   0.40000000    91.9204661641
  1.30000000   0.40000000    93.0439533351
  1.40000000   0.40000000    94.0106033438
  1.50000000   0.40000000    94.7781650032
  1.60000000   0.40000000    95.3113288894
  1.70000000   0.40000000    95.5846027696
  1.80000000   0.40000000    95.5846027696
  1.90000000   0.40000000    95.3113288894
  2.00000000   0.40000000    94.7781650032
  2.10000000   0.40000000    94.0106033438
  2.20000000   0.40000000    93.0439533351
  2.30000000   0.40000000    91.9204661641
  2.40000000   0.40000000    90.6863413425
  2.50000000   0.40000000    89.3889925319
  2.60000000   0.40000000    88.0747986758
  2.70000000   0.40000000    86.7874180369
  2.80000000   0.40000000    85.5666349247
  2.90000000   0.40000000    84.4476500687
  3.00000000   0.40000000    83.4607066131
  3.10000000   0.40000000    82.6309502373
  3.20000000   0.40000000    81.9784408257
  3.30000000   0.40000000    81.5182520741
  3.40000000   0.40000000    81.2766567951
  3.50000000   0.40000000    81.2766567951

  0.00000000   0.50000000    82.0045838057
  0.10000000   0.50000000    82.0045838057
  0.20000000   0.50000000    82.2628955932
  0.30000000   0.50000000    82.7569158880
  0.40000000   0.50000000    83.4607122316
  0.50000000   0.50000000    84.3593196495
  0.60000000   0.50000000    85.4325739227
  0.70000000   0.50000000    86.6548670651
  0.80000000   0.50000000    87.9949266384
  0.90000000   0.50000000    89.4157000868
  1.00000000   0.50000000    90.8744555873
  1.10000000   0.50000000    92.3232483128
  1.20000000   0.50000000    93.7099319590
  1.30000000   0.50000000    94.9798981814
  1.40000000   0.50000000    96.0786705929
  1.50000000   0.50000000    96.9553345907
  1.60000000   0.50000000    97.5665431029
  1.70000000   0.50000000    97.8805540900
  1.80000000   0.50000000    97.8805540900
  1.90000000   0.50000000    97.5665431029
  2.00000000   0.50000000    96.9553345907
  2.10000000   0.50000000    96.0786705929
  2.20000000   0.50000000    94.9798981814
  2.30000000   0.50000000    93.7099319590
  2.40000000   0.50000000    92.3232483128
  2.50000000   0.50000000    90.8744555873
  2.60000000   0.50000000    89.4157000868
  2.70000000   0.50000000    87.9949266384
  2.80000000   0.50000000    86.6548670651
  2.90000000   0.50000000    85.4325739227
  3.00000000   0.50000000    84.3593196495
  3.10000000   0.50000000    83.4607122316
  3.20000000   0.50000000    82.7569158880
  3.30000000   0.50000000    82.2628955932
  3.40000000   0.50000000    82.0045838057
  3.50000000   0.50000000    82.0045838057

  0.00000000   0.60000000    82.8641196239
  0.10000000   0.60000000    82.8641196239
  0.20000000   0.60000000    83.1433998631
  0.30000000   0.60000000    83.6797324109
  0.40000000   0.60000000    84.4476627768
  0.50000000   0.60000000    85.4325811168
  0.60000000   0.60000000    86.6145239626
  0.70000000   0.60000000    87.9677186641
  0.80000000   0.60000000    89.4600731932
  0.90000000   0.60000000    91.0526938084
  1.00000000   0.60000000    92.6995635674
  1.10000000   0.60000000    94.3475839735
  1.20000000   0.60000000    95.9372590577
  1.30000000   0.60000000    97.4043563660
  1.40000000   0.60000000    98.6828569652
  1.50000000   0.60000000    99.7093304617
  1.60000000   0.60000000   100.4284851479
  1.70000000   0.60000000   100.7991011653
  1.80000000   0.60000000   100.7991011653
  1.90000000   0.60000000   100.4284851479
  2.00000000   0.60000000    99.7093304617
  2.10000000   0.60000000    98.6828569652
  2.20000000   0.60000000    97.4043563660
  2.30000000   0.60000000    95.9372590577
  2.40000000   0.60000000    94.3475839735
  2.50000000   0.60000000    92.6995635674
  2.60000000   0.60000000    91.0526938084
  2.70000000   0.60000000    89.4600731932
  2.80000000   0.60000000    87.9677186641
  2.90000000   0.60000000    86.6145239626
  3.00000000   0.60000000    85.4325811168
  3.10000000   0.60000000    84.4476627768
  3.20000000   0.60000000    83.6797324109
  3.30000000   0.60000000    83.1433998631
  3.40000000   0.60000000    82.8641196239
  3.50000000   0.60000000    82.8641196239

  0.00000000   0.70000000    83.8314681209
  0.10000000   0.70000000    83.8314681209
  0.20000000   0.70000000    84.1356582462
  0.30000000   0.70000000    84.7222942131
  0.40000000   0.70000000    85.5666562212
  0.50000000   0.70000000    86.6548831224
  0.60000000   0.70000000    87.9677277229
  0.70000000   0.70000000    89.4798403763
  0.80000000   0.70000000    91.1588883423
  0.90000000   0.70000000    92.9645752760
  1.00000000   0.70000000    94.8476961094
  1.10000000   0.70000000    96.7494746669
  1.20000000   0.70000000    98.6015837573
  1.30000000   0.70000000   100.3274105457
  1.40000000   0.70000000   101.8452176059
  1.50000000   0.70000000   103.0736997511
  1.60000000   0.70000000   103.9398539549
  1.70000000   0.70000000   104.3880358967
  1.80000000   0.70000000   104.3880358967
  1.90000000   0.70000000   103.9398539549
  2.00000000   0.70000000   103.0736997511
  2.10000000   0.70000000   101.8452176059
  2.20000000   0.70000000   100.3274105457
  2.30000000   0.70000000    98.6015837573
  2.40000000   0.70000000    96.7494746669
  2.50000000   0.70000000    94.8476961094
  2.60000000   0.70000000    92.9645752760
  2.70000000   0.70000000    91.1588883423
  2.80000000   0.70000000    89.4798403763
  2.90000000   0.70000000    87.9677277229
  3.00000000   0.70000000    86.6548831224
  3.10000000   0.70000000    85.5666562212
  3.20000000   0.70000000    84.7222942131
  3.30000000   0.70000000    84.1356582462
  3.40000000   0.70000000    83.8314681209
  3.50000000   0.70000000    83.8314681209

  0.00000000   0.80000000    84.8785366767
  0.10000000   0.80000000    84.8785366767
  0.20000000   0.80000000    85.2111635899
  0.30000000   0.80000000    85.8553383951
  0.40000000   0.80000000    86.7874494040
  0.50000000   0.80000000    87.9949532925
  0.60000000   0.80000000    89.4600933556
  0.70000000   0.80000000    91.1588997982
  0.80000000   0.80000000    93.0598769698
  0.90000000   0.80000000    95.1223924119
  1.00000000   0.80000000    97.2948636561
  1.10000000   0.80000000    99.5129940883
  1.20000000   0.80000000   101.6985661799
  1.30000000   0.80000000   103.7596569615
  1.40000000   0.80000000   105.5935003427
  1.50000000   0.80000000   107.0932915156
  1.60000000   0.80000000   108.1594793333
  1.70000000   0.80000000   108.7140863827
  1.80000000   0.80000000   108.7140863827
  1.90000000   0.80000000   108.1594793333
  2.00000000   0.80000000   107.0932915156
  2.10000000   0.80000000   105.5935003427
  2.20000000   0.80000000   103.7596569615
  2.30000000   0.80000000   101.6985661799
  2.40000000   0.80000000    99.5129940883
  2.50000000   0.80000000    97.2948636561
  2.60000000   0.80000000    95.1223924119
  2.70000000   0.80000000    93.0598769698
  2.80000000   0.80000000    91.1588997982
  2.90000000   0.80000000    89.4600933556
  3.00000000   0.80000000    87.9949532925
  3.10000000   0.80000000    86.7874494040
  3.20000000   0.80000000    85.8553383951
  3.30000000   0.80000000    85.2111635899
  3.40000000   0.80000000    84.8785366767
  3.50000000   0.80000000    84.8785366767

  0.00000000   0.90000000    85.9734430640
  0.10000000   0.90000000    85.9734430640
  0.20000000   0.90000000    86.3374388586
  0.30000000   0.90000000    87.0452477692
  0.40000000   0.90000000    88.0748415092
  0.50000000   0.90000000    89.4157390713
  0.60000000   0.90000000    91.0527272528
  0.70000000   0.90000000    92.9646009151
  0.80000000   0.90000000    95.1224072206
  0.90000000   0.90000000    97.4871132132
  1.00000000   0.90000000   100.0066787469
  1.10000000   0.90000000   102.6126876811
  1.20000000   0.90000000   105.2170530367
  1.30000000   0.90000000   107.7099572446
  1.40000000   0.90000000   109.9611115942
  1.50000000   0.90000000   111.8272413685
  1.60000000   0.90000000   113.1682266711
  1.70000000   0.90000000   113.8706137828
  1.80000000   0.90000000   113.8706137828
  1.90000000   0.90000000   113.1682266711
  2.00000000   0.90000000   111.8272413685
  2.10000000   0.90000000   109.9611115942
  2.20000000   0.90000000   107.7099572446
  2.30000000   0.90000000   105.2170530367
  2.40000000   0.90000000   102.6126876811
  2.50000000   0.90000000   100.0066787469
  2.60000000   0.90000000    97.4871132132
  2.70000000   0.90000000    95.1224072206
  2.80000000   0.90000000    92.9646009151
  2.90000000   0.90000000    91.0527272528
  3.00000000   0.90000000    89.4157390713
  3.10000000   0.90000000    88.0748415092
  3.20000000   0.90000000    87.0452477692
  3.30000000   0.90000000    86.3374388586
  3.40000000   0.90000000    85.9734430640
  3.50000000   0.90000000    85.9734430640

  0.00000000   1.00000000    87.0812151108
  0.10000000   1.00000000    87.0812151108
  0.20000000   1.00000000    87.4786843808
  0.30000000   1.00000000    88.2545953842
  0.40000000   1.00000000    89.3890480375
  0.50000000   1.00000000    90.8745085240
  0.60000000   1.00000000    92.6996124955
  0.70000000   1.00000000    94.8477389053
  0.80000000   1.00000000    97.2948972196
  0.90000000   1.00000000   100.0066986318
  1.00000000   1.00000000   102.9341711230
  1.10000000   1.00000000   106.0082805869
  1.20000000   1.00000000   109.1333968393
  1.30000000   1.00000000   112.1808807414
  1.40000000   1.00000000   114.9858300872
  1.50000000   1.00000000   117.3527918307
  1.60000000   1.00000000   119.0779868332
  1.70000000   1.00000000   119.9898266262
  1.80000000   1.00000000   119.9898266262
  1.90000000   1.00000000   119.0779868332
  2.00000000   1.00000000   117.3527918307
  2.10000000   1.00000000   114.9858300872
  2.20000000   1.00000000   112.1808807414
  2.30000000   1.00000000   109.1333968393
  2.40000000   1.00000000   106.0082805869
  2.50000000   1.00000000   102.9341711230
  2.60000000   1.00000000   100.0066986318
  2.70000000   1.00000000    97.2948972196
  2.80000000   1.00000000    94.8477389053
  2.90000000   1.00000000    92.6996124955
  3.00000000   1.00000000    90.8745085240
  3.10000000   1.00000000    89.3890480375
  3.20000000   1.00000000    88.2545953842
  3.30000000   1.00000000    87.4786843808
  3.40000000   1.00000000    87.0812151108
  3.50000000   1.00000000    87.0812151108

  0.00000000   1.10000000    88.1647332710
  0.10000000   1.10000000    88.1647332710
  0.20000000   1.10000000    88.5966899859
  0.30000000   1.10000000    89.4429873419
  0.40000000   1.10000000    90.6864103992
  0.50000000   1.10000000    92.3233165427
  0.60000000   1.10000000    94.3476504116
  0.70000000   1.10000000    96.7495376291
  0.80000000   1.10000000    99.5130507774
  0.90000000   1.10000000   102.6127336098
  1.00000000   1.10000000   106.0083087792
  1.10000000   1.10000000   109.6368668220
  1.20000000   1.10000000   113.4019368498
  1.30000000   1.10000000   117.1597025758
  1.40000000   1.10000000   120.7054365901
  1.50000000   1.10000000   123.7698738848
  1.60000000   1.10000000   126.0456694777
  1.70000000   1.10000000   127.2627004770
  1.80000000   1.10000000   127.2627004770
  1.90000000   1.10000000   126.0456694777
  2.00000000   1.10000000   123.7698738848
  2.10000000   1.10000000   120.7054365901
  2.20000000   1.10000000   117.1597025758
  2.30000000   1.10000000   113.4019368498
  2.40000000   1.10000000   109.6368668220
  2.50000000   1.10000000   106.0083087792
  2.60000000   1.10000000   102.6127336098
  2.70000000   1.10000000    99.5130507774
  2.80000000   1.10000000    96.7495376291
  2.90000000   1.10000000    94.3476504116
  3.00000000   1.10000000    92.3233165427
  3.10000000   1.10000000    90.6864103992
  3.20000000   1.10000000    89.4429873419
  3.30000000   1.10000000    88.5966899859
  3.40000000   1.10000000    88.1647332710
  3.50000000   1.10000000    88.1647332710

  0.00000000   1.20000000    89.1859434431
  0.10000000   1.20000000    89.1859434431
  0.20000000   1.20000000    89.6520480492
  0.30000000   1.20000000    90.5682652756
  0.40000000   1.20000000    91.9205491564
  0.50000000   1.20000000    93.7100163150
  0.60000000   1.20000000    95.9373445519
  0.70000000   1.20000000    98.6016695437
  0.80000000   1.20000000   101.6986503482
  0.90000000   1.20000000   105.2171318713
  1.00000000   1.20000000   109.1334636065
  1.10000000   1.20000000   113.4019798907
  1.20000000   1.20000000   117.9394453089
  1.30000000   1.20000000   122.6008695892
  1.40000000   1.20000000   127.1459514700
  1.50000000   1.20000000   131.2059759397
  1.60000000   1.20000000   134.2956434016
  1.70000000   1.20000000   135.9724698905
  1.80000000   1.20000000   135.9724698905
  1.90000000   1.20000000   134.2956434016
  2.00000000   1.20000000   131.2059759397
  2.10000000   1.20000000   127.1459514700
  2.20000000   1.20000000   122.6008695892
  2.30000000   1.20000000   117.9394453089
  2.40000000   1.20000000   113.4019798907
  2.50000000   1.20000000   109.1334636065
  2.60000000   1.20000000   105.2171318713
  2.70000000   1.20000000   101.6986503482
  2.80000000   1.20000000    98.6016695437
  2.90000000   1.20000000    95.9373445519
  3.00000000   1.20000000    93.7100163150
  3.10000000   1.20000000    91.9205491564
  3.20000000   1.20000000    90.5682652756
  3.30000000   1.20000000    89.6520480492
  3.40000000   1.20000000    89.1859434431
  3.50000000   1.20000000    89.1859434431

  0.00000000   1.30000000    90.1073358173
  0.10000000   1.30000000    90.1073358173
  0.20000000   1.30000000    90.6056744235
  0.30000000   1.30000000    91.5881035374
  0.40000000   1.30000000    93.0440499761
  0.50000000   1.30000000    94.9799987196
  0.60000000   1.30000000    97.4044615784
  0.70000000   1.30000000   100.3275208697
  0.80000000   1.30000000   103.7597721194
  0.90000000   1.30000000   107.7100755161
  1.00000000   1.30000000   112.1809975631
  1.10000000   1.30000000   117.1598078519
  1.20000000   1.30000000   122.6009425748
  1.30000000   1.30000000   128.3922346452
  1.40000000   1.30000000   134.2916517606
  1.50000000   1.30000000   139.8203463131
  1.60000000   1.30000000   144.1570768029
  1.70000000   1.30000000   146.5526444859
  1.80000000   1.30000000   146.5526444859
  1.90000000   1.30000000   144.1570768029
  2.00000000   1.30000000   139.8203463131
  2.10000000   1.30000000   134.2916517606
  2.20000000   1.30000000   128.3922346452
  2.30000000   1.30000000   122.6009425748
  2.40000000   1.30000000   117.1598078519
  2.50000000   1.30000000   112.1809975631
  2.60000000   1.30000000   107.7100755161
  2.70000000   1.30000000   103.7597721194
  2.80000000   1.30000000   100.3275208697
  2.90000000   1.30000000    97.4044615784
  3.00000000   1.30000000    94.9799987196
  3.10000000   1.30000000    93.0440499761
  3.20000000   1.30000000    91.5881035374
  3.30000000   1.30000000    90.6056744235
  3.40000000   1.30000000    90.1073358173
  3.50000000   1.30000000    90.1073358173

  0.00000000   1.40000000    90.8936427906
  0.10000000   1.40000000    90.8936427906
  0.20000000   1.40000000    91.4205983031
  0.30000000   1.40000000    92.4619837661
  0.40000000   1.40000000    94.0107125204
  0.50000000   1.40000000    96.0787863285
  0.60000000   1.40000000    98.6829812251
  0.70000000   1.40000000   101.8453524838
  0.80000000   1.40000000   105.5936479214
  0.90000000   1.40000000   109.9612735538
  1.00000000   1.40000000   114.9860067371
  1.10000000   1.40000000   120.7056245458
  1.20000000   1.40000000   127.1461379203
  1.30000000   1.40000000   134.2917991891
  1.40000000   1.40000000   142.0065405002
  1.50000000   1.40000000   149.8085704905
  1.60000000   1.40000000   156.1285275952
  1.70000000   1.40000000   159.6900521972
  1.80000000   1.40000000   159.6900521972
  1.90000000   1.40000000   156.1285275952
  2.00000000   1.40000000   149.8085704905
  2.10000000   1.40000000   142.0065405002
  2.20000000   1.40000000   134.2917991891
  2.30000000   1.40000000   127.1461379203
  2.40000000   1.40000000   120.7056245458
  2.50000000   1.40000000   114.9860067371
  2.60000000   1.40000000   109.9612735538
  2.70000000   1.40000000   105.5936479214
  2.80000000   1.40000000   101.8453524838
  2.90000000   1.40000000    98.6829812251
  3.00000000   1.40000000    96.0787863285
  3.10000000   1.40000000    94.0107125204
  3.20000000   1.40000000    92.4619837661
  3.30000000   1.40000000    91.4205983031
  3.40000000   1.40000000    90.8936427906
  3.50000000   1.40000000    90.8936427906

  0.00000000   1.50000000    91.5136583972
  0.10000000   1.50000000    91.5136583972
  0.20000000   1.50000000    92.0639226344
  0.30000000   1.50000000    93.1534512608
  0.40000000   1.50000000    94.7782846908
  0.50000000   1.50000000    96.9554633133
  0.60000000   1.50000000    99.7094713932
  0.70000000   1.50000000   103.0738567733
  0.80000000   1.50000000   107.0934694564
  0.90000000   1.50000000   111.8274462705
  1.00000000   1.50000000   117.3530311984
  1.10000000   1.50000000   123.7701567859
  1.20000000   1.50000000   131.2063128092
  1.30000000   1.50000000   139.8207490864
  1.40000000   1.50000000   149.8090600070
  1.50000000   1.50000000   161.4306429069
  1.60000000   1.50000000   170.9911428807
  1.70000000   1.50000000   176.5110565246
  1.80000000   1.50000000   176.5110565246
  1.90000000   1.50000000   170.9911428807
  2.00000000   1.50000000   161.4306429069
  2.10000000   1.50000000   149.8090600070
  2.20000000   1.50000000   139.8207490864
  2.30000000   1.50000000   131.2063128092
  2.40000000   1.50000000   123.7701567859
  2.50000000   1.50000000   117.3530311984
  2.60000000   1.50000000   111.8274462705
  2.70000000   1.50000000   107.0934694564
  2.80000000   1.50000000   103.0738567733
  2.90000000   1.50000000    99.7094713932
  3.00000000   1.50000000    96.9554633133
  3.10000000   1.50000000    94.7782846908
  3.20000000   1.50000000    93.1534512608
  3.30000000   1.50000000    92.0639226344
  3.40000000   1.50000000    91.5136583972
  3.50000000   1.50000000    91.5136583972

  0.00000000   1.60000000    91.9420322634
  0.10000000   1.60000000    91.9420322634
  0.20000000   1.60000000    92.5087939338
  0.30000000   1.60000000    93.6324644511
  0.40000000   1.60000000    95.3114561838
  0.50000000   1.60000000    97.5666813605
  0.60000000   1.60000000   100.4286385434
  0.70000000   1.60000000   103.9400279065
  0.80000000   1.60000000   108.1596811300
  0.90000000   1.60000000   113.1684664518
  1.00000000   1.60000000   119.0782791737
  1.10000000   1.60000000   126.0460360675
  1.20000000   1.60000000   134.2961177593
  1.30000000   1.60000000   144.1577128926
  1.40000000   1.60000000   156.1294151869
  1.50000000   1.60000000   173.1109964384
  1.60000000   1.60000000   200.0000000000
  1.70000000   1.60000000   200.0000000000
  1.80000000   1.60000000   200.0000000000
  1.90000000   1.60000000   200.0000000000
  2.00000000   1.60000000   173.1109964384
  2.10000000   1.60000000   156.1294151869
  2.20000000   1.60000000   144.1577128926
  2.30000000   1.60000000   134.2961177593
  2.40000000   1.60000000   126.0460360675
  2.50000000   1.60000000   119.0782791737
  2.60000000   1.60000000   113.1684664518
  2.70000000   1.60000000   108.1596811300
  2.80000000   1.60000000   103.9400279065
  2.90000000   1.60000000   100.4286385434
  3.00000000   1.60000000    97.5666813605
  3.10000000   1.60000000    95.3114561838
  3.20000000   1.60000000    93.6324644511
  3.30000000   1.60000000    92.5087939338
  3.40000000   1.60000000    91.9420322634
  3.50000000   1.60000000    91.9420322634

  0.00000000   1.70000000    92.1608562957
  0.10000000   1.70000000    92.1608562957
  0.20000000   1.70000000    92.7361715435
  0.30000000   1.70000000    93.8775659514
  0.40000000   1.70000000    95.5847340635
  0.50000000   1.70000000    97.8806974062
  0.60000000   1.70000000   100.7992612476
  0.70000000   1.70000000   104.3882190552
  0.80000000   1.70000000   108.7143013652
  0.90000000   1.70000000   113.8708732067
  1.00000000   1.70000000   119.9901494182
  1.10000000   1.70000000   127.2631161676
  1.20000000   1.70000000   135.9730263665
  1.30000000   1.70000000   146.5534222163
  1.40000000   1.70000000   159.6911904980
  1.50000000   1.70000000   177.2922157415
  1.60000000   1.70000000   200.0000000000
  1.70000000   1.70000000   200.0000000000
  1.80000000   1.70000000   200.0000000000
  1.90000000   1.70000000   200.0000000000
  2.00000000   1.70000000   177.2922157415
  2.10000000   1.70000000   159.6911904980
  2.20000000   1.70000000   146.5534222163
  2.30000000   1.70000000   135.9730263665
  2.40000000   1.70000000   127.2631161676
  2.50000000   1.70000000   119.9901494182
  2.60000000   1.70000000   113.8708732067
  2.70000000   1.70000000   108.7143013652
  2.80000000   1.70000000   104.3882190552
  2.90000000   1.70000000   100.7992612476
  3.00000000   1.70000000    97.8806974062
  3.10000000   1.70000000    95.5847340635
  3.20000000   1.70000000    93.8775659514
  3.30000000   1.70000000    92.7361715435
  3.40000000   1.70000000    92.1608562957
  3.50000000   1.70000000    92.1608562957

  0.00000000   1.80000000    92.1608562957
  0.10000000   1.80000000    92.1608562957
  0.20000000   1.80000000    92.7361715435
  0.30000000   1.80000000    93.8775659514
  0.40000000   1.80000000    95.5847340635
  0.50000000   1.80000000    97.8806974062
  0.60000000   1.80000000   100.7992612476
  0.70000000   1.80000000   104.3882190552
  0.80000000   1.80000000   108.7143013652
  0.90000000   1.80000000   113.8708732067
  1.00000000   1.80000000   119.9901494182
  1.10000000   1.80000000   127.2631161676
  1.20000000   1.80000000   135.9730263665
  1.30000000   1.80000000   146.5534222163
  1.40000000   1.80000000   159.6911904980
  1.50000000   1.80000000   177.2922157415
  1.60000000   1.80000000   200.0000000000
  1.70000000   1.80000000   200.0000000000
  1.80000000   1.80000000   200.0000000000
  1.90000000   1.80000000   200.0000000000
  2.00000000   1.80000000   177.2922157415
  2.10000000   1.80000000   159.6911904980
  2.20000000   1.80000000   146.5534222163
  2.30000000   1.80000000   135.9730263665
  2.40000000   1.80000000   127.2631161676
  2.50000000   1.80000000   119.9901494182
  2.60000000   1.80000000   113.8708732067
  2.70000000   1.80000000   108.7143013652
  2.80000000   1.80000000   104.3882190552
  2.90000000   1.80000000   100.7992612476
  3.00000000   1.80000000    97.8806974062
  3.10000000   1.80000000    95.5847340635
  3.20000000   1.80000000    93.8775659514
  3.30000000   1.80000000    92.7361715435
  3.40000000   1.80000000    92.1608562957
  3.50000000   1.80000000    92.1608562957

  0.00000000   1.90000000    91.9420322634
  0.10000000   1.90000000    91.9420322634
  0.20000000   1.90000000    92.5087939338
  0.30000000   1.90000000    93.6324644511
  0.40000000   1.90000000    95.3114561838
  0.50000000   1.90000000    97.5666813605
  0.60000000   1.90000000   100.4286385434
  0.70000000   1.90000000   103.9400279065
  0.80000000   1.90000000   108.1596811300
  0.90000000   1.90000000   113.1684664518
  1.00000000   1.90000000   119.0782791737
  1.10000000   1.90000000   126.0460360675
  1.20000000   1.90000000   134.2961177593
  1.30000000   1.90000000   144.1577128926
  1.40000000   1.90000000   156.1294151869
  1.50000000   1.90000000   173.1109964384
  1.60000000   1.90000000   200.0000000000
  1.70000000   1.90000000   200.0000000000
  1.80000000   1.90000000   200.0000000000
  1.90000000   1.90000000   200.0000000000
  2.00000000   1.90000000   173.1109964384
  2.10000000   1.90000000   156.1294151869
  2.20000000   1.90000000   144.1577128926
  2.30000000   1.90000000   134.2961177593
  2.40000000   1.90000000   126.0460360675
  2.50000000   1.90000000   119.0782791737
  2.60000000   1.90000000   113.1684664518
  2.70000000   1.90000000   108.1596811300
  2.80000000   1.90000000   103.9400279065
  2.90000000   1.90000000   100.4286385434
  3.00000000   1.90000000    97.5666813605
  3.10000000   1.90000000    95.3114561838
  3.20000000   1.90000000    93.6324644511
  3.30000000   1.90000000    92.5087939338
  3.40000000   1.90000000    91.9420322634
  3.50000000   1.90000000    91.9420322634

  0.00000000   2.00000000    91.5136583972
  0.10000000   2.00000000    91.5136583972
  0.20000000   2.00000000    92.0639226344
  0.30000000   2.00000000    93.1534512608
  0.40000000   2.00000000    94.7782846908
  0.50000000   2.00000000    96.9554633133
  0.60000000   2.00000000    99.7094713932
  0.70000000   2.00000000   103.0738567733
  0.80000000   2.00000000   107.0934694564
  0.90000000   2.00000000   111.8274462705
  1.00000000   2.00000000   117.3530311984
  1.10000000   2.00000000   123.7701567859
  1.20000000   2.00000000   131.2063128092
  1.30000000   2.00000000   139.8207490864
  1.40000000   2.00000000   149.8090600070
  1.50000000   2.00000000   161.4306429069
  1.60000000   2.00000000   170.9911428807
  1.70000000   2.00000000   176.5110565246
  1.80000000   2.00000000   176.5110565246
  1.90000000   2.00000000   170.9911428807
  2.00000000   2.00000000   161.4306429069
  2.10000000   2.00000000   149.8090600070
  2.20000000   2.00000000   139.8207490864
  2.30000000   2.00000000   131.2063128092
  2.40000000   2.00000000   123.7701567859
  2.50000000   2.00000000   117.3530311984
  2.60000000   2.00000000   111.8274462705
  2.70000000   2.00000000   107.0934694564
  2.80000000   2.00000000   103.0738567733
  2.90000000   2.00000000    99.7094713932
  3.00000000   2.00000000    96.9554633133
  3.10000000   2.00000000    94.7782846908
  3.20000000   2.00000000    93.1534512608
  3.30000000   2.00000000    92.0639226344
  3.40000000   2.00000000    91.5136583972
  3.50000000   2.00000000    91.5136583972

  0.00000000   2.10000000    90.8936427906
  0.10000000   2.10000000    90.8936427906
  0.20000000   2.10000000    91.4205983031
  0.30000000   2.10000000    92.4619837661
  0.40000000   2.10000000    94.0107125204
  0.50000000   2.10000000    96.0787863285
  0.60000000   2.10000000    98.6829812251
  0.70000000   2.10000000   101.8453524838
  0.80000000   2.10000000   105.5936479214
  0.90000000   2.10000000   109.9612735538
  1.00000000   2.10000000   114.9860067371
  1.10000000   2.10000000   120.7056245458
  1.20000000   2.10000000   127.1461379203
  1.30000000   2.10000000   134.2917991891
  1.40000000   2.10000000   142.0065405002
  1.50000000   2.10000000   149.8085704905
  1.60000000   2.10000000   156.1285275952
  1.70000000   2.10000000   159.6900521972
  1.80000000   2.10000000   159.6900521972
  1.90000000   2.10000000   156.1285275952
  2.00000000   2.10000000   149.8085704905
  2.10000000   2.10000000   142.0065405002
  2.20000000   2.10000000   134.2917991892
  2.30000000   2.10000000   127.1461379203
  2.40000000   2.10000000   120.7056245458
  2.50000000   2.10000000   114.9860067371
  2.60000000   2.10000000   109.9612735538
  2.70000000   2.10000000   105.5936479214
  2.80000000   2.10000000   101.8453524838
  2.90000000   2.10000000    98.6829812251
  3.00000000   2.10000000    96.0787863285
  3.10000000   2.10000000    94.0107125204
  3.20000000   2.10000000    92.4619837661
  3.30000000   2.10000000    91.4205983031
  3.40000000   2.10000000    90.8936427906
  3.50000000   2.10000000    90.8936427906

  0.00000000   2.20000000    90.1073358173
  0.10000000   2.20000000    90.1073358173
  0.20000000   2.20000000    90.6056744235
  0.30000000   2.20000000    91.5881035374
  0.40000000   2.20000000    93.0440499761
  0.50000000   2.20000000    94.9799987196
  0.60000000   2.20000000    97.4044615784
  0.70000000   2.20000000   100.3275208697
  0.80000000   2.20000000   103.7597721194
  0.90000000   2.20000000   107.7100755161
  1.00000000   2.20000000   112.1809975631
  1.10000000   2.20000000   117.1598078519
  1.20000000   2.20000000   122.6009425748
  1.30000000   2.20000000   128.3922346452
  1.40000000   2.20000000   134.2916517606
  1.50000000   2.20000000   139.8203463131
  1.60000000   2.20000000   144.1570768029
  1.70000000   2.20000000   146.5526444859
  1.80000000   2.20000000   146.5526444859
  1.90000000   2.20000000   144.1570768029
  2.00000000   2.20000000   139.8203463131
  2.10000000   2.20000000   134.2916517606
  2.20000000   2.20000000   128.3922346452
  2.30000000   2.20000000   122.6009425748
  2.40000000   2.20000000   117.1598078519
  2.50000000   2.20000000   112.1809975631
  2.60000000   2.20000000   107.7100755161
  2.70000000   2.20000000   103.7597721194
  2.80000000   2.20000000   100.3275208697
  2.90000000   2.20000000    97.4044615784
  3.00000000   2.20000000    94.9799987196
  3.10000000   2.20000000    93.0440499761
  3.20000000   2.20000000    91.5881035374
  3.30000000   2.20000000    90.6056744235
  3.40000000   2.20000000    90.1073358173
  3.50000000   2.20000000    90.1073358173

  0.00000000   2.30000000    89.1859434431
  0.10000000   2.30000000    89.1859434431
  0.20000000   2.30000000    89.6520480492
  0.30000000   2.30000000    90.5682652756
  0.40000000   2.30000000    91.9205491564
  0.50000000   2.30000000    93.7100163150
  0.60000000   2.30000000    95.9373445519
  0.70000000   2.30000000    98.6016695437
  0.80000000   2.30000000   101.6986503482
  0.90000000   2.30000000   105.2171318713
  1.00000000   2.30000000   109.1334636065
  1.10000000   2.30000000   113.4019798907
  1.20000000   2.30000000   117.9394453089
  1.30000000   2.30000000   122.6008695892
  1.40000000   2.30000000   127.1459514700
  1.50000000   2.30000000   131.2059759397
  1.60000000   2.30000000   134.2956434016
  1.70000000   2.30000000   135.9724698905
  1.80000000   2.30000000   135.9724698905
  1.90000000   2.30000000   134.2956434016
  2.00000000   2.30000000   131.2059759397
  2.10000000   2.30000000   127.1459514700
  2.20000000   2.30000000   122.6008695892
  2.30000000   2.30000000   117.9394453089
  2.40000000   2.30000000   113.4019798907
  2.50000000   2.30000000   109.1334636065
  2.60000000   2.30000000   105.2171318713
  2.70000000   2.30000000   101.6986503482
  2.80000000   2.30000000    98.6016695437
  2.90000000   2.30000000    95.9373445519
  3.00000000   2.30000000    93.7100163150
  3.10000000   2.30000000    91.9205491564
  3.20000000   2.30000000    90.5682652756
  3.30000000   2.30000000    89.6520480492
  3.40000000   2.30000000    89.1859434431
  3.50000000   2.30000000    89.1859434431

  0.00000000   2.40000000    88.1647332710
  0.10000000   2.40000000    88.1647332710
  0.20000000   2.40000000    88.5966899859
  0.30000000   2.40000000    89.4429873419
  0.40000000   2.40000000    90.6864103992
  0.50000000   2.40000000    92.3233165427
  0.60000000   2.40000000    94.3476504116
  0.70000000   2.40000000    96.7495376291
  0.80000000   2.40000000    99.5130507774
  0.90000000   2.40000000   102.6127336098
  1.00000000   2.40000000   106.0083087792
  1.10000000   2.40000000   109.6368668220
  1.20000000   2.40000000   113.4019368498
  1.30000000   2.40000000   117.1597025758
  1.40000000   2.40000000   120.7054365901
  1.50000000   2.40000000   123.7698738848
  1.60000000   2.40000000   126.0456694777
  1.70000000   2.40000000   127.2627004770
  1.80000000   2.40000000   127.2627004770
  1.90000000   2.40000000   126.0456694777
  2.00000000   2.40000000   123.7698738848
  2.10000000   2.40000000   120.7054365901
  2.20000000   2.40000000   117.1597025758
  2.30000000   2.40000000   113.4019368498
  2.40000000   2.40000000   109.6368668220
  2.50000000   2.40000000   106.0083087792
  2.60000000   2.40000000   102.6127336098
  2.70000000   2.40000000    99.5130507774
  2.80000000   2.40000000    96.7495376291
  2.90000000   2.40000000    94.3476504116
  3.00000000   2.40000000    92.3233165427
  3.10000000   2.40000000    90.6864103992
  3.20000000   2.40000000    89.4429873419
  3.30000000   2.40000000    88.5966899859
  3.40000000   2.40000000    88.1647332710
  3.50000000   2.40000000    88.1647332710

  0.00000000   2.50000000    87.0812151108
  0.10000000   2.50000000    87.0812151108
  0.20000000   2.50000000    87.4786843808
  0.30000000   2.50000000    88.2545953842
  0.40000000   2.50000000    89.3890480375
  0.50000000   2.50000000    90.8745085240
  0.60000000   2.50000000    92.6996124955
  0.70000000   2.50000000    94.8477389053
  0.80000000   2.50000000    97.2948972196
  0.90000000   2.50000000   100.0066986318
  1.00000000   2.50000000   102.9341711230
  1.10000000   2.50000000   106.0082805869
  1.20000000   2.50000000   109.1333968393
  1.30000000   2.50000000   112.1808807414
  1.40000000   2.50000000   114.9858300872
  1.50000000   2.50000000   117.3527918307
  1.60000000   2.50000000   119.0779868332
  1.70000000   2.50000000   119.9898266262
  1.80000000   2.50000000   119.9898266262
  1.90000000   2.50000000   119.0779868332
  2.00000000   2.50000000   117.3527918307
  2.10000000   2.50000000   114.9858300872
  2.20000000   2.50000000   112.1808807414
  2.30000000   2.50000000   109.1333968393
  2.40000000   2.50000000   106.0082805869
  2.50000000   2.50000000   102.9341711230
  2.60000000   2.50000000   100.0066986318
  2.70000000   2.50000000    97.2948972196
  2.80000000   2.50000000    94.8477389053
  2.90000000   2.50000000    92.6996124955
  3.00000000   2.50000000    90.8745085240
  3.10000000   2.50000000    89.3890480375
  3.20000000   2.50000000    88.2545953842
  3.30000000   2.50000000    87.4786843808
  3.40000000   2.50000000    87.0812151108
  3.50000000   2.50000000    87.0812151108

  0.00000000   2.60000000    85.9734430640
  0.10000000   2.60000000    85.9734430640
  0.20000000   2.60000000    86.3374388586
  0.30000000   2.60000000    87.0452477692
  0.40000000   2.60000000    88.0748415092
  0.50000000   2.60000000    89.4157390713
  0.60000000   2.60000000    91.0527272528
  0.70000000   2.60000000    92.9646009151
  0.80000000   2.60000000    95.1224072206
  0.90000000   2.60000000    97.4871132132
  1.00000000   2.60000000   100.0066787469
  1.10000000   2.60000000   102.6126876811
  1.20000000   2.60000000   105.2170530367
  1.30000000   2.60000000   107.7099572446
  1.40000000   2.60000000   109.9611115942
  1.50000000   2.60000000   111.8272413685
  1.60000000   2.60000000   113.1682266711
  1.70000000   2.60000000   113.8706137828
  1.80000000   2.60000000   113.8706137828
  1.90000000   2.60000000   113.1682266711
  2.00000000   2.60000000   111.8272413685
  2.10000000   2.60000000   109.9611115942
  2.20000000   2.60000000   107.7099572446
  2.30000000   2.60000000   105.2170530367
  2.40000000   2.60000000   102.6126876811
  2.50000000   2.60000000   100.0066787469
  2.60000000   2.60000000    97.4871132132
  2.70000000   2.60000000    95.1224072206
  2.80000000   2.60000000    92.9646009151
  2.90000000   2.60000000    91.0527272528
  3.00000000   2.60000000    89.4157390713
  3.10000000   2.60000000    88.0748415092
  3.20000000   2.60000000    87.0452477692
  3.30000000   2.60000000    86.3374388586
  3.40000000   2.60000000    85.9734430640
  3.50000000   2.60000000    85.9734430640

  0.00000000   2.70000000    84.8785366767
  0.10000000   2.70000000    84.8785366767
  0.20000000   2.70000000    85.2111635899
  0.30000000   2.70000000    85.8553383951
  0.40000000   2.70000000    86.7874494040
  0.50000000   2.70000000    87.9949532925
  0.60000000   2.70000000    89.4600933556
  0.70000000   2.70000000    91.1588997982
  0.80000000   2.70000000    93.0598769698
  0.90000000   2.70000000    95.1223924119
  1.00000000   2.70000000    97.2948636561
  1.10000000   2.70000000    99.5129940883
  1.20000000   2.70000000   101.6985661799
  1.30000000   2.70000000   103.7596569615
  1.40000000   2.70000000   105.5935003427
  1.50000000   2.70000000   107.0932915156
  1.60000000   2.70000000   108.1594793333
  1.70000000   2.70000000   108.7140863827
  1.80000000   2.70000000   108.7140863827
  1.90000000   2.70000000   108.1594793333
  2.00000000   2.70000000   107.0932915156
  2.10000000   2.70000000   105.5935003427
  2.20000000   2.70000000   103.7596569615
  2.30000000   2.70000000   101.6985661799
  2.40000000   2.70000000    99.5129940883
  2.50000000   2.70000000    97.2948636561
  2.60000000   2.70000000    95.1223924119
  2.70000000   2.70000000    93.0598769698
  2.80000000   2.70000000    91.1588997982
  2.90000000   2.70000000    89.4600933556
  3.00000000   2.70000000    87.9949532925
  3.10000000   2.70000000    86.7874494040
  3.20000000   2.70000000    85.8553383951
  3.30000000   2.70000000    85.2111635899
  3.40000000   2.70000000    84.8785366767
  3.50000000   2.70000000    84.8785366767

  0.00000000   2.80000000    83.8314681209
  0.10000000   2.80000000    83.8314681209
  0.20000000   2.80000000    84.1356582462
  0.30000000   2.80000000    84.7222942131
  0.40000000   2.80000000    85.5666562212
  0.50000000   2.80000000    86.6548831224
  0.60000000   2.80000000    87.9677277229
  0.70000000   2.80000000    89.4798403763
  0.80000000   2.80000000    91.1588883423
  0.90000000   2.80000000    92.9645752760
  1.00000000   2.80000000    94.8476961094
  1.10000000   2.80000000    96.7494746669
  1.20000000   2.80000000    98.6015837573
  1.30000000   2.80000000   100.3274105457
  1.40000000   2.80000000   101.8452176059
  1.50000000   2.80000000   103.0736997511
  1.60000000   2.80000000   103.9398539549
  1.70000000   2.80000000   104.3880358967
  1.80000000   2.80000000   104.3880358967
  1.90000000   2.80000000   103.9398539549
  2.00000000   2.80000000   103.0736997511
  2.10000000   2.80000000   101.8452176059
  2.20000000   2.80000000   100.3274105457
  2.30000000   2.80000000    98.6015837573
  2.40000000   2.80000000    96.7494746669
  2.50000000   2.80000000    94.8476961094
  2.60000000   2.80000000    92.9645752760
  2.70000000   2.80000000    91.1588883423
  2.80000000   2.80000000    89.4798403763
  2.90000000   2.80000000    87.9677277229
  3.00000000   2.80000000    86.6548831224
  3.10000000   2.80000000    85.5666562212
  3.20000000   2.80000000    84.7222942131
  3.30000000   2.80000000    84.1356582462
  3.40000000   2.80000000    83.8314681209
  3.50000000   2.80000000    83.8314681209

  0.00000000   2.90000000    82.8641196239
  0.10000000   2.90000000    82.8641196239
  0.20000000   2.90000000    83.1433998631
  0.30000000   2.90000000    83.6797324109
  0.40000000   2.90000000    84.4476627768
  0.50000000   2.90000000    85.4325811168
  0.60000000   2.90000000    86.6145239626
  0.70000000   2.90000000    87.9677186641
  0.80000000   2.90000000    89.4600731932
  0.90000000   2.90000000    91.0526938084
  1.00000000   2.90000000    92.6995635674
  1.10000000   2.90000000    94.3475839735
  1.20000000   2.90000000    95.9372590577
  1.30000000   2.90000000    97.4043563660
  1.40000000   2.90000000    98.6828569652
  1.50000000   2.90000000    99.7093304617
  1.60000000   2.90000000   100.4284851479
  1.70000000   2.90000000   100.7991011653
  1.80000000   2.90000000   100.7991011653
  1.90000000   2.90000000   100.4284851479
  2.00000000   2.90000000    99.7093304617
  2.10000000   2.90000000    98.6828569652
  2.20000000   2.90000000    97.4043563660
  2.30000000   2.90000000    95.9372590577
  2.40000000   2.90000000    94.3475839735
  2.50000000   2.90000000    92.6995635674
  2.60000000   2.90000000    91.0526938084
  2.70000000   2.90000000    89.4600731932
  2.80000000   2.90000000    87.9677186641
  2.90000000   2.90000000    86.6145239626
  3.00000000   2.90000000    85.4325811168
  3.10000000   2.90000000    84.4476627768
  3.20000000   2.90000000    83.6797324109
  3.30000000   2.90000000    83.1433998631
  3.40000000   2.90000000    82.8641196239
  3.50000000   2.90000000    82.8641196239

  0.00000000   3.00000000    82.0045838057
  0.10000000   3.00000000    82.0045838057
  0.20000000   3.00000000    82.2628955932
  0.30000000   3.00000000    82.7569158880
  0.40000000   3.00000000    83.4607122316
  0.50000000   3.00000000    84.3593196495
  0.60000000   3.00000000    85.4325739227
  0.70000000   3.00000000    86.6548670651
  0.80000000   3.00000000    87.9949266384
  0.90000000   3.00000000    89.4157000868
  1.00000000   3.00000000    90.8744555873
  1.10000000   3.00000000    92.3232483128
  1.20000000   3.00000000    93.7099319590
  1.30000000   3.00000000    94.9798981814
  1.40000000   3.00000000    96.0786705929
  1.50000000   3.00000000    96.9553345907
  1.60000000   3.00000000    97.5665431029
  1.70000000   3.00000000    97.8805540900
  1.80000000   3.00000000    97.8805540900
  1.90000000   3.00000000    97.5665431029
  2.00000000   3.00000000    96.9553345907
  2.10000000   3.00000000    96.0786705929
  2.20000000   3.00000000    94.9798981814
  2.30000000   3.00000000    93.7099319590
  2.40000000   3.00000000    92.3232483128
  2.50000000   3.00000000    90.8744555873
  2.60000000   3.00000000    89.4157000868
  2.70000000   3.00000000    87.9949266384
  2.80000000   3.00000000    86.6548670651
  2.90000000   3.00000000    85.4325739227
  3.00000000   3.00000000    84.3593196495
  3.10000000   3.00000000    83.4607122316
  3.20000000   3.00000000    82.7569158880
  3.30000000   3.00000000    82.2628955932
  3.40000000   3.00000000    82.0045838057
  3.50000000   3.00000000    82.0045838057

  0.00000000   3.10000000    81.2766567951
  0.10000000   3.10000000    81.2766567951
  0.20000000   3.10000000    81.5182520741
  0.30000000   3.10000000    81.9784408257
  0.40000000   3.10000000    82.6309502373
  0.50000000   3.10000000    83.4607066131
  0.60000000   3.10000000    84.4476500687
  0.70000000   3.10000000    85.5666349247
  0.80000000   3.10000000    86.7874180369
  0.90000000   3.10000000    88.0747986758
  1.00000000   3.10000000    89.3889925319
  1.10000000   3.10000000    90.6863413425
  1.20000000   3.10000000    91.9204661641
  1.30000000   3.10000000    93.0439533351
  1.40000000   3.10000000    94.0106033438
  1.50000000   3.10000000    94.7781650032
  1.60000000   3.10000000    95.3113288894
  1.70000000   3.10000000    95.5846027696
  1.80000000   3.10000000    95.5846027696
  1.90000000   3.10000000    95.3113288894
  2.00000000   3.10000000    94.7781650032
  2.10000000   3.10000000    94.0106033438
  2.20000000   3.10000000    93.0439533351
  2.30000000   3.10000000    91.9204661641
  2.40000000   3.10000000    90.6863413425
  2.50000000   3.10000000    89.3889925319
  2.60000000   3.10000000    88.0747986758
  2.70000000   3.10000000    86.7874180369
  2.80000000   3.10000000    85.5666349247
  2.90000000   3.10000000    84.4476500687
  3.00000000   3.10000000    83.4607066131
  3.10000000   3.10000000    82.6309502373
  3.20000000   3.10000000    81.9784408257
  3.30000000   3.10000000    81.5182520741
  3.40000000   3.10000000    81.2766567951
  3.50000000   3.10000000    81.2766567951

  0.00000000   3.20000000    80.6994495082
  0.10000000   3.20000000    80.6994495082
  0.20000000   3.20000000    80.9289208228
  0.30000000   3.20000000    81.3641029052
  0.40000000   3.20000000    81.9784366275
  0.50000000   3.20000000    82.7569061302
  0.60000000   3.20000000    83.6797157062
  0.70000000   3.20000000    84.7222691927
  0.80000000   3.20000000    85.8553037611
  0.90000000   3.20000000    87.0452023649
  1.00000000   3.20000000    88.2545382854
  1.10000000   3.20000000    89.4429179686
  1.20000000   3.20000000    90.5681835159
  1.30000000   3.20000000    91.5880098673
  1.40000000   3.20000000    92.4618793398
  1.50000000   3.20000000    93.1533379445
  1.60000000   3.20000000    93.6323447716
  1.70000000   3.20000000    93.8774429492
  1.80000000   3.20000000    93.8774429492
  1.90000000   3.20000000    93.6323447716
  2.00000000   3.20000000    93.1533379445
  2.10000000   3.20000000    92.4618793398
  2.20000000   3.20000000    91.5880098673
  2.30000000   3.20000000    90.5681835159
  2.40000000   3.20000000    89.4429179686
  2.50000000   3.20000000    88.2545382854
  2.60000000   3.20000000    87.0452023649
  2.70000000   3.20000000    85.8553037611
  2.80000000   3.20000000    84.7222691927
  2.90000000   3.20000000    83.6797157062
  3.00000000   3.20000000    82.7569061302
  3.10000000   3.20000000    81.9784366275
  3.20000000   3.20000000    81.3641029052
  3.30000000   3.20000000    80.9289208228
  3.40000000   3.20000000    80.6994495082
  3.50000000   3.20000000    80.6994495082

  0.00000000   3.30000000    80.2869841794
  0.10000000   3.30000000    80.2869841794
  0.20000000   3.30000000    80.5096338067
  0.30000000   3.30000000    80.9289179143
  0.40000000   3.30000000    81.5182450446
  0.50000000   3.30000000    82.2628830967
  0.60000000   3.30000000    83.1433805541
  0.70000000   3.30000000    84.1356308362
  0.80000000   3.30000000    85.2111268988
  0.90000000   3.30000000    86.3373918799
  1.00000000   3.30000000    87.4786263633
  1.10000000   3.30000000    88.5966205267
  1.20000000   3.30000000    89.6519671909
  1.30000000   3.30000000    90.6055827399
  1.40000000   3.30000000    91.4204969550
  1.50000000   3.30000000    92.0638133764
  1.60000000   3.30000000    92.5086790568
  1.70000000   3.30000000    92.7360537463
  1.80000000   3.30000000    92.7360537463
  1.90000000   3.30000000    92.5086790568
  2.00000000   3.30000000    92.0638133764
  2.10000000   3.30000000    91.4204969550
  2.20000000   3.30000000    90.6055827399
  2.30000000   3.30000000    89.6519671909
  2.40000000   3.30000000    88.5966205267
  2.50000000   3.30000000    87.4786263633
  2.60000000   3.30000000    86.3373918799
  2.70000000   3.30000000    85.2111268988
  2.80000000   3.30000000    84.1356308362
  2.90000000   3.30000000    83.1433805541
  3.00000000   3.30000000    82.2628830967
  3.10000000   3.30000000    81.5182450446
  3.20000000   3.30000000    80.9289179143
  3.30000000   3.30000000    80.5096338067
  3.40000000   3.30000000    80.2869841794
  3.50000000   3.30000000    80.2869841794

  0.00000000   3.40000000    80.0474382021
  0.10000000   3.40000000    80.0474382021
  0.20000000   3.40000000    80.2707836738
  0.30000000   3.40000000    80.6833026260
  0.40000000   3.40000000    81.2605842714
  0.50000000   3.40000000    81.9886046820
  0.60000000   3.40000000    82.8482504638
  0.70000000   3.40000000    83.8157223720
  0.80000000   3.40000000    84.8629241199
  0.90000000   3.40000000    85.9579693519
  1.00000000   3.40000000    87.0658814140
  1.10000000   3.40000000    88.1495360594
  1.20000000   3.40000000    89.1708744304
  1.30000000   3.40000000    90.0923820929
  1.40000000   3.40000000    90.8787871561
  1.50000000   3.40000000    91.4988799096
  1.60000000   3.40000000    91.9273069720
  1.70000000   3.40000000    92.1461581446
  1.80000000   3.40000000    92.1461581446
  1.90000000   3.40000000    91.9273069720
  2.00000000   3.40000000    91.4988799096
  2.10000000   3.40000000    90.8787871561
  2.20000000   3.40000000    90.0923820929
  2.30000000   3.40000000    89.1708744304
  2.40000000   3.40000000    88.1495360594
  2.50000000   3.40000000    87.0658814140
  2.60000000   3.40000000    85.9579693519
  2.70000000   3.40000000    84.8629241199
  2.80000000   3.40000000    83.8157223720
  2.90000000   3.40000000    82.8482504638
  3.00000000   3.40000000    81.9886046820
  3.10000000   3.40000000    81.2605842714
  3.20000000   3.40000000    80.6833026260
  3.30000000   3.40000000    80.2707836738
  3.40000000   3.40000000    80.0474382021
  3.50000000   3.40000000    80.0474382021

  0.00000000   3.50000000    80.0474382021
  0.10000000   3.50000000    80.0474382021
  0.20000000   3.50000000    80.2707836738
  0.30000000   3.50000000    80.6833026260
  0.40000000   3.50000000    81.2605842714
  0.50000000   3.50000000    81.9886046820
  0.60000000   3.50000000    82.8482504638
  0.70000000   3.50000000    83.8157223720
  0.80000000   3.50000000    84.8629241199
  0.90000000   3.50000000    85.9579693519
  1.00000000   3.50000000    87.0658814140
  1.10000000   3.50000000    88.1495360594
  1.20000000   3.50000000    89.1708744304
  1.30000000   3.50000000    90.0923820929
  1.40000000   3.50000000    90.8787871561
  1.50000000   3.50000000    91.4988799096
  1.60000000   3.50000000    91.9273069720
  1.70000000   3.50000000    92.1461581446
  1.80000000   3.50000000    92.1461581446
  1.90000000   3.50000000    91.9273069720
  2.00000000   3.50000000    91.4988799096
  2.10000000   3.50000000    90.8787871561
  2.20000000   3.50000000    90.0923820929
  2.30000000   3.50000000    89.1708744304
  2.40000000   3.50000000    88.1495360594
  2.50000000   3.50000000    87.0658814140
  2.60000000   3.50000000    85.9579693519
  2.70000000   3.50000000    84.8629241199
  2.80000000   3.50000000    83.8157223720
  2.90000000   3.50000000    82.8482504638
  3.00000000   3.50000000    81.9886046820
  3.10000000   3.50000000    81.2605842714
  3.20000000   3.50000000    80.6833026260
  3.30000000   3.50000000    80.2707836738
  3.40000000   3.50000000    80.0474382021
  3.50000000   3.50000000    80.0474382021

