  0.00000000   0.00000000   100.7045325777
  0.10000000   0.00000000   100.7045325777
  0.20000000   0.00000000   100.8894820772
  0.30000000   0.00000000   101.2310828593
  0.40000000   0.00000000   101.7091194400
  0.50000000   0.00000000   102.3119773806
  0.60000000   0.00000000   103.0238276984
  0.70000000   0.00000000   103.8249613188
  0.80000000   0.00000000   104.6921112725
  0.90000000   0.00000000   105.5988727166
  1.00000000   0.00000000   106.5162825542
  1.10000000   0.00000000   107.4136001413
  1.20000000   0.00000000   108.2593117007
  1.30000000   0.00000000   109.0223549343
  1.40000000   0.00000000   109.6735249465
  1.50000000   0.00000000   110.1869807100
  1.60000000   0.00000000   110.5417303846
  1.70000000   0.00000000   110.7229449950
  1.80000000   0.00000000   110.7229449950
  1.90000000   0.00000000   110.5417303846
  2.00000000   0.00000000   110.1869807100
  2.10000000   0.00000000   109.6735249465
  2.20000000   0.00000000   109.0223549343
  2.30000000   0.00000000   108.2593117007
  2.40000000   0.00000000   107.4136001413
  2.50000000   0.00000000   106.5162825542
  2.60000000   0.00000000   105.5988727166
  2.70000000   0.00000000   104.6921112725
  2.80000000   0.00000000   103.8249613188
  2.90000000   0.00000000   103.0238276984
  3.00000000   0.00000000   102.3119773806
  3.10000000   0.00000000   101.7091194400
  3.20000000   0.00000000   101.2310828593
  3.30000000   0.00000000   100.8894820772
  3.40000000   0.00000000   100.7045325777
  3.50000000   0.00000000   100.7045325777

  0.00000000   0.10000000   100.7045325777
  0.10000000   0.10000000   100.7045325777
  0.20000000   0.10000000   100.8894820772
  0.30000000   0.10000000   101.2310828593
  0.40000000   0.10000000   101.7091194400
  0.50000000   0.10000000   102.3119773806
  0.60000000   0.10000000   103.0238276984
  0.70000000   0.10000000   103.8249613188
  0.80000000   0.10000000   104.6921112725
  0.90000000   0.10000000   105.5988727166
  1.00000000   0.10000000   106.5162825542
  1.10000000   0.10000000   107.4136001413
  1.20000000   0.10000000   108.2593117007
  1.30000000   0.10000000   109.0223549343
  1.40000000   0.10000000   109.6735249465
  1.50000000   0.10000000   110.1869807100
  1.60000000   0.10000000   110.5417303846
  1.70000000   0.10000000   110.7229449950
  1.80000000   0.10000000   110.7229449950
  1.90000000   0.10000000   110.5417303846
  2.00000000   0.10000000   110.1869807100
  2.10000000   0.10000000   109.6735249465
  2.20000000   0.10000000   109.0223549343
  2.30000000   0.10000000   108.2593117007
  2.40000000   0.10000000   107.4136001413
  2.50000000   0.10000000   106.5162825542
  2.60000000   0.10000000   105.5988727166
  2.70000000   0.10000000   104.6921112725
  2.80000000   0.10000000   103.8249613188
  2.90000000   0.10000000   103.0238276984
  3.00000000   0.10000000   102.3119773806
  3.10000000   0.10000000   101.7091194400
  3.20000000   0.10000000   101.2310828593
  3.30000000   0.10000000   100.8894820772
  3.40000000   0.10000000   100.7045325777
  3.50000000   0.10000000   100.7045325777

  0.00000000   0.20000000   100.9028974536
  0.10000000   0.20000000   100.9028974536
  0.20000000   0.20000000   101.0872681177
  0.30000000   0.20000000   101.4344660609
  0.40000000   0.20000000   101.9224702132
  0.50000000   0.20000000   102.5390797973
  0.60000000   0.20000000   103.2681859720
  0.70000000   0.20000000   104.0898253538
  0.80000000   0.20000000   104.9803910903
  0.90000000   0.20000000   105.9129896879
  1.00000000   0.20000000   106.8579771614
  1.10000000   0.20000000   107.7837144417
  1.20000000   0.20000000   108.6575718389
  1.30000000   0.20000000   109.4471883199
  1.40000000   0.20000000   110.1219533417
  1.50000000   0.20000000   110.6546297959
  1.60000000   0.20000000   111.0229846769
  1.70000000   0.20000000   111.2112536803
  1.80000000   0.20000000   111.2112536803
  1.90000000   0.20000000   111.0229846769
  2.00000000   0.20000000   110.6546297959
  2.10000000   0.20000000   110.1219533417
  2.20000000   0.20000000   109.4471883199
  2.30000000   0.20000000   108.6575718389
  2.40000000   0.20000000   107.7837144417
  2.50000000   0.20000000   106.8579771614
  2.60000000   0.20000000   105.9129896879
  2.70000000   0.20000000   104.9803910903
  2.80000000   0.20000000   104.0898253538
  2.90000000   0.20000000   103.2681859720
  3.00000000   0.20000000   102.5390797973
  3.10000000   0.20000000   101.9224702132
  3.20000000   0.20000000   101.4344660609
  3.30000000   0.20000000   101.0872681177
  3.40000000   0.20000000   100.9028974536
  3.50000000   0.20000000   100.9028974536

  0.00000000   0.30000000   101.2444536957
  0.10000000   0.30000000   101.2444536957
  0.20000000   0.30000000   101.4344685814
  0.30000000   0.30000000   101.7948223122
  0.40000000   0.30000000   102.3035209346
  0.50000000   0.30000000   102.9481288392
  0.60000000   0.30000000   103.7122523818
  0.70000000   0.30000000   104.5755230782
  0.80000000   0.30000000   105.5137086640
  0.90000000   0.30000000   106.4989720762
  1.00000000   0.30000000   107.5003225693
  1.10000000   0.30000000   108.4843137431
  1.20000000   0.30000000   109.4160392575
  1.30000000   0.30000000   110.2604552263
  1.40000000   0.30000000   110.9840149301
  1.50000000   0.30000000   111.5565367245
  1.60000000   0.30000000   111.9531489378
  1.70000000   0.30000000   112.1560870266
  1.80000000   0.30000000   112.1560870266
  1.90000000   0.30000000   111.9531489378
  2.00000000   0.30000000   111.5565367245
  2.10000000   0.30000000   110.9840149301
  2.20000000   0.30000000   110.2604552263
  2.30000000   0.30000000   109.4160392575
  2.40000000   0.30000000   108.4843137431
  2.50000000   0.30000000   107.5003225693
  2.60000000   0.30000000   106.4989720762
  2.70000000   0.30000000   105.5137086640
  2.80000000   0.30000000   104.5755230782
  2.90000000   0.30000000   103.7122523818
  3.00000000   0.30000000   102.9481288392
  3.10000000   0.30000000   102.3035209346
  3.20000000   0.30000000   101.7948223122
  3.30000000   0.30000000   101.4344685814
  3.40000000   0.30000000   101.2444536957
  3.50000000   0.30000000   101.2444536957

  0.00000000   0.40000000   101.7224285234
  0.10000000   0.40000000   101.7224285234
  0.20000000   0.40000000   101.9224763080
  0.30000000   0.40000000   102.3035245728
  0.40000000   0.40000000   102.8438169073
  0.50000000   0.40000000   103.5308699801
  0.60000000   0.40000000   104.3480716511
  0.70000000   0.40000000   105.2745987908
  0.80000000   0.40000000   106.2854079357
  0.90000000   0.40000000   107.3513514218
  1.00000000   0.40000000   108.4394873293
  1.10000000   0.40000000   109.5136672368
  1.20000000   0.40000000   110.5354911852
  1.30000000   0.40000000   111.4657035461
  1.40000000   0.40000000   112.2660547946
  1.50000000   0.40000000   112.9015649479
  1.60000000   0.40000000   113.3430015613
  1.70000000   0.40000000   113.5692599910
  1.80000000   0.40000000   113.5692599910
  1.90000000   0.40000000   113.3430015613
  2.00000000   0.40000000   112.9015649479
  2.10000000   0.40000000   112.2660547946
  2.20000000   0.40000000   111.4657035461
  2.30000000   0.40000000   110.5354911852
  2.40000000   0.40000000   109.5136672368
  2.50000000   0.40000000   108.4394873293
  2.60000000   0.40000000   107.3513514218
  2.70000000   0.40000000   106.2854079357
  2.80000000   0.40000000   105.2745987908
  2.90000000   0.40000000   104.3480716511
  3.00000000   0.40000000   103.5308699801
  3.10000000   0.40000000   102.8438169073
  3.20000000   0.40000000   102.3035245728
  3.30000000   0.40000000   101.9224763080
  3.40000000   0.40000000   101.7224285234
  3.50000000   0.40000000   101.7224285234

  0.00000000   0.50000000   102.3252089052
  0.10000000   0.50000000   102.3252089052
  0.20000000   0.50000000   102.5390906256
  0.30000000   0.50000000   102.9481372872
  0.40000000   0.50000000   103.5308748384
  0.50000000   0.50000000   104.2749101373
  0.60000000   0.50000000   105.1635449108
  0.70000000   0.50000000   106.1755736279
  0.80000000   0.50000000   107.2851011449
  0.90000000   0.50000000   108.4614473084
  1.00000000   0.50000000   109.6692307904
  1.10000000   0.50000000   110.8687553891
  1.20000000   0.50000000   112.0168476514
  1.30000000   0.50000000   113.0682969884
  1.40000000   0.50000000   113.9780031100
  1.50000000   0.50000000   114.7038152673
  1.60000000   0.50000000   115.2098481623
  1.70000000   0.50000000   115.4698240957
  1.80000000   0.50000000   115.4698240957
  1.90000000   0.50000000   115.2098481623
  2.00000000   0.50000000   114.7038152673
  2.10000000   0.50000000   113.9780031100
  2.20000000   0.50000000   113.0682969884
  2.30000000   0.50000000   112.0168476514
  2.40000000   0.50000000   110.8687553891
  2.50000000   0.50000000   109.6692307904
  2.60000000   0.50000000   108.4614473084
  2.70000000   0.50000000   107.2851011449
  2.80000000   0.50000000   106.1755736279
  2.90000000   0.50000000   105.1635449108
  3.00000000   0.50000000   104.2749101373
  3.10000000   0.50000000   103.5308748384
  3.20000000   0.50000000   102.9481372872
  3.30000000   0.50000000   102.5390906256
  3.40000000   0.50000000   102.3252089052
  3.50000000   0.50000000   102.3252089052

  0.00000000   0.60000000   103.0369679169
  0.10000000   0.60000000   103.0369679169
  0.20000000   0.60000000   103.2682026851
  0.30000000   0.60000000   103.7122668254
  0.40000000   0.60000000   104.3480826227
  0.50000000   0.60000000   105.1635511103
  0.60000000   0.60000000   106.1421404506
  0.70000000   0.60000000   107.2625091270
  0.80000000   0.60000000   108.4980839466
  0.90000000   0.60000000   109.8166611303
  1.00000000   0.60000000   111.1801405523
  1.10000000   0.60000000   112.5445605562
  1.20000000   0.60000000   113.8606645224
  1.30000000   0.60000000   115.0752760293
  1.40000000   0.60000000   116.1337409507
  1.50000000   0.60000000   116.9835490525
  1.60000000   0.60000000   117.5789282484
  1.70000000   0.60000000   117.8857558506
  1.80000000   0.60000000   117.8857558506
  1.90000000   0.60000000   117.5789282484
  2.00000000   0.60000000   116.9835490525
  2.10000000   0.60000000   116.1337409507
  2.20000000   0.60000000   115.0752760293
  2.30000000   0.60000000   113.8606645224
  2.40000000   0.60000000   112.5445605562
  2.50000000   0.60000000   111.1801405523
  2.60000000   0.60000000   109.8166611303
  2.70000000   0.60000000   108.4980839466
  2.80000000   0.60000000   107.2625091270
  2.90000000   0.60000000   106.1421404506
  3.00000000   0.60000000   105.1635511103
  3.10000000   0.60000000   104.3480826227
  3.20000000   0.60000000   103.7122668254
  3.30000000   0.60000000   103.2682026851
  3.40000000   0.60000000   103.0369679169
  3.50000000   0.60000000   103.0369679169

  0.00000000   0.70000000   103.8379990726
  0.10000000   0.70000000   103.8379990726
  0.20000000   0.70000000   104.0898490477
  0.30000000   0.70000000   104.5755446794
  0.40000000   0.70000000   105.2746171450
  0.50000000   0.70000000   106.1755874371
  0.60000000   0.70000000   107.2625168983
  0.70000000   0.70000000   108.5144144956
  0.80000000   0.70000000   109.9045081872
  0.90000000   0.70000000   111.3994336453
  1.00000000   0.70000000   112.9584522824
  1.10000000   0.70000000   114.5329032975
  1.20000000   0.70000000   116.0662206143
  1.30000000   0.70000000   117.4949805533
  1.40000000   0.70000000   118.7515185971
  1.50000000   0.70000000   119.7685291981
  1.60000000   0.70000000   120.4855801876
  1.70000000   0.70000000   120.8566093663
  1.80000000   0.70000000   120.8566093663
  1.90000000   0.70000000   120.4855801876
  2.00000000   0.70000000   119.7685291981
  2.10000000   0.70000000   118.7515185971
  2.20000000   0.70000000   117.4949805533
  2.30000000   0.70000000   116.0662206143
  2.40000000   0.70000000   114.5329032975
  2.50000000   0.70000000   112.9584522824
  2.60000000   0.70000000   111.3994336453
  2.70000000   0.70000000   109.9045081872
  2.80000000   0.70000000   108.5144144956
  2.90000000   0.70000000   107.2625168983
  3.00000000   0.70000000   106.1755874371
  3.10000000   0.70000000   105.2746171450
  3.20000000   0.70000000   104.5755446794
  3.30000000   0.70000000   104.0898490477
  3.40000000   0.70000000   103.8379990726
  3.50000000   0.70000000   103.8379990726

  0.00000000   0.80000000   104.7050384479
  0.10000000   0.80000000   104.7050384479
  0.20000000   0.80000000   104.9804227616
  0.30000000   0.80000000   105.5137385167
  0.40000000   0.80000000   106.2854349188
  0.50000000   0.80000000   107.2851240178
  0.60000000   0.80000000   108.4981012005
  0.70000000   0.80000000   109.9045179611
  0.80000000   0.80000000   111.4782955765
  0.90000000   0.80000000   113.1857919816
  1.00000000   0.80000000   114.9843012360
  1.10000000   0.80000000   116.8205935923
  1.20000000   0.80000000   118.6299168890
  1.30000000   0.80000000   120.3361751541
  1.40000000   0.80000000   121.8542980657
  1.50000000   0.80000000   123.0958733999
  1.60000000   0.80000000   123.9784943282
  1.70000000   0.80000000   124.4376128389
  1.80000000   0.80000000   124.4376128389
  1.90000000   0.80000000   123.9784943282
  2.00000000   0.80000000   123.0958733999
  2.10000000   0.80000000   121.8542980657
  2.20000000   0.80000000   120.3361751541
  2.30000000   0.80000000   118.6299168890
  2.40000000   0.80000000   116.8205935923
  2.50000000   0.80000000   114.9843012360
  2.60000000   0.80000000   113.1857919816
  2.70000000   0.80000000   111.4782955765
  2.80000000   0.80000000   109.9045179611
  2.90000000   0.80000000   108.4981012005
  3.00000000   0.80000000   107.2851240178
  3.10000000   0.80000000   106.2854349188
  3.20000000   0.80000000   105.5137385167
  3.30000000   0.80000000   104.9804227616
  3.40000000   0.80000000   104.7050384479
  3.50000000   0.80000000   104.7050384479

  0.00000000   0.90000000   105.6116846278
  0.10000000   0.90000000   105.6116846278
  0.20000000   0.90000000   105.9130301792
  0.30000000   0.90000000   106.4990111472
  0.40000000   0.90000000   107.3513881982
  0.50000000   0.90000000   108.4614806889
  0.60000000   0.90000000   109.8166896787
  0.70000000   0.90000000   111.3994554590
  0.80000000   0.90000000   113.1858045386
  0.90000000   0.90000000   115.1434193250
  1.00000000   0.90000000   117.2292155868
  1.10000000   0.90000000   119.3865542553
  1.20000000   0.90000000   121.5425144097
  1.30000000   0.90000000   123.6061885480
  1.40000000   0.90000000   125.4697252477
  1.50000000   0.90000000   127.0145250437
  1.60000000   0.90000000   128.1246009681
  1.70000000   0.90000000   128.7060399830
  1.80000000   0.90000000   128.7060399830
  1.90000000   0.90000000   128.1246009681
  2.00000000   0.90000000   127.0145250437
  2.10000000   0.90000000   125.4697252477
  2.20000000   0.90000000   123.6061885480
  2.30000000   0.90000000   121.5425144097
  2.40000000   0.90000000   119.3865542553
  2.50000000   0.90000000   117.2292155868
  2.60000000   0.90000000   115.1434193250
  2.70000000   0.90000000   113.1858045386
  2.80000000   0.90000000   111.3994554590
  2.90000000   0.90000000   109.8166896787
  3.00000000   0.90000000   108.4614806889
  3.10000000   0.90000000   107.3513881982
  3.20000000   0.90000000   106.4990111472
  3.30000000   0.90000000   105.9130301792
  3.40000000   0.90000000   105.6116846278
  3.50000000   0.90000000   105.6116846278

  0.00000000   1.00000000   106.5289782363
  0.10000000   1.00000000   106.5289782363
  0.20000000   1.00000000   106.8580270938
  0.30000000   1.00000000   107.5003716229
  0.40000000   1.00000000   108.4395348963
  0.50000000   1.00000000   109.6692760196
  0.60000000   1.00000000   111.1801822158
  0.70000000   1.00000000   112.9584885951
  0.80000000   1.00000000   114.9843296140
  0.90000000   1.00000000   117.2292323426
  1.00000000   1.00000000   119.6526527302
  1.10000000   1.00000000   122.1974408000
  1.20000000   1.00000000   124.7844324320
  1.30000000   1.00000000   127.3071413304
  1.40000000   1.00000000   129.6290655642
  1.50000000   1.00000000   131.5884158782
  1.60000000   1.00000000   133.0165121206
  1.70000000   1.00000000   133.7713208007
  1.80000000   1.00000000   133.7713208007
  1.90000000   1.00000000   133.0165121206
  2.00000000   1.00000000   131.5884158782
  2.10000000   1.00000000   129.6290655642
  2.20000000   1.00000000   127.3071413304
  2.30000000   1.00000000   124.7844324320
  2.40000000   1.00000000   122.1974408000
  2.50000000   1.00000000   119.6526527302
  2.60000000   1.00000000   117.2292323426
  2.70000000   1.00000000   114.9843296140
  2.80000000   1.00000000   112.9584885951
  2.90000000   1.00000000   111.1801822158
  3.00000000   1.00000000   109.6692760196
  3.10000000   1.00000000   108.4395348963
  3.20000000   1.00000000   107.5003716229
  3.30000000   1.00000000   106.8580270938
  3.40000000   1.00000000   106.5289782363
  3.50000000   1.00000000   106.5289782363

  0.00000000   1.10000000   107.4261825310
  0.10000000   1.10000000   107.4261825310
  0.20000000   1.10000000   107.7837741376
  0.30000000   1.10000000   108.4843732481
  0.40000000   1.10000000   109.5137263104
  0.50000000   1.10000000   110.8688135655
  0.60000000   1.10000000   112.5446170003
  0.70000000   1.10000000   114.5329565881
  0.80000000   1.10000000   116.8206413961
  0.90000000   1.10000000   119.3865928513
  1.00000000   1.10000000   122.1974644178
  1.10000000   1.10000000   125.2011763710
  1.20000000   1.10000000   128.3178693665
  1.30000000   1.10000000   131.4284949905
  1.40000000   1.10000000   134.3635868592
  1.50000000   1.10000000   136.9002587833
  1.60000000   1.10000000   138.7841048695
  1.70000000   1.10000000   139.7915304727
  1.80000000   1.10000000   139.7915304727
  1.90000000   1.10000000   138.7841048695
  2.00000000   1.10000000   136.9002587833
  2.10000000   1.10000000   134.3635868592
  2.20000000   1.10000000   131.4284949905
  2.30000000   1.10000000   128.3178693665
  2.40000000   1.10000000   125.2011763710
  2.50000000   1.10000000   122.1974644178
  2.60000000   1.10000000   119.3865928513
  2.70000000   1.10000000   116.8206413961
  2.80000000   1.10000000   114.5329565881
  2.90000000   1.10000000   112.5446170003
  3.00000000   1.10000000   110.8688135655
  3.10000000   1.10000000   109.5137263104
  3.20000000   1.10000000   108.4843732481
  3.30000000   1.10000000   107.7837741376
  3.40000000   1.10000000   107.4261825310
  3.50000000   1.10000000   107.4261825310

  0.00000000   1.20000000   108.2717876815
  0.10000000   1.20000000   108.2717876815
  0.20000000   1.20000000   108.6576412421
  0.30000000   1.20000000   109.4161092854
  0.40000000   1.20000000   110.5355620627
  0.50000000   1.20000000   112.0169194432
  0.60000000   1.20000000   113.8607370054
  0.70000000   1.20000000   116.0662930608
  0.80000000   1.20000000   118.6299877000
  0.90000000   1.20000000   121.5425805024
  1.00000000   1.20000000   124.7844882369
  1.10000000   1.20000000   128.3179052489
  1.20000000   1.20000000   132.0739284670
  1.30000000   1.20000000   135.9325384418
  1.40000000   1.20000000   139.6948234068
  1.50000000   1.20000000   143.0555784404
  1.60000000   1.20000000   145.6130967594
  1.70000000   1.20000000   147.0011127226
  1.80000000   1.20000000   147.0011127226
  1.90000000   1.20000000   145.6130967594
  2.00000000   1.20000000   143.0555784404
  2.10000000   1.20000000   139.6948234068
  2.20000000   1.20000000   135.9325384418
  2.30000000   1.20000000   132.0739284670
  2.40000000   1.20000000   128.3179052489
  2.50000000   1.20000000   124.7844882369
  2.60000000   1.20000000   121.5425805024
  2.70000000   1.20000000   118.6299877000
  2.80000000   1.20000000   116.0662930608
  2.90000000   1.20000000   113.8607370054
  3.00000000   1.20000000   112.0169194432
  3.10000000   1.20000000   110.5355620627
  3.20000000   1.20000000   109.4161092854
  3.30000000   1.20000000   108.6576412421
  3.40000000   1.20000000   108.2717876815
  3.50000000   1.20000000   108.2717876815

  0.00000000   1.30000000   109.0347352266
  0.10000000   1.30000000   109.0347352266
  0.20000000   1.30000000   109.4472669254
  0.30000000   1.30000000   110.2605353534
  0.40000000   1.30000000   111.4657859600
  0.50000000   1.30000000   113.0683824119
  0.60000000   1.30000000   115.0753650689
  0.70000000   1.30000000   117.4950735433
  0.80000000   1.30000000   120.3362718465
  0.90000000   1.30000000   123.6062875113
  1.00000000   1.30000000   127.3072387908
  1.10000000   1.30000000   131.4285826072
  1.20000000   1.30000000   135.9325990714
  1.30000000   1.30000000   140.7264387653
  1.40000000   1.30000000   145.6097578816
  1.50000000   1.30000000   150.1861903154
  1.60000000   1.30000000   153.7759546014
  1.70000000   1.30000000   155.7589030391
  1.80000000   1.30000000   155.7589030391
  1.90000000   1.30000000   153.7759546014
  2.00000000   1.30000000   150.1861903154
  2.10000000   1.30000000   145.6097578816
  2.20000000   1.30000000   140.7264387653
  2.30000000   1.30000000   135.9325990714
  2.40000000   1.30000000   131.4285826072
  2.50000000   1.30000000   127.3072387908
  2.60000000   1.30000000   123.6062875113
  2.70000000   1.30000000   120.3362718465
  2.80000000   1.30000000   117.4950735433
  2.90000000   1.30000000   115.0753650689
  3.00000000   1.30000000   113.0683824119
  3.10000000   1.30000000   111.4657859600
  3.20000000   1.30000000   110.2605353534
  3.30000000   1.30000000   109.4472669254
  3.40000000   1.30000000   109.0347352266
  3.50000000   1.30000000   109.0347352266

  0.00000000   1.40000000   109.6858238279
  0.10000000   1.40000000   109.6858238279
  0.20000000   1.40000000   110.1220401506
  0.30000000   1.40000000   110.9841041629
  0.40000000   1.40000000   112.2661477856
  0.50000000   1.40000000   113.9781013122
  0.60000000   1.40000000   116.1338459540
  0.70000000   1.40000000   118.7516321062
  0.80000000   1.40000000   121.8544217859
  0.90000000   1.40000000   125.4698605611
  1.00000000   1.40000000   129.6292127295
  1.10000000   1.40000000   134.3637430888
  1.20000000   1.40000000   139.6949781229
  1.30000000   1.40000000   145.6098800722
  1.40000000   1.40000000   151.9958178913
  1.50000000   1.40000000   158.4539898513
  1.60000000   1.40000000   163.6853595398
  1.70000000   1.40000000   166.6334232010
  1.80000000   1.40000000   166.6334232010
  1.90000000   1.40000000   163.6853595398
  2.00000000   1.40000000   158.4539898513
  2.10000000   1.40000000   151.9958178913
  2.20000000   1.40000000   145.6098800722
  2.30000000   1.40000000   139.6949781229
  2.40000000   1.40000000   134.3637430888
  2.50000000   1.40000000   129.6292127295
  2.60000000   1.40000000   125.4698605611
  2.70000000   1.40000000   121.8544217859
  2.80000000   1.40000000   118.7516321062
  2.90000000   1.40000000   116.1338459540
  3.00000000   1.40000000   113.9781013122
  3.10000000   1.40000000   112.2661477856
  3.20000000   1.40000000   110.9841041629
  3.30000000   1.40000000   110.1220401506
  3.40000000   1.40000000   109.6858238279
  3.50000000   1.40000000   109.6858238279

  0.00000000   1.50000000   110.1992155645
  0.10000000   1.50000000   110.1992155645
  0.20000000   1.50000000   110.6547233108
  0.30000000   1.50000000   111.5566334737
  0.40000000   1.50000000   112.9016667960
  0.50000000   1.50000000   114.7039243745
  0.60000000   1.50000000   116.9836680089
  0.70000000   1.50000000   119.7686611880
  0.80000000   1.50000000   123.0960223999
  0.90000000   1.50000000   127.0146960458
  1.00000000   1.50000000   131.5886150950
  1.10000000   1.50000000   136.9004937312
  1.20000000   1.50000000   143.0558577774
  1.30000000   1.50000000   150.1865239513
  1.40000000   1.50000000   158.4543950730
  1.50000000   1.50000000   168.0741892256
  1.60000000   1.50000000   175.9879084384
  1.70000000   1.50000000   180.5570232345
  1.80000000   1.50000000   180.5570232345
  1.90000000   1.50000000   175.9879084384
  2.00000000   1.50000000   168.0741892256
  2.10000000   1.50000000   158.4543950730
  2.20000000   1.50000000   150.1865239513
  2.30000000   1.50000000   143.0558577774
  2.40000000   1.50000000   136.9004937312
  2.50000000   1.50000000   131.5886150950
  2.60000000   1.50000000   127.0146960458
  2.70000000   1.50000000   123.0960223999
  2.80000000   1.50000000   119.7686611880
  2.90000000   1.50000000   116.9836680089
  3.00000000   1.50000000   114.7039243745
  3.10000000   1.50000000   112.9016667960
  3.20000000   1.50000000   111.5566334737
  3.30000000   1.50000000   110.6547233108
  3.40000000   1.50000000   110.1992155645
  3.50000000   1.50000000   110.1992155645

  0.00000000   1.60000000   110.5539210906
  0.10000000   1.60000000   110.5539210906
  0.20000000   1.60000000   111.0230829518
  0.30000000   1.60000000   111.9532510623
  0.40000000   1.60000000   113.3431098130
  0.50000000   1.60000000   115.2099652682
  0.60000000   1.60000000   117.5790576265
  0.70000000   1.60000000   120.4857262935
  0.80000000   1.60000000   123.9786631750
  0.90000000   1.60000000   128.1248009374
  1.00000000   1.60000000   133.0167552762
  1.10000000   1.60000000   138.7844091720
  1.20000000   1.60000000   145.6134899684
  1.30000000   1.60000000   153.7764814048
  1.40000000   1.60000000   163.6860942641
  1.50000000   1.60000000   177.7426171625
  1.60000000   1.60000000   200.0000000000
  1.70000000   1.60000000   200.0000000000
  1.80000000   1.60000000   200.0000000000
  1.90000000   1.60000000   200.0000000000
  2.00000000   1.60000000   177.7426171625
  2.10000000   1.60000000   163.6860942641
  2.20000000   1.60000000   153.7764814048
  2.30000000   1.60000000   145.6134899684
  2.40000000   1.60000000   138.7844091720
  2.50000000   1.60000000   133.0167552762
  2.60000000   1.60000000   128.1248009374
  2.70000000   1.60000000   123.9786631750
  2.80000000   1.60000000   120.4857262935
  2.90000000   1.60000000   117.5790576265
  3.00000000   1.60000000   115.2099652682
  3.10000000   1.60000000   113.3431098130
  3.20000000   1.60000000   111.9532510623
  3.30000000   1.60000000   111.0230829518
  3.40000000   1.60000000   110.5539210906
  3.50000000   1.60000000   110.5539210906

  0.00000000   1.70000000   110.7351131771
  0.10000000   1.70000000   110.7351131771
  0.20000000   1.70000000   111.2113544277
  0.30000000   1.70000000   112.1561919563
  0.40000000   1.70000000   113.5693716076
  0.50000000   1.70000000   115.4699454427
  0.60000000   1.70000000   117.8858908167
  0.70000000   1.70000000   120.8567631452
  0.80000000   1.70000000   124.4377926508
  0.90000000   1.70000000   128.7062562604
  1.00000000   1.70000000   133.7715892074
  1.10000000   1.70000000   139.7918754577
  1.20000000   1.70000000   147.0015739349
  1.30000000   1.70000000   155.7595470988
  1.40000000   1.70000000   166.6343654334
  1.50000000   1.70000000   181.2036277038
  1.60000000   1.70000000   200.0000000000
  1.70000000   1.70000000   200.0000000000
  1.80000000   1.70000000   200.0000000000
  1.90000000   1.70000000   200.0000000000
  2.00000000   1.70000000   181.2036277038
  2.10000000   1.70000000   166.6343654334
  2.20000000   1.70000000   155.7595470988
  2.30000000   1.70000000   147.0015739349
  2.40000000   1.70000000   139.7918754577
  2.50000000   1.70000000   133.7715892074
  2.60000000   1.70000000   128.7062562604
  2.70000000   1.70000000   124.4377926508
  2.80000000   1.70000000   120.8567631452
  2.90000000   1.70000000   117.8858908167
  3.00000000   1.70000000   115.4699454427
  3.10000000   1.70000000   113.5693716076
  3.20000000   1.70000000   112.1561919563
  3.30000000   1.70000000   111.2113544277
  3.40000000   1.70000000   110.7351131771
  3.50000000   1.70000000   110.7351131771

  0.00000000   1.80000000   110.7351131771
  0.10000000   1.80000000   110.7351131771
  0.20000000   1.80000000   111.2113544277
  0.30000000   1.80000000   112.1561919563
  0.40000000   1.80000000   113.5693716076
  0.50000000   1.80000000   115.4699454427
  0.60000000   1.80000000   117.8858908167
  0.70000000   1.80000000   120.8567631452
  0.80000000   1.80000000   124.4377926508
  0.90000000   1.80000000   128.7062562604
  1.00000000   1.80000000   133.7715892074
  1.10000000   1.80000000   139.7918754577
  1.20000000   1.80000000   147.0015739349
  1.30000000   1.80000000   155.7595470988
  1.40000000   1.80000000   166.6343654334
  1.50000000   1.80000000   181.2036277038
  1.60000000   1.80000000   200.0000000000
  1.70000000   1.80000000   200.0000000000
  1.80000000   1.80000000   200.0000000000
  1.90000000   1.80000000   200.0000000000
  2.00000000   1.80000000   181.2036277038
  2.10000000   1.80000000   166.6343654334
  2.20000000   1.80000000   155.7595470988
  2.30000000   1.80000000   147.0015739349
  2.40000000   1.80000000   139.7918754577
  2.50000000   1.80000000   133.7715892074
  2.60000000   1.80000000   128.7062562604
  2.70000000   1.80000000   124.4377926508
  2.80000000   1.80000000   120.8567631452
  2.90000000   1.80000000   117.8858908167
  3.00000000   1.80000000   115.4699454427
  3.10000000   1.80000000   113.5693716076
  3.20000000   1.80000000   112.1561919563
  3.30000000   1.80000000   111.2113544277
  3.40000000   1.80000000   110.7351131771
  3.50000000   1.80000000   110.7351131771

  0.00000000   1.90000000   110.5539210906
  0.10000000   1.90000000   110.5539210906
  0.20000000   1.90000000   111.0230829518
  0.30000000   1.90000000   111.9532510623
  0.40000000   1.90000000   113.3431098130
  0.50000000   1.90000000   115.2099652682
  0.60000000   1.90000000   117.5790576265
  0.70000000   1.90000000   120.4857262935
  0.80000000   1.90000000   123.9786631750
  0.90000000   1.90000000   128.1248009374
  1.00000000   1.90000000   133.0167552762
  1.10000000   1.90000000   138.7844091720
  1.20000000   1.90000000   145.6134899684
  1.30000000   1.90000000   153.7764814048
  1.40000000   1.90000000   163.6860942641
  1.50000000   1.90000000   177.7426171625
  1.60000000   1.90000000   200.0000000000
  1.70000000   1.90000000   200.0000000000
  1.80000000   1.90000000   200.0000000000
  1.90000000   1.90000000   200.0000000000
  2.00000000   1.90000000   177.7426171625
  2.10000000   1.90000000   163.6860942641
  2.20000000   1.90000000   153.7764814048
  2.30000000   1.90000000   145.6134899684
  2.40000000   1.90000000   138.7844091720
  2.50000000   1.90000000   133.0167552762
  2.60000000   1.90000000   128.1248009374
  2.70000000   1.90000000   123.9786631750
  2.80000000   1.90000000   120.4857262935
  2.90000000   1.90000000   117.5790576265
  3.00000000   1.90000000   115.2099652682
  3.10000000   1.90000000   113.3431098130
  3.20000000   1.90000000   111.9532510623
  3.30000000   1.90000000   111.0230829518
  3.40000000   1.90000000   110.5539210906
  3.50000000   1.90000000   110.5539210906

  0.00000000   2.00000000   110.1992155645
  0.10000000   2.00000000   110.1992155645
  0.20000000   2.00000000   110.6547233108
  0.30000000   2.00000000   111.5566334737
  0.40000000   2.00000000   112.9016667960
  0.50000000   2.00000000   114.7039243745
  0.60000000   2.00000000   116.9836680089
  0.70000000   2.00000000   119.7686611880
  0.80000000   2.00000000   123.0960223999
  0.90000000   2.00000000   127.0146960458
  1.00000000   2.00000000   131.5886150950
  1.10000000   2.00000000   136.9004937312
  1.20000000   2.00000000   143.0558577774
  1.30000000   2.00000000   150.1865239513
  1.40000000   2.00000000   158.4543950730
  1.50000000   2.00000000   168.0741892256
  1.60000000   2.00000000   175.9879084384
  1.70000000   2.00000000   180.5570232345
  1.80000000   2.00000000   180.5570232345
  1.90000000   2.00000000   175.9879084384
  2.00000000   2.00000000   168.0741892256
  2.10000000   2.00000000   158.4543950730
  2.20000000   2.00000000   150.1865239513
  2.30000000   2.00000000   143.0558577774
  2.40000000   2.00000000   136.9004937312
  2.50000000   2.00000000   131.5886150950
  2.60000000   2.00000000   127.0146960458
  2.70000000   2.00000000   123.0960223999
  2.80000000   2.00000000   119.7686611880
  2.90000000   2.00000000   116.9836680089
  3.00000000   2.00000000   114.7039243745
  3.10000000   2.00000000   112.9016667960
  3.20000000   2.00000000   111.5566334737
  3.30000000   2.00000000   110.6547233108
  3.40000000   2.00000000   110.1992155645
  3.50000000   2.00000000   110.1992155645

  0.00000000   2.10000000   109.6858238279
  0.10000000   2.10000000   109.6858238279
  0.20000000   2.10000000   110.1220401506
  0.30000000   2.10000000   110.9841041629
  0.40000000   2.10000000   112.2661477856
  0.50000000   2.10000000   113.9781013122
  0.60000000   2.10000000   116.1338459540
  0.70000000   2.10000000   118.7516321062
  0.80000000   2.10000000   121.8544217859
  0.90000000   2.10000000   125.4698605611
  1.00000000   2.10000000   129.6292127295
  1.10000000   2.10000000   134.3637430888
  1.20000000   2.10000000   139.6949781229
  1.30000000   2.10000000   145.6098800722
  1.40000000   2.10000000   151.9958178913
  1.50000000   2.10000000   158.4539898513
  1.60000000   2.10000000   163.6853595398
  1.70000000   2.10000000   166.6334232010
  1.80000000   2.10000000   166.6334232010
  1.90000000   2.10000000   163.6853595398
  2.00000000   2.10000000   158.4539898513
  2.10000000   2.10000000   151.9958178913
  2.20000000   2.10000000   145.6098800722
  2.30000000   2.10000000   139.6949781229
  2.40000000   2.10000000   134.3637430888
  2.50000000   2.10000000   129.6292127295
  2.60000000   2.10000000   125.4698605611
  2.70000000   2.10000000   121.8544217859
  2.80000000   2.10000000   118.7516321062
  2.90000000   2.10000000   116.1338459540
  3.00000000   2.10000000   113.9781013122
  3.10000000   2.10000000   112.2661477856
  3.20000000   2.10000000   110.9841041629
  3.30000000   2.10000000   110.1220401506
  3.40000000   2.10000000   109.6858238279
  3.50000000   2.10000000   109.6858238279

  0.00000000   2.20000000   109.0347352266
  0.10000000   2.20000000   109.0347352266
  0.20000000   2.20000000   109.4472669254
  0.30000000   2.20000000   110.2605353534
  0.40000000   2.20000000   111.4657859600
  0.50000000   2.20000000   113.0683824119
  0.60000000   2.20000000   115.0753650689
  0.70000000   2.20000000   117.4950735433
  0.80000000   2.20000000   120.3362718465
  0.90000000   2.20000000   123.6062875113
  1.00000000   2.20000000   127.3072387908
  1.10000000   2.20000000   131.4285826072
  1.20000000   2.20000000   135.9325990714
  1.30000000   2.20000000   140.7264387653
  1.40000000   2.20000000   145.6097578816
  1.50000000   2.20000000   150.1861903154
  1.60000000   2.20000000   153.7759546014
  1.70000000   2.20000000   155.7589030391
  1.80000000   2.20000000   155.7589030391
  1.90000000   2.20000000   153.7759546014
  2.00000000   2.20000000   150.1861903154
  2.10000000   2.20000000   145.6097578816
  2.20000000   2.20000000   140.7264387653
  2.30000000   2.20000000   135.9325990714
  2.40000000   2.20000000   131.4285826072
  2.50000000   2.20000000   127.3072387908
  2.60000000   2.20000000   123.6062875113
  2.70000000   2.20000000   120.3362718465
  2.80000000   2.20000000   117.4950735433
  2.90000000   2.20000000   115.0753650689
  3.00000000   2.20000000   113.0683824119
  3.10000000   2.20000000   111.4657859600
  3.20000000   2.20000000   110.2605353534
  3.30000000   2.20000000   109.4472669254
  3.40000000   2.20000000   109.0347352266
  3.50000000   2.20000000   109.0347352266

  0.00000000   2.30000000   108.2717876815
  0.10000000   2.30000000   108.2717876815
  0.20000000   2.30000000   108.6576412421
  0.30000000   2.30000000   109.4161092854
  0.40000000   2.30000000   110.5355620627
  0.50000000   2.30000000   112.0169194432
  0.60000000   2.30000000   113.8607370054
  0.70000000   2.30000000   116.0662930608
  0.80000000   2.30000000   118.6299877000
  0.90000000   2.30000000   121.5425805024
  1.00000000   2.30000000   124.7844882369
  1.10000000   2.30000000   128.3179052489
  1.20000000   2.30000000   132.0739284670
  1.30000000   2.30000000   135.9325384418
  1.40000000   2.30000000   139.6948234068
  1.50000000   2.30000000   143.0555784404
  1.60000000   2.30000000   145.6130967594
  1.70000000   2.30000000   147.0011127226
  1.80000000   2.30000000   147.0011127226
  1.90000000   2.30000000   145.6130967594
  2.00000000   2.30000000   143.0555784404
  2.10000000   2.30000000   139.6948234068
  2.20000000   2.30000000   135.9325384418
  2.30000000   2.30000000   132.0739284670
  2.40000000   2.30000000   128.3179052489
  2.50000000   2.30000000   124.7844882369
  2.60000000   2.30000000   121.5425805024
  2.70000000   2.30000000   118.6299877000
  2.80000000   2.30000000   116.0662930608
  2.90000000   2.30000000   113.8607370054
  3.00000000   2.30000000   112.0169194432
  3.10000000   2.30000000   110.5355620627
  3.20000000   2.30000000   109.4161092854
  3.30000000   2.30000000   108.6576412421
  3.40000000   2.30000000   108.2717876815
  3.50000000   2.30000000   108.2717876815

  0.00000000   2.40000000   107.4261825310
  0.10000000   2.40000000   107.4261825310
  0.20000000   2.40000000   107.7837741376
  0.30000000   2.40000000   108.4843732481
  0.40000000   2.40000000   109.5137263104
  0.50000000   2.40000000   110.8688135655
  0.60000000   2.40000000   112.5446170003
  0.70000000   2.40000000   114.5329565881
  0.80000000   2.40000000   116.8206413961
  0.90000000   2.40000000   119.3865928513
  1.00000000   2.40000000   122.1974644178
  1.10000000   2.40000000   125.2011763710
  1.20000000   2.40000000   128.3178693665
  1.30000000   2.40000000   131.4284949905
  1.40000000   2.40000000   134.3635868592
  1.50000000   2.40000000   136.9002587834
  1.60000000   2.40000000   138.7841048695
  1.70000000   2.40000000   139.7915304727
  1.80000000   2.40000000   139.7915304727
  1.90000000   2.40000000   138.7841048695
  2.00000000   2.40000000   136.9002587834
  2.10000000   2.40000000   134.3635868592
  2.20000000   2.40000000   131.4284949905
  2.30000000   2.40000000   128.3178693665
  2.40000000   2.40000000   125.2011763710
  2.50000000   2.40000000   122.1974644178
  2.60000000   2.40000000   119.3865928513
  2.70000000   2.40000000   116.8206413961
  2.80000000   2.40000000   114.5329565881
  2.90000000   2.40000000   112.5446170003
  3.00000000   2.40000000   110.8688135655
  3.10000000   2.40000000   109.5137263104
  3.20000000   2.40000000   108.4843732481
  3.30000000   2.40000000   107.7837741376
  3.40000000   2.40000000   107.4261825310
  3.50000000   2.40000000   107.4261825310

  0.00000000   2.50000000   106.5289782363
  0.10000000   2.50000000   106.5289782363
  0.20000000   2.50000000   106.8580270938
  0.30000000   2.50000000   107.5003716229
  0.40000000   2.50000000   108.4395348963
  0.50000000   2.50000000   109.6692760196
  0.60000000   2.50000000   111.1801822158
  0.70000000   2.50000000   112.9584885951
  0.80000000   2.50000000   114.9843296140
  0.90000000   2.50000000   117.2292323426
  1.00000000   2.50000000   119.6526527302
  1.10000000   2.50000000   122.1974408000
  1.20000000   2.50000000   124.7844324320
  1.30000000   2.50000000   127.3071413304
  1.40000000   2.50000000   129.6290655642
  1.50000000   2.50000000   131.5884158782
  1.60000000   2.50000000   133.0165121206
  1.70000000   2.50000000   133.7713208007
  1.80000000   2.50000000   133.7713208007
  1.90000000   2.50000000   133.0165121206
  2.00000000   2.50000000   131.5884158782
  2.10000000   2.50000000   129.6290655642
  2.20000000   2.50000000   127.3071413304
  2.30000000   2.50000000   124.7844324320
  2.40000000   2.50000000   122.1974408000
  2.50000000   2.50000000   119.6526527302
  2.60000000   2.50000000   117.2292323426
  2.70000000   2.50000000   114.9843296140
  2.80000000   2.50000000   112.9584885951
  2.90000000   2.50000000   111.1801822158
  3.00000000   2.50000000   109.6692760196
  3.10000000   2.50000000   108.4395348963
  3.20000000   2.50000000   107.5003716229
  3.30000000   2.50000000   106.8580270938
  3.40000000   2.50000000   106.5289782363
  3.50000000   2.50000000   106.5289782363

  0.00000000   2.60000000   105.6116846278
  0.10000000   2.60000000   105.6116846278
  0.20000000   2.60000000   105.9130301792
  0.30000000   2.60000000   106.4990111472
  0.40000000   2.60000000   107.3513881982
  0.50000000   2.60000000   108.4614806889
  0.60000000   2.60000000   109.8166896787
  0.70000000   2.60000000   111.3994554590
  0.80000000   2.60000000   113.1858045386
  0.90000000   2.60000000   115.1434193250
  1.00000000   2.60000000   117.2292155868
  1.10000000   2.60000000   119.3865542553
  1.20000000   2.60000000   121.5425144097
  1.30000000   2.60000000   123.6061885480
  1.40000000   2.60000000   125.4697252477
  1.50000000   2.60000000   127.0145250437
  1.60000000   2.60000000   128.1246009681
  1.70000000   2.60000000   128.7060399830
  1.80000000   2.60000000   128.7060399830
  1.90000000   2.60000000   128.1246009681
  2.00000000   2.60000000   127.0145250437
  2.10000000   2.60000000   125.4697252477
  2.20000000   2.60000000   123.6061885480
  2.30000000   2.60000000   121.5425144097
  2.40000000   2.60000000   119.3865542553
  2.50000000   2.60000000   117.2292155868
  2.60000000   2.60000000   115.1434193250
  2.70000000   2.60000000   113.1858045386
  2.80000000   2.60000000   111.3994554590
  2.90000000   2.60000000   109.8166896787
  3.00000000   2.60000000   108.4614806889
  3.10000000   2.60000000   107.3513881982
  3.20000000   2.60000000   106.4990111472
  3.30000000   2.60000000   105.9130301792
  3.40000000   2.60000000   105.6116846278
  3.50000000   2.60000000   105.6116846278

  0.00000000   2.70000000   104.7050384479
  0.10000000   2.70000000   104.7050384479
  0.20000000   2.70000000   104.9804227616
  0.30000000   2.70000000   105.5137385167
  0.40000000   2.70000000   106.2854349188
  0.50000000   2.70000000   107.2851240178
  0.60000000   2.70000000   108.4981012005
  0.70000000   2.70000000   109.9045179611
  0.80000000   2.70000000   111.4782955765
  0.90000000   2.70000000   113.1857919816
  1.00000000   2.70000000   114.9843012360
  1.10000000   2.70000000   116.8205935923
  1.20000000   2.70000000   118.6299168890
  1.30000000   2.70000000   120.3361751541
  1.40000000   2.70000000   121.8542980657
  1.50000000   2.70000000   123.0958733999
  1.60000000   2.70000000   123.9784943282
  1.70000000   2.70000000   124.4376128389
  1.80000000   2.70000000   124.4376128389
  1.90000000   2.70000000   123.9784943282
  2.00000000   2.70000000   123.0958733999
  2.10000000   2.70000000   121.8542980657
  2.20000000   2.70000000   120.3361751541
  2.30000000   2.70000000   118.6299168890
  2.40000000   2.70000000   116.8205935923
  2.50000000   2.70000000   114.9843012360
  2.60000000   2.70000000   113.1857919816
  2.70000000   2.70000000   111.4782955765
  2.80000000   2.70000000   109.9045179611
  2.90000000   2.70000000   108.4981012005
  3.00000000   2.70000000   107.2851240178
  3.10000000   2.70000000   106.2854349188
  3.20000000   2.70000000   105.5137385167
  3.30000000   2.70000000   104.9804227616
  3.40000000   2.70000000   104.7050384479
  3.50000000   2.70000000   104.7050384479

  0.00000000   2.80000000   103.8379990726
  0.10000000   2.80000000   103.8379990726
  0.20000000   2.80000000   104.0898490477
  0.30000000   2.80000000   104.5755446794
  0.40000000   2.80000000   105.2746171450
  0.50000000   2.80000000   106.1755874371
  0.60000000   2.80000000   107.2625168983
  0.70000000   2.80000000   108.5144144956
  0.80000000   2.80000000   109.9045081872
  0.90000000   2.80000000   111.3994336453
  1.00000000   2.80000000   112.9584522824
  1.10000000   2.80000000   114.5329032975
  1.20000000   2.80000000   116.0662206143
  1.30000000   2.80000000   117.4949805533
  1.40000000   2.80000000   118.7515185971
  1.50000000   2.80000000   119.7685291981
  1.60000000   2.80000000   120.4855801876
  1.70000000   2.80000000   120.8566093663
  1.80000000   2.80000000   120.8566093663
  1.90000000   2.80000000   120.4855801876
  2.00000000   2.80000000   119.7685291981
  2.10000000   2.80000000   118.7515185971
  2.20000000   2.80000000   117.4949805533
  2.30000000   2.80000000   116.0662206143
  2.40000000   2.80000000   114.5329032975
  2.50000000   2.80000000   112.9584522824
  2.60000000   2.80000000   111.3994336453
  2.70000000   2.80000000   109.9045081872
  2.80000000   2.80000000   108.5144144956
  2.90000000   2.80000000   107.2625168983
  3.00000000   2.80000000   106.1755874371
  3.10000000   2.80000000   105.2746171450
  3.20000000   2.80000000   104.5755446794
  3.30000000   2.80000000   104.0898490477
  3.40000000   2.80000000   103.8379990726
  3.50000000   2.80000000   103.8379990726

  0.00000000   2.90000000   103.0369679169
  0.10000000   2.90000000   103.0369679169
  0.20000000   2.90000000   103.2682026851
  0.30000000   2.90000000   103.7122668254
  0.40000000   2.90000000   104.3480826227
  0.50000000   2.90000000   105.1635511103
  0.60000000   2.90000000   106.1421404506
  0.70000000   2.90000000   107.2625091270
  0.80000000   2.90000000   108.4980839466
  0.90000000   2.90000000   109.8166611303
  1.00000000   2.90000000   111.1801405523
  1.10000000   2.90000000   112.5445605562
  1.20000000   2.90000000   113.8606645224
  1.30000000   2.90000000   115.0752760293
  1.40000000   2.90000000   116.1337409507
  1.50000000   2.90000000   116.9835490525
  1.60000000   2.90000000   117.5789282484
  1.70000000   2.90000000   117.8857558506
  1.80000000   2.90000000   117.8857558506
  1.90000000   2.90000000   117.5789282484
  2.00000000   2.90000000   116.9835490525
  2.10000000   2.90000000   116.1337409507
  2.20000000   2.90000000   115.0752760293
  2.30000000   2.90000000   113.8606645224
  2.40000000   2.90000000   112.5445605562
  2.50000000   2.90000000   111.1801405523
  2.60000000   2.90000000   109.8166611303
  2.70000000   2.90000000   108.4980839466
  2.80000000   2.90000000   107.2625091270
  2.90000000   2.90000000   106.1421404506
  3.00000000   2.90000000   105.1635511103
  3.10000000   2.90000000   104.3480826227
  3.20000000   2.90000000   103.7122668254
  3.30000000   2.90000000   103.2682026851
  3.40000000   2.90000000   103.0369679169
  3.50000000   2.90000000   103.0369679169

  0.00000000   3.00000000   102.3252089052
  0.10000000   3.00000000   102.3252089052
  0.20000000   3.00000000   102.5390906256
  0.30000000   3.00000000   102.9481372872
  0.40000000   3.00000000   103.5308748384
  0.50000000   3.00000000   104.2749101373
  0.60000000   3.00000000   105.1635449108
  0.70000000   3.00000000   106.1755736279
  0.80000000   3.00000000   107.2851011449
  0.90000000   3.00000000   108.4614473084
  1.00000000   3.00000000   109.6692307904
  1.10000000   3.00000000   110.8687553891
  1.20000000   3.00000000   112.0168476514
  1.30000000   3.00000000   113.0682969884
  1.40000000   3.00000000   113.9780031100
  1.50000000   3.00000000   114.7038152673
  1.60000000   3.00000000   115.2098481623
  1.70000000   3.00000000   115.4698240957
  1.80000000   3.00000000   115.4698240957
  1.90000000   3.00000000   115.2098481623
  2.00000000   3.00000000   114.7038152673
  2.10000000   3.00000000   113.9780031100
  2.20000000   3.00000000   113.0682969884
  2.30000000   3.00000000   112.0168476514
  2.40000000   3.00000000   110.8687553891
  2.50000000   3.00000000   109.6692307904
  2.60000000   3.00000000   108.4614473084
  2.70000000   3.00000000   107.2851011449
  2.80000000   3.00000000   106.1755736279
  2.90000000   3.00000000   105.1635449108
  3.00000000   3.00000000   104.2749101373
  3.10000000   3.00000000   103.5308748384
  3.20000000   3.00000000   102.9481372872
  3.30000000   3.00000000   102.5390906256
  3.40000000   3.00000000   102.3252089052
  3.50000000   3.00000000   102.3252089052

  0.00000000   3.10000000   101.7224285234
  0.10000000   3.10000000   101.7224285234
  0.20000000   3.10000000   101.9224763080
  0.30000000   3.10000000   102.3035245728
  0.40000000   3.10000000   102.8438169073
  0.50000000   3.10000000   103.5308699801
  0.60000000   3.10000000   104.3480716511
  0.70000000   3.10000000   105.2745987908
  0.80000000   3.10000000   106.2854079357
  0.90000000   3.10000000   107.3513514218
  1.00000000   3.10000000   108.4394873293
  1.10000000   3.10000000   109.5136672368
  1.20000000   3.10000000   110.5354911852
  1.30000000   3.10000000   111.4657035461
  1.40000000   3.10000000   112.2660547946
  1.50000000   3.10000000   112.9015649479
  1.60000000   3.10000000   113.3430015613
  1.70000000   3.10000000   113.5692599910
  1.80000000   3.10000000   113.5692599910
  1.90000000   3.10000000   113.3430015613
  2.00000000   3.10000000   112.9015649479
  2.10000000   3.10000000   112.2660547946
  2.20000000   3.10000000   111.4657035461
  2.30000000   3.10000000   110.5354911852
  2.40000000   3.10000000   109.5136672368
  2.50000000   3.10000000   108.4394873293
  2.60000000   3.10000000   107.3513514218
  2.70000000   3.10000000   106.2854079357
  2.80000000   3.10000000   105.2745987908
  2.90000000   3.10000000   104.3480716511
  3.00000000   3.10000000   103.5308699801
  3.10000000   3.10000000   102.8438169073
  3.20000000   3.10000000   102.3035245728
  3.30000000   3.10000000   101.9224763080
  3.40000000   3.10000000   101.7224285234
  3.50000000   3.10000000   101.7224285234

  0.00000000   3.20000000   101.2444536957
  0.10000000   3.20000000   101.2444536957
  0.20000000   3.20000000   101.4344685814
  0.30000000   3.20000000   101.7948223122
  0.40000000   3.20000000   102.3035209346
  0.50000000   3.20000000   102.9481288392
  0.60000000   3.20000000   103.7122523818
  0.70000000   3.20000000   104.5755230782
  0.80000000   3.20000000   105.5137086640
  0.90000000   3.20000000   106.4989720762
  1.00000000   3.20000000   107.5003225693
  1.10000000   3.20000000   108.4843137431
  1.20000000   3.20000000   109.4160392575
  1.30000000   3.20000000   110.2604552263
  1.40000000   3.20000000   110.9840149302
  1.50000000   3.20000000   111.5565367245
  1.60000000   3.20000000   111.9531489378
  1.70000000   3.20000000   112.1560870266
  1.80000000   3.20000000   112.1560870266
  1.90000000   3.20000000   111.9531489378
  2.00000000   3.20000000   111.5565367245
  2.10000000   3.20000000   110.9840149302
  2.20000000   3.20000000   110.2604552263
  2.30000000   3.20000000   109.4160392575
  2.40000000   3.20000000   108.4843137431
  2.50000000   3.20000000   107.5003225693
  2.60000000   3.20000000   106.4989720762
  2.70000000   3.20000000   105.5137086640
  2.80000000   3.20000000   104.5755230782
  2.90000000   3.20000000   103.7122523818
  3.00000000   3.20000000   102.9481288392
  3.10000000   3.20000000   102.3035209346
  3.20000000   3.20000000   101.7948223122
  3.30000000   3.20000000   101.4344685814
  3.40000000   3.20000000   101.2444536957
  3.50000000   3.20000000   101.2444536957

  0.00000000   3.30000000   100.9028974536
  0.10000000   3.30000000   100.9028974536
  0.20000000   3.30000000   101.0872681177
  0.30000000   3.30000000   101.4344660609
  0.40000000   3.30000000   101.9224702132
  0.50000000   3.30000000   102.5390797973
  0.60000000   3.30000000   103.2681859720
  0.70000000   3.30000000   104.0898253538
  0.80000000   3.30000000   104.9803910903
  0.90000000   3.30000000   105.9129896879
  1.00000000   3.30000000   106.8579771614
  1.10000000   3.30000000   107.7837144417
  1.20000000   3.30000000   108.6575718389
  1.30000000   3.30000000   109.4471883199
  1.40000000   3.30000000   110.1219533417
  1.50000000   3.30000000   110.6546297959
  1.60000000   3.30000000   111.0229846769
  1.70000000   3.30000000   111.2112536803
  1.80000000   3.30000000   111.2112536803
  1.90000000   3.30000000   111.0229846769
  2.00000000   3.30000000   110.6546297959
  2.10000000   3.30000000   110.1219533417
  2.20000000   3.30000000   109.4471883199
  2.30000000   3.30000000   108.6575718389
  2.40000000   3.30000000   107.7837144417
  2.50000000   3.30000000   106.8579771614
  2.60000000   3.30000000   105.9129896879
  2.70000000   3.30000000   104.9803910903
  2.80000000   3.30000000   104.0898253538
  2.90000000   3.30000000   103.2681859720
  3.00000000   3.30000000   102.5390797973
  3.10000000   3.30000000   101.9224702132
  3.20000000   3.30000000   101.4344660609
  3.30000000   3.30000000   101.0872681177
  3.40000000   3.30000000   100.9028974536
  3.50000000   3.30000000   100.9028974536

  0.00000000   3.40000000   100.7045325777
  0.10000000   3.40000000   100.7045325777
  0.20000000   3.40000000   100.8894820772
  0.30000000   3.40000000   101.2310828593
  0.40000000   3.40000000   101.7091194400
  0.50000000   3.40000000   102.3119773806
  0.60000000   3.40000000   103.0238276984
  0.70000000   3.40000000   103.8249613188
  0.80000000   3.40000000   104.6921112725
  0.90000000   3.40000000   105.5988727166
  1.00000000   3.40000000   106.5162825542
  1.10000000   3.40000000   107.4136001413
  1.20000000   3.40000000   108.2593117007
  1.30000000   3.40000000   109.0223549343
  1.40000000   3.40000000   109.6735249465
  1.50000000   3.40000000   110.1869807100
  1.60000000   3.40000000   110.5417303846
  1.70000000   3.40000000   110.7229449950
  1.80000000   3.40000000   110.7229449950
  1.90000000   3.40000000   110.5417303846
  2.00000000   3.40000000   110.1869807100
  2.10000000   3.40000000   109.6735249465
  2.20000000   3.40000000   109.0223549343
  2.30000000   3.40000000   108.2593117007
  2.40000000   3.40000000   107.4136001413
  2.50000000   3.40000000   106.5162825542
  2.60000000   3.40000000   105.5988727166
  2.70000000   3.40000000   104.6921112725
  2.80000000   3.40000000   103.8249613188
  2.90000000   3.40000000   103.0238276984
  3.00000000   3.40000000   102.3119773806
  3.10000000   3.40000000   101.7091194400
  3.20000000   3.40000000   101.2310828593
  3.30000000   3.40000000   100.8894820772
  3.40000000   3.40000000   100.7045325777
  3.50000000   3.40000000   100.7045325777

  0.00000000   3.50000000   100.7045325777
  0.10000000   3.50000000   100.7045325777
  0.20000000   3.50000000   100.8894820772
  0.30000000   3.50000000   101.2310828593
  0.40000000   3.50000000   101.7091194400
  0.50000000   3.50000000   102.3119773806
  0.60000000   3.50000000   103.0238276984
  0.70000000   3.50000000   103.8249613188
  0.80000000   3.50000000   104.6921112725
  0.90000000   3.50000000   105.5988727166
  1.00000000   3.50000000   106.5162825542
  1.10000000   3.50000000   107.4136001413
  1.20000000   3.50000000   108.2593117007
  1.30000000   3.50000000   109.0223549343
  1.40000000   3.50000000   109.6735249465
  1.50000000   3.50000000   110.1869807100
  1.60000000   3.50000000   110.5417303846
  1.70000000   3.50000000   110.7229449950
  1.80000000   3.50000000   110.7229449950
  1.90000000   3.50000000   110.5417303846
  2.00000000   3.50000000   110.1869807100
  2.10000000   3.50000000   109.6735249465
  2.20000000   3.50000000   109.0223549343
  2.30000000   3.50000000   108.2593117007
  2.40000000   3.50000000   107.4136001413
  2.50000000   3.50000000   106.5162825542
  2.60000000   3.50000000   105.5988727166
  2.70000000   3.50000000   104.6921112725
  2.80000000   3.50000000   103.8249613188
  2.90000000   3.50000000   103.0238276984
  3.00000000   3.50000000   102.3119773806
  3.10000000   3.50000000   101.7091194400
  3.20000000   3.50000000   101.2310828593
  3.30000000   3.50000000   100.8894820772
  3.40000000   3.50000000   100.7045325777
  3.50000000   3.50000000   100.7045325777

