  0.00000000   0.00000000     0.0000000000
  0.10000000   0.00000000     0.0000000000
  0.20000000   0.00000000     0.0000000000
  0.30000000   0.00000000     0.0000000000
  0.40000000   0.00000000     0.0000000001
  0.50000000   0.00000000     0.0000000004
  0.60000000   0.00000000     0.0000000013
  0.70000000   0.00000000     0.0000000048
  0.80000000   0.00000000     0.0000000165
  0.90000000   0.00000000     0.0000000541
  1.00000000   0.00000000     0.0000001676
  1.10000000   0.00000000     0.0000004805
  1.20000000   0.00000000     0.0000012433
  1.30000000   0.00000000     0.0000028048
  1.40000000   0.00000000     0.0000053983
  1.50000000   0.00000000     0.0000087893
  1.60000000   0.00000000     0.0000121188
  1.70000000   0.00000000     0.0000142082
  1.80000000   0.00000000     0.0000142082
  1.90000000   0.00000000     0.0000121188
  2.00000000   0.00000000     0.0000087893
  2.10000000   0.00000000     0.0000053983
  2.20000000   0.00000000     0.0000028048
  2.30000000   0.00000000     0.0000012433
  2.40000000   0.00000000     0.0000004805
  2.50000000   0.00000000     0.0000001676
  2.60000000   0.00000000     0.0000000541
  2.70000000   0.00000000     0.0000000165
  2.80000000   0.00000000     0.0000000048
  2.90000000   0.00000000     0.0000000013
  3.00000000   0.00000000     0.0000000004
  3.10000000   0.00000000     0.0000000001
  3.20000000   0.00000000     0.0000000000
  3.30000000   0.00000000     0.0000000000
  3.40000000   0.00000000     0.0000000000
  3.50000000   0.00000000     0.0000000000

  0.00000000   0.10000000     0.0000000000
  0.10000000   0.10000000     0.0000000000
  0.20000000   0.10000000     0.0000000000
  0.30000000   0.10000000     0.0000000000
  0.40000000   0.10000000     0.0000000001
  0.50000000   0.10000000     0.0000000004
  0.60000000   0.10000000     0.0000000013
  0.70000000   0.10000000     0.0000000048
  0.80000000   0.10000000     0.0000000165
  0.90000000   0.10000000     0.0000000541
  1.00000000   0.10000000     0.0000001676
  1.10000000   0.10000000     0.0000004805
  1.20000000   0.10000000     0.0000012433
  1.30000000   0.10000000     0.0000028048
  1.40000000   0.10000000     0.0000053983
  1.50000000   0.10000000     0.0000087893
  1.60000000   0.10000000     0.0000121188
  1.70000000   0.10000000     0.0000142082
  1.80000000   0.10000000     0.0000142082
  1.90000000   0.10000000     0.0000121188
  2.00000000   0.10000000     0.0000087893
  2.10000000   0.10000000     0.0000053983
  2.20000000   0.10000000     0.0000028048
  2.30000000   0.10000000     0.0000012433
  2.40000000   0.10000000     0.0000004805
  2.50000000   0.10000000     0.0000001676
  2.60000000   0.10000000     0.0000000541
  2.70000000   0.10000000     0.0000000165
  2.80000000   0.10000000     0.0000000048
  2.90000000   0.10000000     0.0000000013
  3.00000000   0.10000000     0.0000000004
  3.10000000   0.10000000     0.0000000001
  3.20000000   0.10000000     0.0000000000
  3.30000000   0.10000000     0.0000000000
  3.40000000   0.10000000     0.0000000000
  3.50000000   0.10000000     0.0000000000

  0.00000000   0.20000000     0.0000000000
  0.10000000   0.20000000     0.0000000000
  0.20000000   0.20000000     0.0000000000
  0.30000000   0.20000000     0.0000000001
  0.40000000   0.20000000     0.0000000004
  0.50000000   0.20000000     0.0000000014
  0.60000000   0.20000000     0.0000000053
  0.70000000   0.20000000     0.0000000187
  0.80000000   0.20000000     0.0000000643
  0.90000000   0.20000000     0.0000002109
  1.00000000   0.20000000     0.0000006520
  1.10000000   0.20000000     0.0000018659
  1.20000000   0.20000000     0.0000048142
  1.30000000   0.20000000     0.0000108199
  1.40000000   0.20000000     0.0000207469
  1.50000000   0.20000000     0.0000336730
  1.60000000   0.20000000     0.0000463280
  1.70000000   0.20000000     0.0000542548
  1.80000000   0.20000000     0.0000542548
  1.90000000   0.20000000     0.0000463280
  2.00000000   0.20000000     0.0000336730
  2.10000000   0.20000000     0.0000207469
  2.20000000   0.20000000     0.0000108199
  2.30000000   0.20000000     0.0000048142
  2.40000000   0.20000000     0.0000018659
  2.50000000   0.20000000     0.0000006520
  2.60000000   0.20000000     0.0000002109
  2.70000000   0.20000000     0.0000000643
  2.80000000   0.20000000     0.0000000187
  2.90000000   0.20000000     0.0000000053
  3.00000000   0.20000000     0.0000000014
  3.10000000   0.20000000     0.0000000004
  3.20000000   0.20000000     0.0000000001
  3.30000000   0.20000000     0.0000000000
  3.40000000   0.20000000     0.0000000000
  3.50000000   0.20000000     0.0000000000

  0.00000000   0.30000000     0.0000000000
  0.10000000   0.30000000     0.0000000000
  0.20000000   0.30000000     0.0000000001
  0.30000000   0.30000000     0.0000000004
  0.40000000   0.30000000     0.0000000015
  0.50000000   0.30000000     0.0000000056
  0.60000000   0.30000000     0.0000000205
  0.70000000   0.30000000     0.0000000730
  0.80000000   0.30000000     0.0000002508
  0.90000000   0.30000000     0.0000008224
  1.00000000   0.30000000     0.0000025432
  1.10000000   0.30000000     0.0000072801
  1.20000000   0.30000000     0.0000187927
  1.30000000   0.30000000     0.0000422614
  1.40000000   0.30000000     0.0000810798
  1.50000000   0.30000000     0.0001316408
  1.60000000   0.30000000     0.0001811354
  1.70000000   0.30000000     0.0002121300
  1.80000000   0.30000000     0.0002121300
  1.90000000   0.30000000     0.0001811354
  2.00000000   0.30000000     0.0001316408
  2.10000000   0.30000000     0.0000810798
  2.20000000   0.30000000     0.0000422614
  2.30000000   0.30000000     0.0000187927
  2.40000000   0.30000000     0.0000072801
  2.50000000   0.30000000     0.0000025432
  2.60000000   0.30000000     0.0000008224
  2.70000000   0.30000000     0.0000002508
  2.80000000   0.30000000     0.0000000730
  2.90000000   0.30000000     0.0000000205
  3.00000000   0.30000000     0.0000000056
  3.10000000   0.30000000     0.0000000015
  3.20000000   0.30000000     0.0000000004
  3.30000000   0.30000000     0.0000000001
  3.40000000   0.30000000     0.0000000000
  3.50000000   0.30000000     0.0000000000

  0.00000000   0.40000000     0.0000000001
  0.10000000   0.40000000     0.0000000001
  0.20000000   0.40000000     0.0000000004
  0.30000000   0.40000000     0.0000000015
  0.40000000   0.40000000     0.0000000057
  0.50000000   0.40000000     0.0000000214
  0.60000000   0.40000000     0.0000000785
  0.70000000   0.40000000     0.0000002797
  0.80000000   0.40000000     0.0000009607
  0.90000000   0.40000000     0.0000031516
  1.00000000   0.40000000     0.0000097497
  1.10000000   0.40000000     0.0000279260
  1.20000000   0.40000000     0.0000721437
  1.30000000   0.40000000     0.0001624000
  1.40000000   0.40000000     0.0003118672
  1.50000000   0.40000000     0.0005066841
  1.60000000   0.40000000     0.0006974035
  1.70000000   0.40000000     0.0008168148
  1.80000000   0.40000000     0.0008168148
  1.90000000   0.40000000     0.0006974035
  2.00000000   0.40000000     0.0005066841
  2.10000000   0.40000000     0.0003118672
  2.20000000   0.40000000     0.0001624000
  2.30000000   0.40000000     0.0000721437
  2.40000000   0.40000000     0.0000279260
  2.50000000   0.40000000     0.0000097497
  2.60000000   0.40000000     0.0000031516
  2.70000000   0.40000000     0.0000009607
  2.80000000   0.40000000     0.0000002797
  2.90000000   0.40000000     0.0000000785
  3.00000000   0.40000000     0.0000000214
  3.10000000   0.40000000     0.0000000057
  3.20000000   0.40000000     0.0000000015
  3.30000000   0.40000000     0.0000000004
  3.40000000   0.40000000     0.0000000001
  3.50000000   0.40000000     0.0000000001

  0.00000000   0.50000000     0.0000000004
  0.10000000   0.50000000     0.0000000004
  0.20000000   0.50000000     0.0000000014
  0.30000000   0.50000000     0.0000000055
  0.40000000   0.50000000     0.0000000213
  0.50000000   0.50000000     0.0000000801
  0.60000000   0.50000000     0.0000002942
  0.70000000   0.50000000     0.0000010485
  0.80000000   0.50000000     0.0000036022
  0.90000000   0.50000000     0.0000118222
  1.00000000   0.50000000     0.0000365920
  1.10000000   0.50000000     0.0001048844
  1.20000000   0.50000000     0.0002712116
  1.30000000   0.50000000     0.0006112558
  1.40000000   0.50000000     0.0011752170
  1.50000000   0.50000000     0.0019109461
  1.60000000   0.50000000     0.0026312613
  1.70000000   0.50000000     0.0030821633
  1.80000000   0.50000000     0.0030821633
  1.90000000   0.50000000     0.0026312613
  2.00000000   0.50000000     0.0019109461
  2.10000000   0.50000000     0.0011752170
  2.20000000   0.50000000     0.0006112558
  2.30000000   0.50000000     0.0002712116
  2.40000000   0.50000000     0.0001048844
  2.50000000   0.50000000     0.0000365920
  2.60000000   0.50000000     0.0000118222
  2.70000000   0.50000000     0.0000036022
  2.80000000   0.50000000     0.0000010485
  2.90000000   0.50000000     0.0000002942
  3.00000000   0.50000000     0.0000000801
  3.10000000   0.50000000     0.0000000213
  3.20000000   0.50000000     0.0000000055
  3.30000000   0.50000000     0.0000000014
  3.40000000   0.50000000     0.0000000004
  3.50000000   0.50000000     0.0000000004

  0.00000000   0.60000000     0.0000000015
  0.10000000   0.60000000     0.0000000015
  0.20000000   0.60000000     0.0000000052
  0.30000000   0.60000000     0.0000000202
  0.40000000   0.60000000     0.0000000777
  0.50000000   0.60000000     0.0000002926
  0.60000000   0.60000000     0.0000010747
  0.70000000   0.60000000     0.0000038312
  0.80000000   0.60000000     0.0000131680
  0.90000000   0.60000000     0.0000432376
  1.00000000   0.60000000     0.0001339154
  1.10000000   0.60000000     0.0003841705
  1.20000000   0.60000000     0.0009945236
  1.30000000   0.60000000     0.0022447644
  1.40000000   0.60000000     0.0043221379
  1.50000000   0.60000000     0.0070353339
  1.60000000   0.60000000     0.0096919598
  1.70000000   0.60000000     0.0113545128
  1.80000000   0.60000000     0.0113545128
  1.90000000   0.60000000     0.0096919598
  2.00000000   0.60000000     0.0070353339
  2.10000000   0.60000000     0.0043221379
  2.20000000   0.60000000     0.0022447644
  2.30000000   0.60000000     0.0009945236
  2.40000000   0.60000000     0.0003841705
  2.50000000   0.60000000     0.0001339154
  2.60000000   0.60000000     0.0000432376
  2.70000000   0.60000000     0.0000131680
  2.80000000   0.60000000     0.0000038312
  2.90000000   0.60000000     0.0000010747
  3.00000000   0.60000000     0.0000002926
  3.10000000   0.60000000     0.0000000777
  3.20000000   0.60000000     0.0000000202
  3.30000000   0.60000000     0.0000000052
  3.40000000   0.60000000     0.0000000015
  3.50000000   0.60000000     0.0000000015

  0.00000000   0.70000000     0.0000000053
  0.10000000   0.70000000     0.0000000053
  0.20000000   0.70000000     0.0000000183
  0.30000000   0.70000000     0.0000000715
  0.40000000   0.70000000     0.0000002751
  0.50000000   0.70000000     0.0000010361
  0.60000000   0.70000000     0.0000038068
  0.70000000   0.70000000     0.0000135766
  0.80000000   0.70000000     0.0000466858
  0.90000000   0.70000000     0.0001533886
  1.00000000   0.70000000     0.0004754493
  1.10000000   0.70000000     0.0013653693
  1.20000000   0.70000000     0.0035395572
  1.30000000   0.70000000     0.0080038467
  1.40000000   0.70000000     0.0154392591
  1.50000000   0.70000000     0.0251651248
  1.60000000   0.70000000     0.0346893874
  1.70000000   0.70000000     0.0406477890
  1.80000000   0.70000000     0.0406477890
  1.90000000   0.70000000     0.0346893874
  2.00000000   0.70000000     0.0251651248
  2.10000000   0.70000000     0.0154392591
  2.20000000   0.70000000     0.0080038467
  2.30000000   0.70000000     0.0035395572
  2.40000000   0.70000000     0.0013653693
  2.50000000   0.70000000     0.0004754493
  2.60000000   0.70000000     0.0001533886
  2.70000000   0.70000000     0.0000466858
  2.80000000   0.70000000     0.0000135766
  2.90000000   0.70000000     0.0000038068
  3.00000000   0.70000000     0.0000010361
  3.10000000   0.70000000     0.0000002751
  3.20000000   0.70000000     0.0000000715
  3.30000000   0.70000000     0.0000000183
  3.40000000   0.70000000     0.0000000053
  3.50000000   0.70000000     0.0000000053

  0.00000000   0.80000000     0.0000000179
  0.10000000   0.80000000     0.0000000179
  0.20000000   0.80000000     0.0000000623
  0.30000000   0.80000000     0.0000002438
  0.40000000   0.80000000     0.0000009377
  0.50000000   0.80000000     0.0000035330
  0.60000000   0.80000000     0.0000129865
  0.70000000   0.80000000     0.0000463382
  0.80000000   0.80000000     0.0001594402
  0.90000000   0.80000000     0.0005242498
  1.00000000   0.80000000     0.0016265888
  1.10000000   0.80000000     0.0046772482
  1.20000000   0.80000000     0.0121465578
  1.30000000   0.80000000     0.0275301913
  1.40000000   0.80000000     0.0532322089
  1.50000000   0.80000000     0.0869211538
  1.60000000   0.80000000     0.1199166216
  1.70000000   0.80000000     0.1405495060
  1.80000000   0.80000000     0.1405495060
  1.90000000   0.80000000     0.1199166216
  2.00000000   0.80000000     0.0869211538
  2.10000000   0.80000000     0.0532322089
  2.20000000   0.80000000     0.0275301913
  2.30000000   0.80000000     0.0121465578
  2.40000000   0.80000000     0.0046772482
  2.50000000   0.80000000     0.0016265888
  2.60000000   0.80000000     0.0005242498
  2.70000000   0.80000000     0.0001594402
  2.80000000   0.80000000     0.0000463382
  2.90000000   0.80000000     0.0000129865
  3.00000000   0.80000000     0.0000035330
  3.10000000   0.80000000     0.0000009377
  3.20000000   0.80000000     0.0000002438
  3.30000000   0.80000000     0.0000000623
  3.40000000   0.80000000     0.0000000179
  3.50000000   0.80000000     0.0000000179

  0.00000000   0.90000000     0.0000000583
  0.10000000   0.90000000     0.0000000583
  0.20000000   0.90000000     0.0000002025
  0.30000000   0.90000000     0.0000007924
  0.40000000   0.90000000     0.0000030493
  0.50000000   0.90000000     0.0000114937
  0.60000000   0.90000000     0.0000422698
  0.70000000   0.90000000     0.0001509213
  0.80000000   0.90000000     0.0005196916
  0.90000000   0.90000000     0.0017104483
  1.00000000   0.90000000     0.0053137039
  1.10000000   0.90000000     0.0153051279
  1.20000000   0.90000000     0.0398367985
  1.30000000   0.90000000     0.0905627759
  1.40000000   0.90000000     0.1756724893
  1.50000000   0.90000000     0.2875593038
  1.60000000   0.90000000     0.3971609409
  1.70000000   0.90000000     0.4656564672
  1.80000000   0.90000000     0.4656564672
  1.90000000   0.90000000     0.3971609409
  2.00000000   0.90000000     0.2875593038
  2.10000000   0.90000000     0.1756724893
  2.20000000   0.90000000     0.0905627759
  2.30000000   0.90000000     0.0398367985
  2.40000000   0.90000000     0.0153051279
  2.50000000   0.90000000     0.0053137039
  2.60000000   0.90000000     0.0017104483
  2.70000000   0.90000000     0.0005196916
  2.80000000   0.90000000     0.0001509213
  2.90000000   0.90000000     0.0000422698
  3.00000000   0.90000000     0.0000114937
  3.10000000   0.90000000     0.0000030493
  3.20000000   0.90000000     0.0000007924
  3.30000000   0.90000000     0.0000002025
  3.40000000   0.90000000     0.0000000583
  3.50000000   0.90000000     0.0000000583

  0.00000000   1.00000000     0.0000001785
  0.10000000   1.00000000     0.0000001785
  0.20000000   1.00000000     0.0000006195
  0.30000000   1.00000000     0.0000024252
  0.40000000   1.00000000     0.0000093370
  0.50000000   1.00000000     0.0000352136
  0.60000000   1.00000000     0.0001295911
  0.70000000   1.00000000     0.0004630749
  0.80000000   1.00000000     0.0015961951
  0.90000000   1.00000000     0.0052602409
  1.00000000   1.00000000     0.0163686389
  1.10000000   1.00000000     0.0472509461
  1.20000000   1.00000000     0.1233570653
  1.30000000   1.00000000     0.2815706813
  1.40000000   1.00000000     0.5486202519
  1.50000000   1.00000000     0.9012497377
  1.60000000   1.00000000     1.2467293198
  1.70000000   1.00000000     1.4624563026
  1.80000000   1.00000000     1.4624563026
  1.90000000   1.00000000     1.2467293198
  2.00000000   1.00000000     0.9012497377
  2.10000000   1.00000000     0.5486202519
  2.20000000   1.00000000     0.2815706813
  2.30000000   1.00000000     0.1233570653
  2.40000000   1.00000000     0.0472509461
  2.50000000   1.00000000     0.0163686389
  2.60000000   1.00000000     0.0052602409
  2.70000000   1.00000000     0.0015961951
  2.80000000   1.00000000     0.0004630749
  2.90000000   1.00000000     0.0001295911
  3.00000000   1.00000000     0.0000352136
  3.10000000   1.00000000     0.0000093370
  3.20000000   1.00000000     0.0000024252
  3.30000000   1.00000000     0.0000006195
  3.40000000   1.00000000     0.0000001785
  3.50000000   1.00000000     0.0000001785

  0.00000000   1.10000000     0.0000005050
  0.10000000   1.10000000     0.0000005050
  0.20000000   1.10000000     0.0000017520
  0.30000000   1.10000000     0.0000068621
  0.40000000   1.10000000     0.0000264356
  0.50000000   1.10000000     0.0000997742
  0.60000000   1.10000000     0.0003675150
  0.70000000   1.10000000     0.0013147022
  0.80000000   1.10000000     0.0045378678
  0.90000000   1.10000000     0.0149802242
  1.00000000   1.10000000     0.0467193094
  1.10000000   1.10000000     0.1352679282
  1.20000000   1.10000000     0.3545978813
  1.30000000   1.10000000     0.8139656975
  1.40000000   1.10000000     1.5962342821
  1.50000000   1.10000000     2.6366055522
  1.60000000   1.10000000     3.6559111978
  1.70000000   1.10000000     4.2916291299
  1.80000000   1.10000000     4.2916291299
  1.90000000   1.10000000     3.6559111978
  2.00000000   1.10000000     2.6366055522
  2.10000000   1.10000000     1.5962342821
  2.20000000   1.10000000     0.8139656975
  2.30000000   1.10000000     0.3545978813
  2.40000000   1.10000000     0.1352679282
  2.50000000   1.10000000     0.0467193094
  2.60000000   1.10000000     0.0149802242
  2.70000000   1.10000000     0.0045378678
  2.80000000   1.10000000     0.0013147022
  2.90000000   1.10000000     0.0003675150
  3.00000000   1.10000000     0.0000997742
  3.10000000   1.10000000     0.0000264356
  3.20000000   1.10000000     0.0000068621
  3.30000000   1.10000000     0.0000017520
  3.40000000   1.10000000     0.0000005050
  3.50000000   1.10000000     0.0000005050

  0.00000000   1.20000000     0.0000012879
  0.10000000   1.20000000     0.0000012879
  0.20000000   1.20000000     0.0000044661
  0.30000000   1.20000000     0.0000175017
  0.40000000   1.20000000     0.0000674816
  0.50000000   1.20000000     0.0002549507
  0.60000000   1.20000000     0.0009402494
  0.70000000   1.20000000     0.0033685350
  0.80000000   1.20000000     0.0116484459
  0.90000000   1.20000000     0.0385439060
  1.00000000   1.20000000     0.1205786367
  1.10000000   1.20000000     0.3505697928
  1.20000000   1.20000000     0.9243401322
  1.30000000   1.20000000     2.1390869352
  1.40000000   1.20000000     4.2364823127
  1.50000000   1.20000000     7.0610880839
  1.60000000   1.20000000     9.8271890769
  1.70000000   1.20000000    11.5493046589
  1.80000000   1.20000000    11.5493046589
  1.90000000   1.20000000     9.8271890769
  2.00000000   1.20000000     7.0610880839
  2.10000000   1.20000000     4.2364823127
  2.20000000   1.20000000     2.1390869352
  2.30000000   1.20000000     0.9243401322
  2.40000000   1.20000000     0.3505697928
  2.50000000   1.20000000     0.1205786367
  2.60000000   1.20000000     0.0385439060
  2.70000000   1.20000000     0.0116484459
  2.80000000   1.20000000     0.0033685350
  2.90000000   1.20000000     0.0009402494
  3.00000000   1.20000000     0.0002549507
  3.10000000   1.20000000     0.0000674816
  3.20000000   1.20000000     0.0000175017
  3.30000000   1.20000000     0.0000044661
  3.40000000   1.20000000     0.0000012879
  3.50000000   1.20000000     0.0000012879

  0.00000000   1.30000000     0.0000028693
  0.10000000   1.30000000     0.0000028693
  0.20000000   1.30000000     0.0000099443
  0.30000000   1.30000000     0.0000389968
  0.40000000   1.30000000     0.0001505245
  0.50000000   1.30000000     0.0005694388
  0.60000000   1.30000000     0.0021033910
  0.70000000   1.30000000     0.0075502226
  0.80000000   1.30000000     0.0261722905
  0.90000000   1.30000000     0.0868732838
  1.00000000   1.30000000     0.2728979283
  1.10000000   1.30000000     0.7979551864
  1.20000000   1.30000000     2.1211449982
  1.30000000   1.30000000     4.9673378664
  1.40000000   1.30000000     9.9935402464
  1.50000000   1.30000000    16.9286185796
  1.60000000   1.30000000    23.7042917811
  1.70000000   1.30000000    27.9121347864
  1.80000000   1.30000000    27.9121347864
  1.90000000   1.30000000    23.7042917811
  2.00000000   1.30000000    16.9286185796
  2.10000000   1.30000000     9.9935402464
  2.20000000   1.30000000     4.9673378664
  2.30000000   1.30000000     2.1211449982
  2.40000000   1.30000000     0.7979551864
  2.50000000   1.30000000     0.2728979283
  2.60000000   1.30000000     0.0868732838
  2.70000000   1.30000000     0.0261722905
  2.80000000   1.30000000     0.0075502226
  2.90000000   1.30000000     0.0021033910
  3.00000000   1.30000000     0.0005694388
  3.10000000   1.30000000     0.0001505245
  3.20000000   1.30000000     0.0000389968
  3.30000000   1.30000000     0.0000099443
  3.40000000   1.30000000     0.0000028693
  3.50000000   1.30000000     0.0000028693

  0.00000000   1.40000000     0.0000054697
  0.10000000   1.40000000     0.0000054697
  0.20000000   1.40000000     0.0000189450
  0.30000000   1.40000000     0.0000743405
  0.40000000   1.40000000     0.0002872466
  0.50000000   1.40000000     0.0010880457
  0.60000000   1.40000000     0.0040253084
  0.70000000   1.40000000     0.0144774139
  0.80000000   1.40000000     0.0503117463
  0.90000000   1.40000000     0.1675592915
  1.00000000   1.40000000     0.5287929896
  1.10000000   1.40000000     1.5565030916
  1.20000000   1.40000000     4.1794665130
  1.30000000   1.40000000     9.9454387564
  1.40000000   1.40000000    20.5039717427
  1.50000000   1.40000000    35.8450652937
  1.60000000   1.40000000    50.6980595729
  1.70000000   1.40000000    59.8973803405
  1.80000000   1.40000000    59.8973803405
  1.90000000   1.40000000    50.6980595729
  2.00000000   1.40000000    35.8450652937
  2.10000000   1.40000000    20.5039717427
  2.20000000   1.40000000     9.9454387564
  2.30000000   1.40000000     4.1794665130
  2.40000000   1.40000000     1.5565030916
  2.50000000   1.40000000     0.5287929896
  2.60000000   1.40000000     0.1675592915
  2.70000000   1.40000000     0.0503117463
  2.80000000   1.40000000     0.0144774139
  2.90000000   1.40000000     0.0040253084
  3.00000000   1.40000000     0.0010880457
  3.10000000   1.40000000     0.0002872466
  3.20000000   1.40000000     0.0000743405
  3.30000000   1.40000000     0.0000189450
  3.40000000   1.40000000     0.0000054697
  3.50000000   1.40000000     0.0000054697

  0.00000000   1.50000000     0.0000088470
  0.10000000   1.50000000     0.0000088470
  0.20000000   1.50000000     0.0000306238
  0.30000000   1.50000000     0.0001202166
  0.40000000   1.50000000     0.0004648419
  0.50000000   1.50000000     0.0017623230
  0.60000000   1.50000000     0.0065271453
  0.70000000   1.50000000     0.0235092076
  0.80000000   1.50000000     0.0818539281
  0.90000000   1.50000000     0.2733177186
  1.00000000   1.50000000     0.8657813583
  1.10000000   1.50000000     2.5630043908
  1.20000000   1.50000000     6.9469530026
  1.30000000   1.50000000    16.8120505175
  1.40000000   1.50000000    35.8070817090
  1.50000000   1.50000000    66.9962240874
  1.60000000   1.50000000    96.1926813574
  1.70000000   1.50000000   114.3062597614
  1.80000000   1.50000000   114.3062597614
  1.90000000   1.50000000    96.1926813574
  2.00000000   1.50000000    66.9962240874
  2.10000000   1.50000000    35.8070817090
  2.20000000   1.50000000    16.8120505175
  2.30000000   1.50000000     6.9469530026
  2.40000000   1.50000000     2.5630043908
  2.50000000   1.50000000     0.8657813583
  2.60000000   1.50000000     0.2733177186
  2.70000000   1.50000000     0.0818539281
  2.80000000   1.50000000     0.0235092076
  2.90000000   1.50000000     0.0065271453
  3.00000000   1.50000000     0.0017623230
  3.10000000   1.50000000     0.0004648419
  3.20000000   1.50000000     0.0001202166
  3.30000000   1.50000000     0.0000306238
  3.40000000   1.50000000     0.0000088470
  3.50000000   1.50000000     0.0000088470

  0.00000000   1.60000000     0.0000121486
  0.10000000   1.60000000     0.0000121486
  0.20000000   1.60000000     0.0000420297
  0.30000000   1.60000000     0.0001650130
  0.40000000   1.60000000     0.0006382607
  0.50000000   1.60000000     0.0024207712
  0.60000000   1.60000000     0.0089704002
  0.70000000   1.60000000     0.0323302750
  0.80000000   1.60000000     0.1126637745
  0.90000000   1.60000000     0.3766361854
  1.00000000   1.60000000     1.1950506258
  1.10000000   1.60000000     3.5465548217
  1.20000000   1.60000000     9.6505447301
  1.30000000   1.60000000    23.5065752140
  1.40000000   1.60000000    50.5909819149
  1.50000000   1.60000000   104.1791965099
  1.60000000   1.60000000   200.0000000000
  1.70000000   1.60000000   200.0000000000
  1.80000000   1.60000000   200.0000000000
  1.90000000   1.60000000   200.0000000000
  2.00000000   1.60000000   104.1791965099
  2.10000000   1.60000000    50.5909819149
  2.20000000   1.60000000    23.5065752140
  2.30000000   1.60000000     9.6505447301
  2.40000000   1.60000000     3.5465548217
  2.50000000   1.60000000     1.1950506258
  2.60000000   1.60000000     0.3766361854
  2.70000000   1.60000000     0.1126637745
  2.80000000   1.60000000     0.0323302750
  2.90000000   1.60000000     0.0089704002
  3.00000000   1.60000000     0.0024207712
  3.10000000   1.60000000     0.0006382607
  3.20000000   1.60000000     0.0001650130
  3.30000000   1.60000000     0.0000420297
  3.40000000   1.60000000     0.0000121486
  3.50000000   1.60000000     0.0000121486

  0.00000000   1.70000000     0.0000142154
  0.10000000   1.70000000     0.0000142154
  0.20000000   1.70000000     0.0000491646
  0.30000000   1.70000000     0.0001930268
  0.40000000   1.70000000     0.0007466838
  0.50000000   1.70000000     0.0028323255
  0.60000000   1.70000000     0.0104970135
  0.70000000   1.70000000     0.0378396499
  0.80000000   1.70000000     0.1318967140
  0.90000000   1.70000000     0.4410894255
  1.00000000   1.70000000     1.4002786994
  1.10000000   1.70000000     4.1588599061
  1.20000000   1.70000000    11.3309368137
  1.30000000   1.70000000    27.6587459713
  1.40000000   1.70000000    59.7427694639
  1.50000000   1.70000000   117.1658603326
  1.60000000   1.70000000   200.0000000000
  1.70000000   1.70000000   200.0000000000
  1.80000000   1.70000000   200.0000000000
  1.90000000   1.70000000   200.0000000000
  2.00000000   1.70000000   117.1658603326
  2.10000000   1.70000000    59.7427694639
  2.20000000   1.70000000    27.6587459713
  2.30000000   1.70000000    11.3309368137
  2.40000000   1.70000000     4.1588599061
  2.50000000   1.70000000     1.4002786994
  2.60000000   1.70000000     0.4410894255
  2.70000000   1.70000000     0.1318967140
  2.80000000   1.70000000     0.0378396499
  2.90000000   1.70000000     0.0104970135
  3.00000000   1.70000000     0.0028323255
  3.10000000   1.70000000     0.0007466838
  3.20000000   1.70000000     0.0001930268
  3.30000000   1.70000000     0.0000491646
  3.40000000   1.70000000     0.0000142154
  3.50000000   1.70000000     0.0000142154

  0.00000000   1.80000000     0.0000142154
  0.10000000   1.80000000     0.0000142154
  0.20000000   1.80000000     0.0000491646
  0.30000000   1.80000000     0.0001930268
  0.40000000   1.80000000     0.0007466838
  0.50000000   1.80000000     0.0028323255
  0.60000000   1.80000000     0.0104970135
  0.70000000   1.80000000     0.0378396499
  0.80000000   1.80000000     0.1318967140
  0.90000000   1.80000000     0.4410894255
  1.00000000   1.80000000     1.4002786994
  1.10000000   1.80000000     4.1588599061
  1.20000000   1.80000000    11.3309368137
  1.30000000   1.80000000    27.6587459713
  1.40000000   1.80000000    59.7427694639
  1.50000000   1.80000000   117.1658603326
  1.60000000   1.80000000   200.0000000000
  1.70000000   1.80000000   200.0000000000
  1.80000000   1.80000000   200.0000000000
  1.90000000   1.80000000   200.0000000000
  2.00000000   1.80000000   117.1658603326
  2.10000000   1.80000000    59.7427694639
  2.20000000   1.80000000    27.6587459713
  2.30000000   1.80000000    11.3309368137
  2.40000000   1.80000000     4.1588599061
  2.50000000   1.80000000     1.4002786994
  2.60000000   1.80000000     0.4410894255
  2.70000000   1.80000000     0.1318967140
  2.80000000   1.80000000     0.0378396499
  2.90000000   1.80000000     0.0104970135
  3.00000000   1.80000000     0.0028323255
  3.10000000   1.80000000     0.0007466838
  3.20000000   1.80000000     0.0001930268
  3.30000000   1.80000000     0.0000491646
  3.40000000   1.80000000     0.0000142154
  3.50000000   1.80000000     0.0000142154

  0.00000000   1.90000000     0.0000121486
  0.10000000   1.90000000     0.0000121486
  0.20000000   1.90000000     0.0000420297
  0.30000000   1.90000000     0.0001650130
  0.40000000   1.90000000     0.0006382607
  0.50000000   1.90000000     0.0024207712
  0.60000000   1.90000000     0.0089704002
  0.70000000   1.90000000     0.0323302750
  0.80000000   1.90000000     0.1126637745
  0.90000000   1.90000000     0.3766361854
  1.00000000   1.90000000     1.1950506258
  1.10000000   1.90000000     3.5465548217
  1.20000000   1.90000000     9.6505447301
  1.30000000   1.90000000    23.5065752140
  1.40000000   1.90000000    50.5909819149
  1.50000000   1.90000000   104.1791965099
  1.60000000   1.90000000   200.0000000000
  1.70000000   1.90000000   200.0000000000
  1.80000000   1.90000000   200.0000000000
  1.90000000   1.90000000   200.0000000000
  2.00000000   1.90000000   104.1791965099
  2.10000000   1.90000000    50.5909819149
  2.20000000   1.90000000    23.5065752140
  2.30000000   1.90000000     9.6505447301
  2.40000000   1.90000000     3.5465548217
  2.50000000   1.90000000     1.1950506258
  2.60000000   1.90000000     0.3766361854
  2.70000000   1.90000000     0.1126637745
  2.80000000   1.90000000     0.0323302750
  2.90000000   1.90000000     0.0089704002
  3.00000000   1.90000000     0.0024207712
  3.10000000   1.90000000     0.0006382607
  3.20000000   1.90000000     0.0001650130
  3.30000000   1.90000000     0.0000420297
  3.40000000   1.90000000     0.0000121486
  3.50000000   1.90000000     0.0000121486

  0.00000000   2.00000000     0.0000088470
  0.10000000   2.00000000     0.0000088470
  0.20000000   2.00000000     0.0000306238
  0.30000000   2.00000000     0.0001202166
  0.40000000   2.00000000     0.0004648419
  0.50000000   2.00000000     0.0017623230
  0.60000000   2.00000000     0.0065271453
  0.70000000   2.00000000     0.0235092076
  0.80000000   2.00000000     0.0818539281
  0.90000000   2.00000000     0.2733177186
  1.00000000   2.00000000     0.8657813583
  1.10000000   2.00000000     2.5630043908
  1.20000000   2.00000000     6.9469530026
  1.30000000   2.00000000    16.8120505175
  1.40000000   2.00000000    35.8070817090
  1.50000000   2.00000000    66.9962240874
  1.60000000   2.00000000    96.1926813574
  1.70000000   2.00000000   114.3062597614
  1.80000000   2.00000000   114.3062597614
  1.90000000   2.00000000    96.1926813574
  2.00000000   2.00000000    66.9962240874
  2.10000000   2.00000000    35.8070817090
  2.20000000   2.00000000    16.8120505175
  2.30000000   2.00000000     6.9469530026
  2.40000000   2.00000000     2.5630043908
  2.50000000   2.00000000     0.8657813583
  2.60000000   2.00000000     0.2733177186
  2.70000000   2.00000000     0.0818539281
  2.80000000   2.00000000     0.0235092076
  2.90000000   2.00000000     0.0065271453
  3.00000000   2.00000000     0.0017623230
  3.10000000   2.00000000     0.0004648419
  3.20000000   2.00000000     0.0001202166
  3.30000000   2.00000000     0.0000306238
  3.40000000   2.00000000     0.0000088470
  3.50000000   2.00000000     0.0000088470

  0.00000000   2.10000000     0.0000054697
  0.10000000   2.10000000     0.0000054697
  0.20000000   2.10000000     0.0000189450
  0.30000000   2.10000000     0.0000743405
  0.40000000   2.10000000     0.0002872466
  0.50000000   2.10000000     0.0010880457
  0.60000000   2.10000000     0.0040253084
  0.70000000   2.10000000     0.0144774139
  0.80000000   2.10000000     0.0503117463
  0.90000000   2.10000000     0.1675592915
  1.00000000   2.10000000     0.5287929896
  1.10000000   2.10000000     1.5565030916
  1.20000000   2.10000000     4.1794665130
  1.30000000   2.10000000     9.9454387564
  1.40000000   2.10000000    20.5039717427
  1.50000000   2.10000000    35.8450652937
  1.60000000   2.10000000    50.6980595729
  1.70000000   2.10000000    59.8973803405
  1.80000000   2.10000000    59.8973803405
  1.90000000   2.10000000    50.6980595729
  2.00000000   2.10000000    35.8450652937
  2.10000000   2.10000000    20.5039717427
  2.20000000   2.10000000     9.9454387564
  2.30000000   2.10000000     4.1794665130
  2.40000000   2.10000000     1.5565030916
  2.50000000   2.10000000     0.5287929896
  2.60000000   2.10000000     0.1675592915
  2.70000000   2.10000000     0.0503117463
  2.80000000   2.10000000     0.0144774139
  2.90000000   2.10000000     0.0040253084
  3.00000000   2.10000000     0.0010880457
  3.10000000   2.10000000     0.0002872466
  3.20000000   2.10000000     0.0000743405
  3.30000000   2.10000000     0.0000189450
  3.40000000   2.10000000     0.0000054697
  3.50000000   2.10000000     0.0000054697

  0.00000000   2.20000000     0.0000028693
  0.10000000   2.20000000     0.0000028693
  0.20000000   2.20000000     0.0000099443
  0.30000000   2.20000000     0.0000389968
  0.40000000   2.20000000     0.0001505245
  0.50000000   2.20000000     0.0005694388
  0.60000000   2.20000000     0.0021033910
  0.70000000   2.20000000     0.0075502226
  0.80000000   2.20000000     0.0261722905
  0.90000000   2.20000000     0.0868732838
  1.00000000   2.20000000     0.2728979283
  1.10000000   2.20000000     0.7979551864
  1.20000000   2.20000000     2.1211449982
  1.30000000   2.20000000     4.9673378664
  1.40000000   2.20000000     9.9935402464
  1.50000000   2.20000000    16.9286185796
  1.60000000   2.20000000    23.7042917811
  1.70000000   2.20000000    27.9121347864
  1.80000000   2.20000000    27.9121347864
  1.90000000   2.20000000    23.7042917811
  2.00000000   2.20000000    16.9286185796
  2.10000000   2.20000000     9.9935402464
  2.20000000   2.20000000     4.9673378664
  2.30000000   2.20000000     2.1211449982
  2.40000000   2.20000000     0.7979551864
  2.50000000   2.20000000     0.2728979283
  2.60000000   2.20000000     0.0868732838
  2.70000000   2.20000000     0.0261722905
  2.80000000   2.20000000     0.0075502226
  2.90000000   2.20000000     0.0021033910
  3.00000000   2.20000000     0.0005694388
  3.10000000   2.20000000     0.0001505245
  3.20000000   2.20000000     0.0000389968
  3.30000000   2.20000000     0.0000099443
  3.40000000   2.20000000     0.0000028693
  3.50000000   2.20000000     0.0000028693

  0.00000000   2.30000000     0.0000012879
  0.10000000   2.30000000     0.0000012879
  0.20000000   2.30000000     0.0000044661
  0.30000000   2.30000000     0.0000175017
  0.40000000   2.30000000     0.0000674816
  0.50000000   2.30000000     0.0002549507
  0.60000000   2.30000000     0.0009402494
  0.70000000   2.30000000     0.0033685350
  0.80000000   2.30000000     0.0116484459
  0.90000000   2.30000000     0.0385439060
  1.00000000   2.30000000     0.1205786367
  1.10000000   2.30000000     0.3505697928
  1.20000000   2.30000000     0.9243401322
  1.30000000   2.30000000     2.1390869352
  1.40000000   2.30000000     4.2364823127
  1.50000000   2.30000000     7.0610880839
  1.60000000   2.30000000     9.8271890769
  1.70000000   2.30000000    11.5493046589
  1.80000000   2.30000000    11.5493046589
  1.90000000   2.30000000     9.8271890769
  2.00000000   2.30000000     7.0610880839
  2.10000000   2.30000000     4.2364823127
  2.20000000   2.30000000     2.1390869352
  2.30000000   2.30000000     0.9243401322
  2.40000000   2.30000000     0.3505697928
  2.50000000   2.30000000     0.1205786367
  2.60000000   2.30000000     0.0385439060
  2.70000000   2.30000000     0.0116484459
  2.80000000   2.30000000     0.0033685350
  2.90000000   2.30000000     0.0009402494
  3.00000000   2.30000000     0.0002549507
  3.10000000   2.30000000     0.0000674816
  3.20000000   2.30000000     0.0000175017
  3.30000000   2.30000000     0.0000044661
  3.40000000   2.30000000     0.0000012879
  3.50000000   2.30000000     0.0000012879

  0.00000000   2.40000000     0.0000005050
  0.10000000   2.40000000     0.0000005050
  0.20000000   2.40000000     0.0000017520
  0.30000000   2.40000000     0.0000068621
  0.40000000   2.40000000     0.0000264356
  0.50000000   2.40000000     0.0000997742
  0.60000000   2.40000000     0.0003675150
  0.70000000   2.40000000     0.0013147022
  0.80000000   2.40000000     0.0045378678
  0.90000000   2.40000000     0.0149802242
  1.00000000   2.40000000     0.0467193094
  1.10000000   2.40000000     0.1352679282
  1.20000000   2.40000000     0.3545978813
  1.30000000   2.40000000     0.8139656975
  1.40000000   2.40000000     1.5962342821
  1.50000000   2.40000000     2.6366055522
  1.60000000   2.40000000     3.6559111978
  1.70000000   2.40000000     4.2916291299
  1.80000000   2.40000000     4.2916291299
  1.90000000   2.40000000     3.6559111978
  2.00000000   2.40000000     2.6366055522
  2.10000000   2.40000000     1.5962342821
  2.20000000   2.40000000     0.8139656975
  2.30000000   2.40000000     0.3545978813
  2.40000000   2.40000000     0.1352679282
  2.50000000   2.40000000     0.0467193094
  2.60000000   2.40000000     0.0149802242
  2.70000000   2.40000000     0.0045378678
  2.80000000   2.40000000     0.0013147022
  2.90000000   2.40000000     0.0003675150
  3.00000000   2.40000000     0.0000997742
  3.10000000   2.40000000     0.0000264356
  3.20000000   2.40000000     0.0000068621
  3.30000000   2.40000000     0.0000017520
  3.40000000   2.40000000     0.0000005050
  3.50000000   2.40000000     0.0000005050

  0.00000000   2.50000000     0.0000001785
  0.10000000   2.50000000     0.0000001785
  0.20000000   2.50000000     0.0000006195
  0.30000000   2.50000000     0.0000024252
  0.40000000   2.50000000     0.0000093370
  0.50000000   2.50000000     0.0000352136
  0.60000000   2.50000000     0.0001295911
  0.70000000   2.50000000     0.0004630749
  0.80000000   2.50000000     0.0015961951
  0.90000000   2.50000000     0.0052602409
  1.00000000   2.50000000     0.0163686389
  1.10000000   2.50000000     0.0472509461
  1.20000000   2.50000000     0.1233570653
  1.30000000   2.50000000     0.2815706813
  1.40000000   2.50000000     0.5486202519
  1.50000000   2.50000000     0.9012497377
  1.60000000   2.50000000     1.2467293198
  1.70000000   2.50000000     1.4624563026
  1.80000000   2.50000000     1.4624563026
  1.90000000   2.50000000     1.2467293198
  2.00000000   2.50000000     0.9012497377
  2.10000000   2.50000000     0.5486202519
  2.20000000   2.50000000     0.2815706813
  2.30000000   2.50000000     0.1233570653
  2.40000000   2.50000000     0.0472509461
  2.50000000   2.50000000     0.0163686389
  2.60000000   2.50000000     0.0052602409
  2.70000000   2.50000000     0.0015961951
  2.80000000   2.50000000     0.0004630749
  2.90000000   2.50000000     0.0001295911
  3.00000000   2.50000000     0.0000352136
  3.10000000   2.50000000     0.0000093370
  3.20000000   2.50000000     0.0000024252
  3.30000000   2.50000000     0.0000006195
  3.40000000   2.50000000     0.0000001785
  3.50000000   2.50000000     0.0000001785

  0.00000000   2.60000000     0.0000000583
  0.10000000   2.60000000     0.0000000583
  0.20000000   2.60000000     0.0000002025
  0.30000000   2.60000000     0.0000007924
  0.40000000   2.60000000     0.0000030493
  0.50000000   2.60000000     0.0000114937
  0.60000000   2.60000000     0.0000422698
  0.70000000   2.60000000     0.0001509213
  0.80000000   2.60000000     0.0005196916
  0.90000000   2.60000000     0.0017104483
  1.00000000   2.60000000     0.0053137039
  1.10000000   2.60000000     0.0153051279
  1.20000000   2.60000000     0.0398367985
  1.30000000   2.60000000     0.0905627759
  1.40000000   2.60000000     0.1756724893
  1.50000000   2.60000000     0.2875593038
  1.60000000   2.60000000     0.3971609409
  1.70000000   2.60000000     0.4656564672
  1.80000000   2.60000000     0.4656564672
  1.90000000   2.60000000     0.3971609409
  2.00000000   2.60000000     0.2875593038
  2.10000000   2.60000000     0.1756724893
  2.20000000   2.60000000     0.0905627759
  2.30000000   2.60000000     0.0398367985
  2.40000000   2.60000000     0.0153051279
  2.50000000   2.60000000     0.0053137039
  2.60000000   2.60000000     0.0017104483
  2.70000000   2.60000000     0.0005196916
  2.80000000   2.60000000     0.0001509213
  2.90000000   2.60000000     0.0000422698
  3.00000000   2.60000000     0.0000114937
  3.10000000   2.60000000     0.0000030493
  3.20000000   2.60000000     0.0000007924
  3.30000000   2.60000000     0.0000002025
  3.40000000   2.60000000     0.0000000583
  3.50000000   2.60000000     0.0000000583

  0.00000000   2.70000000     0.0000000179
  0.10000000   2.70000000     0.0000000179
  0.20000000   2.70000000     0.0000000623
  0.30000000   2.70000000     0.0000002438
  0.40000000   2.70000000     0.0000009377
  0.50000000   2.70000000     0.0000035330
  0.60000000   2.70000000     0.0000129865
  0.70000000   2.70000000     0.0000463382
  0.80000000   2.70000000     0.0001594402
  0.90000000   2.70000000     0.0005242498
  1.00000000   2.70000000     0.0016265888
  1.10000000   2.70000000     0.0046772482
  1.20000000   2.70000000     0.0121465578
  1.30000000   2.70000000     0.0275301913
  1.40000000   2.70000000     0.0532322089
  1.50000000   2.70000000     0.0869211538
  1.60000000   2.70000000     0.1199166216
  1.70000000   2.70000000     0.1405495060
  1.80000000   2.70000000     0.1405495060
  1.90000000   2.70000000     0.1199166216
  2.00000000   2.70000000     0.0869211538
  2.10000000   2.70000000     0.0532322089
  2.20000000   2.70000000     0.0275301913
  2.30000000   2.70000000     0.0121465578
  2.40000000   2.70000000     0.0046772482
  2.50000000   2.70000000     0.0016265888
  2.60000000   2.70000000     0.0005242498
  2.70000000   2.70000000     0.0001594402
  2.80000000   2.70000000     0.0000463382
  2.90000000   2.70000000     0.0000129865
  3.00000000   2.70000000     0.0000035330
  3.10000000   2.70000000     0.0000009377
  3.20000000   2.70000000     0.0000002438
  3.30000000   2.70000000     0.0000000623
  3.40000000   2.70000000     0.0000000179
  3.50000000   2.70000000     0.0000000179

  0.00000000   2.80000000     0.0000000053
  0.10000000   2.80000000     0.0000000053
  0.20000000   2.80000000     0.0000000183
  0.30000000   2.80000000     0.0000000715
  0.40000000   2.80000000     0.0000002751
  0.50000000   2.80000000     0.0000010361
  0.60000000   2.80000000     0.0000038068
  0.70000000   2.80000000     0.0000135766
  0.80000000   2.80000000     0.0000466858
  0.90000000   2.80000000     0.0001533886
  1.00000000   2.80000000     0.0004754493
  1.10000000   2.80000000     0.0013653693
  1.20000000   2.80000000     0.0035395572
  1.30000000   2.80000000     0.0080038467
  1.40000000   2.80000000     0.0154392591
  1.50000000   2.80000000     0.0251651248
  1.60000000   2.80000000     0.0346893874
  1.70000000   2.80000000     0.0406477890
  1.80000000   2.80000000     0.0406477890
  1.90000000   2.80000000     0.0346893874
  2.00000000   2.80000000     0.0251651248
  2.10000000   2.80000000     0.0154392591
  2.20000000   2.80000000     0.0080038467
  2.30000000   2.80000000     0.0035395572
  2.40000000   2.80000000     0.0013653693
  2.50000000   2.80000000     0.0004754493
  2.60000000   2.80000000     0.0001533886
  2.70000000   2.80000000     0.0000466858
  2.80000000   2.80000000     0.0000135766
  2.90000000   2.80000000     0.0000038068
  3.00000000   2.80000000     0.0000010361
  3.10000000   2.80000000     0.0000002751
  3.20000000   2.80000000     0.0000000715
  3.30000000   2.80000000     0.0000000183
  3.40000000   2.80000000     0.0000000053
  3.50000000   2.80000000     0.0000000053

  0.00000000   2.90000000     0.0000000015
  0.10000000   2.90000000     0.0000000015
  0.20000000   2.90000000     0.0000000052
  0.30000000   2.90000000     0.0000000202
  0.40000000   2.90000000     0.0000000777
  0.50000000   2.90000000     0.0000002926
  0.60000000   2.90000000     0.0000010747
  0.70000000   2.90000000     0.0000038312
  0.80000000   2.90000000     0.0000131680
  0.90000000   2.90000000     0.0000432376
  1.00000000   2.90000000     0.0001339154
  1.10000000   2.90000000     0.0003841705
  1.20000000   2.90000000     0.0009945236
  1.30000000   2.90000000     0.0022447644
  1.40000000   2.90000000     0.0043221379
  1.50000000   2.90000000     0.0070353339
  1.60000000   2.90000000     0.0096919598
  1.70000000   2.90000000     0.0113545128
  1.80000000   2.90000000     0.0113545128
  1.90000000   2.90000000     0.0096919598
  2.00000000   2.90000000     0.0070353339
  2.10000000   2.90000000     0.0043221379
  2.20000000   2.90000000     0.0022447644
  2.30000000   2.90000000     0.0009945236
  2.40000000   2.90000000     0.0003841705
  2.50000000   2.90000000     0.0001339154
  2.60000000   2.90000000     0.0000432376
  2.70000000   2.90000000     0.0000131680
  2.80000000   2.90000000     0.0000038312
  2.90000000   2.90000000     0.0000010747
  3.00000000   2.90000000     0.0000002926
  3.10000000   2.90000000     0.0000000777
  3.20000000   2.90000000     0.0000000202
  3.30000000   2.90000000     0.0000000052
  3.40000000   2.90000000     0.0000000015
  3.50000000   2.90000000     0.0000000015

  0.00000000   3.00000000     0.0000000004
  0.10000000   3.00000000     0.0000000004
  0.20000000   3.00000000     0.0000000014
  0.30000000   3.00000000     0.0000000055
  0.40000000   3.00000000     0.0000000213
  0.50000000   3.00000000     0.0000000801
  0.60000000   3.00000000     0.0000002942
  0.70000000   3.00000000     0.0000010485
  0.80000000   3.00000000     0.0000036022
  0.90000000   3.00000000     0.0000118222
  1.00000000   3.00000000     0.0000365920
  1.10000000   3.00000000     0.0001048844
  1.20000000   3.00000000     0.0002712116
  1.30000000   3.00000000     0.0006112558
  1.40000000   3.00000000     0.0011752170
  1.50000000   3.00000000     0.0019109461
  1.60000000   3.00000000     0.0026312613
  1.70000000   3.00000000     0.0030821633
  1.80000000   3.00000000     0.0030821633
  1.90000000   3.00000000     0.0026312613
  2.00000000   3.00000000     0.0019109461
  2.10000000   3.00000000     0.0011752170
  2.20000000   3.00000000     0.0006112558
  2.30000000   3.00000000     0.0002712116
  2.40000000   3.00000000     0.0001048844
  2.50000000   3.00000000     0.0000365920
  2.60000000   3.00000000     0.0000118222
  2.70000000   3.00000000     0.0000036022
  2.80000000   3.00000000     0.0000010485
  2.90000000   3.00000000     0.0000002942
  3.00000000   3.00000000     0.0000000801
  3.10000000   3.00000000     0.0000000213
  3.20000000   3.00000000     0.0000000055
  3.30000000   3.00000000     0.0000000014
  3.40000000   3.00000000     0.0000000004
  3.50000000   3.00000000     0.0000000004

  0.00000000   3.10000000     0.0000000001
  0.10000000   3.10000000     0.0000000001
  0.20000000   3.10000000     0.0000000004
  0.30000000   3.10000000     0.0000000015
  0.40000000   3.10000000     0.0000000057
  0.50000000   3.10000000     0.0000000214
  0.60000000   3.10000000     0.0000000785
  0.70000000   3.10000000     0.0000002797
  0.80000000   3.10000000     0.0000009607
  0.90000000   3.10000000     0.0000031516
  1.00000000   3.10000000     0.0000097497
  1.10000000   3.10000000     0.0000279260
  1.20000000   3.10000000     0.0000721437
  1.30000000   3.10000000     0.0001624000
  1.40000000   3.10000000     0.0003118672
  1.50000000   3.10000000     0.0005066841
  1.60000000   3.10000000     0.0006974035
  1.70000000   3.10000000     0.0008168148
  1.80000000   3.10000000     0.0008168148
  1.90000000   3.10000000     0.0006974035
  2.00000000   3.10000000     0.0005066841
  2.10000000   3.10000000     0.0003118672
  2.20000000   3.10000000     0.0001624000
  2.30000000   3.10000000     0.0000721437
  2.40000000   3.10000000     0.0000279260
  2.50000000   3.10000000     0.0000097497
  2.60000000   3.10000000     0.0000031516
  2.70000000   3.10000000     0.0000009607
  2.80000000   3.10000000     0.0000002797
  2.90000000   3.10000000     0.0000000785
  3.00000000   3.10000000     0.0000000214
  3.10000000   3.10000000     0.0000000057
  3.20000000   3.10000000     0.0000000015
  3.30000000   3.10000000     0.0000000004
  3.40000000   3.10000000     0.0000000001
  3.50000000   3.10000000     0.0000000001

  0.00000000   3.20000000     0.0000000000
  0.10000000   3.20000000     0.0000000000
  0.20000000   3.20000000     0.0000000001
  0.30000000   3.20000000     0.0000000004
  0.40000000   3.20000000     0.0000000015
  0.50000000   3.20000000     0.0000000056
  0.60000000   3.20000000     0.0000000205
  0.70000000   3.20000000     0.0000000730
  0.80000000   3.20000000     0.0000002508
  0.90000000   3.20000000     0.0000008224
  1.00000000   3.20000000     0.0000025432
  1.10000000   3.20000000     0.0000072801
  1.20000000   3.20000000     0.0000187927
  1.30000000   3.20000000     0.0000422614
  1.40000000   3.20000000     0.0000810798
  1.50000000   3.20000000     0.0001316408
  1.60000000   3.20000000     0.0001811354
  1.70000000   3.20000000     0.0002121300
  1.80000000   3.20000000     0.0002121300
  1.90000000   3.20000000     0.0001811354
  2.00000000   3.20000000     0.0001316408
  2.10000000   3.20000000     0.0000810798
  2.20000000   3.20000000     0.0000422614
  2.30000000   3.20000000     0.0000187927
  2.40000000   3.20000000     0.0000072801
  2.50000000   3.20000000     0.0000025432
  2.60000000   3.20000000     0.0000008224
  2.70000000   3.20000000     0.0000002508
  2.80000000   3.20000000     0.0000000730
  2.90000000   3.20000000     0.0000000205
  3.00000000   3.20000000     0.0000000056
  3.10000000   3.20000000     0.0000000015
  3.20000000   3.20000000     0.0000000004
  3.30000000   3.20000000     0.0000000001
  3.40000000   3.20000000     0.0000000000
  3.50000000   3.20000000     0.0000000000

  0.00000000   3.30000000     0.0000000000
  0.10000000   3.30000000     0.0000000000
  0.20000000   3.30000000     0.0000000000
  0.30000000   3.30000000     0.0000000001
  0.40000000   3.30000000     0.0000000004
  0.50000000   3.30000000     0.0000000014
  0.60000000   3.30000000     0.0000000053
  0.70000000   3.30000000     0.0000000187
  0.80000000   3.30000000     0.0000000643
  0.90000000   3.30000000     0.0000002109
  1.00000000   3.30000000     0.0000006520
  1.10000000   3.30000000     0.0000018659
  1.20000000   3.30000000     0.0000048142
  1.30000000   3.30000000     0.0000108199
  1.40000000   3.30000000     0.0000207469
  1.50000000   3.30000000     0.0000336730
  1.60000000   3.30000000     0.0000463280
  1.70000000   3.30000000     0.0000542548
  1.80000000   3.30000000     0.0000542548
  1.90000000   3.30000000     0.0000463280
  2.00000000   3.30000000     0.0000336730
  2.10000000   3.30000000     0.0000207469
  2.20000000   3.30000000     0.0000108199
  2.30000000   3.30000000     0.0000048142
  2.40000000   3.30000000     0.0000018659
  2.50000000   3.30000000     0.0000006520
  2.60000000   3.30000000     0.0000002109
  2.70000000   3.30000000     0.0000000643
  2.80000000   3.30000000     0.0000000187
  2.90000000   3.30000000     0.0000000053
  3.00000000   3.30000000     0.0000000014
  3.10000000   3.30000000     0.0000000004
  3.20000000   3.30000000     0.0000000001
  3.30000000   3.30000000     0.0000000000
  3.40000000   3.30000000     0.0000000000
  3.50000000   3.30000000     0.0000000000

  0.00000000   3.40000000     0.0000000000
  0.10000000   3.40000000     0.0000000000
  0.20000000   3.40000000     0.0000000000
  0.30000000   3.40000000     0.0000000000
  0.40000000   3.40000000     0.0000000001
  0.50000000   3.40000000     0.0000000004
  0.60000000   3.40000000     0.0000000013
  0.70000000   3.40000000     0.0000000048
  0.80000000   3.40000000     0.0000000165
  0.90000000   3.40000000     0.0000000541
  1.00000000   3.40000000     0.0000001676
  1.10000000   3.40000000     0.0000004805
  1.20000000   3.40000000     0.0000012433
  1.30000000   3.40000000     0.0000028048
  1.40000000   3.40000000     0.0000053983
  1.50000000   3.40000000     0.0000087893
  1.60000000   3.40000000     0.0000121188
  1.70000000   3.40000000     0.0000142082
  1.80000000   3.40000000     0.0000142082
  1.90000000   3.40000000     0.0000121188
  2.00000000   3.40000000     0.0000087893
  2.10000000   3.40000000     0.0000053983
  2.20000000   3.40000000     0.0000028048
  2.30000000   3.40000000     0.0000012433
  2.40000000   3.40000000     0.0000004805
  2.50000000   3.40000000     0.0000001676
  2.60000000   3.40000000     0.0000000541
  2.70000000   3.40000000     0.0000000165
  2.80000000   3.40000000     0.0000000048
  2.90000000   3.40000000     0.0000000013
  3.00000000   3.40000000     0.0000000004
  3.10000000   3.40000000     0.0000000001
  3.20000000   3.40000000     0.0000000000
  3.30000000   3.40000000     0.0000000000
  3.40000000   3.40000000     0.0000000000
  3.50000000   3.40000000     0.0000000000

  0.00000000   3.50000000     0.0000000000
  0.10000000   3.50000000     0.0000000000
  0.20000000   3.50000000     0.0000000000
  0.30000000   3.50000000     0.0000000000
  0.40000000   3.50000000     0.0000000001
  0.50000000   3.50000000     0.0000000004
  0.60000000   3.50000000     0.0000000013
  0.70000000   3.50000000     0.0000000048
  0.80000000   3.50000000     0.0000000165
  0.90000000   3.50000000     0.0000000541
  1.00000000   3.50000000     0.0000001676
  1.10000000   3.50000000     0.0000004805
  1.20000000   3.50000000     0.0000012433
  1.30000000   3.50000000     0.0000028048
  1.40000000   3.50000000     0.0000053983
  1.50000000   3.50000000     0.0000087893
  1.60000000   3.50000000     0.0000121188
  1.70000000   3.50000000     0.0000142082
  1.80000000   3.50000000     0.0000142082
  1.90000000   3.50000000     0.0000121188
  2.00000000   3.50000000     0.0000087893
  2.10000000   3.50000000     0.0000053983
  2.20000000   3.50000000     0.0000028048
  2.30000000   3.50000000     0.0000012433
  2.40000000   3.50000000     0.0000004805
  2.50000000   3.50000000     0.0000001676
  2.60000000   3.50000000     0.0000000541
  2.70000000   3.50000000     0.0000000165
  2.80000000   3.50000000     0.0000000048
  2.90000000   3.50000000     0.0000000013
  3.00000000   3.50000000     0.0000000004
  3.10000000   3.50000000     0.0000000001
  3.20000000   3.50000000     0.0000000000
  3.30000000   3.50000000     0.0000000000
  3.40000000   3.50000000     0.0000000000
  3.50000000   3.50000000     0.0000000000

