  0.00000000   0.00000000    74.0623887777
  0.10000000   0.00000000    74.0623887777
  0.20000000   0.00000000    74.2967916549
  0.30000000   0.00000000    74.7297347100
  0.40000000   0.00000000    75.3356002194
  0.50000000   0.00000000    76.0996717850
  0.60000000   0.00000000    77.0018916039
  0.70000000   0.00000000    78.0172837727
  0.80000000   0.00000000    79.1163620495
  0.90000000   0.00000000    80.2656616596
  1.00000000   0.00000000    81.4284735181
  1.10000000   0.00000000    82.5658335224
  1.20000000   0.00000000    83.6377956395
  1.30000000   0.00000000    84.6049843699
  1.40000000   0.00000000    85.4303772848
  1.50000000   0.00000000    86.0812152082
  1.60000000   0.00000000    86.5308857020
  1.70000000   0.00000000    86.7605889687
  1.80000000   0.00000000    86.7605889687
  1.90000000   0.00000000    86.5308857020
  2.00000000   0.00000000    86.0812152082
  2.10000000   0.00000000    85.4303772848
  2.20000000   0.00000000    84.6049843699
  2.30000000   0.00000000    83.6377956395
  2.40000000   0.00000000    82.5658335224
  2.50000000   0.00000000    81.4284735181
  2.60000000   0.00000000    80.2656616596
  2.70000000   0.00000000    79.1163620495
  2.80000000   0.00000000    78.0172837727
  2.90000000   0.00000000    77.0018916039
  3.00000000   0.00000000    76.0996717850
  3.10000000   0.00000000    75.3356002194
  3.20000000   0.00000000    74.7297347100
  3.30000000   0.00000000    74.2967916549
  3.40000000   0.00000000    74.0623887777
  3.50000000   0.00000000    74.0623887777

  0.00000000   0.10000000    74.0623887777
  0.10000000   0.10000000    74.0623887777
  0.20000000   0.10000000    74.2967916549
  0.30000000   0.10000000    74.7297347100
  0.40000000   0.10000000    75.3356002194
  0.50000000   0.10000000    76.0996717850
  0.60000000   0.10000000    77.0018916039
  0.70000000   0.10000000    78.0172837727
  0.80000000   0.10000000    79.1163620495
  0.90000000   0.10000000    80.2656616596
  1.00000000   0.10000000    81.4284735181
  1.10000000   0.10000000    82.5658335224
  1.20000000   0.10000000    83.6377956395
  1.30000000   0.10000000    84.6049843699
  1.40000000   0.10000000    85.4303772848
  1.50000000   0.10000000    86.0812152082
  1.60000000   0.10000000    86.5308857020
  1.70000000   0.10000000    86.7605889687
  1.80000000   0.10000000    86.7605889687
  1.90000000   0.10000000    86.5308857020
  2.00000000   0.10000000    86.0812152082
  2.10000000   0.10000000    85.4303772848
  2.20000000   0.10000000    84.6049843699
  2.30000000   0.10000000    83.6377956395
  2.40000000   0.10000000    82.5658335224
  2.50000000   0.10000000    81.4284735181
  2.60000000   0.10000000    80.2656616596
  2.70000000   0.10000000    79.1163620495
  2.80000000   0.10000000    78.0172837727
  2.90000000   0.10000000    77.0018916039
  3.00000000   0.10000000    76.0996717850
  3.10000000   0.10000000    75.3356002194
  3.20000000   0.10000000    74.7297347100
  3.30000000   0.10000000    74.2967916549
  3.40000000   0.10000000    74.0623887777
  3.50000000   0.10000000    74.0623887777

  0.00000000   0.20000000    74.3137943054
  0.10000000   0.20000000    74.3137943054
  0.20000000   0.20000000    74.5474702892
  0.30000000   0.20000000    74.9875199003
  0.40000000   0.20000000    75.6060365253
  0.50000000   0.20000000    76.3875604161
  0.60000000   0.20000000    77.3116787301
  0.70000000   0.20000000    78.3530927629
  0.80000000   0.20000000    79.4818848413
  0.90000000   0.20000000    80.6639700079
  1.00000000   0.20000000    81.8617751217
  1.10000000   0.20000000    83.0351960765
  1.20000000   0.20000000    84.1428709653
  1.30000000   0.20000000    85.1437765295
  1.40000000   0.20000000    85.9991070003
  1.50000000   0.20000000    86.6743320424
  1.60000000   0.20000000    87.1412646224
  1.70000000   0.20000000    87.3799183578
  1.80000000   0.20000000    87.3799183578
  1.90000000   0.20000000    87.1412646224
  2.00000000   0.20000000    86.6743320424
  2.10000000   0.20000000    85.9991070003
  2.20000000   0.20000000    85.1437765295
  2.30000000   0.20000000    84.1428709653
  2.40000000   0.20000000    83.0351960765
  2.50000000   0.20000000    81.8617751217
  2.60000000   0.20000000    80.6639700079
  2.70000000   0.20000000    79.4818848413
  2.80000000   0.20000000    78.3530927629
  2.90000000   0.20000000    77.3116787301
  3.00000000   0.20000000    76.3875604161
  3.10000000   0.20000000    75.6060365253
  3.20000000   0.20000000    74.9875199003
  3.30000000   0.20000000    74.5474702892
  3.40000000   0.20000000    74.3137943054
  3.50000000   0.20000000    74.3137943054

  0.00000000   0.30000000    74.7466812965
  0.10000000   0.30000000    74.7466812965
  0.20000000   0.30000000    74.9875228452
  0.30000000   0.30000000    75.4442693671
  0.40000000   0.30000000    76.0890477309
  0.50000000   0.30000000    76.9061001933
  0.60000000   0.30000000    77.8746523988
  0.70000000   0.30000000    78.9688914128
  0.80000000   0.30000000    80.1581057831
  0.90000000   0.30000000    81.4070131360
  1.00000000   0.30000000    82.6763314393
  1.10000000   0.30000000    83.9236634565
  1.20000000   0.30000000    85.1047588381
  1.30000000   0.30000000    86.1751906538
  1.40000000   0.30000000    87.0924281799
  1.50000000   0.30000000    87.8182055940
  1.60000000   0.30000000    88.3209884524
  1.70000000   0.30000000    88.5782528929
  1.80000000   0.30000000    88.5782528929
  1.90000000   0.30000000    88.3209884524
  2.00000000   0.30000000    87.8182055940
  2.10000000   0.30000000    87.0924281799
  2.20000000   0.30000000    86.1751906538
  2.30000000   0.30000000    85.1047588381
  2.40000000   0.30000000    83.9236634565
  2.50000000   0.30000000    82.6763314393
  2.60000000   0.30000000    81.4070131360
  2.70000000   0.30000000    80.1581057831
  2.80000000   0.30000000    78.9688914128
  2.90000000   0.30000000    77.8746523988
  3.00000000   0.30000000    76.9061001933
  3.10000000   0.30000000    76.0890477309
  3.20000000   0.30000000    75.4442693671
  3.30000000   0.30000000    74.9875228452
  3.40000000   0.30000000    74.7466812965
  3.50000000   0.30000000    74.7466812965

  0.00000000   0.40000000    75.3524690526
  0.10000000   0.40000000    75.3524690526
  0.20000000   0.40000000    75.6060436405
  0.30000000   0.40000000    76.0890519821
  0.40000000   0.40000000    76.7739208527
  0.50000000   0.40000000    77.6448315866
  0.60000000   0.40000000    78.6807322263
  0.70000000   0.40000000    79.8552325924
  0.80000000   0.40000000    81.1365916198
  0.90000000   0.40000000    82.4878637722
  1.00000000   0.40000000    83.8672912555
  1.10000000   0.40000000    85.2290486202
  1.20000000   0.40000000    86.5244531889
  1.30000000   0.40000000    87.7037348211
  1.40000000   0.40000000    88.7183967494
  1.50000000   0.40000000    89.5240860239
  1.60000000   0.40000000    90.0837362320
  1.70000000   0.40000000    90.3705863777
  1.80000000   0.40000000    90.3705863777
  1.90000000   0.40000000    90.0837362320
  2.00000000   0.40000000    89.5240860239
  2.10000000   0.40000000    88.7183967494
  2.20000000   0.40000000    87.7037348211
  2.30000000   0.40000000    86.5244531889
  2.40000000   0.40000000    85.2290486202
  2.50000000   0.40000000    83.8672912555
  2.60000000   0.40000000    82.4878637722
  2.70000000   0.40000000    81.1365916198
  2.80000000   0.40000000    79.8552325924
  2.90000000   0.40000000    78.6807322263
  3.00000000   0.40000000    77.6448315866
  3.10000000   0.40000000    76.7739208527
  3.20000000   0.40000000    76.0890519821
  3.30000000   0.40000000    75.6060436405
  3.40000000   0.40000000    75.3524690526
  3.50000000   0.40000000    75.3524690526

  0.00000000   0.50000000    76.1164429455
  0.10000000   0.50000000    76.1164429455
  0.20000000   0.50000000    76.3875730719
  0.30000000   0.50000000    76.9061100824
  0.40000000   0.50000000    77.6448372864
  0.50000000   0.50000000    78.5880499160
  0.60000000   0.50000000    79.7145861689
  0.70000000   0.50000000    80.9975701140
  0.80000000   0.50000000    82.4041795697
  0.90000000   0.50000000    83.8955242135
  1.00000000   0.50000000    85.4267510054
  1.10000000   0.50000000    86.9475332820
  1.20000000   0.50000000    88.4031323761
  1.30000000   0.50000000    89.7362235451
  1.40000000   0.50000000    90.8896192017
  1.50000000   0.50000000    91.8098697837
  1.60000000   0.50000000    92.4514693752
  1.70000000   0.50000000    92.7810947297
  1.80000000   0.50000000    92.7810947297
  1.90000000   0.50000000    92.4514693752
  2.00000000   0.50000000    91.8098697837
  2.10000000   0.50000000    90.8896192017
  2.20000000   0.50000000    89.7362235451
  2.30000000   0.50000000    88.4031323761
  2.40000000   0.50000000    86.9475332820
  2.50000000   0.50000000    85.4267510054
  2.60000000   0.50000000    83.8955242135
  2.70000000   0.50000000    82.4041795697
  2.80000000   0.50000000    80.9975701140
  2.90000000   0.50000000    79.7145861689
  3.00000000   0.50000000    78.5880499160
  3.10000000   0.50000000    77.6448372864
  3.20000000   0.50000000    76.9061100824
  3.30000000   0.50000000    76.3875730719
  3.40000000   0.50000000    76.1164429455
  3.50000000   0.50000000    76.1164429455

  0.00000000   0.60000000    77.0185477613
  0.10000000   0.60000000    77.0185477613
  0.20000000   0.60000000    77.3116983027
  0.30000000   0.60000000    77.8746693466
  0.40000000   0.60000000    78.6807451350
  0.50000000   0.60000000    79.7145934878
  0.60000000   0.60000000    80.9552630373
  0.70000000   0.60000000    82.3757045546
  0.80000000   0.60000000    83.9422348569
  0.90000000   0.60000000    85.6140299352
  1.00000000   0.60000000    87.3427869526
  1.10000000   0.60000000    89.0727675250
  1.20000000   0.60000000    90.7415155563
  1.30000000   0.60000000    92.2816008230
  1.40000000   0.60000000    93.6237160240
  1.50000000   0.60000000    94.7012700877
  1.60000000   0.60000000    95.4562153713
  1.70000000   0.60000000    95.8452770657
  1.80000000   0.60000000    95.8452770657
  1.90000000   0.60000000    95.4562153713
  2.00000000   0.60000000    94.7012700877
  2.10000000   0.60000000    93.6237160240
  2.20000000   0.60000000    92.2816008230
  2.30000000   0.60000000    90.7415155563
  2.40000000   0.60000000    89.0727675250
  2.50000000   0.60000000    87.3427869526
  2.60000000   0.60000000    85.6140299352
  2.70000000   0.60000000    83.9422348569
  2.80000000   0.60000000    82.3757045546
  2.90000000   0.60000000    80.9552630373
  3.00000000   0.60000000    79.7145934878
  3.10000000   0.60000000    78.6807451350
  3.20000000   0.60000000    77.8746693466
  3.30000000   0.60000000    77.3116983027
  3.40000000   0.60000000    77.0185477613
  3.50000000   0.60000000    77.0185477613

  0.00000000   0.70000000    78.0338108540
  0.10000000   0.70000000    78.0338108540
  0.20000000   0.70000000    78.3531205772
  0.30000000   0.70000000    78.9689168286
  0.40000000   0.70000000    79.8552542562
  0.50000000   0.70000000    80.9975864770
  0.60000000   0.70000000    82.3757138044
  0.70000000   0.70000000    83.9630306961
  0.80000000   0.70000000    85.7256007142
  0.90000000   0.70000000    87.6211265978
  1.00000000   0.70000000    89.5979574874
  1.10000000   0.70000000    91.5943930195
  1.20000000   0.70000000    93.5387040239
  1.30000000   0.70000000    95.3504607569
  1.40000000   0.70000000    96.9438515716
  1.50000000   0.70000000    98.2335171103
  1.60000000   0.70000000    99.1428131924
  1.70000000   0.70000000    99.6133196582
  1.80000000   0.70000000    99.6133196582
  1.90000000   0.70000000    99.1428131924
  2.00000000   0.70000000    98.2335171103
  2.10000000   0.70000000    96.9438515716
  2.20000000   0.70000000    95.3504607569
  2.30000000   0.70000000    93.5387040239
  2.40000000   0.70000000    91.5943930195
  2.50000000   0.70000000    89.5979574874
  2.60000000   0.70000000    87.6211265978
  2.70000000   0.70000000    85.7256007142
  2.80000000   0.70000000    83.9630306961
  2.90000000   0.70000000    82.3757138044
  3.00000000   0.70000000    80.9975864770
  3.10000000   0.70000000    79.8552542562
  3.20000000   0.70000000    78.9689168286
  3.30000000   0.70000000    78.3531205772
  3.40000000   0.70000000    78.0338108540
  3.50000000   0.70000000    78.0338108540

  0.00000000   0.80000000    79.1327498147
  0.10000000   0.80000000    79.1327498147
  0.20000000   0.80000000    79.4819221179
  0.30000000   0.80000000    80.1581410112
  0.40000000   0.80000000    81.1366235767
  0.50000000   0.80000000    82.4042067791
  0.60000000   0.80000000    83.9422554858
  0.70000000   0.80000000    85.7256124635
  0.80000000   0.80000000    87.7212196308
  0.90000000   0.80000000    89.8864262015
  1.00000000   0.80000000    92.1670844701
  1.10000000   0.80000000    94.4956971336
  1.20000000   0.80000000    96.7901498621
  1.30000000   0.80000000    98.9539372181
  1.40000000   0.80000000   100.8791677085
  1.50000000   0.80000000   102.4537079125
  1.60000000   0.80000000   103.5730388328
  1.70000000   0.80000000   104.1552912307
  1.80000000   0.80000000   104.1552912307
  1.90000000   0.80000000   103.5730388328
  2.00000000   0.80000000   102.4537079125
  2.10000000   0.80000000   100.8791677085
  2.20000000   0.80000000    98.9539372181
  2.30000000   0.80000000    96.7901498621
  2.40000000   0.80000000    94.4956971336
  2.50000000   0.80000000    92.1670844701
  2.60000000   0.80000000    89.8864262015
  2.70000000   0.80000000    87.7212196308
  2.80000000   0.80000000    85.7256124635
  2.90000000   0.80000000    83.9422554858
  3.00000000   0.80000000    82.4042067791
  3.10000000   0.80000000    81.1366235767
  3.20000000   0.80000000    80.1581410112
  3.30000000   0.80000000    79.4819221179
  3.40000000   0.80000000    79.1327498147
  3.50000000   0.80000000    79.1327498147

  0.00000000   0.90000000    80.2819041861
  0.10000000   0.90000000    80.2819041861
  0.20000000   0.90000000    80.6640177942
  0.30000000   0.90000000    81.4070593820
  0.40000000   0.90000000    82.4879074790
  0.50000000   0.90000000    83.8955640811
  0.60000000   0.90000000    85.6140642225
  0.70000000   0.90000000    87.6211529526
  0.80000000   0.90000000    89.8864414640
  0.90000000   0.90000000    92.3689577331
  1.00000000   0.90000000    95.0140728008
  1.10000000   0.90000000    97.7499632794
  1.20000000   0.90000000   100.4841515637
  1.30000000   0.90000000   103.1013429005
  1.40000000   0.90000000   105.4647475467
  1.50000000   0.90000000   107.4239396840
  1.60000000   0.90000000   108.8318044637
  1.70000000   0.90000000   109.5692237925
  1.80000000   0.90000000   109.5692237925
  1.90000000   0.90000000   108.8318044637
  2.00000000   0.90000000   107.4239396840
  2.10000000   0.90000000   105.4647475467
  2.20000000   0.90000000   103.1013429005
  2.30000000   0.90000000   100.4841515637
  2.40000000   0.90000000    97.7499632794
  2.50000000   0.90000000    95.0140728008
  2.60000000   0.90000000    92.3689577331
  2.70000000   0.90000000    89.8864414640
  2.80000000   0.90000000    87.6211529526
  2.90000000   0.90000000    85.6140642225
  3.00000000   0.90000000    83.8955640811
  3.10000000   0.90000000    82.4879074790
  3.20000000   0.90000000    81.4070593820
  3.30000000   0.90000000    80.6640177942
  3.40000000   0.90000000    80.2819041861
  3.50000000   0.90000000    80.2819041861

  0.00000000   1.00000000    81.4445695715
  0.10000000   1.00000000    81.4445695715
  0.20000000   1.00000000    81.8618342076
  0.30000000   1.00000000    82.6763896746
  0.40000000   1.00000000    83.8673479797
  0.50000000   1.00000000    85.4268052356
  0.60000000   1.00000000    87.3428372120
  0.70000000   1.00000000    89.5980015722
  0.80000000   1.00000000    92.1671191416
  0.90000000   1.00000000    95.0140933969
  1.00000000   1.00000000    98.0875160488
  1.10000000   1.00000000   101.3149140819
  1.20000000   1.00000000   104.5958890337
  1.30000000   1.00000000   107.7953835220
  1.40000000   1.00000000   110.7402644290
  1.50000000   1.00000000   113.2253204159
  1.60000000   1.00000000   115.0365968563
  1.70000000   1.00000000   115.9939365195
  1.80000000   1.00000000   115.9939365195
  1.90000000   1.00000000   115.0365968563
  2.00000000   1.00000000   113.2253204159
  2.10000000   1.00000000   110.7402644290
  2.20000000   1.00000000   107.7953835220
  2.30000000   1.00000000   104.5958890337
  2.40000000   1.00000000   101.3149140819
  2.50000000   1.00000000    98.0875160488
  2.60000000   1.00000000    95.0140933969
  2.70000000   1.00000000    92.1671191416
  2.80000000   1.00000000    89.5980015722
  2.90000000   1.00000000    87.3428372120
  3.00000000   1.00000000    85.4268052356
  3.10000000   1.00000000    83.8673479797
  3.20000000   1.00000000    82.6763896746
  3.30000000   1.00000000    81.8618342076
  3.40000000   1.00000000    81.4445695715
  3.50000000   1.00000000    81.4445695715

  0.00000000   1.10000000    82.5817867865
  0.10000000   1.10000000    82.5817867865
  0.20000000   1.10000000    83.0352668957
  0.30000000   1.10000000    83.9237343011
  0.40000000   1.10000000    85.2291192955
  0.50000000   1.10000000    86.9476032944
  0.60000000   1.10000000    89.0728358957
  0.70000000   1.10000000    91.5944580065
  0.80000000   1.10000000    94.4957558161
  0.90000000   1.10000000    97.7500109523
  1.00000000   1.10000000   101.3149434155
  1.10000000   1.10000000   105.1245099847
  1.20000000   1.10000000   109.0774286337
  1.30000000   1.10000000   113.0227057907
  1.40000000   1.10000000   116.7453928883
  1.50000000   1.10000000   119.9627787844
  1.60000000   1.10000000   122.3521691092
  1.70000000   1.10000000   123.6299498321
  1.80000000   1.10000000   123.6299498321
  1.90000000   1.10000000   122.3521691092
  2.00000000   1.10000000   119.9627787844
  2.10000000   1.10000000   116.7453928883
  2.20000000   1.10000000   113.0227057907
  2.30000000   1.10000000   109.0774286337
  2.40000000   1.10000000   105.1245099847
  2.50000000   1.10000000   101.3149434155
  2.60000000   1.10000000    97.7500109523
  2.70000000   1.10000000    94.4957558161
  2.80000000   1.10000000    91.5944580065
  2.90000000   1.10000000    89.0728358957
  3.00000000   1.10000000    86.9476032944
  3.10000000   1.10000000    85.2291192955
  3.20000000   1.10000000    83.9237343011
  3.30000000   1.10000000    83.0352668957
  3.40000000   1.10000000    82.5817867865
  3.50000000   1.10000000    82.5817867865

  0.00000000   1.20000000    83.6536147756
  0.10000000   1.20000000    83.6536147756
  0.20000000   1.20000000    84.1429534932
  0.30000000   1.20000000    85.1048424296
  0.40000000   1.20000000    86.5245382395
  0.50000000   1.20000000    88.4032190656
  0.60000000   1.20000000    90.7416036827
  0.70000000   1.20000000    93.5387927252
  0.80000000   1.20000000    96.7902371492
  0.90000000   1.20000000   100.4842335415
  1.00000000   1.20000000   104.5959586272
  1.10000000   1.20000000   109.0774735845
  1.20000000   1.20000000   113.8413921329
  1.30000000   1.20000000   118.7354871294
  1.40000000   1.20000000   123.5074582299
  1.50000000   1.20000000   127.7701758016
  1.60000000   1.20000000   131.0141012976
  1.70000000   1.20000000   132.7746496390
  1.80000000   1.20000000   132.7746496390
  1.90000000   1.20000000   131.0141012976
  2.00000000   1.20000000   127.7701758016
  2.10000000   1.20000000   123.5074582299
  2.20000000   1.20000000   118.7354871294
  2.30000000   1.20000000   113.8413921329
  2.40000000   1.20000000   109.0774735845
  2.50000000   1.20000000   104.5959586272
  2.60000000   1.20000000   100.4842335415
  2.70000000   1.20000000    96.7902371492
  2.80000000   1.20000000    93.5387927252
  2.90000000   1.20000000    90.7416036827
  3.00000000   1.20000000    88.4032190656
  3.10000000   1.20000000    86.5245382395
  3.20000000   1.20000000    85.1048424296
  3.30000000   1.20000000    84.1429534932
  3.40000000   1.20000000    83.6536147756
  3.50000000   1.20000000    83.6536147756

  0.00000000   1.30000000    84.6206828792
  0.10000000   1.30000000    84.6206828792
  0.20000000   1.30000000    85.1438701927
  0.30000000   1.30000000    86.1752865215
  0.40000000   1.30000000    87.7038339747
  0.50000000   1.30000000    89.7363269997
  0.60000000   1.30000000    92.2817094295
  0.70000000   1.30000000    95.3505750011
  0.80000000   1.30000000    98.9540568259
  0.90000000   1.30000000   103.1014660724
  1.00000000   1.30000000   107.7955054621
  1.10000000   1.30000000   113.0228158825
  1.20000000   1.30000000   118.7355635617
  1.30000000   1.30000000   124.8159831126
  1.40000000   1.30000000   131.0099556138
  1.50000000   1.30000000   136.8147167046
  1.60000000   1.30000000   141.3680052249
  1.70000000   1.30000000   143.8832005649
  1.80000000   1.30000000   143.8832005649
  1.90000000   1.30000000   141.3680052249
  2.00000000   1.30000000   136.8147167046
  2.10000000   1.30000000   131.0099556138
  2.20000000   1.30000000   124.8159831126
  2.30000000   1.30000000   118.7355635617
  2.40000000   1.30000000   113.0228158825
  2.50000000   1.30000000   107.7955054621
  2.60000000   1.30000000   103.1014660724
  2.70000000   1.30000000    98.9540568259
  2.80000000   1.30000000    95.3505750011
  2.90000000   1.30000000    92.2817094295
  3.00000000   1.30000000    89.7363269997
  3.10000000   1.30000000    87.7038339747
  3.20000000   1.30000000    86.1752865215
  3.30000000   1.30000000    85.1438701927
  3.40000000   1.30000000    84.6206828792
  3.50000000   1.30000000    84.6206828792

  0.00000000   1.40000000    85.4459731574
  0.10000000   1.40000000    85.4459731574
  0.20000000   1.40000000    85.9992106164
  0.30000000   1.40000000    87.0925351480
  0.40000000   1.40000000    88.7185088735
  0.50000000   1.40000000    90.8897384235
  0.60000000   1.40000000    93.6238444426
  0.70000000   1.40000000    96.9439914127
  0.80000000   1.40000000   100.8793211769
  0.90000000   1.40000000   105.4649164144
  1.00000000   1.40000000   110.7404490182
  1.10000000   1.40000000   116.7455896308
  1.20000000   1.40000000   123.5076536474
  1.30000000   1.40000000   131.0101102712
  1.40000000   1.40000000   139.1100966872
  1.50000000   1.40000000   147.3017563578
  1.60000000   1.40000000   153.9373402305
  1.70000000   1.40000000   157.6767352302
  1.80000000   1.40000000   157.6767352302
  1.90000000   1.40000000   153.9373402305
  2.00000000   1.40000000   147.3017563578
  2.10000000   1.40000000   139.1100966872
  2.20000000   1.40000000   131.0101102712
  2.30000000   1.40000000   123.5076536474
  2.40000000   1.40000000   116.7455896308
  2.50000000   1.40000000   110.7404490182
  2.60000000   1.40000000   105.4649164144
  2.70000000   1.40000000   100.8793211769
  2.80000000   1.40000000    96.9439914127
  2.90000000   1.40000000    93.6238444426
  3.00000000   1.40000000    90.8897384235
  3.10000000   1.40000000    88.7185088735
  3.20000000   1.40000000    87.0925351480
  3.30000000   1.40000000    85.9992106164
  3.40000000   1.40000000    85.4459731574
  3.50000000   1.40000000    85.4459731574

  0.00000000   1.50000000    86.0967303552
  0.10000000   1.50000000    86.0967303552
  0.20000000   1.50000000    86.6744438118
  0.30000000   1.50000000    87.8183217458
  0.40000000   1.50000000    89.5242090350
  0.50000000   1.50000000    91.8100024939
  0.60000000   1.50000000    94.7014158657
  0.70000000   1.50000000    98.2336800599
  0.80000000   1.50000000   102.4538931218
  0.90000000   1.50000000   107.4241535068
  1.00000000   1.50000000   113.2255707313
  1.10000000   1.50000000   119.9630751031
  1.20000000   1.50000000   127.7705290597
  1.30000000   1.50000000   136.8151394051
  1.40000000   1.50000000   147.3022703456
  1.50000000   1.50000000   159.5042726764
  1.60000000   1.50000000   169.5422658982
  1.70000000   1.50000000   175.3378715827
  1.80000000   1.50000000   175.3378715827
  1.90000000   1.50000000   169.5422658982
  2.00000000   1.50000000   159.5042726764
  2.10000000   1.50000000   147.3022703456
  2.20000000   1.50000000   136.8151394051
  2.30000000   1.50000000   127.7705290597
  2.40000000   1.50000000   119.9630751031
  2.50000000   1.50000000   113.2255707313
  2.60000000   1.50000000   107.4241535068
  2.70000000   1.50000000   102.4538931218
  2.80000000   1.50000000    98.2336800599
  2.90000000   1.50000000    94.7014158657
  3.00000000   1.50000000    91.8100024939
  3.10000000   1.50000000    89.5242090350
  3.20000000   1.50000000    87.8183217458
  3.30000000   1.50000000    86.6744438118
  3.40000000   1.50000000    86.0967303552
  3.50000000   1.50000000    86.0967303552

  0.00000000   1.60000000    86.5463451835
  0.10000000   1.60000000    86.5463451835
  0.20000000   1.60000000    87.1413821878
  0.30000000   1.60000000    88.3211111823
  0.40000000   1.60000000    90.0838671280
  0.50000000   1.60000000    92.4516119962
  0.60000000   1.60000000    95.4563741371
  0.70000000   1.60000000    99.1429938206
  0.80000000   1.60000000   103.5732489963
  0.90000000   1.60000000   108.8320548190
  1.00000000   1.60000000   115.0369027096
  1.10000000   1.60000000   122.3525532274
  1.20000000   1.60000000   131.0145988617
  1.30000000   1.60000000   141.3686728796
  1.40000000   1.60000000   153.9382722169
  1.50000000   1.60000000   171.7679987736
  1.60000000   1.60000000   200.0000000000
  1.70000000   1.60000000   200.0000000000
  1.80000000   1.60000000   200.0000000000
  1.90000000   1.60000000   200.0000000000
  2.00000000   1.60000000   171.7679987736
  2.10000000   1.60000000   153.9382722169
  2.20000000   1.60000000   141.3686728796
  2.30000000   1.60000000   131.0145988617
  2.40000000   1.60000000   122.3525532274
  2.50000000   1.60000000   115.0369027096
  2.60000000   1.60000000   108.8320548190
  2.70000000   1.60000000   103.5732489963
  2.80000000   1.60000000    99.1429938206
  2.90000000   1.60000000    95.4563741371
  3.00000000   1.60000000    92.4516119962
  3.10000000   1.60000000    90.0838671280
  3.20000000   1.60000000    88.3211111823
  3.30000000   1.60000000    87.1413821878
  3.40000000   1.60000000    86.5463451835
  3.50000000   1.60000000    86.5463451835

  0.00000000   1.70000000    86.7760200497
  0.10000000   1.70000000    86.7760200497
  0.20000000   1.70000000    87.3800389366
  0.30000000   1.70000000    88.5783790591
  0.40000000   1.70000000    90.3707214212
  0.50000000   1.70000000    92.7812426109
  0.60000000   1.70000000    95.8454428023
  0.70000000   1.70000000    99.6135099044
  0.80000000   1.70000000   104.1555151919
  0.90000000   1.70000000   109.5694947282
  1.00000000   1.70000000   115.9942743056
  1.10000000   1.70000000   123.6303854712
  1.20000000   1.70000000   132.7752334028
  1.30000000   1.70000000   143.8840169355
  1.40000000   1.70000000   157.6779304866
  1.50000000   1.70000000   176.1580470902
  1.60000000   1.70000000   200.0000000000
  1.70000000   1.70000000   200.0000000000
  1.80000000   1.70000000   200.0000000000
  1.90000000   1.70000000   200.0000000000
  2.00000000   1.70000000   176.1580470902
  2.10000000   1.70000000   157.6779304866
  2.20000000   1.70000000   143.8840169355
  2.30000000   1.70000000   132.7752334028
  2.40000000   1.70000000   123.6303854712
  2.50000000   1.70000000   115.9942743056
  2.60000000   1.70000000   109.5694947282
  2.70000000   1.70000000   104.1555151919
  2.80000000   1.70000000    99.6135099044
  2.90000000   1.70000000    95.8454428023
  3.00000000   1.70000000    92.7812426109
  3.10000000   1.70000000    90.3707214212
  3.20000000   1.70000000    88.5783790591
  3.30000000   1.70000000    87.3800389366
  3.40000000   1.70000000    86.7760200497
  3.50000000   1.70000000    86.7760200497

  0.00000000   1.80000000    86.7760200497
  0.10000000   1.80000000    86.7760200497
  0.20000000   1.80000000    87.3800389366
  0.30000000   1.80000000    88.5783790591
  0.40000000   1.80000000    90.3707214212
  0.50000000   1.80000000    92.7812426109
  0.60000000   1.80000000    95.8454428023
  0.70000000   1.80000000    99.6135099044
  0.80000000   1.80000000   104.1555151919
  0.90000000   1.80000000   109.5694947282
  1.00000000   1.80000000   115.9942743056
  1.10000000   1.80000000   123.6303854712
  1.20000000   1.80000000   132.7752334028
  1.30000000   1.80000000   143.8840169355
  1.40000000   1.80000000   157.6779304866
  1.50000000   1.80000000   176.1580470902
  1.60000000   1.80000000   200.0000000000
  1.70000000   1.80000000   200.0000000000
  1.80000000   1.80000000   200.0000000000
  1.90000000   1.80000000   200.0000000000
  2.00000000   1.80000000   176.1580470902
  2.10000000   1.80000000   157.6779304866
  2.20000000   1.80000000   143.8840169355
  2.30000000   1.80000000   132.7752334028
  2.40000000   1.80000000   123.6303854712
  2.50000000   1.80000000   115.9942743056
  2.60000000   1.80000000   109.5694947282
  2.70000000   1.80000000   104.1555151919
  2.80000000   1.80000000    99.6135099044
  2.90000000   1.80000000    95.8454428023
  3.00000000   1.80000000    92.7812426109
  3.10000000   1.80000000    90.3707214212
  3.20000000   1.80000000    88.5783790591
  3.30000000   1.80000000    87.3800389366
  3.40000000   1.80000000    86.7760200497
  3.50000000   1.80000000    86.7760200497

  0.00000000   1.90000000    86.5463451835
  0.10000000   1.90000000    86.5463451835
  0.20000000   1.90000000    87.1413821878
  0.30000000   1.90000000    88.3211111823
  0.40000000   1.90000000    90.0838671280
  0.50000000   1.90000000    92.4516119962
  0.60000000   1.90000000    95.4563741371
  0.70000000   1.90000000    99.1429938206
  0.80000000   1.90000000   103.5732489963
  0.90000000   1.90000000   108.8320548190
  1.00000000   1.90000000   115.0369027096
  1.10000000   1.90000000   122.3525532274
  1.20000000   1.90000000   131.0145988617
  1.30000000   1.90000000   141.3686728796
  1.40000000   1.90000000   153.9382722169
  1.50000000   1.90000000   171.7679987736
  1.60000000   1.90000000   200.0000000000
  1.70000000   1.90000000   200.0000000000
  1.80000000   1.90000000   200.0000000000
  1.90000000   1.90000000   200.0000000000
  2.00000000   1.90000000   171.7679987736
  2.10000000   1.90000000   153.9382722169
  2.20000000   1.90000000   141.3686728796
  2.30000000   1.90000000   131.0145988617
  2.40000000   1.90000000   122.3525532274
  2.50000000   1.90000000   115.0369027096
  2.60000000   1.90000000   108.8320548190
  2.70000000   1.90000000   103.5732489963
  2.80000000   1.90000000    99.1429938206
  2.90000000   1.90000000    95.4563741371
  3.00000000   1.90000000    92.4516119962
  3.10000000   1.90000000    90.0838671280
  3.20000000   1.90000000    88.3211111823
  3.30000000   1.90000000    87.1413821878
  3.40000000   1.90000000    86.5463451835
  3.50000000   1.90000000    86.5463451835

  0.00000000   2.00000000    86.0967303552
  0.10000000   2.00000000    86.0967303552
  0.20000000   2.00000000    86.6744438118
  0.30000000   2.00000000    87.8183217458
  0.40000000   2.00000000    89.5242090350
  0.50000000   2.00000000    91.8100024939
  0.60000000   2.00000000    94.7014158657
  0.70000000   2.00000000    98.2336800599
  0.80000000   2.00000000   102.4538931218
  0.90000000   2.00000000   107.4241535068
  1.00000000   2.00000000   113.2255707313
  1.10000000   2.00000000   119.9630751031
  1.20000000   2.00000000   127.7705290597
  1.30000000   2.00000000   136.8151394051
  1.40000000   2.00000000   147.3022703456
  1.50000000   2.00000000   159.5042726764
  1.60000000   2.00000000   169.5422658982
  1.70000000   2.00000000   175.3378715827
  1.80000000   2.00000000   175.3378715827
  1.90000000   2.00000000   169.5422658982
  2.00000000   2.00000000   159.5042726764
  2.10000000   2.00000000   147.3022703456
  2.20000000   2.00000000   136.8151394051
  2.30000000   2.00000000   127.7705290597
  2.40000000   2.00000000   119.9630751031
  2.50000000   2.00000000   113.2255707313
  2.60000000   2.00000000   107.4241535068
  2.70000000   2.00000000   102.4538931218
  2.80000000   2.00000000    98.2336800599
  2.90000000   2.00000000    94.7014158657
  3.00000000   2.00000000    91.8100024939
  3.10000000   2.00000000    89.5242090350
  3.20000000   2.00000000    87.8183217458
  3.30000000   2.00000000    86.6744438118
  3.40000000   2.00000000    86.0967303552
  3.50000000   2.00000000    86.0967303552

  0.00000000   2.10000000    85.4459731574
  0.10000000   2.10000000    85.4459731574
  0.20000000   2.10000000    85.9992106164
  0.30000000   2.10000000    87.0925351480
  0.40000000   2.10000000    88.7185088735
  0.50000000   2.10000000    90.8897384235
  0.60000000   2.10000000    93.6238444426
  0.70000000   2.10000000    96.9439914127
  0.80000000   2.10000000   100.8793211769
  0.90000000   2.10000000   105.4649164144
  1.00000000   2.10000000   110.7404490182
  1.10000000   2.10000000   116.7455896308
  1.20000000   2.10000000   123.5076536474
  1.30000000   2.10000000   131.0101102712
  1.40000000   2.10000000   139.1100966872
  1.50000000   2.10000000   147.3017563578
  1.60000000   2.10000000   153.9373402305
  1.70000000   2.10000000   157.6767352302
  1.80000000   2.10000000   157.6767352302
  1.90000000   2.10000000   153.9373402305
  2.00000000   2.10000000   147.3017563578
  2.10000000   2.10000000   139.1100966872
  2.20000000   2.10000000   131.0101102712
  2.30000000   2.10000000   123.5076536474
  2.40000000   2.10000000   116.7455896308
  2.50000000   2.10000000   110.7404490182
  2.60000000   2.10000000   105.4649164144
  2.70000000   2.10000000   100.8793211769
  2.80000000   2.10000000    96.9439914127
  2.90000000   2.10000000    93.6238444426
  3.00000000   2.10000000    90.8897384235
  3.10000000   2.10000000    88.7185088735
  3.20000000   2.10000000    87.0925351480
  3.30000000   2.10000000    85.9992106164
  3.40000000   2.10000000    85.4459731574
  3.50000000   2.10000000    85.4459731574

  0.00000000   2.20000000    84.6206828792
  0.10000000   2.20000000    84.6206828792
  0.20000000   2.20000000    85.1438701927
  0.30000000   2.20000000    86.1752865215
  0.40000000   2.20000000    87.7038339747
  0.50000000   2.20000000    89.7363269997
  0.60000000   2.20000000    92.2817094295
  0.70000000   2.20000000    95.3505750011
  0.80000000   2.20000000    98.9540568259
  0.90000000   2.20000000   103.1014660724
  1.00000000   2.20000000   107.7955054621
  1.10000000   2.20000000   113.0228158825
  1.20000000   2.20000000   118.7355635617
  1.30000000   2.20000000   124.8159831126
  1.40000000   2.20000000   131.0099556138
  1.50000000   2.20000000   136.8147167046
  1.60000000   2.20000000   141.3680052249
  1.70000000   2.20000000   143.8832005649
  1.80000000   2.20000000   143.8832005649
  1.90000000   2.20000000   141.3680052249
  2.00000000   2.20000000   136.8147167046
  2.10000000   2.20000000   131.0099556138
  2.20000000   2.20000000   124.8159831126
  2.30000000   2.20000000   118.7355635617
  2.40000000   2.20000000   113.0228158825
  2.50000000   2.20000000   107.7955054621
  2.60000000   2.20000000   103.1014660724
  2.70000000   2.20000000    98.9540568259
  2.80000000   2.20000000    95.3505750011
  2.90000000   2.20000000    92.2817094295
  3.00000000   2.20000000    89.7363269997
  3.10000000   2.20000000    87.7038339747
  3.20000000   2.20000000    86.1752865215
  3.30000000   2.20000000    85.1438701927
  3.40000000   2.20000000    84.6206828792
  3.50000000   2.20000000    84.6206828792

  0.00000000   2.30000000    83.6536147756
  0.10000000   2.30000000    83.6536147756
  0.20000000   2.30000000    84.1429534932
  0.30000000   2.30000000    85.1048424296
  0.40000000   2.30000000    86.5245382395
  0.50000000   2.30000000    88.4032190656
  0.60000000   2.30000000    90.7416036827
  0.70000000   2.30000000    93.5387927252
  0.80000000   2.30000000    96.7902371492
  0.90000000   2.30000000   100.4842335415
  1.00000000   2.30000000   104.5959586272
  1.10000000   2.30000000   109.0774735845
  1.20000000   2.30000000   113.8413921329
  1.30000000   2.30000000   118.7354871294
  1.40000000   2.30000000   123.5074582299
  1.50000000   2.30000000   127.7701758016
  1.60000000   2.30000000   131.0141012976
  1.70000000   2.30000000   132.7746496390
  1.80000000   2.30000000   132.7746496390
  1.90000000   2.30000000   131.0141012976
  2.00000000   2.30000000   127.7701758016
  2.10000000   2.30000000   123.5074582299
  2.20000000   2.30000000   118.7354871294
  2.30000000   2.30000000   113.8413921329
  2.40000000   2.30000000   109.0774735845
  2.50000000   2.30000000   104.5959586272
  2.60000000   2.30000000   100.4842335415
  2.70000000   2.30000000    96.7902371492
  2.80000000   2.30000000    93.5387927252
  2.90000000   2.30000000    90.7416036827
  3.00000000   2.30000000    88.4032190656
  3.10000000   2.30000000    86.5245382395
  3.20000000   2.30000000    85.1048424296
  3.30000000   2.30000000    84.1429534932
  3.40000000   2.30000000    83.6536147756
  3.50000000   2.30000000    83.6536147756

  0.00000000   2.40000000    82.5817867865
  0.10000000   2.40000000    82.5817867865
  0.20000000   2.40000000    83.0352668957
  0.30000000   2.40000000    83.9237343011
  0.40000000   2.40000000    85.2291192955
  0.50000000   2.40000000    86.9476032944
  0.60000000   2.40000000    89.0728358957
  0.70000000   2.40000000    91.5944580065
  0.80000000   2.40000000    94.4957558161
  0.90000000   2.40000000    97.7500109523
  1.00000000   2.40000000   101.3149434155
  1.10000000   2.40000000   105.1245099847
  1.20000000   2.40000000   109.0774286337
  1.30000000   2.40000000   113.0227057907
  1.40000000   2.40000000   116.7453928883
  1.50000000   2.40000000   119.9627787844
  1.60000000   2.40000000   122.3521691092
  1.70000000   2.40000000   123.6299498321
  1.80000000   2.40000000   123.6299498321
  1.90000000   2.40000000   122.3521691092
  2.00000000   2.40000000   119.9627787844
  2.10000000   2.40000000   116.7453928883
  2.20000000   2.40000000   113.0227057907
  2.30000000   2.40000000   109.0774286337
  2.40000000   2.40000000   105.1245099847
  2.50000000   2.40000000   101.3149434155
  2.60000000   2.40000000    97.7500109523
  2.70000000   2.40000000    94.4957558161
  2.80000000   2.40000000    91.5944580065
  2.90000000   2.40000000    89.0728358957
  3.00000000   2.40000000    86.9476032944
  3.10000000   2.40000000    85.2291192955
  3.20000000   2.40000000    83.9237343011
  3.30000000   2.40000000    83.0352668957
  3.40000000   2.40000000    82.5817867865
  3.50000000   2.40000000    82.5817867865

  0.00000000   2.50000000    81.4445695715
  0.10000000   2.50000000    81.4445695715
  0.20000000   2.50000000    81.8618342076
  0.30000000   2.50000000    82.6763896746
  0.40000000   2.50000000    83.8673479797
  0.50000000   2.50000000    85.4268052356
  0.60000000   2.50000000    87.3428372120
  0.70000000   2.50000000    89.5980015722
  0.80000000   2.50000000    92.1671191416
  0.90000000   2.50000000    95.0140933969
  1.00000000   2.50000000    98.0875160488
  1.10000000   2.50000000   101.3149140819
  1.20000000   2.50000000   104.5958890337
  1.30000000   2.50000000   107.7953835220
  1.40000000   2.50000000   110.7402644290
  1.50000000   2.50000000   113.2253204159
  1.60000000   2.50000000   115.0365968563
  1.70000000   2.50000000   115.9939365195
  1.80000000   2.50000000   115.9939365195
  1.90000000   2.50000000   115.0365968563
  2.00000000   2.50000000   113.2253204159
  2.10000000   2.50000000   110.7402644290
  2.20000000   2.50000000   107.7953835220
  2.30000000   2.50000000   104.5958890337
  2.40000000   2.50000000   101.3149140819
  2.50000000   2.50000000    98.0875160488
  2.60000000   2.50000000    95.0140933969
  2.70000000   2.50000000    92.1671191416
  2.80000000   2.50000000    89.5980015722
  2.90000000   2.50000000    87.3428372120
  3.00000000   2.50000000    85.4268052356
  3.10000000   2.50000000    83.8673479797
  3.20000000   2.50000000    82.6763896746
  3.30000000   2.50000000    81.8618342076
  3.40000000   2.50000000    81.4445695715
  3.50000000   2.50000000    81.4445695715

  0.00000000   2.60000000    80.2819041861
  0.10000000   2.60000000    80.2819041861
  0.20000000   2.60000000    80.6640177942
  0.30000000   2.60000000    81.4070593820
  0.40000000   2.60000000    82.4879074790
  0.50000000   2.60000000    83.8955640811
  0.60000000   2.60000000    85.6140642225
  0.70000000   2.60000000    87.6211529526
  0.80000000   2.60000000    89.8864414640
  0.90000000   2.60000000    92.3689577331
  1.00000000   2.60000000    95.0140728008
  1.10000000   2.60000000    97.7499632794
  1.20000000   2.60000000   100.4841515637
  1.30000000   2.60000000   103.1013429005
  1.40000000   2.60000000   105.4647475467
  1.50000000   2.60000000   107.4239396840
  1.60000000   2.60000000   108.8318044637
  1.70000000   2.60000000   109.5692237925
  1.80000000   2.60000000   109.5692237925
  1.90000000   2.60000000   108.8318044637
  2.00000000   2.60000000   107.4239396840
  2.10000000   2.60000000   105.4647475467
  2.20000000   2.60000000   103.1013429005
  2.30000000   2.60000000   100.4841515637
  2.40000000   2.60000000    97.7499632794
  2.50000000   2.60000000    95.0140728008
  2.60000000   2.60000000    92.3689577331
  2.70000000   2.60000000    89.8864414640
  2.80000000   2.60000000    87.6211529526
  2.90000000   2.60000000    85.6140642225
  3.00000000   2.60000000    83.8955640811
  3.10000000   2.60000000    82.4879074790
  3.20000000   2.60000000    81.4070593820
  3.30000000   2.60000000    80.6640177942
  3.40000000   2.60000000    80.2819041861
  3.50000000   2.60000000    80.2819041861

  0.00000000   2.70000000    79.1327498147
  0.10000000   2.70000000    79.1327498147
  0.20000000   2.70000000    79.4819221179
  0.30000000   2.70000000    80.1581410112
  0.40000000   2.70000000    81.1366235767
  0.50000000   2.70000000    82.4042067791
  0.60000000   2.70000000    83.9422554858
  0.70000000   2.70000000    85.7256124635
  0.80000000   2.70000000    87.7212196308
  0.90000000   2.70000000    89.8864262015
  1.00000000   2.70000000    92.1670844701
  1.10000000   2.70000000    94.4956971336
  1.20000000   2.70000000    96.7901498621
  1.30000000   2.70000000    98.9539372181
  1.40000000   2.70000000   100.8791677085
  1.50000000   2.70000000   102.4537079125
  1.60000000   2.70000000   103.5730388328
  1.70000000   2.70000000   104.1552912307
  1.80000000   2.70000000   104.1552912307
  1.90000000   2.70000000   103.5730388328
  2.00000000   2.70000000   102.4537079125
  2.10000000   2.70000000   100.8791677085
  2.20000000   2.70000000    98.9539372181
  2.30000000   2.70000000    96.7901498621
  2.40000000   2.70000000    94.4956971336
  2.50000000   2.70000000    92.1670844701
  2.60000000   2.70000000    89.8864262015
  2.70000000   2.70000000    87.7212196308
  2.80000000   2.70000000    85.7256124635
  2.90000000   2.70000000    83.9422554858
  3.00000000   2.70000000    82.4042067791
  3.10000000   2.70000000    81.1366235767
  3.20000000   2.70000000    80.1581410112
  3.30000000   2.70000000    79.4819221179
  3.40000000   2.70000000    79.1327498147
  3.50000000   2.70000000    79.1327498147

  0.00000000   2.80000000    78.0338108540
  0.10000000   2.80000000    78.0338108540
  0.20000000   2.80000000    78.3531205772
  0.30000000   2.80000000    78.9689168286
  0.40000000   2.80000000    79.8552542562
  0.50000000   2.80000000    80.9975864770
  0.60000000   2.80000000    82.3757138044
  0.70000000   2.80000000    83.9630306961
  0.80000000   2.80000000    85.7256007142
  0.90000000   2.80000000    87.6211265978
  1.00000000   2.80000000    89.5979574874
  1.10000000   2.80000000    91.5943930195
  1.20000000   2.80000000    93.5387040239
  1.30000000   2.80000000    95.3504607569
  1.40000000   2.80000000    96.9438515716
  1.50000000   2.80000000    98.2335171103
  1.60000000   2.80000000    99.1428131924
  1.70000000   2.80000000    99.6133196582
  1.80000000   2.80000000    99.6133196582
  1.90000000   2.80000000    99.1428131924
  2.00000000   2.80000000    98.2335171103
  2.10000000   2.80000000    96.9438515716
  2.20000000   2.80000000    95.3504607569
  2.30000000   2.80000000    93.5387040239
  2.40000000   2.80000000    91.5943930195
  2.50000000   2.80000000    89.5979574874
  2.60000000   2.80000000    87.6211265978
  2.70000000   2.80000000    85.7256007142
  2.80000000   2.80000000    83.9630306961
  2.90000000   2.80000000    82.3757138044
  3.00000000   2.80000000    80.9975864770
  3.10000000   2.80000000    79.8552542562
  3.20000000   2.80000000    78.9689168286
  3.30000000   2.80000000    78.3531205772
  3.40000000   2.80000000    78.0338108540
  3.50000000   2.80000000    78.0338108540

  0.00000000   2.90000000    77.0185477613
  0.10000000   2.90000000    77.0185477613
  0.20000000   2.90000000    77.3116983027
  0.30000000   2.90000000    77.8746693466
  0.40000000   2.90000000    78.6807451350
  0.50000000   2.90000000    79.7145934878
  0.60000000   2.90000000    80.9552630373
  0.70000000   2.90000000    82.3757045546
  0.80000000   2.90000000    83.9422348569
  0.90000000   2.90000000    85.6140299352
  1.00000000   2.90000000    87.3427869526
  1.10000000   2.90000000    89.0727675250
  1.20000000   2.90000000    90.7415155563
  1.30000000   2.90000000    92.2816008230
  1.40000000   2.90000000    93.6237160240
  1.50000000   2.90000000    94.7012700877
  1.60000000   2.90000000    95.4562153713
  1.70000000   2.90000000    95.8452770657
  1.80000000   2.90000000    95.8452770657
  1.90000000   2.90000000    95.4562153713
  2.00000000   2.90000000    94.7012700877
  2.10000000   2.90000000    93.6237160240
  2.20000000   2.90000000    92.2816008230
  2.30000000   2.90000000    90.7415155563
  2.40000000   2.90000000    89.0727675250
  2.50000000   2.90000000    87.3427869526
  2.60000000   2.90000000    85.6140299352
  2.70000000   2.90000000    83.9422348569
  2.80000000   2.90000000    82.3757045546
  2.90000000   2.90000000    80.9552630373
  3.00000000   2.90000000    79.7145934878
  3.10000000   2.90000000    78.6807451350
  3.20000000   2.90000000    77.8746693466
  3.30000000   2.90000000    77.3116983027
  3.40000000   2.90000000    77.0185477613
  3.50000000   2.90000000    77.0185477613

  0.00000000   3.00000000    76.1164429455
  0.10000000   3.00000000    76.1164429455
  0.20000000   3.00000000    76.3875730719
  0.30000000   3.00000000    76.9061100824
  0.40000000   3.00000000    77.6448372864
  0.50000000   3.00000000    78.5880499160
  0.60000000   3.00000000    79.7145861689
  0.70000000   3.00000000    80.9975701140
  0.80000000   3.00000000    82.4041795697
  0.90000000   3.00000000    83.8955242135
  1.00000000   3.00000000    85.4267510054
  1.10000000   3.00000000    86.9475332820
  1.20000000   3.00000000    88.4031323761
  1.30000000   3.00000000    89.7362235451
  1.40000000   3.00000000    90.8896192017
  1.50000000   3.00000000    91.8098697837
  1.60000000   3.00000000    92.4514693752
  1.70000000   3.00000000    92.7810947297
  1.80000000   3.00000000    92.7810947297
  1.90000000   3.00000000    92.4514693752
  2.00000000   3.00000000    91.8098697837
  2.10000000   3.00000000    90.8896192017
  2.20000000   3.00000000    89.7362235451
  2.30000000   3.00000000    88.4031323761
  2.40000000   3.00000000    86.9475332820
  2.50000000   3.00000000    85.4267510054
  2.60000000   3.00000000    83.8955242135
  2.70000000   3.00000000    82.4041795697
  2.80000000   3.00000000    80.9975701140
  2.90000000   3.00000000    79.7145861689
  3.00000000   3.00000000    78.5880499160
  3.10000000   3.00000000    77.6448372864
  3.20000000   3.00000000    76.9061100824
  3.30000000   3.00000000    76.3875730719
  3.40000000   3.00000000    76.1164429455
  3.50000000   3.00000000    76.1164429455

  0.00000000   3.10000000    75.3524690526
  0.10000000   3.10000000    75.3524690526
  0.20000000   3.10000000    75.6060436405
  0.30000000   3.10000000    76.0890519821
  0.40000000   3.10000000    76.7739208527
  0.50000000   3.10000000    77.6448315866
  0.60000000   3.10000000    78.6807322263
  0.70000000   3.10000000    79.8552325924
  0.80000000   3.10000000    81.1365916198
  0.90000000   3.10000000    82.4878637722
  1.00000000   3.10000000    83.8672912555
  1.10000000   3.10000000    85.2290486202
  1.20000000   3.10000000    86.5244531889
  1.30000000   3.10000000    87.7037348211
  1.40000000   3.10000000    88.7183967494
  1.50000000   3.10000000    89.5240860239
  1.60000000   3.10000000    90.0837362320
  1.70000000   3.10000000    90.3705863777
  1.80000000   3.10000000    90.3705863777
  1.90000000   3.10000000    90.0837362320
  2.00000000   3.10000000    89.5240860239
  2.10000000   3.10000000    88.7183967494
  2.20000000   3.10000000    87.7037348211
  2.30000000   3.10000000    86.5244531889
  2.40000000   3.10000000    85.2290486202
  2.50000000   3.10000000    83.8672912555
  2.60000000   3.10000000    82.4878637722
  2.70000000   3.10000000    81.1365916198
  2.80000000   3.10000000    79.8552325924
  2.90000000   3.10000000    78.6807322263
  3.00000000   3.10000000    77.6448315866
  3.10000000   3.10000000    76.7739208527
  3.20000000   3.10000000    76.0890519821
  3.30000000   3.10000000    75.6060436405
  3.40000000   3.10000000    75.3524690526
  3.50000000   3.10000000    75.3524690526

  0.00000000   3.20000000    74.7466812965
  0.10000000   3.20000000    74.7466812965
  0.20000000   3.20000000    74.9875228452
  0.30000000   3.20000000    75.4442693671
  0.40000000   3.20000000    76.0890477309
  0.50000000   3.20000000    76.9061001933
  0.60000000   3.20000000    77.8746523988
  0.70000000   3.20000000    78.9688914128
  0.80000000   3.20000000    80.1581057831
  0.90000000   3.20000000    81.4070131360
  1.00000000   3.20000000    82.6763314393
  1.10000000   3.20000000    83.9236634565
  1.20000000   3.20000000    85.1047588381
  1.30000000   3.20000000    86.1751906538
  1.40000000   3.20000000    87.0924281799
  1.50000000   3.20000000    87.8182055940
  1.60000000   3.20000000    88.3209884524
  1.70000000   3.20000000    88.5782528929
  1.80000000   3.20000000    88.5782528929
  1.90000000   3.20000000    88.3209884524
  2.00000000   3.20000000    87.8182055940
  2.10000000   3.20000000    87.0924281799
  2.20000000   3.20000000    86.1751906538
  2.30000000   3.20000000    85.1047588381
  2.40000000   3.20000000    83.9236634565
  2.50000000   3.20000000    82.6763314393
  2.60000000   3.20000000    81.4070131360
  2.70000000   3.20000000    80.1581057831
  2.80000000   3.20000000    78.9688914128
  2.90000000   3.20000000    77.8746523988
  3.00000000   3.20000000    76.9061001933
  3.10000000   3.20000000    76.0890477309
  3.20000000   3.20000000    75.4442693671
  3.30000000   3.20000000    74.9875228452
  3.40000000   3.20000000    74.7466812965
  3.50000000   3.20000000    74.7466812965

  0.00000000   3.30000000    74.3137943054
  0.10000000   3.30000000    74.3137943054
  0.20000000   3.30000000    74.5474702892
  0.30000000   3.30000000    74.9875199003
  0.40000000   3.30000000    75.6060365253
  0.50000000   3.30000000    76.3875604161
  0.60000000   3.30000000    77.3116787301
  0.70000000   3.30000000    78.3530927629
  0.80000000   3.30000000    79.4818848413
  0.90000000   3.30000000    80.6639700079
  1.00000000   3.30000000    81.8617751217
  1.10000000   3.30000000    83.0351960765
  1.20000000   3.30000000    84.1428709653
  1.30000000   3.30000000    85.1437765295
  1.40000000   3.30000000    85.9991070003
  1.50000000   3.30000000    86.6743320424
  1.60000000   3.30000000    87.1412646224
  1.70000000   3.30000000    87.3799183578
  1.80000000   3.30000000    87.3799183578
  1.90000000   3.30000000    87.1412646224
  2.00000000   3.30000000    86.6743320424
  2.10000000   3.30000000    85.9991070003
  2.20000000   3.30000000    85.1437765295
  2.30000000   3.30000000    84.1428709653
  2.40000000   3.30000000    83.0351960765
  2.50000000   3.30000000    81.8617751217
  2.60000000   3.30000000    80.6639700079
  2.70000000   3.30000000    79.4818848413
  2.80000000   3.30000000    78.3530927629
  2.90000000   3.30000000    77.3116787301
  3.00000000   3.30000000    76.3875604161
  3.10000000   3.30000000    75.6060365253
  3.20000000   3.30000000    74.9875199003
  3.30000000   3.30000000    74.5474702892
  3.40000000   3.30000000    74.3137943054
  3.50000000   3.30000000    74.3137943054

  0.00000000   3.40000000    74.0623887777
  0.10000000   3.40000000    74.0623887777
  0.20000000   3.40000000    74.2967916549
  0.30000000   3.40000000    74.7297347100
  0.40000000   3.40000000    75.3356002194
  0.50000000   3.40000000    76.0996717850
  0.60000000   3.40000000    77.0018916039
  0.70000000   3.40000000    78.0172837727
  0.80000000   3.40000000    79.1163620495
  0.90000000   3.40000000    80.2656616596
  1.00000000   3.40000000    81.4284735181
  1.10000000   3.40000000    82.5658335224
  1.20000000   3.40000000    83.6377956395
  1.30000000   3.40000000    84.6049843699
  1.40000000   3.40000000    85.4303772848
  1.50000000   3.40000000    86.0812152082
  1.60000000   3.40000000    86.5308857020
  1.70000000   3.40000000    86.7605889687
  1.80000000   3.40000000    86.7605889687
  1.90000000   3.40000000    86.5308857020
  2.00000000   3.40000000    86.0812152082
  2.10000000   3.40000000    85.4303772848
  2.20000000   3.40000000    84.6049843699
  2.30000000   3.40000000    83.6377956395
  2.40000000   3.40000000    82.5658335224
  2.50000000   3.40000000    81.4284735181
  2.60000000   3.40000000    80.2656616596
  2.70000000   3.40000000    79.1163620495
  2.80000000   3.40000000    78.0172837727
  2.90000000   3.40000000    77.0018916039
  3.00000000   3.40000000    76.0996717850
  3.10000000   3.40000000    75.3356002194
  3.20000000   3.40000000    74.7297347100
  3.30000000   3.40000000    74.2967916549
  3.40000000   3.40000000    74.0623887777
  3.50000000   3.40000000    74.0623887777

  0.00000000   3.50000000    74.0623887777
  0.10000000   3.50000000    74.0623887777
  0.20000000   3.50000000    74.2967916549
  0.30000000   3.50000000    74.7297347100
  0.40000000   3.50000000    75.3356002194
  0.50000000   3.50000000    76.0996717850
  0.60000000   3.50000000    77.0018916039
  0.70000000   3.50000000    78.0172837727
  0.80000000   3.50000000    79.1163620495
  0.90000000   3.50000000    80.2656616596
  1.00000000   3.50000000    81.4284735181
  1.10000000   3.50000000    82.5658335224
  1.20000000   3.50000000    83.6377956395
  1.30000000   3.50000000    84.6049843699
  1.40000000   3.50000000    85.4303772848
  1.50000000   3.50000000    86.0812152082
  1.60000000   3.50000000    86.5308857020
  1.70000000   3.50000000    86.7605889687
  1.80000000   3.50000000    86.7605889687
  1.90000000   3.50000000    86.5308857020
  2.00000000   3.50000000    86.0812152082
  2.10000000   3.50000000    85.4303772848
  2.20000000   3.50000000    84.6049843699
  2.30000000   3.50000000    83.6377956395
  2.40000000   3.50000000    82.5658335224
  2.50000000   3.50000000    81.4284735181
  2.60000000   3.50000000    80.2656616596
  2.70000000   3.50000000    79.1163620495
  2.80000000   3.50000000    78.0172837727
  2.90000000   3.50000000    77.0018916039
  3.00000000   3.50000000    76.0996717850
  3.10000000   3.50000000    75.3356002194
  3.20000000   3.50000000    74.7297347100
  3.30000000   3.50000000    74.2967916549
  3.40000000   3.50000000    74.0623887777
  3.50000000   3.50000000    74.0623887777

