  0.00000000   0.00000000    39.5666164619
  0.10000000   0.00000000    39.5666164619
  0.20000000   0.00000000    39.8591134543
  0.30000000   0.00000000    40.3994332798
  0.40000000   0.00000000    41.1557226054
  0.50000000   0.00000000    42.1097480227
  0.60000000   0.00000000    43.2366131455
  0.70000000   0.00000000    44.5052659826
  0.80000000   0.00000000    45.8789865190
  0.90000000   0.00000000    47.3160314065
  1.00000000   0.00000000    48.7705363879
  1.10000000   0.00000000    50.1937447877
  1.20000000   0.00000000    51.5355999366
  1.30000000   0.00000000    52.7466969765
  1.40000000   0.00000000    53.7805319698
  1.50000000   0.00000000    54.5959181482
  1.60000000   0.00000000    55.1593725845
  1.70000000   0.00000000    55.4472296853
  1.80000000   0.00000000    55.4472296853
  1.90000000   0.00000000    55.1593725845
  2.00000000   0.00000000    54.5959181482
  2.10000000   0.00000000    53.7805319698
  2.20000000   0.00000000    52.7466969765
  2.30000000   0.00000000    51.5355999366
  2.40000000   0.00000000    50.1937447877
  2.50000000   0.00000000    48.7705363879
  2.60000000   0.00000000    47.3160314065
  2.70000000   0.00000000    45.8789865190
  2.80000000   0.00000000    44.5052659826
  2.90000000   0.00000000    43.2366131455
  3.00000000   0.00000000    42.1097480227
  3.10000000   0.00000000    41.1557226054
  3.20000000   0.00000000    40.3994332798
  3.30000000   0.00000000    39.8591134543
  3.40000000   0.00000000    39.5666164619
  3.50000000   0.00000000    39.5666164619

  0.00000000   0.10000000    39.5666164619
  0.10000000   0.10000000    39.5666164619
  0.20000000   0.10000000    39.8591134543
  0.30000000   0.10000000    40.3994332798
  0.40000000   0.10000000    41.1557226054
  0.50000000   0.10000000    42.1097480227
  0.60000000   0.10000000    43.2366131455
  0.70000000   0.10000000    44.5052659826
  0.80000000   0.10000000    45.8789865190
  0.90000000   0.10000000    47.3160314065
  1.00000000   0.10000000    48.7705363879
  1.10000000   0.10000000    50.1937447877
  1.20000000   0.10000000    51.5355999366
  1.30000000   0.10000000    52.7466969765
  1.40000000   0.10000000    53.7805319698
  1.50000000   0.10000000    54.5959181482
  1.60000000   0.10000000    55.1593725845
  1.70000000   0.10000000    55.4472296853
  1.80000000   0.10000000    55.4472296853
  1.90000000   0.10000000    55.1593725845
  2.00000000   0.10000000    54.5959181482
  2.10000000   0.10000000    53.7805319698
  2.20000000   0.10000000    52.7466969765
  2.30000000   0.10000000    51.5355999366
  2.40000000   0.10000000    50.1937447877
  2.50000000   0.10000000    48.7705363879
  2.60000000   0.10000000    47.3160314065
  2.70000000   0.10000000    45.8789865190
  2.80000000   0.10000000    44.5052659826
  2.90000000   0.10000000    43.2366131455
  3.00000000   0.10000000    42.1097480227
  3.10000000   0.10000000    41.1557226054
  3.20000000   0.10000000    40.3994332798
  3.30000000   0.10000000    39.8591134543
  3.40000000   0.10000000    39.5666164619
  3.50000000   0.10000000    39.5666164619

  0.00000000   0.20000000    39.8803381608
  0.10000000   0.20000000    39.8803381608
  0.20000000   0.20000000    40.1721670789
  0.30000000   0.20000000    40.7218094723
  0.40000000   0.20000000    41.4945377197
  0.50000000   0.20000000    42.4711827336
  0.60000000   0.20000000    43.6263927681
  0.70000000   0.20000000    44.9286956172
  0.80000000   0.20000000    46.3408092868
  0.90000000   0.20000000    47.8201855321
  1.00000000   0.20000000    49.3198425345
  1.10000000   0.20000000    50.7895529470
  1.20000000   0.20000000    52.1774369353
  1.30000000   0.20000000    53.4319707194
  1.40000000   0.20000000    54.5043592878
  1.50000000   0.20000000    55.3511420003
  1.60000000   0.20000000    55.9368153735
  1.70000000   0.20000000    56.2361916369
  1.80000000   0.20000000    56.2361916369
  1.90000000   0.20000000    55.9368153735
  2.00000000   0.20000000    55.3511420003
  2.10000000   0.20000000    54.5043592878
  2.20000000   0.20000000    53.4319707194
  2.30000000   0.20000000    52.1774369353
  2.40000000   0.20000000    50.7895529470
  2.50000000   0.20000000    49.3198425345
  2.60000000   0.20000000    47.8201855321
  2.70000000   0.20000000    46.3408092868
  2.80000000   0.20000000    44.9286956172
  2.90000000   0.20000000    43.6263927681
  3.00000000   0.20000000    42.4711827336
  3.10000000   0.20000000    41.4945377197
  3.20000000   0.20000000    40.7218094723
  3.30000000   0.20000000    40.1721670789
  3.40000000   0.20000000    39.8803381608
  3.50000000   0.20000000    39.8803381608

  0.00000000   0.30000000    40.4206066502
  0.10000000   0.30000000    40.4206066502
  0.20000000   0.30000000    40.7218091098
  0.30000000   0.30000000    41.2931198028
  0.40000000   0.30000000    42.0998215604
  0.50000000   0.30000000    43.1223604899
  0.60000000   0.30000000    44.3349142267
  0.70000000   0.30000000    45.7053403516
  0.80000000   0.30000000    47.1953260561
  0.90000000   0.30000000    48.7607739995
  1.00000000   0.30000000    50.3524979367
  1.10000000   0.30000000    51.9173185110
  1.20000000   0.30000000    53.3996429241
  1.30000000   0.30000000    54.7435766671
  1.40000000   0.30000000    55.8955449864
  1.50000000   0.30000000    56.8072965231
  1.60000000   0.30000000    57.4390363613
  1.70000000   0.30000000    57.7623244298
  1.80000000   0.30000000    57.7623244298
  1.90000000   0.30000000    57.4390363613
  2.00000000   0.30000000    56.8072965231
  2.10000000   0.30000000    55.8955449864
  2.20000000   0.30000000    54.7435766671
  2.30000000   0.30000000    53.3996429241
  2.40000000   0.30000000    51.9173185110
  2.50000000   0.30000000    50.3524979367
  2.60000000   0.30000000    48.7607739995
  2.70000000   0.30000000    47.1953260561
  2.80000000   0.30000000    45.7053403516
  2.90000000   0.30000000    44.3349142267
  3.00000000   0.30000000    43.1223604899
  3.10000000   0.30000000    42.0998215604
  3.20000000   0.30000000    41.2931198028
  3.30000000   0.30000000    40.7218091098
  3.40000000   0.30000000    40.4206066502
  3.50000000   0.30000000    40.4206066502

  0.00000000   0.40000000    41.1768243030
  0.10000000   0.40000000    41.1768243030
  0.20000000   0.40000000    41.4945368069
  0.30000000   0.40000000    42.0998210951
  0.40000000   0.40000000    42.9582934806
  0.50000000   0.40000000    44.0503088026
  0.60000000   0.40000000    45.3496744725
  0.70000000   0.40000000    46.8234914870
  0.80000000   0.40000000    48.4321089389
  0.90000000   0.40000000    50.1292788257
  1.00000000   0.40000000    51.8626235470
  1.10000000   0.40000000    53.5745538112
  1.20000000   0.40000000    55.2037832709
  1.30000000   0.40000000    56.6875605334
  1.40000000   0.40000000    57.9646599905
  1.50000000   0.40000000    58.9790279627
  1.60000000   0.40000000    59.6837811942
  1.70000000   0.40000000    60.0450515948
  1.80000000   0.40000000    60.0450515948
  1.90000000   0.40000000    59.6837811942
  2.00000000   0.40000000    58.9790279627
  2.10000000   0.40000000    57.9646599905
  2.20000000   0.40000000    56.6875605334
  2.30000000   0.40000000    55.2037832709
  2.40000000   0.40000000    53.5745538112
  2.50000000   0.40000000    51.8626235470
  2.60000000   0.40000000    50.1292788257
  2.70000000   0.40000000    48.4321089389
  2.80000000   0.40000000    46.8234914870
  2.90000000   0.40000000    45.3496744725
  3.00000000   0.40000000    44.0503088026
  3.10000000   0.40000000    42.9582934806
  3.20000000   0.40000000    42.0998210951
  3.30000000   0.40000000    41.4945368069
  3.40000000   0.40000000    41.1768243030
  3.50000000   0.40000000    41.1768243030

  0.00000000   0.50000000    42.1307591738
  0.10000000   0.50000000    42.1307591738
  0.20000000   0.50000000    42.4711814188
  0.30000000   0.50000000    43.1223597475
  0.40000000   0.50000000    44.0503086089
  0.50000000   0.50000000    45.2355110542
  0.60000000   0.50000000    46.6516138694
  0.70000000   0.50000000    48.2650733777
  0.80000000   0.50000000    50.0348294077
  0.90000000   0.50000000    51.9121175692
  1.00000000   0.50000000    53.8405708985
  1.10000000   0.50000000    55.7568121472
  1.20000000   0.50000000    57.5917794098
  1.30000000   0.50000000    59.2730313091
  1.40000000   0.50000000    60.7282025348
  1.50000000   0.50000000    61.8895851113
  1.60000000   0.50000000    62.6994868488
  1.70000000   0.50000000    63.1156367747
  1.80000000   0.50000000    63.1156367747
  1.90000000   0.50000000    62.6994868488
  2.00000000   0.50000000    61.8895851113
  2.10000000   0.50000000    60.7282025348
  2.20000000   0.50000000    59.2730313091
  2.30000000   0.50000000    57.5917794098
  2.40000000   0.50000000    55.7568121472
  2.50000000   0.50000000    53.8405708985
  2.60000000   0.50000000    51.9121175692
  2.70000000   0.50000000    50.0348294077
  2.80000000   0.50000000    48.2650733777
  2.90000000   0.50000000    46.6516138694
  3.00000000   0.50000000    45.2355110542
  3.10000000   0.50000000    44.0503086089
  3.20000000   0.50000000    43.1223597475
  3.30000000   0.50000000    42.4711814188
  3.40000000   0.50000000    42.1307591738
  3.50000000   0.50000000    42.1307591738

  0.00000000   0.60000000    43.2575170853
  0.10000000   0.60000000    43.2575170853
  0.20000000   0.60000000    43.6263914652
  0.30000000   0.60000000    44.3349136969
  0.40000000   0.60000000    45.3496746999
  0.50000000   0.60000000    46.6516144414
  0.60000000   0.60000000    48.2146252151
  0.70000000   0.60000000    50.0049141062
  0.80000000   0.60000000    51.9802885556
  0.90000000   0.60000000    54.0894770003
  1.00000000   0.60000000    56.2716644970
  1.10000000   0.60000000    58.4565162572
  1.20000000   0.60000000    60.5650652490
  1.30000000   0.60000000    62.5119137973
  1.40000000   0.60000000    64.2091687660
  1.50000000   0.60000000    65.5722931708
  1.60000000   0.60000000    66.5275389247
  1.70000000   0.60000000    67.0198975965
  1.80000000   0.60000000    67.0198975965
  1.90000000   0.60000000    66.5275389247
  2.00000000   0.60000000    65.5722931708
  2.10000000   0.60000000    64.2091687660
  2.20000000   0.60000000    62.5119137973
  2.30000000   0.60000000    60.5650652490
  2.40000000   0.60000000    58.4565162572
  2.50000000   0.60000000    56.2716644970
  2.60000000   0.60000000    54.0894770003
  2.70000000   0.60000000    51.9802885556
  2.80000000   0.60000000    50.0049141062
  2.90000000   0.60000000    48.2146252151
  3.00000000   0.60000000    46.6516144414
  3.10000000   0.60000000    45.3496746999
  3.20000000   0.60000000    44.3349136969
  3.30000000   0.60000000    43.6263914652
  3.40000000   0.60000000    43.2575170853
  3.50000000   0.60000000    43.2575170853

  0.00000000   0.70000000    44.5260488995
  0.10000000   0.70000000    44.5260488995
  0.20000000   0.70000000    44.9286949888
  0.30000000   0.70000000    45.7053408204
  0.40000000   0.70000000    46.8234931105
  0.50000000   0.70000000    48.2650757401
  0.60000000   0.70000000    50.0049161744
  0.70000000   0.70000000    52.0097580091
  0.80000000   0.70000000    54.2370496416
  0.90000000   0.70000000    56.6335968398
  1.00000000   0.70000000    59.1342622526
  1.10000000   0.70000000    61.6610453197
  1.20000000   0.70000000    64.1230804063
  1.30000000   0.70000000    66.4183094957
  1.40000000   0.70000000    68.4377028617
  1.50000000   0.70000000    70.0726989331
  1.60000000   0.70000000    71.2257520862
  1.70000000   0.70000000    71.8224763238
  1.80000000   0.70000000    71.8224763238
  1.90000000   0.70000000    71.2257520862
  2.00000000   0.70000000    70.0726989331
  2.10000000   0.70000000    68.4377028617
  2.20000000   0.70000000    66.4183094957
  2.30000000   0.70000000    64.1230804063
  2.40000000   0.70000000    61.6610453197
  2.50000000   0.70000000    59.1342622526
  2.60000000   0.70000000    56.6335968398
  2.70000000   0.70000000    54.2370496416
  2.80000000   0.70000000    52.0097580091
  2.90000000   0.70000000    50.0049161744
  3.00000000   0.70000000    48.2650757401
  3.10000000   0.70000000    46.8234931105
  3.20000000   0.70000000    45.7053408204
  3.30000000   0.70000000    44.9286949888
  3.40000000   0.70000000    44.5260488995
  3.50000000   0.70000000    44.5260488995

  0.00000000   0.80000000    45.8996380453
  0.10000000   0.80000000    45.8996380453
  0.20000000   0.80000000    46.3408102106
  0.30000000   0.80000000    47.1953285722
  0.40000000   0.80000000    48.4321132704
  0.50000000   0.80000000    50.0348352273
  0.60000000   0.80000000    51.9802947962
  0.70000000   0.80000000    54.2370543080
  0.80000000   0.80000000    56.7636470991
  0.90000000   0.80000000    59.5063845025
  1.00000000   0.80000000    62.3968911996
  1.10000000   0.80000000    65.3497078521
  1.20000000   0.80000000    68.2606446243
  1.30000000   0.80000000    71.0070473237
  1.40000000   0.80000000    73.4516199749
  1.50000000   0.80000000    75.4515416521
  1.60000000   0.80000000    76.8736092245
  1.70000000   0.80000000    77.6134456153
  1.80000000   0.80000000    77.6134456153
  1.90000000   0.80000000    76.8736092245
  2.00000000   0.80000000    75.4515416521
  2.10000000   0.80000000    73.4516199749
  2.20000000   0.80000000    71.0070473237
  2.30000000   0.80000000    68.2606446243
  2.40000000   0.80000000    65.3497078521
  2.50000000   0.80000000    62.3968911996
  2.60000000   0.80000000    59.5063845025
  2.70000000   0.80000000    56.7636470991
  2.80000000   0.80000000    54.2370543080
  2.90000000   0.80000000    51.9802947962
  3.00000000   0.80000000    50.0348352273
  3.10000000   0.80000000    48.4321132704
  3.20000000   0.80000000    47.1953285722
  3.30000000   0.80000000    46.3408102106
  3.40000000   0.80000000    45.8996380453
  3.50000000   0.80000000    45.8996380453

  0.00000000   0.90000000    47.3365451501
  0.10000000   0.90000000    47.3365451501
  0.20000000   0.90000000    47.8201890335
  0.30000000   0.90000000    48.7607798019
  0.40000000   0.90000000    50.1292874403
  0.50000000   0.90000000    51.9121288944
  0.60000000   0.90000000    54.0894900825
  0.70000000   0.90000000    56.6336096065
  0.80000000   0.90000000    59.5063934726
  0.90000000   0.90000000    62.6562542661
  1.00000000   0.90000000    66.0141524406
  1.10000000   0.90000000    69.4890468021
  1.20000000   0.90000000    72.9634479369
  1.30000000   0.90000000    76.2906340022
  1.40000000   0.90000000    79.2963259456
  1.50000000   0.90000000    81.7887214559
  1.60000000   0.90000000    83.5801463650
  1.70000000   0.90000000    84.5185971842
  1.80000000   0.90000000    84.5185971842
  1.90000000   0.90000000    83.5801463650
  2.00000000   0.90000000    81.7887214559
  2.10000000   0.90000000    79.2963259456
  2.20000000   0.90000000    76.2906340022
  2.30000000   0.90000000    72.9634479369
  2.40000000   0.90000000    69.4890468021
  2.50000000   0.90000000    66.0141524406
  2.60000000   0.90000000    62.6562542661
  2.70000000   0.90000000    59.5063934726
  2.80000000   0.90000000    56.6336096065
  2.90000000   0.90000000    54.0894900825
  3.00000000   0.90000000    51.9121288944
  3.10000000   0.90000000    50.1292874403
  3.20000000   0.90000000    48.7607798019
  3.30000000   0.90000000    47.8201890335
  3.40000000   0.90000000    47.3365451501
  3.50000000   0.90000000    47.3365451501

  0.00000000   1.00000000    48.7909103758
  0.10000000   1.00000000    48.7909103758
  0.20000000   1.00000000    49.3198496839
  0.30000000   1.00000000    50.3525083377
  0.40000000   1.00000000    51.8626381502
  0.50000000   1.00000000    53.8405900136
  0.60000000   1.00000000    56.2716875106
  0.70000000   1.00000000    59.1342872795
  0.80000000   1.00000000    62.3969146464
  0.90000000   1.00000000    66.0141684801
  1.00000000   1.00000000    69.9210749967
  1.10000000   1.00000000    74.0257077890
  1.20000000   1.00000000    78.2003966971
  1.30000000   1.00000000    82.2731056113
  1.40000000   1.00000000    86.0230559065
  1.50000000   1.00000000    89.1883867440
  1.60000000   1.00000000    91.4959734713
  1.70000000   1.00000000    92.7157872471
  1.80000000   1.00000000    92.7157872471
  1.90000000   1.00000000    91.4959734713
  2.00000000   1.00000000    89.1883867440
  2.10000000   1.00000000    86.0230559065
  2.20000000   1.00000000    82.2731056113
  2.30000000   1.00000000    78.2003966971
  2.40000000   1.00000000    74.0257077890
  2.50000000   1.00000000    69.9210749967
  2.60000000   1.00000000    66.0141684801
  2.70000000   1.00000000    62.3969146464
  2.80000000   1.00000000    59.1342872795
  2.90000000   1.00000000    56.2716875106
  3.00000000   1.00000000    53.8405900136
  3.10000000   1.00000000    51.8626381502
  3.20000000   1.00000000    50.3525083377
  3.30000000   1.00000000    49.3198496839
  3.40000000   1.00000000    48.7909103758
  3.50000000   1.00000000    48.7909103758

  0.00000000   1.10000000    50.2139817844
  0.10000000   1.10000000    50.2139817844
  0.20000000   1.10000000    50.7895647259
  0.30000000   1.10000000    51.9173347375
  0.40000000   1.10000000    53.5745760446
  0.50000000   1.10000000    55.7568413344
  0.60000000   1.10000000    58.4565524327
  0.70000000   1.10000000    61.6610871958
  0.80000000   1.10000000    65.3497522429
  0.90000000   1.10000000    69.4890878134
  1.00000000   1.10000000    74.0257357198
  1.10000000   1.10000000    78.8759305885
  1.20000000   1.10000000    83.9108126896
  1.30000000   1.10000000    88.9379188509
  1.40000000   1.10000000    93.6829763909
  1.50000000   1.10000000    97.7850417896
  1.60000000   1.10000000   100.8320048292
  1.70000000   1.10000000   102.4616152663
  1.80000000   1.10000000   102.4616152663
  1.90000000   1.10000000   100.8320048292
  2.00000000   1.10000000    97.7850417896
  2.10000000   1.10000000    93.6829763909
  2.20000000   1.10000000    88.9379188509
  2.30000000   1.10000000    83.9108126896
  2.40000000   1.10000000    78.8759305885
  2.50000000   1.10000000    74.0257357198
  2.60000000   1.10000000    69.4890878134
  2.70000000   1.10000000    65.3497522429
  2.80000000   1.10000000    61.6610871958
  2.90000000   1.10000000    58.4565524327
  3.00000000   1.10000000    55.7568413344
  3.10000000   1.10000000    53.5745760446
  3.20000000   1.10000000    51.9173347375
  3.30000000   1.10000000    50.7895647259
  3.40000000   1.10000000    50.2139817844
  3.50000000   1.10000000    50.2139817844

  0.00000000   1.20000000    51.5557075960
  0.10000000   1.20000000    51.5557075960
  0.20000000   1.20000000    52.1774540858
  0.30000000   1.20000000    53.3996659300
  0.40000000   1.20000000    55.2038144641
  0.50000000   1.20000000    57.5918206172
  0.60000000   1.20000000    60.5651175185
  0.70000000   1.20000000    64.1231435960
  0.80000000   1.20000000    68.2607167580
  0.90000000   1.20000000    72.9635241684
  1.00000000   1.20000000    78.2004676439
  1.10000000   1.20000000    83.9108618371
  1.20000000   1.20000000    89.9835417544
  1.30000000   1.20000000    96.2244013350
  1.40000000   1.20000000   102.3113742626
  1.50000000   1.20000000   107.7500400393
  1.60000000   1.20000000   111.8895180988
  1.70000000   1.20000000   114.1363049696
  1.80000000   1.20000000   114.1363049696
  1.90000000   1.20000000   111.8895180988
  2.00000000   1.20000000   107.7500400393
  2.10000000   1.20000000   102.3113742626
  2.20000000   1.20000000    96.2244013350
  2.30000000   1.20000000    89.9835417544
  2.40000000   1.20000000    83.9108618371
  2.50000000   1.20000000    78.2004676439
  2.60000000   1.20000000    72.9635241684
  2.70000000   1.20000000    68.2607167580
  2.80000000   1.20000000    64.1231435960
  2.90000000   1.20000000    60.5651175185
  3.00000000   1.20000000    57.5918206172
  3.10000000   1.20000000    55.2038144641
  3.20000000   1.20000000    53.3996659300
  3.30000000   1.20000000    52.1774540858
  3.40000000   1.20000000    51.5557075960
  3.50000000   1.20000000    51.5557075960

  0.00000000   1.30000000    52.7666877884
  0.10000000   1.30000000    52.7666877884
  0.20000000   1.30000000    53.4319935959
  0.30000000   1.30000000    54.7436069382
  0.40000000   1.30000000    56.6876014300
  0.50000000   1.30000000    59.2730857511
  0.60000000   1.30000000    62.5119842079
  0.70000000   1.30000000    66.4183974910
  0.80000000   1.30000000    71.0071531614
  0.90000000   1.30000000    76.2907555613
  1.00000000   1.30000000    82.2732364689
  1.10000000   1.30000000    88.9380446137
  1.20000000   1.30000000    96.2244926746
  1.30000000   1.30000000   103.9824369348
  1.40000000   1.30000000   111.8874112859
  1.50000000   1.30000000   119.2971844099
  1.60000000   1.30000000   125.1101962670
  1.70000000   1.30000000   128.3214751883
  1.80000000   1.30000000   128.3214751883
  1.90000000   1.30000000   125.1101962670
  2.00000000   1.30000000   119.2971844099
  2.10000000   1.30000000   111.8874112859
  2.20000000   1.30000000   103.9824369348
  2.30000000   1.30000000    96.2244926746
  2.40000000   1.30000000    88.9380446137
  2.50000000   1.30000000    82.2732364689
  2.60000000   1.30000000    76.2907555613
  2.70000000   1.30000000    71.0071531614
  2.80000000   1.30000000    66.4183974910
  2.90000000   1.30000000    62.5119842079
  3.00000000   1.30000000    59.2730857511
  3.10000000   1.30000000    56.6876014300
  3.20000000   1.30000000    54.7436069382
  3.30000000   1.30000000    53.4319935959
  3.40000000   1.30000000    52.7666877884
  3.50000000   1.30000000    52.7666877884

  0.00000000   1.40000000    53.8004229746
  0.10000000   1.40000000    53.8004229746
  0.20000000   1.40000000    54.5043877395
  0.30000000   1.40000000    55.8955823753
  0.40000000   1.40000000    57.9647104948
  0.50000000   1.40000000    60.7282702875
  0.60000000   1.40000000    64.2092578218
  0.70000000   1.40000000    68.4378171074
  0.80000000   1.40000000    73.4517628998
  0.90000000   1.40000000    79.2965000802
  1.00000000   1.40000000    86.0232614869
  1.10000000   1.40000000    93.6832081866
  1.20000000   1.40000000   102.3116137654
  1.30000000   1.40000000   111.8876058844
  1.40000000   1.40000000   122.2287721866
  1.50000000   1.40000000   132.6888315770
  1.60000000   1.40000000   141.1627144072
  1.70000000   1.40000000   145.9382954834
  1.80000000   1.40000000   145.9382954834
  1.90000000   1.40000000   141.1627144072
  2.00000000   1.40000000   132.6888315770
  2.10000000   1.40000000   122.2287721866
  2.20000000   1.40000000   111.8876058844
  2.30000000   1.40000000   102.3116137654
  2.40000000   1.40000000    93.6832081866
  2.50000000   1.40000000    86.0232614869
  2.60000000   1.40000000    79.2965000802
  2.70000000   1.40000000    73.4517628998
  2.80000000   1.40000000    68.4378171074
  2.90000000   1.40000000    64.2092578218
  3.00000000   1.40000000    60.7282702875
  3.10000000   1.40000000    57.9647104948
  3.20000000   1.40000000    55.8955823753
  3.30000000   1.40000000    54.5043877395
  3.40000000   1.40000000    53.8004229746
  3.50000000   1.40000000    53.8004229746

  0.00000000   1.50000000    54.6157304079
  0.10000000   1.50000000    54.6157304079
  0.20000000   1.50000000    55.3511753126
  0.30000000   1.50000000    56.8073401539
  0.40000000   1.50000000    58.9790869730
  0.50000000   1.50000000    61.8896648098
  0.60000000   1.50000000    65.5723992720
  0.70000000   1.50000000    70.0728377757
  0.80000000   1.50000000    75.4517204853
  0.90000000   1.50000000    81.7889487792
  1.00000000   1.50000000    89.1886726311
  1.10000000   1.50000000    97.7853980229
  1.20000000   1.50000000   107.7504798507
  1.30000000   1.50000000   119.2977226770
  1.40000000   1.50000000   132.6894949447
  1.50000000   1.50000000   148.2735095209
  1.60000000   1.50000000   161.0945124255
  1.70000000   1.50000000   168.4971797666
  1.80000000   1.50000000   168.4971797666
  1.90000000   1.50000000   161.0945124255
  2.00000000   1.50000000   148.2735095209
  2.10000000   1.50000000   132.6894949447
  2.20000000   1.50000000   119.2977226770
  2.30000000   1.50000000   107.7504798507
  2.40000000   1.50000000    97.7853980229
  2.50000000   1.50000000    89.1886726311
  2.60000000   1.50000000    81.7889487792
  2.70000000   1.50000000    75.4517204853
  2.80000000   1.50000000    70.0728377757
  2.90000000   1.50000000    65.5723992720
  3.00000000   1.50000000    61.8896648098
  3.10000000   1.50000000    58.9790869730
  3.20000000   1.50000000    56.8073401539
  3.30000000   1.50000000    55.3511753126
  3.40000000   1.50000000    54.6157304079
  3.50000000   1.50000000    54.6157304079

  0.00000000   1.60000000    55.1791304204
  0.10000000   1.60000000    55.1791304204
  0.20000000   1.60000000    55.9368522903
  0.30000000   1.60000000    57.4390846433
  0.40000000   1.60000000    59.6838465905
  0.50000000   1.60000000    62.6995756101
  0.60000000   1.60000000    66.5276581393
  0.70000000   1.60000000    71.2259101999
  0.80000000   1.60000000    76.8738168577
  0.90000000   1.60000000    83.5804176237
  1.00000000   1.60000000    91.4963280991
  1.10000000   1.60000000   100.8324718587
  1.20000000   1.60000000   111.8901422941
  1.30000000   1.60000000   125.1110498903
  1.40000000   1.60000000   141.1639181785
  1.50000000   1.60000000   163.9376545797
  1.60000000   1.60000000   200.0000000000
  1.70000000   1.60000000   200.0000000000
  1.80000000   1.60000000   200.0000000000
  1.90000000   1.60000000   200.0000000000
  2.00000000   1.60000000   163.9376545797
  2.10000000   1.60000000   141.1639181785
  2.20000000   1.60000000   125.1110498903
  2.30000000   1.60000000   111.8901422941
  2.40000000   1.60000000   100.8324718587
  2.50000000   1.60000000    91.4963280991
  2.60000000   1.60000000    83.5804176237
  2.70000000   1.60000000    76.8738168577
  2.80000000   1.60000000    71.2259101999
  2.90000000   1.60000000    66.5276581393
  3.00000000   1.60000000    62.6995756101
  3.10000000   1.60000000    59.6838465905
  3.20000000   1.60000000    57.4390846433
  3.30000000   1.60000000    55.9368522903
  3.40000000   1.60000000    55.1791304204
  3.50000000   1.60000000    55.1791304204

  0.00000000   1.70000000    55.4669597157
  0.10000000   1.70000000    55.4669597157
  0.20000000   1.70000000    56.2362304742
  0.30000000   1.70000000    57.7623751979
  0.40000000   1.70000000    60.0451204208
  0.50000000   1.70000000    63.1157304349
  0.60000000   1.70000000    67.0200239611
  0.70000000   1.70000000    71.8226450614
  0.80000000   1.70000000    77.6136693449
  0.90000000   1.70000000    84.5188934040
  1.00000000   1.70000000    92.7161816516
  1.10000000   1.70000000   102.4621476062
  1.20000000   1.70000000   114.1370396390
  1.30000000   1.70000000   128.3225206465
  1.40000000   1.70000000   145.9398400914
  1.50000000   1.70000000   169.5448794910
  1.60000000   1.70000000   200.0000000000
  1.70000000   1.70000000   200.0000000000
  1.80000000   1.70000000   200.0000000000
  1.90000000   1.70000000   200.0000000000
  2.00000000   1.70000000   169.5448794910
  2.10000000   1.70000000   145.9398400914
  2.20000000   1.70000000   128.3225206465
  2.30000000   1.70000000   114.1370396390
  2.40000000   1.70000000   102.4621476062
  2.50000000   1.70000000    92.7161816516
  2.60000000   1.70000000    84.5188934040
  2.70000000   1.70000000    77.6136693449
  2.80000000   1.70000000    71.8226450614
  2.90000000   1.70000000    67.0200239611
  3.00000000   1.70000000    63.1157304349
  3.10000000   1.70000000    60.0451204208
  3.20000000   1.70000000    57.7623751979
  3.30000000   1.70000000    56.2362304742
  3.40000000   1.70000000    55.4669597157
  3.50000000   1.70000000    55.4669597157

  0.00000000   1.80000000    55.4669597157
  0.10000000   1.80000000    55.4669597157
  0.20000000   1.80000000    56.2362304742
  0.30000000   1.80000000    57.7623751979
  0.40000000   1.80000000    60.0451204208
  0.50000000   1.80000000    63.1157304349
  0.60000000   1.80000000    67.0200239611
  0.70000000   1.80000000    71.8226450614
  0.80000000   1.80000000    77.6136693449
  0.90000000   1.80000000    84.5188934040
  1.00000000   1.80000000    92.7161816516
  1.10000000   1.80000000   102.4621476062
  1.20000000   1.80000000   114.1370396390
  1.30000000   1.80000000   128.3225206465
  1.40000000   1.80000000   145.9398400914
  1.50000000   1.80000000   169.5448794910
  1.60000000   1.80000000   200.0000000000
  1.70000000   1.80000000   200.0000000000
  1.80000000   1.80000000   200.0000000000
  1.90000000   1.80000000   200.0000000000
  2.00000000   1.80000000   169.5448794910
  2.10000000   1.80000000   145.9398400914
  2.20000000   1.80000000   128.3225206465
  2.30000000   1.80000000   114.1370396390
  2.40000000   1.80000000   102.4621476062
  2.50000000   1.80000000    92.7161816516
  2.60000000   1.80000000    84.5188934040
  2.70000000   1.80000000    77.6136693449
  2.80000000   1.80000000    71.8226450614
  2.90000000   1.80000000    67.0200239611
  3.00000000   1.80000000    63.1157304349
  3.10000000   1.80000000    60.0451204208
  3.20000000   1.80000000    57.7623751979
  3.30000000   1.80000000    56.2362304742
  3.40000000   1.80000000    55.4669597157
  3.50000000   1.80000000    55.4669597157

  0.00000000   1.90000000    55.1791304204
  0.10000000   1.90000000    55.1791304204
  0.20000000   1.90000000    55.9368522903
  0.30000000   1.90000000    57.4390846433
  0.40000000   1.90000000    59.6838465905
  0.50000000   1.90000000    62.6995756101
  0.60000000   1.90000000    66.5276581393
  0.70000000   1.90000000    71.2259101999
  0.80000000   1.90000000    76.8738168577
  0.90000000   1.90000000    83.5804176237
  1.00000000   1.90000000    91.4963280991
  1.10000000   1.90000000   100.8324718587
  1.20000000   1.90000000   111.8901422941
  1.30000000   1.90000000   125.1110498903
  1.40000000   1.90000000   141.1639181785
  1.50000000   1.90000000   163.9376545797
  1.60000000   1.90000000   200.0000000000
  1.70000000   1.90000000   200.0000000000
  1.80000000   1.90000000   200.0000000000
  1.90000000   1.90000000   200.0000000000
  2.00000000   1.90000000   163.9376545797
  2.10000000   1.90000000   141.1639181785
  2.20000000   1.90000000   125.1110498903
  2.30000000   1.90000000   111.8901422941
  2.40000000   1.90000000   100.8324718587
  2.50000000   1.90000000    91.4963280991
  2.60000000   1.90000000    83.5804176237
  2.70000000   1.90000000    76.8738168577
  2.80000000   1.90000000    71.2259101999
  2.90000000   1.90000000    66.5276581393
  3.00000000   1.90000000    62.6995756101
  3.10000000   1.90000000    59.6838465905
  3.20000000   1.90000000    57.4390846433
  3.30000000   1.90000000    55.9368522903
  3.40000000   1.90000000    55.1791304204
  3.50000000   1.90000000    55.1791304204

  0.00000000   2.00000000    54.6157304079
  0.10000000   2.00000000    54.6157304079
  0.20000000   2.00000000    55.3511753126
  0.30000000   2.00000000    56.8073401539
  0.40000000   2.00000000    58.9790869730
  0.50000000   2.00000000    61.8896648098
  0.60000000   2.00000000    65.5723992720
  0.70000000   2.00000000    70.0728377757
  0.80000000   2.00000000    75.4517204853
  0.90000000   2.00000000    81.7889487792
  1.00000000   2.00000000    89.1886726311
  1.10000000   2.00000000    97.7853980229
  1.20000000   2.00000000   107.7504798507
  1.30000000   2.00000000   119.2977226770
  1.40000000   2.00000000   132.6894949447
  1.50000000   2.00000000   148.2735095209
  1.60000000   2.00000000   161.0945124255
  1.70000000   2.00000000   168.4971797666
  1.80000000   2.00000000   168.4971797666
  1.90000000   2.00000000   161.0945124255
  2.00000000   2.00000000   148.2735095209
  2.10000000   2.00000000   132.6894949447
  2.20000000   2.00000000   119.2977226770
  2.30000000   2.00000000   107.7504798507
  2.40000000   2.00000000    97.7853980229
  2.50000000   2.00000000    89.1886726311
  2.60000000   2.00000000    81.7889487792
  2.70000000   2.00000000    75.4517204853
  2.80000000   2.00000000    70.0728377757
  2.90000000   2.00000000    65.5723992720
  3.00000000   2.00000000    61.8896648098
  3.10000000   2.00000000    58.9790869730
  3.20000000   2.00000000    56.8073401539
  3.30000000   2.00000000    55.3511753126
  3.40000000   2.00000000    54.6157304079
  3.50000000   2.00000000    54.6157304079

  0.00000000   2.10000000    53.8004229746
  0.10000000   2.10000000    53.8004229746
  0.20000000   2.10000000    54.5043877395
  0.30000000   2.10000000    55.8955823753
  0.40000000   2.10000000    57.9647104948
  0.50000000   2.10000000    60.7282702875
  0.60000000   2.10000000    64.2092578218
  0.70000000   2.10000000    68.4378171074
  0.80000000   2.10000000    73.4517628998
  0.90000000   2.10000000    79.2965000802
  1.00000000   2.10000000    86.0232614869
  1.10000000   2.10000000    93.6832081866
  1.20000000   2.10000000   102.3116137654
  1.30000000   2.10000000   111.8876058844
  1.40000000   2.10000000   122.2287721866
  1.50000000   2.10000000   132.6888315770
  1.60000000   2.10000000   141.1627144072
  1.70000000   2.10000000   145.9382954834
  1.80000000   2.10000000   145.9382954834
  1.90000000   2.10000000   141.1627144072
  2.00000000   2.10000000   132.6888315770
  2.10000000   2.10000000   122.2287721866
  2.20000000   2.10000000   111.8876058844
  2.30000000   2.10000000   102.3116137654
  2.40000000   2.10000000    93.6832081866
  2.50000000   2.10000000    86.0232614869
  2.60000000   2.10000000    79.2965000802
  2.70000000   2.10000000    73.4517628998
  2.80000000   2.10000000    68.4378171074
  2.90000000   2.10000000    64.2092578218
  3.00000000   2.10000000    60.7282702875
  3.10000000   2.10000000    57.9647104948
  3.20000000   2.10000000    55.8955823753
  3.30000000   2.10000000    54.5043877395
  3.40000000   2.10000000    53.8004229746
  3.50000000   2.10000000    53.8004229746

  0.00000000   2.20000000    52.7666877884
  0.10000000   2.20000000    52.7666877884
  0.20000000   2.20000000    53.4319935959
  0.30000000   2.20000000    54.7436069382
  0.40000000   2.20000000    56.6876014300
  0.50000000   2.20000000    59.2730857511
  0.60000000   2.20000000    62.5119842079
  0.70000000   2.20000000    66.4183974910
  0.80000000   2.20000000    71.0071531614
  0.90000000   2.20000000    76.2907555613
  1.00000000   2.20000000    82.2732364689
  1.10000000   2.20000000    88.9380446137
  1.20000000   2.20000000    96.2244926746
  1.30000000   2.20000000   103.9824369348
  1.40000000   2.20000000   111.8874112859
  1.50000000   2.20000000   119.2971844099
  1.60000000   2.20000000   125.1101962670
  1.70000000   2.20000000   128.3214751883
  1.80000000   2.20000000   128.3214751883
  1.90000000   2.20000000   125.1101962670
  2.00000000   2.20000000   119.2971844099
  2.10000000   2.20000000   111.8874112859
  2.20000000   2.20000000   103.9824369348
  2.30000000   2.20000000    96.2244926746
  2.40000000   2.20000000    88.9380446137
  2.50000000   2.20000000    82.2732364689
  2.60000000   2.20000000    76.2907555613
  2.70000000   2.20000000    71.0071531614
  2.80000000   2.20000000    66.4183974910
  2.90000000   2.20000000    62.5119842079
  3.00000000   2.20000000    59.2730857511
  3.10000000   2.20000000    56.6876014300
  3.20000000   2.20000000    54.7436069382
  3.30000000   2.20000000    53.4319935959
  3.40000000   2.20000000    52.7666877884
  3.50000000   2.20000000    52.7666877884

  0.00000000   2.30000000    51.5557075960
  0.10000000   2.30000000    51.5557075960
  0.20000000   2.30000000    52.1774540858
  0.30000000   2.30000000    53.3996659300
  0.40000000   2.30000000    55.2038144641
  0.50000000   2.30000000    57.5918206172
  0.60000000   2.30000000    60.5651175185
  0.70000000   2.30000000    64.1231435960
  0.80000000   2.30000000    68.2607167580
  0.90000000   2.30000000    72.9635241684
  1.00000000   2.30000000    78.2004676439
  1.10000000   2.30000000    83.9108618371
  1.20000000   2.30000000    89.9835417544
  1.30000000   2.30000000    96.2244013350
  1.40000000   2.30000000   102.3113742626
  1.50000000   2.30000000   107.7500400393
  1.60000000   2.30000000   111.8895180988
  1.70000000   2.30000000   114.1363049696
  1.80000000   2.30000000   114.1363049696
  1.90000000   2.30000000   111.8895180988
  2.00000000   2.30000000   107.7500400393
  2.10000000   2.30000000   102.3113742626
  2.20000000   2.30000000    96.2244013350
  2.30000000   2.30000000    89.9835417544
  2.40000000   2.30000000    83.9108618371
  2.50000000   2.30000000    78.2004676439
  2.60000000   2.30000000    72.9635241684
  2.70000000   2.30000000    68.2607167580
  2.80000000   2.30000000    64.1231435960
  2.90000000   2.30000000    60.5651175185
  3.00000000   2.30000000    57.5918206172
  3.10000000   2.30000000    55.2038144641
  3.20000000   2.30000000    53.3996659300
  3.30000000   2.30000000    52.1774540858
  3.40000000   2.30000000    51.5557075960
  3.50000000   2.30000000    51.5557075960

  0.00000000   2.40000000    50.2139817844
  0.10000000   2.40000000    50.2139817844
  0.20000000   2.40000000    50.7895647259
  0.30000000   2.40000000    51.9173347375
  0.40000000   2.40000000    53.5745760446
  0.50000000   2.40000000    55.7568413344
  0.60000000   2.40000000    58.4565524327
  0.70000000   2.40000000    61.6610871958
  0.80000000   2.40000000    65.3497522429
  0.90000000   2.40000000    69.4890878134
  1.00000000   2.40000000    74.0257357198
  1.10000000   2.40000000    78.8759305885
  1.20000000   2.40000000    83.9108126896
  1.30000000   2.40000000    88.9379188509
  1.40000000   2.40000000    93.6829763909
  1.50000000   2.40000000    97.7850417896
  1.60000000   2.40000000   100.8320048292
  1.70000000   2.40000000   102.4616152663
  1.80000000   2.40000000   102.4616152663
  1.90000000   2.40000000   100.8320048292
  2.00000000   2.40000000    97.7850417896
  2.10000000   2.40000000    93.6829763909
  2.20000000   2.40000000    88.9379188509
  2.30000000   2.40000000    83.9108126896
  2.40000000   2.40000000    78.8759305885
  2.50000000   2.40000000    74.0257357198
  2.60000000   2.40000000    69.4890878134
  2.70000000   2.40000000    65.3497522429
  2.80000000   2.40000000    61.6610871958
  2.90000000   2.40000000    58.4565524327
  3.00000000   2.40000000    55.7568413344
  3.10000000   2.40000000    53.5745760446
  3.20000000   2.40000000    51.9173347375
  3.30000000   2.40000000    50.7895647259
  3.40000000   2.40000000    50.2139817844
  3.50000000   2.40000000    50.2139817844

  0.00000000   2.50000000    48.7909103758
  0.10000000   2.50000000    48.7909103758
  0.20000000   2.50000000    49.3198496839
  0.30000000   2.50000000    50.3525083377
  0.40000000   2.50000000    51.8626381502
  0.50000000   2.50000000    53.8405900136
  0.60000000   2.50000000    56.2716875106
  0.70000000   2.50000000    59.1342872795
  0.80000000   2.50000000    62.3969146464
  0.90000000   2.50000000    66.0141684801
  1.00000000   2.50000000    69.9210749967
  1.10000000   2.50000000    74.0257077890
  1.20000000   2.50000000    78.2003966971
  1.30000000   2.50000000    82.2731056113
  1.40000000   2.50000000    86.0230559065
  1.50000000   2.50000000    89.1883867440
  1.60000000   2.50000000    91.4959734713
  1.70000000   2.50000000    92.7157872471
  1.80000000   2.50000000    92.7157872471
  1.90000000   2.50000000    91.4959734713
  2.00000000   2.50000000    89.1883867440
  2.10000000   2.50000000    86.0230559065
  2.20000000   2.50000000    82.2731056113
  2.30000000   2.50000000    78.2003966971
  2.40000000   2.50000000    74.0257077890
  2.50000000   2.50000000    69.9210749967
  2.60000000   2.50000000    66.0141684801
  2.70000000   2.50000000    62.3969146464
  2.80000000   2.50000000    59.1342872795
  2.90000000   2.50000000    56.2716875106
  3.00000000   2.50000000    53.8405900136
  3.10000000   2.50000000    51.8626381502
  3.20000000   2.50000000    50.3525083377
  3.30000000   2.50000000    49.3198496839
  3.40000000   2.50000000    48.7909103758
  3.50000000   2.50000000    48.7909103758

  0.00000000   2.60000000    47.3365451501
  0.10000000   2.60000000    47.3365451501
  0.20000000   2.60000000    47.8201890335
  0.30000000   2.60000000    48.7607798019
  0.40000000   2.60000000    50.1292874403
  0.50000000   2.60000000    51.9121288944
  0.60000000   2.60000000    54.0894900825
  0.70000000   2.60000000    56.6336096065
  0.80000000   2.60000000    59.5063934726
  0.90000000   2.60000000    62.6562542661
  1.00000000   2.60000000    66.0141524406
  1.10000000   2.60000000    69.4890468021
  1.20000000   2.60000000    72.9634479369
  1.30000000   2.60000000    76.2906340022
  1.40000000   2.60000000    79.2963259456
  1.50000000   2.60000000    81.7887214559
  1.60000000   2.60000000    83.5801463650
  1.70000000   2.60000000    84.5185971842
  1.80000000   2.60000000    84.5185971842
  1.90000000   2.60000000    83.5801463650
  2.00000000   2.60000000    81.7887214559
  2.10000000   2.60000000    79.2963259456
  2.20000000   2.60000000    76.2906340022
  2.30000000   2.60000000    72.9634479369
  2.40000000   2.60000000    69.4890468021
  2.50000000   2.60000000    66.0141524406
  2.60000000   2.60000000    62.6562542661
  2.70000000   2.60000000    59.5063934726
  2.80000000   2.60000000    56.6336096065
  2.90000000   2.60000000    54.0894900825
  3.00000000   2.60000000    51.9121288944
  3.10000000   2.60000000    50.1292874403
  3.20000000   2.60000000    48.7607798019
  3.30000000   2.60000000    47.8201890335
  3.40000000   2.60000000    47.3365451501
  3.50000000   2.60000000    47.3365451501

  0.00000000   2.70000000    45.8996380453
  0.10000000   2.70000000    45.8996380453
  0.20000000   2.70000000    46.3408102106
  0.30000000   2.70000000    47.1953285722
  0.40000000   2.70000000    48.4321132704
  0.50000000   2.70000000    50.0348352273
  0.60000000   2.70000000    51.9802947962
  0.70000000   2.70000000    54.2370543080
  0.80000000   2.70000000    56.7636470991
  0.90000000   2.70000000    59.5063845025
  1.00000000   2.70000000    62.3968911996
  1.10000000   2.70000000    65.3497078521
  1.20000000   2.70000000    68.2606446243
  1.30000000   2.70000000    71.0070473237
  1.40000000   2.70000000    73.4516199749
  1.50000000   2.70000000    75.4515416521
  1.60000000   2.70000000    76.8736092245
  1.70000000   2.70000000    77.6134456153
  1.80000000   2.70000000    77.6134456153
  1.90000000   2.70000000    76.8736092245
  2.00000000   2.70000000    75.4515416521
  2.10000000   2.70000000    73.4516199749
  2.20000000   2.70000000    71.0070473237
  2.30000000   2.70000000    68.2606446243
  2.40000000   2.70000000    65.3497078521
  2.50000000   2.70000000    62.3968911996
  2.60000000   2.70000000    59.5063845025
  2.70000000   2.70000000    56.7636470991
  2.80000000   2.70000000    54.2370543080
  2.90000000   2.70000000    51.9802947962
  3.00000000   2.70000000    50.0348352273
  3.10000000   2.70000000    48.4321132704
  3.20000000   2.70000000    47.1953285722
  3.30000000   2.70000000    46.3408102106
  3.40000000   2.70000000    45.8996380453
  3.50000000   2.70000000    45.8996380453

  0.00000000   2.80000000    44.5260488995
  0.10000000   2.80000000    44.5260488995
  0.20000000   2.80000000    44.9286949888
  0.30000000   2.80000000    45.7053408204
  0.40000000   2.80000000    46.8234931105
  0.50000000   2.80000000    48.2650757401
  0.60000000   2.80000000    50.0049161744
  0.70000000   2.80000000    52.0097580091
  0.80000000   2.80000000    54.2370496416
  0.90000000   2.80000000    56.6335968398
  1.00000000   2.80000000    59.1342622526
  1.10000000   2.80000000    61.6610453197
  1.20000000   2.80000000    64.1230804063
  1.30000000   2.80000000    66.4183094957
  1.40000000   2.80000000    68.4377028617
  1.50000000   2.80000000    70.0726989331
  1.60000000   2.80000000    71.2257520862
  1.70000000   2.80000000    71.8224763238
  1.80000000   2.80000000    71.8224763238
  1.90000000   2.80000000    71.2257520862
  2.00000000   2.80000000    70.0726989331
  2.10000000   2.80000000    68.4377028617
  2.20000000   2.80000000    66.4183094957
  2.30000000   2.80000000    64.1230804063
  2.40000000   2.80000000    61.6610453197
  2.50000000   2.80000000    59.1342622526
  2.60000000   2.80000000    56.6335968398
  2.70000000   2.80000000    54.2370496416
  2.80000000   2.80000000    52.0097580091
  2.90000000   2.80000000    50.0049161744
  3.00000000   2.80000000    48.2650757401
  3.10000000   2.80000000    46.8234931105
  3.20000000   2.80000000    45.7053408204
  3.30000000   2.80000000    44.9286949888
  3.40000000   2.80000000    44.5260488995
  3.50000000   2.80000000    44.5260488995

  0.00000000   2.90000000    43.2575170853
  0.10000000   2.90000000    43.2575170853
  0.20000000   2.90000000    43.6263914652
  0.30000000   2.90000000    44.3349136969
  0.40000000   2.90000000    45.3496746999
  0.50000000   2.90000000    46.6516144414
  0.60000000   2.90000000    48.2146252151
  0.70000000   2.90000000    50.0049141062
  0.80000000   2.90000000    51.9802885556
  0.90000000   2.90000000    54.0894770003
  1.00000000   2.90000000    56.2716644970
  1.10000000   2.90000000    58.4565162572
  1.20000000   2.90000000    60.5650652490
  1.30000000   2.90000000    62.5119137973
  1.40000000   2.90000000    64.2091687660
  1.50000000   2.90000000    65.5722931708
  1.60000000   2.90000000    66.5275389247
  1.70000000   2.90000000    67.0198975965
  1.80000000   2.90000000    67.0198975965
  1.90000000   2.90000000    66.5275389247
  2.00000000   2.90000000    65.5722931708
  2.10000000   2.90000000    64.2091687660
  2.20000000   2.90000000    62.5119137973
  2.30000000   2.90000000    60.5650652490
  2.40000000   2.90000000    58.4565162572
  2.50000000   2.90000000    56.2716644970
  2.60000000   2.90000000    54.0894770003
  2.70000000   2.90000000    51.9802885556
  2.80000000   2.90000000    50.0049141062
  2.90000000   2.90000000    48.2146252151
  3.00000000   2.90000000    46.6516144414
  3.10000000   2.90000000    45.3496746999
  3.20000000   2.90000000    44.3349136969
  3.30000000   2.90000000    43.6263914652
  3.40000000   2.90000000    43.2575170853
  3.50000000   2.90000000    43.2575170853

  0.00000000   3.00000000    42.1307591738
  0.10000000   3.00000000    42.1307591738
  0.20000000   3.00000000    42.4711814188
  0.30000000   3.00000000    43.1223597475
  0.40000000   3.00000000    44.0503086089
  0.50000000   3.00000000    45.2355110542
  0.60000000   3.00000000    46.6516138694
  0.70000000   3.00000000    48.2650733777
  0.80000000   3.00000000    50.0348294077
  0.90000000   3.00000000    51.9121175692
  1.00000000   3.00000000    53.8405708985
  1.10000000   3.00000000    55.7568121472
  1.20000000   3.00000000    57.5917794098
  1.30000000   3.00000000    59.2730313091
  1.40000000   3.00000000    60.7282025348
  1.50000000   3.00000000    61.8895851113
  1.60000000   3.00000000    62.6994868488
  1.70000000   3.00000000    63.1156367747
  1.80000000   3.00000000    63.1156367747
  1.90000000   3.00000000    62.6994868488
  2.00000000   3.00000000    61.8895851113
  2.10000000   3.00000000    60.7282025348
  2.20000000   3.00000000    59.2730313091
  2.30000000   3.00000000    57.5917794098
  2.40000000   3.00000000    55.7568121472
  2.50000000   3.00000000    53.8405708985
  2.60000000   3.00000000    51.9121175692
  2.70000000   3.00000000    50.0348294077
  2.80000000   3.00000000    48.2650733777
  2.90000000   3.00000000    46.6516138694
  3.00000000   3.00000000    45.2355110542
  3.10000000   3.00000000    44.0503086089
  3.20000000   3.00000000    43.1223597475
  3.30000000   3.00000000    42.4711814188
  3.40000000   3.00000000    42.1307591738
  3.50000000   3.00000000    42.1307591738

  0.00000000   3.10000000    41.1768243030
  0.10000000   3.10000000    41.1768243030
  0.20000000   3.10000000    41.4945368069
  0.30000000   3.10000000    42.0998210951
  0.40000000   3.10000000    42.9582934806
  0.50000000   3.10000000    44.0503088026
  0.60000000   3.10000000    45.3496744725
  0.70000000   3.10000000    46.8234914870
  0.80000000   3.10000000    48.4321089389
  0.90000000   3.10000000    50.1292788257
  1.00000000   3.10000000    51.8626235470
  1.10000000   3.10000000    53.5745538112
  1.20000000   3.10000000    55.2037832709
  1.30000000   3.10000000    56.6875605334
  1.40000000   3.10000000    57.9646599905
  1.50000000   3.10000000    58.9790279627
  1.60000000   3.10000000    59.6837811942
  1.70000000   3.10000000    60.0450515948
  1.80000000   3.10000000    60.0450515948
  1.90000000   3.10000000    59.6837811942
  2.00000000   3.10000000    58.9790279627
  2.10000000   3.10000000    57.9646599905
  2.20000000   3.10000000    56.6875605334
  2.30000000   3.10000000    55.2037832709
  2.40000000   3.10000000    53.5745538112
  2.50000000   3.10000000    51.8626235470
  2.60000000   3.10000000    50.1292788257
  2.70000000   3.10000000    48.4321089389
  2.80000000   3.10000000    46.8234914870
  2.90000000   3.10000000    45.3496744725
  3.00000000   3.10000000    44.0503088026
  3.10000000   3.10000000    42.9582934806
  3.20000000   3.10000000    42.0998210951
  3.30000000   3.10000000    41.4945368069
  3.40000000   3.10000000    41.1768243030
  3.50000000   3.10000000    41.1768243030

  0.00000000   3.20000000    40.4206066502
  0.10000000   3.20000000    40.4206066502
  0.20000000   3.20000000    40.7218091098
  0.30000000   3.20000000    41.2931198028
  0.40000000   3.20000000    42.0998215604
  0.50000000   3.20000000    43.1223604899
  0.60000000   3.20000000    44.3349142267
  0.70000000   3.20000000    45.7053403516
  0.80000000   3.20000000    47.1953260561
  0.90000000   3.20000000    48.7607739995
  1.00000000   3.20000000    50.3524979367
  1.10000000   3.20000000    51.9173185110
  1.20000000   3.20000000    53.3996429241
  1.30000000   3.20000000    54.7435766671
  1.40000000   3.20000000    55.8955449864
  1.50000000   3.20000000    56.8072965231
  1.60000000   3.20000000    57.4390363613
  1.70000000   3.20000000    57.7623244298
  1.80000000   3.20000000    57.7623244298
  1.90000000   3.20000000    57.4390363613
  2.00000000   3.20000000    56.8072965231
  2.10000000   3.20000000    55.8955449864
  2.20000000   3.20000000    54.7435766671
  2.30000000   3.20000000    53.3996429241
  2.40000000   3.20000000    51.9173185110
  2.50000000   3.20000000    50.3524979367
  2.60000000   3.20000000    48.7607739995
  2.70000000   3.20000000    47.1953260561
  2.80000000   3.20000000    45.7053403516
  2.90000000   3.20000000    44.3349142267
  3.00000000   3.20000000    43.1223604899
  3.10000000   3.20000000    42.0998215604
  3.20000000   3.20000000    41.2931198028
  3.30000000   3.20000000    40.7218091098
  3.40000000   3.20000000    40.4206066502
  3.50000000   3.20000000    40.4206066502

  0.00000000   3.30000000    39.8803381608
  0.10000000   3.30000000    39.8803381608
  0.20000000   3.30000000    40.1721670789
  0.30000000   3.30000000    40.7218094723
  0.40000000   3.30000000    41.4945377197
  0.50000000   3.30000000    42.4711827336
  0.60000000   3.30000000    43.6263927681
  0.70000000   3.30000000    44.9286956172
  0.80000000   3.30000000    46.3408092868
  0.90000000   3.30000000    47.8201855321
  1.00000000   3.30000000    49.3198425345
  1.10000000   3.30000000    50.7895529470
  1.20000000   3.30000000    52.1774369353
  1.30000000   3.30000000    53.4319707194
  1.40000000   3.30000000    54.5043592878
  1.50000000   3.30000000    55.3511420003
  1.60000000   3.30000000    55.9368153735
  1.70000000   3.30000000    56.2361916369
  1.80000000   3.30000000    56.2361916369
  1.90000000   3.30000000    55.9368153735
  2.00000000   3.30000000    55.3511420003
  2.10000000   3.30000000    54.5043592878
  2.20000000   3.30000000    53.4319707194
  2.30000000   3.30000000    52.1774369353
  2.40000000   3.30000000    50.7895529470
  2.50000000   3.30000000    49.3198425345
  2.60000000   3.30000000    47.8201855321
  2.70000000   3.30000000    46.3408092868
  2.80000000   3.30000000    44.9286956172
  2.90000000   3.30000000    43.6263927681
  3.00000000   3.30000000    42.4711827336
  3.10000000   3.30000000    41.4945377197
  3.20000000   3.30000000    40.7218094723
  3.30000000   3.30000000    40.1721670789
  3.40000000   3.30000000    39.8803381608
  3.50000000   3.30000000    39.8803381608

  0.00000000   3.40000000    39.5666164619
  0.10000000   3.40000000    39.5666164619
  0.20000000   3.40000000    39.8591134543
  0.30000000   3.40000000    40.3994332798
  0.40000000   3.40000000    41.1557226054
  0.50000000   3.40000000    42.1097480227
  0.60000000   3.40000000    43.2366131455
  0.70000000   3.40000000    44.5052659826
  0.80000000   3.40000000    45.8789865190
  0.90000000   3.40000000    47.3160314065
  1.00000000   3.40000000    48.7705363879
  1.10000000   3.40000000    50.1937447877
  1.20000000   3.40000000    51.5355999366
  1.30000000   3.40000000    52.7466969765
  1.40000000   3.40000000    53.7805319698
  1.50000000   3.40000000    54.5959181482
  1.60000000   3.40000000    55.1593725845
  1.70000000   3.40000000    55.4472296853
  1.80000000   3.40000000    55.4472296853
  1.90000000   3.40000000    55.1593725845
  2.00000000   3.40000000    54.5959181482
  2.10000000   3.40000000    53.7805319698
  2.20000000   3.40000000    52.7466969765
  2.30000000   3.40000000    51.5355999366
  2.40000000   3.40000000    50.1937447877
  2.50000000   3.40000000    48.7705363879
  2.60000000   3.40000000    47.3160314065
  2.70000000   3.40000000    45.8789865190
  2.80000000   3.40000000    44.5052659826
  2.90000000   3.40000000    43.2366131455
  3.00000000   3.40000000    42.1097480227
  3.10000000   3.40000000    41.1557226054
  3.20000000   3.40000000    40.3994332798
  3.30000000   3.40000000    39.8591134543
  3.40000000   3.40000000    39.5666164619
  3.50000000   3.40000000    39.5666164619

  0.00000000   3.50000000    39.5666164619
  0.10000000   3.50000000    39.5666164619
  0.20000000   3.50000000    39.8591134543
  0.30000000   3.50000000    40.3994332798
  0.40000000   3.50000000    41.1557226054
  0.50000000   3.50000000    42.1097480227
  0.60000000   3.50000000    43.2366131455
  0.70000000   3.50000000    44.5052659826
  0.80000000   3.50000000    45.8789865190
  0.90000000   3.50000000    47.3160314065
  1.00000000   3.50000000    48.7705363879
  1.10000000   3.50000000    50.1937447877
  1.20000000   3.50000000    51.5355999366
  1.30000000   3.50000000    52.7466969765
  1.40000000   3.50000000    53.7805319698
  1.50000000   3.50000000    54.5959181482
  1.60000000   3.50000000    55.1593725845
  1.70000000   3.50000000    55.4472296853
  1.80000000   3.50000000    55.4472296853
  1.90000000   3.50000000    55.1593725845
  2.00000000   3.50000000    54.5959181482
  2.10000000   3.50000000    53.7805319698
  2.20000000   3.50000000    52.7466969765
  2.30000000   3.50000000    51.5355999366
  2.40000000   3.50000000    50.1937447877
  2.50000000   3.50000000    48.7705363879
  2.60000000   3.50000000    47.3160314065
  2.70000000   3.50000000    45.8789865190
  2.80000000   3.50000000    44.5052659826
  2.90000000   3.50000000    43.2366131455
  3.00000000   3.50000000    42.1097480227
  3.10000000   3.50000000    41.1557226054
  3.20000000   3.50000000    40.3994332798
  3.30000000   3.50000000    39.8591134543
  3.40000000   3.50000000    39.5666164619
  3.50000000   3.50000000    39.5666164619

