  0.00000000   0.00000000     0.0000000000
  0.10000000   0.00000000     0.0000000000
  0.20000000   0.00000000     0.0000000000
  0.30000000   0.00000000     0.0000000000
  0.40000000   0.00000000     0.0000000000
  0.50000000   0.00000000     0.0000000000
  0.60000000   0.00000000     0.0000000000
  0.70000000   0.00000000     0.0000000000
  0.80000000   0.00000000     0.0000000000
  0.90000000   0.00000000     0.0000000000
  1.00000000   0.00000000     0.0000000000
  1.10000000   0.00000000     0.0000000000
  1.20000000   0.00000000     0.0000000000
  1.30000000   0.00000000     0.0000000000
  1.40000000   0.00000000     0.0000000000
  1.50000000   0.00000000     0.0000000000
  1.60000000   0.00000000     0.0000000000
  1.70000000   0.00000000     0.0000000000
  1.80000000   0.00000000     0.0000000000
  1.90000000   0.00000000     0.0000000000
  2.00000000   0.00000000     0.0000000000
  2.10000000   0.00000000     0.0000000000
  2.20000000   0.00000000     0.0000000000
  2.30000000   0.00000000     0.0000000000
  2.40000000   0.00000000     0.0000000000
  2.50000000   0.00000000     0.0000000000
  2.60000000   0.00000000     0.0000000000
  2.70000000   0.00000000     0.0000000000
  2.80000000   0.00000000     0.0000000000
  2.90000000   0.00000000     0.0000000000
  3.00000000   0.00000000     0.0000000000
  3.10000000   0.00000000     0.0000000000
  3.20000000   0.00000000     0.0000000000
  3.30000000   0.00000000     0.0000000000
  3.40000000   0.00000000     0.0000000000
  3.50000000   0.00000000     0.0000000000

  0.00000000   0.10000000     0.0000000000
  0.10000000   0.10000000     0.4308888903
  0.20000000   0.10000000     0.8623318465
  0.30000000   0.10000000     1.2946898353
  0.40000000   0.10000000     1.7279382116
  0.50000000   0.10000000     2.1614767389
  0.60000000   0.10000000     2.5939467970
  0.70000000   0.10000000     3.0230644345
  0.80000000   0.10000000     3.4454829717
  0.90000000   0.10000000     3.8567043714
  1.00000000   0.10000000     4.2510634536
  1.10000000   0.10000000     4.6218114822
  1.20000000   0.10000000     4.9613233660
  1.30000000   0.10000000     5.2614432749
  1.40000000   0.10000000     5.5139653663
  1.50000000   0.10000000     5.7112203416
  1.60000000   0.10000000     5.8467091852
  1.70000000   0.10000000     5.9157008693
  1.80000000   0.10000000     5.9157008693
  1.90000000   0.10000000     5.8467091852
  2.00000000   0.10000000     5.7112203416
  2.10000000   0.10000000     5.5139653663
  2.20000000   0.10000000     5.2614432749
  2.30000000   0.10000000     4.9613233660
  2.40000000   0.10000000     4.6218114822
  2.50000000   0.10000000     4.2510634536
  2.60000000   0.10000000     3.8567043714
  2.70000000   0.10000000     3.4454829717
  2.80000000   0.10000000     3.0230644345
  2.90000000   0.10000000     2.5939467970
  3.00000000   0.10000000     2.1614767389
  3.10000000   0.10000000     1.7279382116
  3.20000000   0.10000000     1.2946898353
  3.30000000   0.10000000     0.8623318465
  3.40000000   0.10000000     0.4308888903
  3.50000000   0.10000000     0.0000000000

  0.00000000   0.20000000     0.0000000000
  0.10000000   0.20000000     0.8623318769
  0.20000000   0.20000000     1.7259486536
  0.30000000   0.20000000     2.5917489947
  0.40000000   0.20000000     3.4598588956
  0.50000000   0.20000000     4.3292475652
  0.60000000   0.20000000     5.1973536285
  0.70000000   0.20000000     6.0597378929
  0.80000000   0.20000000     6.9097896027
  0.90000000   0.20000000     7.7385252409
  1.00000000   0.20000000     8.5345304171
  1.10000000   0.20000000     9.2841026069
  1.20000000   0.20000000     9.9716503700
  1.30000000   0.20000000    10.5803873257
  1.40000000   0.20000000    11.0933221520
  1.50000000   0.20000000    11.4944895127
  1.60000000   0.20000000    11.7702998919
  1.70000000   0.20000000    11.9108273718
  1.80000000   0.20000000    11.9108273718
  1.90000000   0.20000000    11.7702998919
  2.00000000   0.20000000    11.4944895127
  2.10000000   0.20000000    11.0933221520
  2.20000000   0.20000000    10.5803873257
  2.30000000   0.20000000     9.9716503700
  2.40000000   0.20000000     9.2841026069
  2.50000000   0.20000000     8.5345304171
  2.60000000   0.20000000     7.7385252409
  2.70000000   0.20000000     6.9097896027
  2.80000000   0.20000000     6.0597378929
  2.90000000   0.20000000     5.1973536285
  3.00000000   0.20000000     4.3292475652
  3.10000000   0.20000000     3.4598588956
  3.20000000   0.20000000     2.5917489947
  3.30000000   0.20000000     1.7259486536
  3.40000000   0.20000000     0.8623318769
  3.50000000   0.20000000     0.0000000000

  0.00000000   0.30000000     0.0000000000
  0.10000000   0.30000000     1.2946899561
  0.20000000   0.30000000     2.5917491453
  0.30000000   0.30000000     3.8929687334
  0.40000000   0.30000000     5.1989800159
  0.50000000   0.30000000     6.5086691655
  0.60000000   0.30000000     7.8185970820
  0.70000000   0.30000000     9.1224456939
  0.80000000   0.30000000    10.4105293559
  0.90000000   0.30000000    11.6694308411
  1.00000000   0.30000000    12.8818431265
  1.10000000   0.30000000    14.0267152972
  1.20000000   0.30000000    15.0798047493
  1.30000000   0.30000000    16.0147171142
  1.40000000   0.30000000    16.8044591382
  1.50000000   0.30000000    17.4234342714
  1.60000000   0.30000000    17.8496877594
  1.70000000   0.30000000    18.0670908276
  1.80000000   0.30000000    18.0670908276
  1.90000000   0.30000000    17.8496877594
  2.00000000   0.30000000    17.4234342714
  2.10000000   0.30000000    16.8044591382
  2.20000000   0.30000000    16.0147171142
  2.30000000   0.30000000    15.0798047493
  2.40000000   0.30000000    14.0267152972
  2.50000000   0.30000000    12.8818431265
  2.60000000   0.30000000    11.6694308411
  2.70000000   0.30000000    10.4105293559
  2.80000000   0.30000000     9.1224456939
  2.90000000   0.30000000     7.8185970820
  3.00000000   0.30000000     6.5086691655
  3.10000000   0.30000000     5.1989800159
  3.20000000   0.30000000     3.8929687334
  3.30000000   0.30000000     2.5917491453
  3.40000000   0.30000000     1.2946899561
  3.50000000   0.30000000     0.0000000000

  0.00000000   0.40000000     0.0000000000
  0.10000000   0.40000000     1.7279385106
  0.20000000   0.40000000     3.4598593730
  0.30000000   0.40000000     5.1989804320
  0.40000000   0.40000000     6.9469791794
  0.50000000   0.40000000     8.7031993290
  0.60000000   0.40000000    10.4638443329
  0.70000000   0.40000000    12.2211797280
  0.80000000   0.40000000    13.9627910470
  0.90000000   0.40000000    15.6709763072
  1.00000000   0.40000000    17.3223894156
  1.10000000   0.40000000    18.8880865668
  1.20000000   0.40000000    20.3341489077
  1.30000000   0.40000000    21.6230414460
  1.40000000   0.40000000    22.7157967452
  1.50000000   0.40000000    23.5749656357
  1.60000000   0.40000000    24.1680650744
  1.70000000   0.40000000    24.4710291559
  1.80000000   0.40000000    24.4710291559
  1.90000000   0.40000000    24.1680650744
  2.00000000   0.40000000    23.5749656357
  2.10000000   0.40000000    22.7157967452
  2.20000000   0.40000000    21.6230414460
  2.30000000   0.40000000    20.3341489077
  2.40000000   0.40000000    18.8880865668
  2.50000000   0.40000000    17.3223894156
  2.60000000   0.40000000    15.6709763072
  2.70000000   0.40000000    13.9627910470
  2.80000000   0.40000000    12.2211797280
  2.90000000   0.40000000    10.4638443329
  3.00000000   0.40000000     8.7031993290
  3.10000000   0.40000000     6.9469791794
  3.20000000   0.40000000     5.1989804320
  3.30000000   0.40000000     3.4598593730
  3.40000000   0.40000000     1.7279385106
  3.50000000   0.40000000     0.0000000000

  0.00000000   0.50000000     0.0000000000
  0.10000000   0.50000000     2.1614773291
  0.20000000   0.50000000     4.3292485967
  0.30000000   0.50000000     6.5086703414
  0.40000000   0.50000000     8.7032002074
  0.50000000   0.50000000    10.9133928648
  0.60000000   0.50000000    13.1358471636
  0.70000000   0.50000000    15.3621193891
  0.80000000   0.50000000    17.5776499236
  0.90000000   0.50000000    19.7607966725
  1.00000000   0.50000000    21.8821282027
  1.10000000   0.50000000    23.9041968229
  1.20000000   0.50000000    25.7820703378
  1.30000000   0.50000000    27.4649190861
  1.40000000   0.50000000    28.8988849947
  1.50000000   0.50000000    30.0312533457
  1.60000000   0.50000000    30.8155931041
  1.70000000   0.50000000    31.2171048064
  1.80000000   0.50000000    31.2171048064
  1.90000000   0.50000000    30.8155931041
  2.00000000   0.50000000    30.0312533457
  2.10000000   0.50000000    28.8988849947
  2.20000000   0.50000000    27.4649190861
  2.30000000   0.50000000    25.7820703378
  2.40000000   0.50000000    23.9041968229
  2.50000000   0.50000000    21.8821282027
  2.60000000   0.50000000    19.7607966725
  2.70000000   0.50000000    17.5776499236
  2.80000000   0.50000000    15.3621193891
  2.90000000   0.50000000    13.1358471636
  3.00000000   0.50000000    10.9133928648
  3.10000000   0.50000000     8.7032002074
  3.20000000   0.50000000     6.5086703414
  3.30000000   0.50000000     4.3292485967
  3.40000000   0.50000000     2.1614773291
  3.50000000   0.50000000     0.0000000000

  0.00000000   0.60000000     0.0000000000
  0.10000000   0.60000000     2.5939478120
  0.20000000   0.60000000     5.1973554839
  0.30000000   0.60000000     7.8185994287
  0.40000000   0.60000000    10.4638466475
  0.50000000   0.60000000    13.1358487510
  0.60000000   0.60000000    15.8326302544
  0.70000000   0.60000000    18.5460675331
  0.80000000   0.60000000    21.2603925751
  0.90000000   0.60000000    23.9507155617
  1.00000000   0.60000000    26.5817479709
  1.10000000   0.60000000    29.1070231591
  1.20000000   0.60000000    31.4690390285
  1.30000000   0.60000000    33.6008435988
  1.40000000   0.60000000    35.4295645164
  1.50000000   0.60000000    36.8821306219
  1.60000000   0.60000000    37.8928596504
  1.70000000   0.60000000    38.4117682162
  1.80000000   0.60000000    38.4117682162
  1.90000000   0.60000000    37.8928596504
  2.00000000   0.60000000    36.8821306219
  2.10000000   0.60000000    35.4295645164
  2.20000000   0.60000000    33.6008435988
  2.30000000   0.60000000    31.4690390285
  2.40000000   0.60000000    29.1070231591
  2.50000000   0.60000000    26.5817479709
  2.60000000   0.60000000    23.9507155617
  2.70000000   0.60000000    21.2603925751
  2.80000000   0.60000000    18.5460675331
  2.90000000   0.60000000    15.8326302544
  3.00000000   0.60000000    13.1358487510
  3.10000000   0.60000000    10.4638466475
  3.20000000   0.60000000     7.8185994287
  3.30000000   0.60000000     5.1973554839
  3.40000000   0.60000000     2.5939478120
  3.50000000   0.60000000     0.0000000000

  0.00000000   0.70000000     0.0000000000
  0.10000000   0.70000000     3.0230660220
  0.20000000   0.70000000     6.0597408725
  0.30000000   0.70000000     9.1224496728
  0.40000000   0.70000000    12.2211841126
  0.50000000   0.70000000    15.3621233820
  0.60000000   0.70000000    18.5460701313
  0.70000000   0.70000000    21.7666636269
  0.80000000   0.70000000    25.0083688025
  0.90000000   0.70000000    28.2443079879
  1.00000000   0.70000000    31.4341179413
  1.10000000   0.70000000    34.5221931889
  1.20000000   0.70000000    37.4369172676
  1.30000000   0.70000000    40.0917425335
  1.40000000   0.70000000    42.3891267590
  1.50000000   0.70000000    44.2281232395
  1.60000000   0.70000000    45.5155511544
  1.70000000   0.70000000    46.1790947744
  1.80000000   0.70000000    46.1790947744
  1.90000000   0.70000000    45.5155511544
  2.00000000   0.70000000    44.2281232395
  2.10000000   0.70000000    42.3891267590
  2.20000000   0.70000000    40.0917425335
  2.30000000   0.70000000    37.4369172676
  2.40000000   0.70000000    34.5221931889
  2.50000000   0.70000000    31.4341179413
  2.60000000   0.70000000    28.2443079879
  2.70000000   0.70000000    25.0083688025
  2.80000000   0.70000000    21.7666636269
  2.90000000   0.70000000    18.5460701313
  3.00000000   0.70000000    15.3621233820
  3.10000000   0.70000000    12.2211841126
  3.20000000   0.70000000     9.1224496728
  3.30000000   0.70000000     6.0597408725
  3.40000000   0.70000000     3.0230660220
  3.50000000   0.70000000     0.0000000000

  0.00000000   0.80000000     0.0000000000
  0.10000000   0.80000000     3.4454852855
  0.20000000   0.80000000     6.9097940207
  0.30000000   0.80000000    10.4105354550
  0.40000000   0.80000000    13.9627981825
  0.50000000   0.80000000    17.5776572181
  0.60000000   0.80000000    21.2603989053
  0.70000000   0.80000000    25.0083727883
  0.80000000   0.80000000    28.8084020565
  0.90000000   0.80000000    32.6337441730
  1.00000000   0.80000000    36.4407224585
  1.10000000   0.80000000    40.1653911198
  1.20000000   0.80000000    43.7209933174
  1.30000000   0.80000000    46.9975236699
  1.40000000   0.80000000    49.8652690459
  1.50000000   0.80000000    52.1843311436
  1.60000000   0.80000000    53.8210189435
  1.70000000   0.80000000    54.6689609856
  1.80000000   0.80000000    54.6689609856
  1.90000000   0.80000000    53.8210189435
  2.00000000   0.80000000    52.1843311436
  2.10000000   0.80000000    49.8652690459
  2.20000000   0.80000000    46.9975236699
  2.30000000   0.80000000    43.7209933174
  2.40000000   0.80000000    40.1653911198
  2.50000000   0.80000000    36.4407224585
  2.60000000   0.80000000    32.6337441730
  2.70000000   0.80000000    28.8084020565
  2.80000000   0.80000000    25.0083727883
  2.90000000   0.80000000    21.2603989053
  3.00000000   0.80000000    17.5776572181
  3.10000000   0.80000000    13.9627981825
  3.20000000   0.80000000    10.4105354550
  3.30000000   0.80000000     6.9097940207
  3.40000000   0.80000000     3.4454852855
  3.50000000   0.80000000     0.0000000000

  0.00000000   0.90000000     0.0000000000
  0.10000000   0.90000000     3.8567075596
  0.20000000   0.90000000     7.7385314031
  0.30000000   0.90000000    11.6694395428
  0.40000000   0.90000000    15.6709868803
  0.50000000   0.90000000    19.7608081957
  0.60000000   0.90000000    23.9507268333
  0.70000000   0.90000000    28.2443174924
  0.80000000   0.90000000    32.6337500458
  0.90000000   0.90000000    37.0957615262
  1.00000000   0.90000000    41.5867024328
  1.10000000   0.90000000    46.0368655161
  1.20000000   0.90000000    50.3448592852
  1.30000000   0.90000000    54.3737766926
  1.40000000   0.90000000    57.9523300102
  1.50000000   0.90000000    60.8854061067
  1.60000000   0.90000000    62.9778142895
  1.70000000   0.90000000    64.0693687220
  1.80000000   0.90000000    64.0693687220
  1.90000000   0.90000000    62.9778142895
  2.00000000   0.90000000    60.8854061067
  2.10000000   0.90000000    57.9523300102
  2.20000000   0.90000000    54.3737766926
  2.30000000   0.90000000    50.3448592852
  2.40000000   0.90000000    46.0368655161
  2.50000000   0.90000000    41.5867024328
  2.60000000   0.90000000    37.0957615262
  2.70000000   0.90000000    32.6337500458
  2.80000000   0.90000000    28.2443174924
  2.90000000   0.90000000    23.9507268333
  3.00000000   0.90000000    19.7608081957
  3.10000000   0.90000000    15.6709868803
  3.20000000   0.90000000    11.6694395428
  3.30000000   0.90000000     7.7385314031
  3.40000000   0.90000000     3.8567075596
  3.50000000   0.90000000     0.0000000000

  0.00000000   1.00000000     0.0000000000
  0.10000000   1.00000000     4.2510676455
  0.20000000   1.00000000     8.5345385938
  0.30000000   1.00000000    12.8818548660
  0.40000000   1.00000000    17.3224040636
  0.50000000   1.00000000    21.8821448453
  0.60000000   1.00000000    26.5817653931
  0.70000000   1.00000000    31.4341345692
  0.80000000   1.00000000    36.4407362836
  0.90000000   1.00000000    41.5867109204
  1.00000000   1.00000000    46.8341122109
  1.10000000   1.00000000    52.1131409634
  1.20000000   1.00000000    57.3116856662
  1.30000000   1.00000000    62.2649256940
  1.40000000   1.00000000    66.7496003329
  1.50000000   1.00000000    70.4918108609
  1.60000000   1.00000000    73.1999583446
  1.70000000   1.00000000    74.6257029174
  1.80000000   1.00000000    74.6257029174
  1.90000000   1.00000000    73.1999583446
  2.00000000   1.00000000    70.4918108609
  2.10000000   1.00000000    66.7496003329
  2.20000000   1.00000000    62.2649256940
  2.30000000   1.00000000    57.3116856662
  2.40000000   1.00000000    52.1131409634
  2.50000000   1.00000000    46.8341122109
  2.60000000   1.00000000    41.5867109204
  2.70000000   1.00000000    36.4407362836
  2.80000000   1.00000000    31.4341345692
  2.90000000   1.00000000    26.5817653931
  3.00000000   1.00000000    21.8821448453
  3.10000000   1.00000000    17.3224040636
  3.20000000   1.00000000    12.8818548660
  3.30000000   1.00000000     8.5345385938
  3.40000000   1.00000000     4.2510676455
  3.50000000   1.00000000     0.0000000000

  0.00000000   1.10000000     0.0000000000
  0.10000000   1.10000000     4.6218167730
  0.20000000   1.10000000     9.2841130014
  0.30000000   1.10000000    14.0267304134
  0.40000000   1.10000000    18.8881058085
  0.50000000   1.10000000    23.9042193483
  0.60000000   1.10000000    29.1070478298
  0.70000000   1.10000000    34.5222184914
  0.80000000   1.10000000    40.1654150483
  0.90000000   1.10000000    46.0368854043
  1.00000000   1.10000000    52.1131532584
  1.10000000   1.10000000    58.3348326144
  1.20000000   1.10000000    64.5895853254
  1.30000000   1.10000000    70.6905593282
  1.40000000   1.10000000    76.3549228295
  1.50000000   1.10000000    81.1972968800
  1.60000000   1.10000000    84.7689647891
  1.70000000   1.10000000    86.6719022134
  1.80000000   1.10000000    86.6719022134
  1.90000000   1.10000000    84.7689647891
  2.00000000   1.10000000    81.1972968800
  2.10000000   1.10000000    76.3549228295
  2.20000000   1.10000000    70.6905593282
  2.30000000   1.10000000    64.5895853254
  2.40000000   1.10000000    58.3348326144
  2.50000000   1.10000000    52.1131532584
  2.60000000   1.10000000    46.0368854043
  2.70000000   1.10000000    40.1654150483
  2.80000000   1.10000000    34.5222184914
  2.90000000   1.10000000    29.1070478298
  3.00000000   1.10000000    23.9042193483
  3.10000000   1.10000000    18.8881058085
  3.20000000   1.10000000    14.0267304134
  3.30000000   1.10000000     9.2841130014
  3.40000000   1.10000000     4.6218167730
  3.50000000   1.10000000     0.0000000000

  0.00000000   1.20000000     0.0000000000
  0.10000000   1.20000000     4.9613298005
  0.20000000   1.20000000     9.9716630853
  0.30000000   1.20000000    15.0798234306
  0.40000000   1.20000000    20.3341730634
  0.50000000   1.20000000    25.7820992704
  0.60000000   1.20000000    31.4690717840
  0.70000000   1.20000000    37.4369525504
  0.80000000   1.20000000    43.7210293483
  0.90000000   1.20000000    50.3448935675
  1.00000000   1.20000000    57.3117146093
  1.10000000   1.20000000    64.5896036657
  1.20000000   1.20000000    72.0876610185
  1.30000000   1.20000000    79.6186456256
  1.40000000   1.20000000    86.8469807413
  1.50000000   1.20000000    93.2369324184
  1.60000000   1.20000000    98.0690021363
  1.70000000   1.20000000   100.6826751157
  1.80000000   1.20000000   100.6826751157
  1.90000000   1.20000000    98.0690021363
  2.00000000   1.20000000    93.2369324184
  2.10000000   1.20000000    86.8469807413
  2.20000000   1.20000000    79.6186456256
  2.30000000   1.20000000    72.0876610185
  2.40000000   1.20000000    64.5896036657
  2.50000000   1.20000000    57.3117146093
  2.60000000   1.20000000    50.3448935675
  2.70000000   1.20000000    43.7210293483
  2.80000000   1.20000000    37.4369525504
  2.90000000   1.20000000    31.4690717840
  3.00000000   1.20000000    25.7820992704
  3.10000000   1.20000000    20.3341730634
  3.20000000   1.20000000    15.0798234306
  3.30000000   1.20000000     9.9716630853
  3.40000000   1.20000000     4.9613298005
  3.50000000   1.20000000     0.0000000000

  0.00000000   1.30000000     0.0000000000
  0.10000000   1.30000000     5.2614508341
  0.20000000   1.30000000    10.5804023337
  0.30000000   1.30000000    16.0147393465
  0.40000000   1.30000000    21.6230705561
  0.50000000   1.30000000    27.4649545876
  0.60000000   1.30000000    33.6008848312
  0.70000000   1.30000000    40.0917885948
  0.80000000   1.30000000    46.9975732893
  0.90000000   1.30000000    54.3738279893
  1.00000000   1.30000000    62.2649757222
  1.10000000   1.30000000    70.6906032173
  1.20000000   1.30000000    79.6186749725
  1.30000000   1.30000000    88.9137435210
  1.40000000   1.30000000    98.2396204856
  1.50000000   1.30000000   106.8942851306
  1.60000000   1.30000000   113.6452586118
  1.70000000   1.30000000   117.3637877967
  1.80000000   1.30000000   117.3637877967
  1.90000000   1.30000000   113.6452586118
  2.00000000   1.30000000   106.8942851306
  2.10000000   1.30000000    98.2396204856
  2.20000000   1.30000000    88.9137435210
  2.30000000   1.30000000    79.6186749725
  2.40000000   1.30000000    70.6906032173
  2.50000000   1.30000000    62.2649757222
  2.60000000   1.30000000    54.3738279893
  2.70000000   1.30000000    46.9975732893
  2.80000000   1.30000000    40.0917885948
  2.90000000   1.30000000    33.6008848312
  3.00000000   1.30000000    27.4649545876
  3.10000000   1.30000000    21.6230705561
  3.20000000   1.30000000    16.0147393465
  3.30000000   1.30000000    10.5804023337
  3.40000000   1.30000000     5.2614508341
  3.50000000   1.30000000     0.0000000000

  0.00000000   1.40000000     0.0000000000
  0.10000000   1.40000000     5.5139739569
  0.20000000   1.40000000    11.0933392712
  0.30000000   1.40000000    16.8044846645
  0.40000000   1.40000000    22.7158305011
  0.50000000   1.40000000    28.8989267502
  0.60000000   1.40000000    35.4296139859
  0.70000000   1.40000000    42.3891835834
  0.80000000   1.40000000    49.8653327367
  0.90000000   1.40000000    57.9523998088
  1.00000000   1.40000000    66.7496748798
  1.10000000   1.40000000    76.3549993959
  1.20000000   1.40000000    86.8470533745
  1.30000000   1.40000000    98.2396751477
  1.40000000   1.40000000   110.3614862810
  1.50000000   1.40000000   122.5094385022
  1.60000000   1.40000000   132.3047382366
  1.70000000   1.40000000   137.8122970669
  1.80000000   1.40000000   137.8122970669
  1.90000000   1.40000000   132.3047382366
  2.00000000   1.40000000   122.5094385022
  2.10000000   1.40000000   110.3614862810
  2.20000000   1.40000000    98.2396751477
  2.30000000   1.40000000    86.8470533745
  2.40000000   1.40000000    76.3549993959
  2.50000000   1.40000000    66.7496748798
  2.60000000   1.40000000    57.9523998088
  2.70000000   1.40000000    49.8653327367
  2.80000000   1.40000000    42.3891835834
  2.90000000   1.40000000    35.4296139859
  3.00000000   1.40000000    28.8989267502
  3.10000000   1.40000000    22.7158305011
  3.20000000   1.40000000    16.8044846645
  3.30000000   1.40000000    11.0933392712
  3.40000000   1.40000000     5.5139739569
  3.50000000   1.40000000     0.0000000000

  0.00000000   1.50000000     0.0000000000
  0.10000000   1.50000000     5.7112297930
  0.20000000   1.50000000    11.4945084006
  0.30000000   1.50000000    17.4234625741
  0.40000000   1.50000000    23.5750033438
  0.50000000   1.50000000    30.0313004897
  0.60000000   1.50000000    36.8821873133
  0.70000000   1.50000000    44.2281897235
  0.80000000   1.50000000    52.1844078638
  0.90000000   1.50000000    60.8854937746
  1.00000000   1.50000000    70.4919105075
  1.10000000   1.50000000    81.1974098442
  1.20000000   1.50000000    93.2370602137
  1.30000000   1.50000000   106.8944293853
  1.40000000   1.50000000   122.5096031989
  1.50000000   1.50000000   140.5234565098
  1.60000000   1.50000000   155.2927741811
  1.70000000   1.50000000   163.8060770726
  1.80000000   1.50000000   163.8060770726
  1.90000000   1.50000000   155.2927741811
  2.00000000   1.50000000   140.5234565098
  2.10000000   1.50000000   122.5096031989
  2.20000000   1.50000000   106.8944293853
  2.30000000   1.50000000    93.2370602137
  2.40000000   1.50000000    81.1974098442
  2.50000000   1.50000000    70.4919105075
  2.60000000   1.50000000    60.8854937746
  2.70000000   1.50000000    52.1844078638
  2.80000000   1.50000000    44.2281897235
  2.90000000   1.50000000    36.8821873133
  3.00000000   1.50000000    30.0313004897
  3.10000000   1.50000000    23.5750033438
  3.20000000   1.50000000    17.4234625741
  3.30000000   1.50000000    11.4945084006
  3.40000000   1.50000000     5.7112297930
  3.50000000   1.50000000     0.0000000000

  0.00000000   1.60000000     0.0000000000
  0.10000000   1.60000000     5.8467192567
  0.20000000   1.60000000    11.7703200568
  0.30000000   1.60000000    17.8497180763
  0.40000000   1.60000000    24.1681056693
  0.50000000   1.60000000    30.8156442229
  0.60000000   1.60000000    37.8929217399
  0.70000000   1.60000000    45.5156249868
  0.80000000   1.60000000    53.8211058077
  0.90000000   1.60000000    62.9779162892
  1.00000000   1.60000000    73.2000788793
  1.10000000   1.60000000    84.7691093571
  1.20000000   1.60000000    98.0691797381
  1.30000000   1.60000000   113.6454842992
  1.40000000   1.60000000   132.3050376090
  1.50000000   1.60000000   158.5554735185
  1.60000000   1.60000000   200.0000000000
  1.70000000   1.60000000   200.0000000000
  1.80000000   1.60000000   200.0000000000
  1.90000000   1.60000000   200.0000000000
  2.00000000   1.60000000   158.5554735185
  2.10000000   1.60000000   132.3050376090
  2.20000000   1.60000000   113.6454842992
  2.30000000   1.60000000    98.0691797381
  2.40000000   1.60000000    84.7691093571
  2.50000000   1.60000000    73.2000788793
  2.60000000   1.60000000    62.9779162892
  2.70000000   1.60000000    53.8211058077
  2.80000000   1.60000000    45.5156249868
  2.90000000   1.60000000    37.8929217399
  3.00000000   1.60000000    30.8156442229
  3.10000000   1.60000000    24.1681056693
  3.20000000   1.60000000    17.8497180763
  3.30000000   1.60000000    11.7703200568
  3.40000000   1.60000000     5.8467192567
  3.50000000   1.60000000     0.0000000000

  0.00000000   1.70000000     0.0000000000
  0.10000000   1.70000000     5.9157112655
  0.20000000   1.70000000    11.9108482067
  0.30000000   1.70000000    18.0671222043
  0.40000000   1.70000000    24.4710712766
  0.50000000   1.70000000    31.2171580388
  0.60000000   1.70000000    38.4118331999
  0.70000000   1.70000000    46.1791725897
  0.80000000   1.70000000    54.6690534246
  0.90000000   1.70000000    64.0694787343
  1.00000000   1.70000000    74.6258353649
  1.10000000   1.70000000    86.6720651871
  1.20000000   1.70000000   100.6828822898
  1.30000000   1.70000000   117.3640627025
  1.40000000   1.70000000   137.8126808873
  1.50000000   1.70000000   165.0081491860
  1.60000000   1.70000000   200.0000000000
  1.70000000   1.70000000   200.0000000000
  1.80000000   1.70000000   200.0000000000
  1.90000000   1.70000000   200.0000000000
  2.00000000   1.70000000   165.0081491860
  2.10000000   1.70000000   137.8126808873
  2.20000000   1.70000000   117.3640627025
  2.30000000   1.70000000   100.6828822898
  2.40000000   1.70000000    86.6720651871
  2.50000000   1.70000000    74.6258353649
  2.60000000   1.70000000    64.0694787343
  2.70000000   1.70000000    54.6690534246
  2.80000000   1.70000000    46.1791725897
  2.90000000   1.70000000    38.4118331999
  3.00000000   1.70000000    31.2171580388
  3.10000000   1.70000000    24.4710712766
  3.20000000   1.70000000    18.0671222043
  3.30000000   1.70000000    11.9108482067
  3.40000000   1.70000000     5.9157112655
  3.50000000   1.70000000     0.0000000000

  0.00000000   1.80000000     0.0000000000
  0.10000000   1.80000000     5.9157112655
  0.20000000   1.80000000    11.9108482067
  0.30000000   1.80000000    18.0671222043
  0.40000000   1.80000000    24.4710712766
  0.50000000   1.80000000    31.2171580388
  0.60000000   1.80000000    38.4118331999
  0.70000000   1.80000000    46.1791725897
  0.80000000   1.80000000    54.6690534246
  0.90000000   1.80000000    64.0694787343
  1.00000000   1.80000000    74.6258353649
  1.10000000   1.80000000    86.6720651871
  1.20000000   1.80000000   100.6828822898
  1.30000000   1.80000000   117.3640627025
  1.40000000   1.80000000   137.8126808873
  1.50000000   1.80000000   165.0081491860
  1.60000000   1.80000000   200.0000000000
  1.70000000   1.80000000   200.0000000000
  1.80000000   1.80000000   200.0000000000
  1.90000000   1.80000000   200.0000000000
  2.00000000   1.80000000   165.0081491860
  2.10000000   1.80000000   137.8126808873
  2.20000000   1.80000000   117.3640627025
  2.30000000   1.80000000   100.6828822898
  2.40000000   1.80000000    86.6720651871
  2.50000000   1.80000000    74.6258353649
  2.60000000   1.80000000    64.0694787343
  2.70000000   1.80000000    54.6690534246
  2.80000000   1.80000000    46.1791725897
  2.90000000   1.80000000    38.4118331999
  3.00000000   1.80000000    31.2171580388
  3.10000000   1.80000000    24.4710712766
  3.20000000   1.80000000    18.0671222043
  3.30000000   1.80000000    11.9108482067
  3.40000000   1.80000000     5.9157112655
  3.50000000   1.80000000     0.0000000000

  0.00000000   1.90000000     0.0000000000
  0.10000000   1.90000000     5.8467192567
  0.20000000   1.90000000    11.7703200568
  0.30000000   1.90000000    17.8497180763
  0.40000000   1.90000000    24.1681056693
  0.50000000   1.90000000    30.8156442229
  0.60000000   1.90000000    37.8929217399
  0.70000000   1.90000000    45.5156249868
  0.80000000   1.90000000    53.8211058077
  0.90000000   1.90000000    62.9779162892
  1.00000000   1.90000000    73.2000788793
  1.10000000   1.90000000    84.7691093571
  1.20000000   1.90000000    98.0691797381
  1.30000000   1.90000000   113.6454842992
  1.40000000   1.90000000   132.3050376090
  1.50000000   1.90000000   158.5554735185
  1.60000000   1.90000000   200.0000000000
  1.70000000   1.90000000   200.0000000000
  1.80000000   1.90000000   200.0000000000
  1.90000000   1.90000000   200.0000000000
  2.00000000   1.90000000   158.5554735185
  2.10000000   1.90000000   132.3050376090
  2.20000000   1.90000000   113.6454842992
  2.30000000   1.90000000    98.0691797381
  2.40000000   1.90000000    84.7691093571
  2.50000000   1.90000000    73.2000788793
  2.60000000   1.90000000    62.9779162892
  2.70000000   1.90000000    53.8211058077
  2.80000000   1.90000000    45.5156249868
  2.90000000   1.90000000    37.8929217399
  3.00000000   1.90000000    30.8156442229
  3.10000000   1.90000000    24.1681056693
  3.20000000   1.90000000    17.8497180763
  3.30000000   1.90000000    11.7703200568
  3.40000000   1.90000000     5.8467192567
  3.50000000   1.90000000     0.0000000000

  0.00000000   2.00000000     0.0000000000
  0.10000000   2.00000000     5.7112297930
  0.20000000   2.00000000    11.4945084006
  0.30000000   2.00000000    17.4234625741
  0.40000000   2.00000000    23.5750033438
  0.50000000   2.00000000    30.0313004897
  0.60000000   2.00000000    36.8821873133
  0.70000000   2.00000000    44.2281897235
  0.80000000   2.00000000    52.1844078638
  0.90000000   2.00000000    60.8854937746
  1.00000000   2.00000000    70.4919105075
  1.10000000   2.00000000    81.1974098442
  1.20000000   2.00000000    93.2370602137
  1.30000000   2.00000000   106.8944293853
  1.40000000   2.00000000   122.5096031989
  1.50000000   2.00000000   140.5234565098
  1.60000000   2.00000000   155.2927741811
  1.70000000   2.00000000   163.8060770726
  1.80000000   2.00000000   163.8060770726
  1.90000000   2.00000000   155.2927741811
  2.00000000   2.00000000   140.5234565098
  2.10000000   2.00000000   122.5096031989
  2.20000000   2.00000000   106.8944293853
  2.30000000   2.00000000    93.2370602137
  2.40000000   2.00000000    81.1974098442
  2.50000000   2.00000000    70.4919105075
  2.60000000   2.00000000    60.8854937746
  2.70000000   2.00000000    52.1844078638
  2.80000000   2.00000000    44.2281897235
  2.90000000   2.00000000    36.8821873133
  3.00000000   2.00000000    30.0313004897
  3.10000000   2.00000000    23.5750033438
  3.20000000   2.00000000    17.4234625741
  3.30000000   2.00000000    11.4945084006
  3.40000000   2.00000000     5.7112297930
  3.50000000   2.00000000     0.0000000000

  0.00000000   2.10000000     0.0000000000
  0.10000000   2.10000000     5.5139739569
  0.20000000   2.10000000    11.0933392712
  0.30000000   2.10000000    16.8044846645
  0.40000000   2.10000000    22.7158305011
  0.50000000   2.10000000    28.8989267502
  0.60000000   2.10000000    35.4296139859
  0.70000000   2.10000000    42.3891835834
  0.80000000   2.10000000    49.8653327367
  0.90000000   2.10000000    57.9523998088
  1.00000000   2.10000000    66.7496748798
  1.10000000   2.10000000    76.3549993959
  1.20000000   2.10000000    86.8470533745
  1.30000000   2.10000000    98.2396751477
  1.40000000   2.10000000   110.3614862810
  1.50000000   2.10000000   122.5094385022
  1.60000000   2.10000000   132.3047382366
  1.70000000   2.10000000   137.8122970669
  1.80000000   2.10000000   137.8122970669
  1.90000000   2.10000000   132.3047382366
  2.00000000   2.10000000   122.5094385022
  2.10000000   2.10000000   110.3614862810
  2.20000000   2.10000000    98.2396751477
  2.30000000   2.10000000    86.8470533745
  2.40000000   2.10000000    76.3549993959
  2.50000000   2.10000000    66.7496748798
  2.60000000   2.10000000    57.9523998088
  2.70000000   2.10000000    49.8653327367
  2.80000000   2.10000000    42.3891835834
  2.90000000   2.10000000    35.4296139859
  3.00000000   2.10000000    28.8989267502
  3.10000000   2.10000000    22.7158305011
  3.20000000   2.10000000    16.8044846645
  3.30000000   2.10000000    11.0933392712
  3.40000000   2.10000000     5.5139739569
  3.50000000   2.10000000     0.0000000000

  0.00000000   2.20000000     0.0000000000
  0.10000000   2.20000000     5.2614508341
  0.20000000   2.20000000    10.5804023337
  0.30000000   2.20000000    16.0147393465
  0.40000000   2.20000000    21.6230705561
  0.50000000   2.20000000    27.4649545876
  0.60000000   2.20000000    33.6008848312
  0.70000000   2.20000000    40.0917885948
  0.80000000   2.20000000    46.9975732893
  0.90000000   2.20000000    54.3738279893
  1.00000000   2.20000000    62.2649757222
  1.10000000   2.20000000    70.6906032173
  1.20000000   2.20000000    79.6186749725
  1.30000000   2.20000000    88.9137435210
  1.40000000   2.20000000    98.2396204856
  1.50000000   2.20000000   106.8942851306
  1.60000000   2.20000000   113.6452586118
  1.70000000   2.20000000   117.3637877967
  1.80000000   2.20000000   117.3637877967
  1.90000000   2.20000000   113.6452586118
  2.00000000   2.20000000   106.8942851306
  2.10000000   2.20000000    98.2396204856
  2.20000000   2.20000000    88.9137435210
  2.30000000   2.20000000    79.6186749725
  2.40000000   2.20000000    70.6906032173
  2.50000000   2.20000000    62.2649757222
  2.60000000   2.20000000    54.3738279893
  2.70000000   2.20000000    46.9975732893
  2.80000000   2.20000000    40.0917885948
  2.90000000   2.20000000    33.6008848312
  3.00000000   2.20000000    27.4649545876
  3.10000000   2.20000000    21.6230705561
  3.20000000   2.20000000    16.0147393465
  3.30000000   2.20000000    10.5804023337
  3.40000000   2.20000000     5.2614508341
  3.50000000   2.20000000     0.0000000000

  0.00000000   2.30000000     0.0000000000
  0.10000000   2.30000000     4.9613298005
  0.20000000   2.30000000     9.9716630853
  0.30000000   2.30000000    15.0798234306
  0.40000000   2.30000000    20.3341730634
  0.50000000   2.30000000    25.7820992704
  0.60000000   2.30000000    31.4690717840
  0.70000000   2.30000000    37.4369525504
  0.80000000   2.30000000    43.7210293483
  0.90000000   2.30000000    50.3448935675
  1.00000000   2.30000000    57.3117146093
  1.10000000   2.30000000    64.5896036657
  1.20000000   2.30000000    72.0876610185
  1.30000000   2.30000000    79.6186456256
  1.40000000   2.30000000    86.8469807413
  1.50000000   2.30000000    93.2369324184
  1.60000000   2.30000000    98.0690021363
  1.70000000   2.30000000   100.6826751157
  1.80000000   2.30000000   100.6826751157
  1.90000000   2.30000000    98.0690021363
  2.00000000   2.30000000    93.2369324184
  2.10000000   2.30000000    86.8469807413
  2.20000000   2.30000000    79.6186456256
  2.30000000   2.30000000    72.0876610185
  2.40000000   2.30000000    64.5896036657
  2.50000000   2.30000000    57.3117146093
  2.60000000   2.30000000    50.3448935675
  2.70000000   2.30000000    43.7210293483
  2.80000000   2.30000000    37.4369525504
  2.90000000   2.30000000    31.4690717840
  3.00000000   2.30000000    25.7820992704
  3.10000000   2.30000000    20.3341730634
  3.20000000   2.30000000    15.0798234306
  3.30000000   2.30000000     9.9716630853
  3.40000000   2.30000000     4.9613298005
  3.50000000   2.30000000     0.0000000000

  0.00000000   2.40000000     0.0000000000
  0.10000000   2.40000000     4.6218167730
  0.20000000   2.40000000     9.2841130014
  0.30000000   2.40000000    14.0267304134
  0.40000000   2.40000000    18.8881058085
  0.50000000   2.40000000    23.9042193483
  0.60000000   2.40000000    29.1070478298
  0.70000000   2.40000000    34.5222184914
  0.80000000   2.40000000    40.1654150483
  0.90000000   2.40000000    46.0368854043
  1.00000000   2.40000000    52.1131532584
  1.10000000   2.40000000    58.3348326144
  1.20000000   2.40000000    64.5895853254
  1.30000000   2.40000000    70.6905593282
  1.40000000   2.40000000    76.3549228295
  1.50000000   2.40000000    81.1972968800
  1.60000000   2.40000000    84.7689647891
  1.70000000   2.40000000    86.6719022134
  1.80000000   2.40000000    86.6719022134
  1.90000000   2.40000000    84.7689647891
  2.00000000   2.40000000    81.1972968800
  2.10000000   2.40000000    76.3549228295
  2.20000000   2.40000000    70.6905593282
  2.30000000   2.40000000    64.5895853254
  2.40000000   2.40000000    58.3348326144
  2.50000000   2.40000000    52.1131532584
  2.60000000   2.40000000    46.0368854043
  2.70000000   2.40000000    40.1654150483
  2.80000000   2.40000000    34.5222184914
  2.90000000   2.40000000    29.1070478298
  3.00000000   2.40000000    23.9042193483
  3.10000000   2.40000000    18.8881058085
  3.20000000   2.40000000    14.0267304134
  3.30000000   2.40000000     9.2841130014
  3.40000000   2.40000000     4.6218167730
  3.50000000   2.40000000     0.0000000000

  0.00000000   2.50000000     0.0000000000
  0.10000000   2.50000000     4.2510676455
  0.20000000   2.50000000     8.5345385938
  0.30000000   2.50000000    12.8818548660
  0.40000000   2.50000000    17.3224040636
  0.50000000   2.50000000    21.8821448453
  0.60000000   2.50000000    26.5817653931
  0.70000000   2.50000000    31.4341345692
  0.80000000   2.50000000    36.4407362836
  0.90000000   2.50000000    41.5867109204
  1.00000000   2.50000000    46.8341122109
  1.10000000   2.50000000    52.1131409634
  1.20000000   2.50000000    57.3116856662
  1.30000000   2.50000000    62.2649256940
  1.40000000   2.50000000    66.7496003329
  1.50000000   2.50000000    70.4918108609
  1.60000000   2.50000000    73.1999583446
  1.70000000   2.50000000    74.6257029174
  1.80000000   2.50000000    74.6257029174
  1.90000000   2.50000000    73.1999583446
  2.00000000   2.50000000    70.4918108609
  2.10000000   2.50000000    66.7496003329
  2.20000000   2.50000000    62.2649256940
  2.30000000   2.50000000    57.3116856662
  2.40000000   2.50000000    52.1131409634
  2.50000000   2.50000000    46.8341122109
  2.60000000   2.50000000    41.5867109204
  2.70000000   2.50000000    36.4407362836
  2.80000000   2.50000000    31.4341345692
  2.90000000   2.50000000    26.5817653931
  3.00000000   2.50000000    21.8821448453
  3.10000000   2.50000000    17.3224040636
  3.20000000   2.50000000    12.8818548660
  3.30000000   2.50000000     8.5345385938
  3.40000000   2.50000000     4.2510676455
  3.50000000   2.50000000     0.0000000000

  0.00000000   2.60000000     0.0000000000
  0.10000000   2.60000000     3.8567075596
  0.20000000   2.60000000     7.7385314031
  0.30000000   2.60000000    11.6694395428
  0.40000000   2.60000000    15.6709868803
  0.50000000   2.60000000    19.7608081957
  0.60000000   2.60000000    23.9507268333
  0.70000000   2.60000000    28.2443174924
  0.80000000   2.60000000    32.6337500458
  0.90000000   2.60000000    37.0957615262
  1.00000000   2.60000000    41.5867024328
  1.10000000   2.60000000    46.0368655161
  1.20000000   2.60000000    50.3448592852
  1.30000000   2.60000000    54.3737766926
  1.40000000   2.60000000    57.9523300102
  1.50000000   2.60000000    60.8854061067
  1.60000000   2.60000000    62.9778142895
  1.70000000   2.60000000    64.0693687220
  1.80000000   2.60000000    64.0693687220
  1.90000000   2.60000000    62.9778142895
  2.00000000   2.60000000    60.8854061067
  2.10000000   2.60000000    57.9523300102
  2.20000000   2.60000000    54.3737766926
  2.30000000   2.60000000    50.3448592852
  2.40000000   2.60000000    46.0368655161
  2.50000000   2.60000000    41.5867024328
  2.60000000   2.60000000    37.0957615262
  2.70000000   2.60000000    32.6337500458
  2.80000000   2.60000000    28.2443174924
  2.90000000   2.60000000    23.9507268333
  3.00000000   2.60000000    19.7608081957
  3.10000000   2.60000000    15.6709868803
  3.20000000   2.60000000    11.6694395428
  3.30000000   2.60000000     7.7385314031
  3.40000000   2.60000000     3.8567075596
  3.50000000   2.60000000     0.0000000000

  0.00000000   2.70000000     0.0000000000
  0.10000000   2.70000000     3.4454852855
  0.20000000   2.70000000     6.9097940207
  0.30000000   2.70000000    10.4105354550
  0.40000000   2.70000000    13.9627981825
  0.50000000   2.70000000    17.5776572181
  0.60000000   2.70000000    21.2603989053
  0.70000000   2.70000000    25.0083727883
  0.80000000   2.70000000    28.8084020565
  0.90000000   2.70000000    32.6337441730
  1.00000000   2.70000000    36.4407224585
  1.10000000   2.70000000    40.1653911198
  1.20000000   2.70000000    43.7209933174
  1.30000000   2.70000000    46.9975236699
  1.40000000   2.70000000    49.8652690459
  1.50000000   2.70000000    52.1843311436
  1.60000000   2.70000000    53.8210189435
  1.70000000   2.70000000    54.6689609856
  1.80000000   2.70000000    54.6689609856
  1.90000000   2.70000000    53.8210189435
  2.00000000   2.70000000    52.1843311436
  2.10000000   2.70000000    49.8652690459
  2.20000000   2.70000000    46.9975236699
  2.30000000   2.70000000    43.7209933174
  2.40000000   2.70000000    40.1653911198
  2.50000000   2.70000000    36.4407224585
  2.60000000   2.70000000    32.6337441730
  2.70000000   2.70000000    28.8084020565
  2.80000000   2.70000000    25.0083727883
  2.90000000   2.70000000    21.2603989053
  3.00000000   2.70000000    17.5776572181
  3.10000000   2.70000000    13.9627981825
  3.20000000   2.70000000    10.4105354550
  3.30000000   2.70000000     6.9097940207
  3.40000000   2.70000000     3.4454852855
  3.50000000   2.70000000     0.0000000000

  0.00000000   2.80000000     0.0000000000
  0.10000000   2.80000000     3.0230660220
  0.20000000   2.80000000     6.0597408725
  0.30000000   2.80000000     9.1224496728
  0.40000000   2.80000000    12.2211841126
  0.50000000   2.80000000    15.3621233820
  0.60000000   2.80000000    18.5460701313
  0.70000000   2.80000000    21.7666636269
  0.80000000   2.80000000    25.0083688025
  0.90000000   2.80000000    28.2443079879
  1.00000000   2.80000000    31.4341179413
  1.10000000   2.80000000    34.5221931889
  1.20000000   2.80000000    37.4369172676
  1.30000000   2.80000000    40.0917425335
  1.40000000   2.80000000    42.3891267590
  1.50000000   2.80000000    44.2281232395
  1.60000000   2.80000000    45.5155511544
  1.70000000   2.80000000    46.1790947744
  1.80000000   2.80000000    46.1790947744
  1.90000000   2.80000000    45.5155511544
  2.00000000   2.80000000    44.2281232395
  2.10000000   2.80000000    42.3891267590
  2.20000000   2.80000000    40.0917425335
  2.30000000   2.80000000    37.4369172676
  2.40000000   2.80000000    34.5221931889
  2.50000000   2.80000000    31.4341179413
  2.60000000   2.80000000    28.2443079879
  2.70000000   2.80000000    25.0083688025
  2.80000000   2.80000000    21.7666636269
  2.90000000   2.80000000    18.5460701313
  3.00000000   2.80000000    15.3621233820
  3.10000000   2.80000000    12.2211841126
  3.20000000   2.80000000     9.1224496728
  3.30000000   2.80000000     6.0597408725
  3.40000000   2.80000000     3.0230660220
  3.50000000   2.80000000     0.0000000000

  0.00000000   2.90000000     0.0000000000
  0.10000000   2.90000000     2.5939478120
  0.20000000   2.90000000     5.1973554839
  0.30000000   2.90000000     7.8185994287
  0.40000000   2.90000000    10.4638466475
  0.50000000   2.90000000    13.1358487510
  0.60000000   2.90000000    15.8326302544
  0.70000000   2.90000000    18.5460675331
  0.80000000   2.90000000    21.2603925751
  0.90000000   2.90000000    23.9507155617
  1.00000000   2.90000000    26.5817479709
  1.10000000   2.90000000    29.1070231591
  1.20000000   2.90000000    31.4690390285
  1.30000000   2.90000000    33.6008435988
  1.40000000   2.90000000    35.4295645164
  1.50000000   2.90000000    36.8821306219
  1.60000000   2.90000000    37.8928596504
  1.70000000   2.90000000    38.4117682162
  1.80000000   2.90000000    38.4117682162
  1.90000000   2.90000000    37.8928596504
  2.00000000   2.90000000    36.8821306219
  2.10000000   2.90000000    35.4295645164
  2.20000000   2.90000000    33.6008435988
  2.30000000   2.90000000    31.4690390285
  2.40000000   2.90000000    29.1070231591
  2.50000000   2.90000000    26.5817479709
  2.60000000   2.90000000    23.9507155617
  2.70000000   2.90000000    21.2603925751
  2.80000000   2.90000000    18.5460675331
  2.90000000   2.90000000    15.8326302544
  3.00000000   2.90000000    13.1358487510
  3.10000000   2.90000000    10.4638466475
  3.20000000   2.90000000     7.8185994287
  3.30000000   2.90000000     5.1973554839
  3.40000000   2.90000000     2.5939478120
  3.50000000   2.90000000     0.0000000000

  0.00000000   3.00000000     0.0000000000
  0.10000000   3.00000000     2.1614773291
  0.20000000   3.00000000     4.3292485967
  0.30000000   3.00000000     6.5086703414
  0.40000000   3.00000000     8.7032002074
  0.50000000   3.00000000    10.9133928648
  0.60000000   3.00000000    13.1358471636
  0.70000000   3.00000000    15.3621193891
  0.80000000   3.00000000    17.5776499236
  0.90000000   3.00000000    19.7607966725
  1.00000000   3.00000000    21.8821282027
  1.10000000   3.00000000    23.9041968229
  1.20000000   3.00000000    25.7820703378
  1.30000000   3.00000000    27.4649190861
  1.40000000   3.00000000    28.8988849947
  1.50000000   3.00000000    30.0312533457
  1.60000000   3.00000000    30.8155931041
  1.70000000   3.00000000    31.2171048064
  1.80000000   3.00000000    31.2171048064
  1.90000000   3.00000000    30.8155931041
  2.00000000   3.00000000    30.0312533457
  2.10000000   3.00000000    28.8988849947
  2.20000000   3.00000000    27.4649190861
  2.30000000   3.00000000    25.7820703378
  2.40000000   3.00000000    23.9041968229
  2.50000000   3.00000000    21.8821282027
  2.60000000   3.00000000    19.7607966725
  2.70000000   3.00000000    17.5776499236
  2.80000000   3.00000000    15.3621193891
  2.90000000   3.00000000    13.1358471636
  3.00000000   3.00000000    10.9133928648
  3.10000000   3.00000000     8.7032002074
  3.20000000   3.00000000     6.5086703414
  3.30000000   3.00000000     4.3292485967
  3.40000000   3.00000000     2.1614773291
  3.50000000   3.00000000     0.0000000000

  0.00000000   3.10000000     0.0000000000
  0.10000000   3.10000000     1.7279385106
  0.20000000   3.10000000     3.4598593730
  0.30000000   3.10000000     5.1989804320
  0.40000000   3.10000000     6.9469791794
  0.50000000   3.10000000     8.7031993290
  0.60000000   3.10000000    10.4638443329
  0.70000000   3.10000000    12.2211797280
  0.80000000   3.10000000    13.9627910470
  0.90000000   3.10000000    15.6709763072
  1.00000000   3.10000000    17.3223894156
  1.10000000   3.10000000    18.8880865668
  1.20000000   3.10000000    20.3341489077
  1.30000000   3.10000000    21.6230414460
  1.40000000   3.10000000    22.7157967452
  1.50000000   3.10000000    23.5749656357
  1.60000000   3.10000000    24.1680650744
  1.70000000   3.10000000    24.4710291559
  1.80000000   3.10000000    24.4710291559
  1.90000000   3.10000000    24.1680650744
  2.00000000   3.10000000    23.5749656357
  2.10000000   3.10000000    22.7157967452
  2.20000000   3.10000000    21.6230414460
  2.30000000   3.10000000    20.3341489077
  2.40000000   3.10000000    18.8880865668
  2.50000000   3.10000000    17.3223894156
  2.60000000   3.10000000    15.6709763072
  2.70000000   3.10000000    13.9627910470
  2.80000000   3.10000000    12.2211797280
  2.90000000   3.10000000    10.4638443329
  3.00000000   3.10000000     8.7031993290
  3.10000000   3.10000000     6.9469791794
  3.20000000   3.10000000     5.1989804320
  3.30000000   3.10000000     3.4598593730
  3.40000000   3.10000000     1.7279385106
  3.50000000   3.10000000     0.0000000000

  0.00000000   3.20000000     0.0000000000
  0.10000000   3.20000000     1.2946899561
  0.20000000   3.20000000     2.5917491453
  0.30000000   3.20000000     3.8929687334
  0.40000000   3.20000000     5.1989800159
  0.50000000   3.20000000     6.5086691655
  0.60000000   3.20000000     7.8185970820
  0.70000000   3.20000000     9.1224456939
  0.80000000   3.20000000    10.4105293559
  0.90000000   3.20000000    11.6694308411
  1.00000000   3.20000000    12.8818431265
  1.10000000   3.20000000    14.0267152972
  1.20000000   3.20000000    15.0798047493
  1.30000000   3.20000000    16.0147171142
  1.40000000   3.20000000    16.8044591382
  1.50000000   3.20000000    17.4234342714
  1.60000000   3.20000000    17.8496877594
  1.70000000   3.20000000    18.0670908276
  1.80000000   3.20000000    18.0670908276
  1.90000000   3.20000000    17.8496877594
  2.00000000   3.20000000    17.4234342714
  2.10000000   3.20000000    16.8044591382
  2.20000000   3.20000000    16.0147171142
  2.30000000   3.20000000    15.0798047493
  2.40000000   3.20000000    14.0267152972
  2.50000000   3.20000000    12.8818431265
  2.60000000   3.20000000    11.6694308411
  2.70000000   3.20000000    10.4105293559
  2.80000000   3.20000000     9.1224456939
  2.90000000   3.20000000     7.8185970820
  3.00000000   3.20000000     6.5086691655
  3.10000000   3.20000000     5.1989800159
  3.20000000   3.20000000     3.8929687334
  3.30000000   3.20000000     2.5917491453
  3.40000000   3.20000000     1.2946899561
  3.50000000   3.20000000     0.0000000000

  0.00000000   3.30000000     0.0000000000
  0.10000000   3.30000000     0.8623318769
  0.20000000   3.30000000     1.7259486536
  0.30000000   3.30000000     2.5917489947
  0.40000000   3.30000000     3.4598588956
  0.50000000   3.30000000     4.3292475652
  0.60000000   3.30000000     5.1973536285
  0.70000000   3.30000000     6.0597378929
  0.80000000   3.30000000     6.9097896027
  0.90000000   3.30000000     7.7385252409
  1.00000000   3.30000000     8.5345304171
  1.10000000   3.30000000     9.2841026069
  1.20000000   3.30000000     9.9716503700
  1.30000000   3.30000000    10.5803873257
  1.40000000   3.30000000    11.0933221520
  1.50000000   3.30000000    11.4944895127
  1.60000000   3.30000000    11.7702998919
  1.70000000   3.30000000    11.9108273718
  1.80000000   3.30000000    11.9108273718
  1.90000000   3.30000000    11.7702998919
  2.00000000   3.30000000    11.4944895127
  2.10000000   3.30000000    11.0933221520
  2.20000000   3.30000000    10.5803873257
  2.30000000   3.30000000     9.9716503700
  2.40000000   3.30000000     9.2841026069
  2.50000000   3.30000000     8.5345304171
  2.60000000   3.30000000     7.7385252409
  2.70000000   3.30000000     6.9097896027
  2.80000000   3.30000000     6.0597378929
  2.90000000   3.30000000     5.1973536285
  3.00000000   3.30000000     4.3292475652
  3.10000000   3.30000000     3.4598588956
  3.20000000   3.30000000     2.5917489947
  3.30000000   3.30000000     1.7259486536
  3.40000000   3.30000000     0.8623318769
  3.50000000   3.30000000     0.0000000000

  0.00000000   3.40000000     0.0000000000
  0.10000000   3.40000000     0.4308888903
  0.20000000   3.40000000     0.8623318465
  0.30000000   3.40000000     1.2946898353
  0.40000000   3.40000000     1.7279382116
  0.50000000   3.40000000     2.1614767389
  0.60000000   3.40000000     2.5939467970
  0.70000000   3.40000000     3.0230644345
  0.80000000   3.40000000     3.4454829717
  0.90000000   3.40000000     3.8567043714
  1.00000000   3.40000000     4.2510634536
  1.10000000   3.40000000     4.6218114822
  1.20000000   3.40000000     4.9613233660
  1.30000000   3.40000000     5.2614432749
  1.40000000   3.40000000     5.5139653663
  1.50000000   3.40000000     5.7112203416
  1.60000000   3.40000000     5.8467091852
  1.70000000   3.40000000     5.9157008693
  1.80000000   3.40000000     5.9157008693
  1.90000000   3.40000000     5.8467091852
  2.00000000   3.40000000     5.7112203416
  2.10000000   3.40000000     5.5139653663
  2.20000000   3.40000000     5.2614432749
  2.30000000   3.40000000     4.9613233660
  2.40000000   3.40000000     4.6218114822
  2.50000000   3.40000000     4.2510634536
  2.60000000   3.40000000     3.8567043714
  2.70000000   3.40000000     3.4454829717
  2.80000000   3.40000000     3.0230644345
  2.90000000   3.40000000     2.5939467970
  3.00000000   3.40000000     2.1614767389
  3.10000000   3.40000000     1.7279382116
  3.20000000   3.40000000     1.2946898353
  3.30000000   3.40000000     0.8623318465
  3.40000000   3.40000000     0.4308888903
  3.50000000   3.40000000     0.0000000000

  0.00000000   3.50000000     0.0000000000
  0.10000000   3.50000000     0.0000000000
  0.20000000   3.50000000     0.0000000000
  0.30000000   3.50000000     0.0000000000
  0.40000000   3.50000000     0.0000000000
  0.50000000   3.50000000     0.0000000000
  0.60000000   3.50000000     0.0000000000
  0.70000000   3.50000000     0.0000000000
  0.80000000   3.50000000     0.0000000000
  0.90000000   3.50000000     0.0000000000
  1.00000000   3.50000000     0.0000000000
  1.10000000   3.50000000     0.0000000000
  1.20000000   3.50000000     0.0000000000
  1.30000000   3.50000000     0.0000000000
  1.40000000   3.50000000     0.0000000000
  1.50000000   3.50000000     0.0000000000
  1.60000000   3.50000000     0.0000000000
  1.70000000   3.50000000     0.0000000000
  1.80000000   3.50000000     0.0000000000
  1.90000000   3.50000000     0.0000000000
  2.00000000   3.50000000     0.0000000000
  2.10000000   3.50000000     0.0000000000
  2.20000000   3.50000000     0.0000000000
  2.30000000   3.50000000     0.0000000000
  2.40000000   3.50000000     0.0000000000
  2.50000000   3.50000000     0.0000000000
  2.60000000   3.50000000     0.0000000000
  2.70000000   3.50000000     0.0000000000
  2.80000000   3.50000000     0.0000000000
  2.90000000   3.50000000     0.0000000000
  3.00000000   3.50000000     0.0000000000
  3.10000000   3.50000000     0.0000000000
  3.20000000   3.50000000     0.0000000000
  3.30000000   3.50000000     0.0000000000
  3.40000000   3.50000000     0.0000000000
  3.50000000   3.50000000     0.0000000000

