  0.00000000   0.00000000    33.0590180522
  0.10000000   0.00000000    33.0590180522
  0.20000000   0.00000000    33.3584481412
  0.30000000   0.00000000    33.9116388797
  0.40000000   0.00000000    34.6860763922
  0.50000000   0.00000000    35.6632038424
  0.60000000   0.00000000    36.8176454459
  0.70000000   0.00000000    38.1177084109
  0.80000000   0.00000000    39.5258642968
  0.90000000   0.00000000    40.9993931677
  1.00000000   0.00000000    42.4912959128
  1.10000000   0.00000000    43.9515468785
  1.20000000   0.00000000    45.3287272566
  1.30000000   0.00000000    46.5720353534
  1.40000000   0.00000000    47.6336097193
  1.50000000   0.00000000    48.4710299160
  1.60000000   0.00000000    49.0497901011
  1.70000000   0.00000000    49.3454915510
  1.80000000   0.00000000    49.3454915510
  1.90000000   0.00000000    49.0497901011
  2.00000000   0.00000000    48.4710299160
  2.10000000   0.00000000    47.6336097193
  2.20000000   0.00000000    46.5720353534
  2.30000000   0.00000000    45.3287272566
  2.40000000   0.00000000    43.9515468785
  2.50000000   0.00000000    42.4912959128
  2.60000000   0.00000000    40.9993931677
  2.70000000   0.00000000    39.5258642968
  2.80000000   0.00000000    38.1177084109
  2.90000000   0.00000000    36.8176454459
  3.00000000   0.00000000    35.6632038424
  3.10000000   0.00000000    34.6860763922
  3.20000000   0.00000000    33.9116388797
  3.30000000   0.00000000    33.3584481412
  3.40000000   0.00000000    33.0590180522
  3.50000000   0.00000000    33.0590180522

  0.00000000   0.10000000    33.0590180522
  0.10000000   0.10000000    33.0590180522
  0.20000000   0.10000000    33.3584481412
  0.30000000   0.10000000    33.9116388797
  0.40000000   0.10000000    34.6860763922
  0.50000000   0.10000000    35.6632038424
  0.60000000   0.10000000    36.8176454459
  0.70000000   0.10000000    38.1177084109
  0.80000000   0.10000000    39.5258642968
  0.90000000   0.10000000    40.9993931677
  1.00000000   0.10000000    42.4912959128
  1.10000000   0.10000000    43.9515468785
  1.20000000   0.10000000    45.3287272566
  1.30000000   0.10000000    46.5720353534
  1.40000000   0.10000000    47.6336097193
  1.50000000   0.10000000    48.4710299160
  1.60000000   0.10000000    49.0497901011
  1.70000000   0.10000000    49.3454915510
  1.80000000   0.10000000    49.3454915510
  1.90000000   0.10000000    49.0497901011
  2.00000000   0.10000000    48.4710299160
  2.10000000   0.10000000    47.6336097193
  2.20000000   0.10000000    46.5720353534
  2.30000000   0.10000000    45.3287272566
  2.40000000   0.10000000    43.9515468785
  2.50000000   0.10000000    42.4912959128
  2.60000000   0.10000000    40.9993931677
  2.70000000   0.10000000    39.5258642968
  2.80000000   0.10000000    38.1177084109
  2.90000000   0.10000000    36.8176454459
  3.00000000   0.10000000    35.6632038424
  3.10000000   0.10000000    34.6860763922
  3.20000000   0.10000000    33.9116388797
  3.30000000   0.10000000    33.3584481412
  3.40000000   0.10000000    33.0590180522
  3.50000000   0.10000000    33.0590180522

  0.00000000   0.20000000    33.3801829913
  0.10000000   0.20000000    33.3801829913
  0.20000000   0.20000000    33.6791237900
  0.30000000   0.20000000    34.2422284178
  0.40000000   0.20000000    35.0340259188
  0.50000000   0.20000000    36.0349951915
  0.60000000   0.20000000    37.2192844656
  0.70000000   0.20000000    38.5547567913
  0.80000000   0.20000000    40.0032893477
  0.90000000   0.20000000    41.5213130563
  1.00000000   0.20000000    43.0606526878
  1.10000000   0.20000000    44.5697377258
  1.20000000   0.20000000    45.9952368020
  1.30000000   0.20000000    47.2841275648
  1.40000000   0.20000000    48.3861491711
  1.50000000   0.20000000    49.2565009971
  1.60000000   0.20000000    49.8585629135
  1.70000000   0.20000000    50.1663437736
  1.80000000   0.20000000    50.1663437736
  1.90000000   0.20000000    49.8585629135
  2.00000000   0.20000000    49.2565009971
  2.10000000   0.20000000    48.3861491711
  2.20000000   0.20000000    47.2841275648
  2.30000000   0.20000000    45.9952368020
  2.40000000   0.20000000    44.5697377258
  2.50000000   0.20000000    43.0606526878
  2.60000000   0.20000000    41.5213130563
  2.70000000   0.20000000    40.0032893477
  2.80000000   0.20000000    38.5547567913
  2.90000000   0.20000000    37.2192844656
  3.00000000   0.20000000    36.0349951915
  3.10000000   0.20000000    35.0340259188
  3.20000000   0.20000000    34.2422284178
  3.30000000   0.20000000    33.6791237900
  3.40000000   0.20000000    33.3801829913
  3.50000000   0.20000000    33.3801829913

  0.00000000   0.30000000    33.9333371539
  0.10000000   0.30000000    33.9333371539
  0.20000000   0.30000000    34.2422254837
  0.30000000   0.30000000    34.8281905458
  0.40000000   0.30000000    35.6557467975
  0.50000000   0.30000000    36.7049690646
  0.60000000   0.30000000    37.9495083632
  0.70000000   0.30000000    39.3565188361
  0.80000000   0.30000000    40.8867899375
  0.90000000   0.30000000    42.4951222500
  1.00000000   0.30000000    44.1310252048
  1.10000000   0.30000000    45.7398322757
  1.20000000   0.30000000    47.2643220720
  1.30000000   0.30000000    48.6468965153
  1.40000000   0.30000000    49.8322935358
  1.50000000   0.30000000    50.7707017318
  1.60000000   0.30000000    51.4210136268
  1.70000000   0.30000000    51.7538379020
  1.80000000   0.30000000    51.7538379020
  1.90000000   0.30000000    51.4210136268
  2.00000000   0.30000000    50.7707017318
  2.10000000   0.30000000    49.8322935358
  2.20000000   0.30000000    48.6468965153
  2.30000000   0.30000000    47.2643220720
  2.40000000   0.30000000    45.7398322757
  2.50000000   0.30000000    44.1310252048
  2.60000000   0.30000000    42.4951222500
  2.70000000   0.30000000    40.8867899375
  2.80000000   0.30000000    39.3565188361
  2.90000000   0.30000000    37.9495083632
  3.00000000   0.30000000    36.7049690646
  3.10000000   0.30000000    35.6557467975
  3.20000000   0.30000000    34.8281905458
  3.30000000   0.30000000    34.2422254837
  3.40000000   0.30000000    33.9333371539
  3.50000000   0.30000000    33.9333371539

  0.00000000   0.40000000    34.7077231098
  0.10000000   0.40000000    34.7077231098
  0.20000000   0.40000000    35.0340187911
  0.30000000   0.40000000    35.6557426762
  0.40000000   0.40000000    36.5377177888
  0.50000000   0.40000000    37.6599137308
  0.60000000   0.40000000    38.9955838160
  0.70000000   0.40000000    40.5110788022
  0.80000000   0.40000000    42.1657754632
  0.90000000   0.40000000    43.9122117261
  1.00000000   0.40000000    45.6965469199
  1.10000000   0.40000000    47.4594920359
  1.20000000   0.40000000    49.1378637425
  1.30000000   0.40000000    50.6668889283
  1.40000000   0.40000000    51.9833037014
  1.50000000   0.40000000    53.0291393285
  1.60000000   0.40000000    53.7558792999
  1.70000000   0.40000000    54.1284596195
  1.80000000   0.40000000    54.1284596195
  1.90000000   0.40000000    53.7558792999
  2.00000000   0.40000000    53.0291393285
  2.10000000   0.40000000    51.9833037014
  2.20000000   0.40000000    50.6668889283
  2.30000000   0.40000000    49.1378637425
  2.40000000   0.40000000    47.4594920359
  2.50000000   0.40000000    45.6965469199
  2.60000000   0.40000000    43.9122117261
  2.70000000   0.40000000    42.1657754632
  2.80000000   0.40000000    40.5110788022
  2.90000000   0.40000000    38.9955838160
  3.00000000   0.40000000    37.6599137308
  3.10000000   0.40000000    36.5377177888
  3.20000000   0.40000000    35.6557426762
  3.30000000   0.40000000    35.0340187911
  3.40000000   0.40000000    34.7077231098
  3.50000000   0.40000000    34.7077231098

  0.00000000   0.50000000    35.6847848676
  0.10000000   0.50000000    35.6847848676
  0.20000000   0.50000000    36.0349830450
  0.30000000   0.50000000    36.7049600527
  0.40000000   0.50000000    37.6599089294
  0.50000000   0.50000000    38.8799200527
  0.60000000   0.50000000    40.3380640782
  0.70000000   0.50000000    42.0000013680
  0.80000000   0.50000000    43.8236177689
  0.90000000   0.50000000    45.7588026448
  1.00000000   0.50000000    47.7475279405
  1.10000000   0.50000000    49.7244394499
  1.20000000   0.50000000    51.6182145616
  1.30000000   0.50000000    53.3539442384
  1.40000000   0.50000000    54.8567180545
  1.50000000   0.50000000    56.0563869738
  1.60000000   0.50000000    56.8931403865
  1.70000000   0.50000000    57.3231355946
  1.80000000   0.50000000    57.3231355946
  1.90000000   0.50000000    56.8931403865
  2.00000000   0.50000000    56.0563869738
  2.10000000   0.50000000    54.8567180545
  2.20000000   0.50000000    53.3539442384
  2.30000000   0.50000000    51.6182145616
  2.40000000   0.50000000    49.7244394499
  2.50000000   0.50000000    47.7475279405
  2.60000000   0.50000000    45.7588026448
  2.70000000   0.50000000    43.8236177689
  2.80000000   0.50000000    42.0000013680
  2.90000000   0.50000000    40.3380640782
  3.00000000   0.50000000    38.8799200527
  3.10000000   0.50000000    37.6599089294
  3.20000000   0.50000000    36.7049600527
  3.30000000   0.50000000    36.0349830450
  3.40000000   0.50000000    35.6847848676
  3.50000000   0.50000000    35.6847848676

  0.00000000   0.60000000    36.8391480160
  0.10000000   0.60000000    36.8391480160
  0.20000000   0.60000000    37.2192669125
  0.30000000   0.60000000    37.9494941659
  0.40000000   0.60000000    38.9955740576
  0.50000000   0.60000000    40.3380592862
  0.60000000   0.60000000    41.9502591725
  0.70000000   0.60000000    43.7975533057
  0.80000000   0.60000000    45.8366221150
  0.90000000   0.60000000    48.0147122440
  1.00000000   0.60000000    50.2691256139
  1.10000000   0.60000000    52.5272181106
  1.20000000   0.60000000    54.7073014106
  1.30000000   0.60000000    56.7209182096
  1.40000000   0.60000000    58.4769291480
  1.50000000   0.60000000    59.8876024340
  1.60000000   0.60000000    60.8763563298
  1.70000000   0.60000000    61.3860452250
  1.80000000   0.60000000    61.3860452250
  1.90000000   0.60000000    60.8763563298
  2.00000000   0.60000000    59.8876024340
  2.10000000   0.60000000    58.4769291480
  2.20000000   0.60000000    56.7209182096
  2.30000000   0.60000000    54.7073014106
  2.40000000   0.60000000    52.5272181106
  2.50000000   0.60000000    50.2691256139
  2.60000000   0.60000000    48.0147122440
  2.70000000   0.60000000    45.8366221150
  2.80000000   0.60000000    43.7975533057
  2.90000000   0.60000000    41.9502591725
  3.00000000   0.60000000    40.3380592862
  3.10000000   0.60000000    38.9955740576
  3.20000000   0.60000000    37.9494941659
  3.30000000   0.60000000    37.2192669125
  3.40000000   0.60000000    36.8391480160
  3.50000000   0.60000000    36.8391480160

  0.00000000   0.70000000    38.1391216321
  0.10000000   0.70000000    38.1391216321
  0.20000000   0.70000000    38.5547338994
  0.30000000   0.70000000    39.3564996615
  0.40000000   0.70000000    40.5110645031
  0.50000000   0.70000000    41.9999924651
  0.60000000   0.70000000    43.7975494963
  0.70000000   0.70000000    45.8696520546
  0.80000000   0.70000000    48.1725793722
  0.90000000   0.70000000    50.6515421232
  1.00000000   0.70000000    53.2392997251
  1.10000000   0.70000000    55.8551754219
  1.20000000   0.70000000    58.4050313689
  1.30000000   0.70000000    60.7829936274
  1.40000000   0.70000000    62.8758387373
  1.50000000   0.70000000    64.5707421449
  1.60000000   0.70000000    65.7662721066
  1.70000000   0.70000000    66.3850512475
  1.80000000   0.70000000    66.3850512475
  1.90000000   0.70000000    65.7662721066
  2.00000000   0.70000000    64.5707421449
  2.10000000   0.70000000    62.8758387373
  2.20000000   0.70000000    60.7829936274
  2.30000000   0.70000000    58.4050313689
  2.40000000   0.70000000    55.8551754219
  2.50000000   0.70000000    53.2392997251
  2.60000000   0.70000000    50.6515421232
  2.70000000   0.70000000    48.1725793722
  2.80000000   0.70000000    45.8696520546
  2.90000000   0.70000000    43.7975494963
  3.00000000   0.70000000    41.9999924651
  3.10000000   0.70000000    40.5110645031
  3.20000000   0.70000000    39.3564996615
  3.30000000   0.70000000    38.5547338994
  3.40000000   0.70000000    38.1391216321
  3.50000000   0.70000000    38.1391216321

  0.00000000   0.80000000    39.5471796396
  0.10000000   0.80000000    39.5471796396
  0.20000000   0.80000000    40.0032616261
  0.30000000   0.80000000    40.8867664833
  0.40000000   0.80000000    42.1657576077
  0.50000000   0.80000000    43.8236061236
  0.60000000   0.80000000    45.8366163362
  0.70000000   0.80000000    48.1725779352
  0.80000000   0.80000000    50.7888736285
  0.90000000   0.80000000    53.6301658991
  1.00000000   0.80000000    56.6258003006
  1.10000000   0.80000000    59.6872802486
  1.20000000   0.80000000    62.7065277153
  1.30000000   0.80000000    65.5561426874
  1.40000000   0.80000000    68.0933766461
  1.50000000   0.80000000    70.1696327435
  1.60000000   0.80000000    71.6462551684
  1.70000000   0.80000000    72.4145618092
  1.80000000   0.80000000    72.4145618092
  1.90000000   0.80000000    71.6462551684
  2.00000000   0.80000000    70.1696327435
  2.10000000   0.80000000    68.0933766461
  2.20000000   0.80000000    65.5561426874
  2.30000000   0.80000000    62.7065277153
  2.40000000   0.80000000    59.6872802486
  2.50000000   0.80000000    56.6258003006
  2.60000000   0.80000000    53.6301658991
  2.70000000   0.80000000    50.7888736285
  2.80000000   0.80000000    48.1725779352
  2.90000000   0.80000000    45.8366163362
  3.00000000   0.80000000    43.8236061236
  3.10000000   0.80000000    42.1657576077
  3.20000000   0.80000000    40.8867664833
  3.30000000   0.80000000    40.0032616261
  3.40000000   0.80000000    39.5471796396
  3.50000000   0.80000000    39.5471796396

  0.00000000   0.90000000    41.0206049492
  0.10000000   0.90000000    41.0206049492
  0.20000000   0.90000000    41.5212813967
  0.30000000   0.90000000    42.4950956397
  0.40000000   0.90000000    43.9121918008
  0.50000000   0.90000000    45.7587902531
  0.60000000   0.90000000    48.0147071591
  0.70000000   0.90000000    50.6515427325
  0.80000000   0.90000000    53.6301688778
  0.90000000   0.90000000    56.8974064303
  1.00000000   0.90000000    60.3818702095
  1.10000000   0.90000000    63.9891994730
  1.20000000   0.90000000    67.5973989406
  1.30000000   0.90000000    71.0539182562
  1.40000000   0.90000000    74.1773881470
  1.50000000   0.90000000    76.7680803120
  1.60000000   0.90000000    78.6304888112
  1.70000000   0.90000000    79.6062305054
  1.80000000   0.90000000    79.6062305054
  1.90000000   0.90000000    78.6304888112
  2.00000000   0.90000000    76.7680803120
  2.10000000   0.90000000    74.1773881470
  2.20000000   0.90000000    71.0539182562
  2.30000000   0.90000000    67.5973989406
  2.40000000   0.90000000    63.9891994730
  2.50000000   0.90000000    60.3818702095
  2.60000000   0.90000000    56.8974064303
  2.70000000   0.90000000    53.6301688778
  2.80000000   0.90000000    50.6515427325
  2.90000000   0.90000000    48.0147071591
  3.00000000   0.90000000    45.7587902531
  3.10000000   0.90000000    43.9121918008
  3.20000000   0.90000000    42.4950956397
  3.30000000   0.90000000    41.5212813967
  3.40000000   0.90000000    41.0206049492
  3.50000000   0.90000000    41.0206049492

  0.00000000   1.00000000    42.5124017365
  0.10000000   1.00000000    42.5124017365
  0.20000000   1.00000000    43.0606182585
  0.30000000   1.00000000    44.1309968672
  0.40000000   1.00000000    45.6965267763
  0.50000000   1.00000000    47.7475172748
  0.60000000   1.00000000    50.2691245581
  0.70000000   1.00000000    53.2393068605
  0.80000000   1.00000000    56.6258121765
  0.90000000   1.00000000    60.3818807753
  1.00000000   1.00000000    64.4403300700
  1.10000000   1.00000000    68.7058330205
  1.20000000   1.00000000    73.0457284016
  1.30000000   1.00000000    77.2810127206
  1.40000000   1.00000000    81.1817670444
  1.50000000   1.00000000    84.4751450653
  1.60000000   1.00000000    86.8764769160
  1.70000000   1.00000000    88.1459708529
  1.80000000   1.00000000    88.1459708529
  1.90000000   1.00000000    86.8764769160
  2.00000000   1.00000000    84.4751450653
  2.10000000   1.00000000    81.1817670444
  2.20000000   1.00000000    77.2810127206
  2.30000000   1.00000000    73.0457284016
  2.40000000   1.00000000    68.7058330205
  2.50000000   1.00000000    64.4403300700
  2.60000000   1.00000000    60.3818807753
  2.70000000   1.00000000    56.6258121765
  2.80000000   1.00000000    53.2393068605
  2.90000000   1.00000000    50.2691245581
  3.00000000   1.00000000    47.7475172748
  3.10000000   1.00000000    45.6965267763
  3.20000000   1.00000000    44.1309968672
  3.30000000   1.00000000    43.0606182585
  3.40000000   1.00000000    42.5124017365
  3.50000000   1.00000000    42.5124017365

  0.00000000   1.10000000    43.9725479885
  0.10000000   1.10000000    43.9725479885
  0.20000000   1.10000000    44.5697018258
  0.30000000   1.10000000    45.7398037726
  0.40000000   1.10000000    47.4594736793
  0.50000000   1.10000000    49.7244332009
  0.60000000   1.10000000    52.5272247874
  0.70000000   1.10000000    55.8551942369
  0.80000000   1.10000000    59.6873081776
  0.90000000   1.10000000    63.9892303859
  1.00000000   1.10000000    68.7058565173
  1.10000000   1.10000000    73.7503289530
  1.20000000   1.10000000    78.9886977633
  1.30000000   1.10000000    84.2206019351
  1.40000000   1.10000000    89.1602752061
  1.50000000   1.10000000    93.4314794743
  1.60000000   1.10000000    96.6045447332
  1.70000000   1.10000000    98.3017454806
  1.80000000   1.10000000    98.3017454806
  1.90000000   1.10000000    96.6045447332
  2.00000000   1.10000000    93.4314794743
  2.10000000   1.10000000    89.1602752061
  2.20000000   1.10000000    84.2206019351
  2.30000000   1.10000000    78.9886977633
  2.40000000   1.10000000    73.7503289530
  2.50000000   1.10000000    68.7058565173
  2.60000000   1.10000000    63.9892303859
  2.70000000   1.10000000    59.6873081776
  2.80000000   1.10000000    55.8551942369
  2.90000000   1.10000000    52.5272247874
  3.00000000   1.10000000    49.7244332009
  3.10000000   1.10000000    47.4594736793
  3.20000000   1.10000000    45.7398037726
  3.30000000   1.10000000    44.5697018258
  3.40000000   1.10000000    43.9725479885
  3.50000000   1.10000000    43.9725479885

  0.00000000   1.20000000    45.3496287618
  0.10000000   1.20000000    45.3496287618
  0.20000000   1.20000000    45.9952006892
  0.30000000   1.20000000    47.2642948862
  0.40000000   1.20000000    49.1378490566
  0.50000000   1.20000000    51.6182152725
  0.60000000   1.20000000    54.7073194122
  0.70000000   1.20000000    58.4050670877
  0.80000000   1.20000000    62.7065794059
  0.90000000   1.20000000    67.5974615767
  1.00000000   1.20000000    73.0457919102
  1.10000000   1.20000000    78.9887442861
  1.20000000   1.20000000    85.3107766230
  1.30000000   1.20000000    91.8097607231
  1.40000000   1.20000000    98.1500259151
  1.50000000   1.20000000   103.8160689923
  1.60000000   1.20000000   108.1291529248
  1.70000000   1.20000000   110.4703360019
  1.80000000   1.20000000   110.4703360019
  1.90000000   1.20000000   108.1291529248
  2.00000000   1.20000000   103.8160689923
  2.10000000   1.20000000    98.1500259151
  2.20000000   1.20000000    91.8097607231
  2.30000000   1.20000000    85.3107766230
  2.40000000   1.20000000    78.9887442861
  2.50000000   1.20000000    73.0457919102
  2.60000000   1.20000000    67.5974615767
  2.70000000   1.20000000    62.7065794059
  2.80000000   1.20000000    58.4050670877
  2.90000000   1.20000000    54.7073194122
  3.00000000   1.20000000    51.6182152725
  3.10000000   1.20000000    49.1378490566
  3.20000000   1.20000000    47.2642948862
  3.30000000   1.20000000    45.9952006892
  3.40000000   1.20000000    45.3496287618
  3.50000000   1.20000000    45.3496287618

  0.00000000   1.30000000    46.5928462765
  0.10000000   1.30000000    46.5928462765
  0.20000000   1.30000000    47.2840922800
  0.30000000   1.30000000    48.6468718257
  0.40000000   1.30000000    50.6668793650
  0.50000000   1.30000000    53.3539538612
  0.60000000   1.30000000    56.7209503734
  0.70000000   1.30000000    60.7830506233
  0.80000000   1.30000000    65.5562251361
  0.90000000   1.30000000    71.0540240148
  1.00000000   1.30000000    77.2811348418
  1.10000000   1.30000000    84.2207247931
  1.20000000   1.30000000    91.8098526648
  1.30000000   1.30000000    99.8921863189
  1.40000000   1.30000000   108.1294899274
  1.50000000   1.30000000   115.8520425272
  1.60000000   1.30000000   121.9110491462
  1.70000000   1.30000000   125.2584087882
  1.80000000   1.30000000   125.2584087882
  1.90000000   1.30000000   121.9110491462
  2.00000000   1.30000000   115.8520425272
  2.10000000   1.30000000   108.1294899274
  2.20000000   1.30000000    99.8921863189
  2.30000000   1.30000000    91.8098526648
  2.40000000   1.30000000    84.2207247931
  2.50000000   1.30000000    77.2811348418
  2.60000000   1.30000000    71.0540240148
  2.70000000   1.30000000    65.5562251361
  2.80000000   1.30000000    60.7830506233
  2.90000000   1.30000000    56.7209503734
  3.00000000   1.30000000    53.3539538612
  3.10000000   1.30000000    50.6668793650
  3.20000000   1.30000000    48.6468718257
  3.30000000   1.30000000    47.2840922800
  3.40000000   1.30000000    46.5928462765
  3.50000000   1.30000000    46.5928462765

  0.00000000   1.40000000    47.6543428370
  0.10000000   1.40000000    47.6543428370
  0.20000000   1.40000000    48.3861153891
  0.30000000   1.40000000    49.8322720172
  0.40000000   1.40000000    51.9832999870
  0.50000000   1.40000000    54.8567374953
  0.60000000   1.40000000    58.4769768322
  0.70000000   1.40000000    62.8759193653
  0.80000000   1.40000000    68.0934942639
  0.90000000   1.40000000    74.1775455366
  1.00000000   1.40000000    81.1819643044
  1.10000000   1.40000000    89.1605063984
  1.20000000   1.40000000    98.1502708160
  1.30000000   1.40000000   108.1296920347
  1.40000000   1.40000000   118.9086139147
  1.50000000   1.40000000   129.8130098284
  1.60000000   1.40000000   138.6475260839
  1.70000000   1.40000000   143.6265451171
  1.80000000   1.40000000   143.6265451171
  1.90000000   1.40000000   138.6475260839
  2.00000000   1.40000000   129.8130098284
  2.10000000   1.40000000   118.9086139147
  2.20000000   1.40000000   108.1296920347
  2.30000000   1.40000000    98.1502708160
  2.40000000   1.40000000    89.1605063984
  2.50000000   1.40000000    81.1819643044
  2.60000000   1.40000000    74.1775455366
  2.70000000   1.40000000    68.0934942639
  2.80000000   1.40000000    62.8759193653
  2.90000000   1.40000000    58.4769768322
  3.00000000   1.40000000    54.8567374953
  3.10000000   1.40000000    51.9832999870
  3.20000000   1.40000000    49.8322720172
  3.30000000   1.40000000    48.3861153891
  3.40000000   1.40000000    47.6543428370
  3.50000000   1.40000000    47.6543428370

  0.00000000   1.50000000    48.4917013734
  0.10000000   1.50000000    48.4917013734
  0.20000000   1.50000000    49.2564689353
  0.30000000   1.50000000    50.7706834248
  0.40000000   1.50000000    53.0291412584
  0.50000000   1.50000000    56.0564157425
  0.60000000   1.50000000    59.8876648933
  0.70000000   1.50000000    64.5708455969
  0.80000000   1.50000000    70.1697852198
  0.90000000   1.50000000    76.7682909171
  1.00000000   1.50000000    84.4754243099
  1.10000000   1.50000000    93.4318394172
  1.20000000   1.50000000   103.8165229694
  1.30000000   1.50000000   115.8526053668
  1.40000000   1.50000000   129.8137085589
  1.50000000   1.50000000   146.0622628717
  1.60000000   1.50000000   159.4306480915
  1.70000000   1.50000000   167.1495701925
  1.80000000   1.50000000   167.1495701925
  1.90000000   1.50000000   159.4306480915
  2.00000000   1.50000000   146.0622628717
  2.10000000   1.50000000   129.8137085589
  2.20000000   1.50000000   115.8526053668
  2.30000000   1.50000000   103.8165229694
  2.40000000   1.50000000    93.4318394172
  2.50000000   1.50000000    84.4754243099
  2.60000000   1.50000000    76.7682909171
  2.70000000   1.50000000    70.1697852198
  2.80000000   1.50000000    64.5708455969
  2.90000000   1.50000000    59.8876648933
  3.00000000   1.50000000    56.0564157425
  3.10000000   1.50000000    53.0291412584
  3.20000000   1.50000000    50.7706834248
  3.30000000   1.50000000    49.2564689353
  3.40000000   1.50000000    48.4917013734
  3.50000000   1.50000000    48.4917013734

  0.00000000   1.60000000    49.0704188045
  0.10000000   1.60000000    49.0704188045
  0.20000000   1.60000000    49.8585323233
  0.30000000   1.60000000    51.4209979205
  0.40000000   1.60000000    53.7558856930
  0.50000000   1.60000000    56.8931764830
  0.60000000   1.60000000    60.8764304415
  0.70000000   1.60000000    65.7663937715
  0.80000000   1.60000000    71.6464359919
  0.90000000   1.60000000    78.6307438364
  1.00000000   1.60000000    86.8768268908
  1.10000000   1.60000000    96.6050199682
  1.20000000   1.60000000   108.1298001056
  1.30000000   1.60000000   121.9119437717
  1.40000000   1.60000000   138.6487946074
  1.50000000   1.60000000   162.3954502394
  1.60000000   1.60000000   200.0000000000
  1.70000000   1.60000000   200.0000000000
  1.80000000   1.60000000   200.0000000000
  1.90000000   1.60000000   200.0000000000
  2.00000000   1.60000000   162.3954502394
  2.10000000   1.60000000   138.6487946074
  2.20000000   1.60000000   121.9119437717
  2.30000000   1.60000000   108.1298001056
  2.40000000   1.60000000    96.6050199682
  2.50000000   1.60000000    86.8768268908
  2.60000000   1.60000000    78.6307438364
  2.70000000   1.60000000    71.6464359919
  2.80000000   1.60000000    65.7663937715
  2.90000000   1.60000000    60.8764304415
  3.00000000   1.60000000    56.8931764830
  3.10000000   1.60000000    53.7558856930
  3.20000000   1.60000000    51.4209979205
  3.30000000   1.60000000    49.8585323233
  3.40000000   1.60000000    49.0704188045
  3.50000000   1.60000000    49.0704188045

  0.00000000   1.70000000    49.3660983681
  0.10000000   1.70000000    49.3660983681
  0.20000000   1.70000000    50.1663140263
  0.30000000   1.70000000    51.7538236482
  0.40000000   1.70000000    54.1284684775
  0.50000000   1.70000000    57.3231757282
  0.60000000   1.70000000    61.3861257762
  0.70000000   1.70000000    66.3851830520
  0.80000000   1.70000000    72.4147585913
  0.90000000   1.70000000    79.6065109016
  1.00000000   1.70000000    88.1463619115
  1.10000000   1.70000000    98.3022888539
  1.20000000   1.70000000   110.4710991398
  1.30000000   1.70000000   125.2595054641
  1.40000000   1.70000000   143.6281732860
  1.50000000   1.70000000   168.2421114811
  1.60000000   1.70000000   200.0000000000
  1.70000000   1.70000000   200.0000000000
  1.80000000   1.70000000   200.0000000000
  1.90000000   1.70000000   200.0000000000
  2.00000000   1.70000000   168.2421114811
  2.10000000   1.70000000   143.6281732860
  2.20000000   1.70000000   125.2595054641
  2.30000000   1.70000000   110.4710991398
  2.40000000   1.70000000    98.3022888539
  2.50000000   1.70000000    88.1463619115
  2.60000000   1.70000000    79.6065109016
  2.70000000   1.70000000    72.4147585913
  2.80000000   1.70000000    66.3851830520
  2.90000000   1.70000000    61.3861257762
  3.00000000   1.70000000    57.3231757282
  3.10000000   1.70000000    54.1284684775
  3.20000000   1.70000000    51.7538236482
  3.30000000   1.70000000    50.1663140263
  3.40000000   1.70000000    49.3660983681
  3.50000000   1.70000000    49.3660983681

  0.00000000   1.80000000    49.3660983681
  0.10000000   1.80000000    49.3660983681
  0.20000000   1.80000000    50.1663140263
  0.30000000   1.80000000    51.7538236482
  0.40000000   1.80000000    54.1284684775
  0.50000000   1.80000000    57.3231757282
  0.60000000   1.80000000    61.3861257762
  0.70000000   1.80000000    66.3851830520
  0.80000000   1.80000000    72.4147585913
  0.90000000   1.80000000    79.6065109016
  1.00000000   1.80000000    88.1463619115
  1.10000000   1.80000000    98.3022888539
  1.20000000   1.80000000   110.4710991398
  1.30000000   1.80000000   125.2595054641
  1.40000000   1.80000000   143.6281732860
  1.50000000   1.80000000   168.2421114811
  1.60000000   1.80000000   200.0000000000
  1.70000000   1.80000000   200.0000000000
  1.80000000   1.80000000   200.0000000000
  1.90000000   1.80000000   200.0000000000
  2.00000000   1.80000000   168.2421114811
  2.10000000   1.80000000   143.6281732860
  2.20000000   1.80000000   125.2595054641
  2.30000000   1.80000000   110.4710991398
  2.40000000   1.80000000    98.3022888539
  2.50000000   1.80000000    88.1463619115
  2.60000000   1.80000000    79.6065109016
  2.70000000   1.80000000    72.4147585913
  2.80000000   1.80000000    66.3851830520
  2.90000000   1.80000000    61.3861257762
  3.00000000   1.80000000    57.3231757282
  3.10000000   1.80000000    54.1284684775
  3.20000000   1.80000000    51.7538236482
  3.30000000   1.80000000    50.1663140263
  3.40000000   1.80000000    49.3660983681
  3.50000000   1.80000000    49.3660983681

  0.00000000   1.90000000    49.0704188045
  0.10000000   1.90000000    49.0704188045
  0.20000000   1.90000000    49.8585323233
  0.30000000   1.90000000    51.4209979205
  0.40000000   1.90000000    53.7558856930
  0.50000000   1.90000000    56.8931764830
  0.60000000   1.90000000    60.8764304415
  0.70000000   1.90000000    65.7663937715
  0.80000000   1.90000000    71.6464359919
  0.90000000   1.90000000    78.6307438364
  1.00000000   1.90000000    86.8768268908
  1.10000000   1.90000000    96.6050199682
  1.20000000   1.90000000   108.1298001056
  1.30000000   1.90000000   121.9119437717
  1.40000000   1.90000000   138.6487946074
  1.50000000   1.90000000   162.3954502394
  1.60000000   1.90000000   200.0000000000
  1.70000000   1.90000000   200.0000000000
  1.80000000   1.90000000   200.0000000000
  1.90000000   1.90000000   200.0000000000
  2.00000000   1.90000000   162.3954502394
  2.10000000   1.90000000   138.6487946074
  2.20000000   1.90000000   121.9119437717
  2.30000000   1.90000000   108.1298001056
  2.40000000   1.90000000    96.6050199682
  2.50000000   1.90000000    86.8768268908
  2.60000000   1.90000000    78.6307438364
  2.70000000   1.90000000    71.6464359919
  2.80000000   1.90000000    65.7663937715
  2.90000000   1.90000000    60.8764304415
  3.00000000   1.90000000    56.8931764830
  3.10000000   1.90000000    53.7558856930
  3.20000000   1.90000000    51.4209979205
  3.30000000   1.90000000    49.8585323233
  3.40000000   1.90000000    49.0704188045
  3.50000000   1.90000000    49.0704188045

  0.00000000   2.00000000    48.4917013734
  0.10000000   2.00000000    48.4917013734
  0.20000000   2.00000000    49.2564689353
  0.30000000   2.00000000    50.7706834248
  0.40000000   2.00000000    53.0291412584
  0.50000000   2.00000000    56.0564157425
  0.60000000   2.00000000    59.8876648933
  0.70000000   2.00000000    64.5708455969
  0.80000000   2.00000000    70.1697852198
  0.90000000   2.00000000    76.7682909171
  1.00000000   2.00000000    84.4754243099
  1.10000000   2.00000000    93.4318394172
  1.20000000   2.00000000   103.8165229694
  1.30000000   2.00000000   115.8526053668
  1.40000000   2.00000000   129.8137085589
  1.50000000   2.00000000   146.0622628717
  1.60000000   2.00000000   159.4306480915
  1.70000000   2.00000000   167.1495701925
  1.80000000   2.00000000   167.1495701925
  1.90000000   2.00000000   159.4306480915
  2.00000000   2.00000000   146.0622628717
  2.10000000   2.00000000   129.8137085589
  2.20000000   2.00000000   115.8526053668
  2.30000000   2.00000000   103.8165229694
  2.40000000   2.00000000    93.4318394172
  2.50000000   2.00000000    84.4754243099
  2.60000000   2.00000000    76.7682909171
  2.70000000   2.00000000    70.1697852198
  2.80000000   2.00000000    64.5708455969
  2.90000000   2.00000000    59.8876648933
  3.00000000   2.00000000    56.0564157425
  3.10000000   2.00000000    53.0291412584
  3.20000000   2.00000000    50.7706834248
  3.30000000   2.00000000    49.2564689353
  3.40000000   2.00000000    48.4917013734
  3.50000000   2.00000000    48.4917013734

  0.00000000   2.10000000    47.6543428370
  0.10000000   2.10000000    47.6543428370
  0.20000000   2.10000000    48.3861153891
  0.30000000   2.10000000    49.8322720172
  0.40000000   2.10000000    51.9832999870
  0.50000000   2.10000000    54.8567374953
  0.60000000   2.10000000    58.4769768322
  0.70000000   2.10000000    62.8759193653
  0.80000000   2.10000000    68.0934942639
  0.90000000   2.10000000    74.1775455366
  1.00000000   2.10000000    81.1819643044
  1.10000000   2.10000000    89.1605063984
  1.20000000   2.10000000    98.1502708160
  1.30000000   2.10000000   108.1296920347
  1.40000000   2.10000000   118.9086139147
  1.50000000   2.10000000   129.8130098284
  1.60000000   2.10000000   138.6475260839
  1.70000000   2.10000000   143.6265451171
  1.80000000   2.10000000   143.6265451171
  1.90000000   2.10000000   138.6475260839
  2.00000000   2.10000000   129.8130098284
  2.10000000   2.10000000   118.9086139147
  2.20000000   2.10000000   108.1296920347
  2.30000000   2.10000000    98.1502708160
  2.40000000   2.10000000    89.1605063984
  2.50000000   2.10000000    81.1819643044
  2.60000000   2.10000000    74.1775455366
  2.70000000   2.10000000    68.0934942639
  2.80000000   2.10000000    62.8759193653
  2.90000000   2.10000000    58.4769768322
  3.00000000   2.10000000    54.8567374953
  3.10000000   2.10000000    51.9832999870
  3.20000000   2.10000000    49.8322720172
  3.30000000   2.10000000    48.3861153891
  3.40000000   2.10000000    47.6543428370
  3.50000000   2.10000000    47.6543428370

  0.00000000   2.20000000    46.5928462765
  0.10000000   2.20000000    46.5928462765
  0.20000000   2.20000000    47.2840922800
  0.30000000   2.20000000    48.6468718257
  0.40000000   2.20000000    50.6668793650
  0.50000000   2.20000000    53.3539538612
  0.60000000   2.20000000    56.7209503734
  0.70000000   2.20000000    60.7830506233
  0.80000000   2.20000000    65.5562251361
  0.90000000   2.20000000    71.0540240148
  1.00000000   2.20000000    77.2811348418
  1.10000000   2.20000000    84.2207247931
  1.20000000   2.20000000    91.8098526648
  1.30000000   2.20000000    99.8921863189
  1.40000000   2.20000000   108.1294899274
  1.50000000   2.20000000   115.8520425272
  1.60000000   2.20000000   121.9110491462
  1.70000000   2.20000000   125.2584087882
  1.80000000   2.20000000   125.2584087882
  1.90000000   2.20000000   121.9110491462
  2.00000000   2.20000000   115.8520425272
  2.10000000   2.20000000   108.1294899274
  2.20000000   2.20000000    99.8921863189
  2.30000000   2.20000000    91.8098526648
  2.40000000   2.20000000    84.2207247931
  2.50000000   2.20000000    77.2811348418
  2.60000000   2.20000000    71.0540240148
  2.70000000   2.20000000    65.5562251361
  2.80000000   2.20000000    60.7830506233
  2.90000000   2.20000000    56.7209503734
  3.00000000   2.20000000    53.3539538612
  3.10000000   2.20000000    50.6668793650
  3.20000000   2.20000000    48.6468718257
  3.30000000   2.20000000    47.2840922800
  3.40000000   2.20000000    46.5928462765
  3.50000000   2.20000000    46.5928462765

  0.00000000   2.30000000    45.3496287618
  0.10000000   2.30000000    45.3496287618
  0.20000000   2.30000000    45.9952006892
  0.30000000   2.30000000    47.2642948862
  0.40000000   2.30000000    49.1378490566
  0.50000000   2.30000000    51.6182152725
  0.60000000   2.30000000    54.7073194122
  0.70000000   2.30000000    58.4050670877
  0.80000000   2.30000000    62.7065794059
  0.90000000   2.30000000    67.5974615767
  1.00000000   2.30000000    73.0457919102
  1.10000000   2.30000000    78.9887442861
  1.20000000   2.30000000    85.3107766230
  1.30000000   2.30000000    91.8097607231
  1.40000000   2.30000000    98.1500259151
  1.50000000   2.30000000   103.8160689923
  1.60000000   2.30000000   108.1291529248
  1.70000000   2.30000000   110.4703360019
  1.80000000   2.30000000   110.4703360019
  1.90000000   2.30000000   108.1291529248
  2.00000000   2.30000000   103.8160689923
  2.10000000   2.30000000    98.1500259151
  2.20000000   2.30000000    91.8097607231
  2.30000000   2.30000000    85.3107766230
  2.40000000   2.30000000    78.9887442861
  2.50000000   2.30000000    73.0457919102
  2.60000000   2.30000000    67.5974615767
  2.70000000   2.30000000    62.7065794059
  2.80000000   2.30000000    58.4050670877
  2.90000000   2.30000000    54.7073194122
  3.00000000   2.30000000    51.6182152725
  3.10000000   2.30000000    49.1378490566
  3.20000000   2.30000000    47.2642948862
  3.30000000   2.30000000    45.9952006892
  3.40000000   2.30000000    45.3496287618
  3.50000000   2.30000000    45.3496287618

  0.00000000   2.40000000    43.9725479885
  0.10000000   2.40000000    43.9725479885
  0.20000000   2.40000000    44.5697018258
  0.30000000   2.40000000    45.7398037726
  0.40000000   2.40000000    47.4594736793
  0.50000000   2.40000000    49.7244332009
  0.60000000   2.40000000    52.5272247874
  0.70000000   2.40000000    55.8551942369
  0.80000000   2.40000000    59.6873081776
  0.90000000   2.40000000    63.9892303859
  1.00000000   2.40000000    68.7058565173
  1.10000000   2.40000000    73.7503289530
  1.20000000   2.40000000    78.9886977633
  1.30000000   2.40000000    84.2206019351
  1.40000000   2.40000000    89.1602752061
  1.50000000   2.40000000    93.4314794743
  1.60000000   2.40000000    96.6045447332
  1.70000000   2.40000000    98.3017454806
  1.80000000   2.40000000    98.3017454806
  1.90000000   2.40000000    96.6045447332
  2.00000000   2.40000000    93.4314794743
  2.10000000   2.40000000    89.1602752061
  2.20000000   2.40000000    84.2206019351
  2.30000000   2.40000000    78.9886977633
  2.40000000   2.40000000    73.7503289530
  2.50000000   2.40000000    68.7058565173
  2.60000000   2.40000000    63.9892303859
  2.70000000   2.40000000    59.6873081776
  2.80000000   2.40000000    55.8551942369
  2.90000000   2.40000000    52.5272247874
  3.00000000   2.40000000    49.7244332009
  3.10000000   2.40000000    47.4594736793
  3.20000000   2.40000000    45.7398037726
  3.30000000   2.40000000    44.5697018258
  3.40000000   2.40000000    43.9725479885
  3.50000000   2.40000000    43.9725479885

  0.00000000   2.50000000    42.5124017365
  0.10000000   2.50000000    42.5124017365
  0.20000000   2.50000000    43.0606182585
  0.30000000   2.50000000    44.1309968672
  0.40000000   2.50000000    45.6965267763
  0.50000000   2.50000000    47.7475172748
  0.60000000   2.50000000    50.2691245581
  0.70000000   2.50000000    53.2393068605
  0.80000000   2.50000000    56.6258121765
  0.90000000   2.50000000    60.3818807753
  1.00000000   2.50000000    64.4403300700
  1.10000000   2.50000000    68.7058330205
  1.20000000   2.50000000    73.0457284016
  1.30000000   2.50000000    77.2810127206
  1.40000000   2.50000000    81.1817670444
  1.50000000   2.50000000    84.4751450653
  1.60000000   2.50000000    86.8764769160
  1.70000000   2.50000000    88.1459708529
  1.80000000   2.50000000    88.1459708529
  1.90000000   2.50000000    86.8764769160
  2.00000000   2.50000000    84.4751450653
  2.10000000   2.50000000    81.1817670444
  2.20000000   2.50000000    77.2810127206
  2.30000000   2.50000000    73.0457284016
  2.40000000   2.50000000    68.7058330205
  2.50000000   2.50000000    64.4403300700
  2.60000000   2.50000000    60.3818807753
  2.70000000   2.50000000    56.6258121765
  2.80000000   2.50000000    53.2393068605
  2.90000000   2.50000000    50.2691245581
  3.00000000   2.50000000    47.7475172748
  3.10000000   2.50000000    45.6965267763
  3.20000000   2.50000000    44.1309968672
  3.30000000   2.50000000    43.0606182585
  3.40000000   2.50000000    42.5124017365
  3.50000000   2.50000000    42.5124017365

  0.00000000   2.60000000    41.0206049492
  0.10000000   2.60000000    41.0206049492
  0.20000000   2.60000000    41.5212813967
  0.30000000   2.60000000    42.4950956397
  0.40000000   2.60000000    43.9121918008
  0.50000000   2.60000000    45.7587902531
  0.60000000   2.60000000    48.0147071591
  0.70000000   2.60000000    50.6515427325
  0.80000000   2.60000000    53.6301688778
  0.90000000   2.60000000    56.8974064303
  1.00000000   2.60000000    60.3818702095
  1.10000000   2.60000000    63.9891994730
  1.20000000   2.60000000    67.5973989406
  1.30000000   2.60000000    71.0539182562
  1.40000000   2.60000000    74.1773881470
  1.50000000   2.60000000    76.7680803120
  1.60000000   2.60000000    78.6304888112
  1.70000000   2.60000000    79.6062305054
  1.80000000   2.60000000    79.6062305054
  1.90000000   2.60000000    78.6304888112
  2.00000000   2.60000000    76.7680803120
  2.10000000   2.60000000    74.1773881470
  2.20000000   2.60000000    71.0539182562
  2.30000000   2.60000000    67.5973989406
  2.40000000   2.60000000    63.9891994730
  2.50000000   2.60000000    60.3818702095
  2.60000000   2.60000000    56.8974064303
  2.70000000   2.60000000    53.6301688778
  2.80000000   2.60000000    50.6515427325
  2.90000000   2.60000000    48.0147071591
  3.00000000   2.60000000    45.7587902531
  3.10000000   2.60000000    43.9121918008
  3.20000000   2.60000000    42.4950956397
  3.30000000   2.60000000    41.5212813967
  3.40000000   2.60000000    41.0206049492
  3.50000000   2.60000000    41.0206049492

  0.00000000   2.70000000    39.5471796396
  0.10000000   2.70000000    39.5471796396
  0.20000000   2.70000000    40.0032616261
  0.30000000   2.70000000    40.8867664833
  0.40000000   2.70000000    42.1657576077
  0.50000000   2.70000000    43.8236061236
  0.60000000   2.70000000    45.8366163362
  0.70000000   2.70000000    48.1725779352
  0.80000000   2.70000000    50.7888736285
  0.90000000   2.70000000    53.6301658991
  1.00000000   2.70000000    56.6258003006
  1.10000000   2.70000000    59.6872802486
  1.20000000   2.70000000    62.7065277153
  1.30000000   2.70000000    65.5561426874
  1.40000000   2.70000000    68.0933766461
  1.50000000   2.70000000    70.1696327435
  1.60000000   2.70000000    71.6462551684
  1.70000000   2.70000000    72.4145618092
  1.80000000   2.70000000    72.4145618092
  1.90000000   2.70000000    71.6462551684
  2.00000000   2.70000000    70.1696327435
  2.10000000   2.70000000    68.0933766461
  2.20000000   2.70000000    65.5561426874
  2.30000000   2.70000000    62.7065277153
  2.40000000   2.70000000    59.6872802486
  2.50000000   2.70000000    56.6258003006
  2.60000000   2.70000000    53.6301658991
  2.70000000   2.70000000    50.7888736285
  2.80000000   2.70000000    48.1725779352
  2.90000000   2.70000000    45.8366163362
  3.00000000   2.70000000    43.8236061236
  3.10000000   2.70000000    42.1657576077
  3.20000000   2.70000000    40.8867664833
  3.30000000   2.70000000    40.0032616261
  3.40000000   2.70000000    39.5471796396
  3.50000000   2.70000000    39.5471796396

  0.00000000   2.80000000    38.1391216321
  0.10000000   2.80000000    38.1391216321
  0.20000000   2.80000000    38.5547338994
  0.30000000   2.80000000    39.3564996615
  0.40000000   2.80000000    40.5110645031
  0.50000000   2.80000000    41.9999924651
  0.60000000   2.80000000    43.7975494963
  0.70000000   2.80000000    45.8696520546
  0.80000000   2.80000000    48.1725793722
  0.90000000   2.80000000    50.6515421232
  1.00000000   2.80000000    53.2392997251
  1.10000000   2.80000000    55.8551754219
  1.20000000   2.80000000    58.4050313689
  1.30000000   2.80000000    60.7829936274
  1.40000000   2.80000000    62.8758387373
  1.50000000   2.80000000    64.5707421449
  1.60000000   2.80000000    65.7662721066
  1.70000000   2.80000000    66.3850512475
  1.80000000   2.80000000    66.3850512475
  1.90000000   2.80000000    65.7662721066
  2.00000000   2.80000000    64.5707421449
  2.10000000   2.80000000    62.8758387373
  2.20000000   2.80000000    60.7829936274
  2.30000000   2.80000000    58.4050313689
  2.40000000   2.80000000    55.8551754219
  2.50000000   2.80000000    53.2392997251
  2.60000000   2.80000000    50.6515421232
  2.70000000   2.80000000    48.1725793722
  2.80000000   2.80000000    45.8696520546
  2.90000000   2.80000000    43.7975494963
  3.00000000   2.80000000    41.9999924651
  3.10000000   2.80000000    40.5110645031
  3.20000000   2.80000000    39.3564996615
  3.30000000   2.80000000    38.5547338994
  3.40000000   2.80000000    38.1391216321
  3.50000000   2.80000000    38.1391216321

  0.00000000   2.90000000    36.8391480160
  0.10000000   2.90000000    36.8391480160
  0.20000000   2.90000000    37.2192669125
  0.30000000   2.90000000    37.9494941659
  0.40000000   2.90000000    38.9955740576
  0.50000000   2.90000000    40.3380592862
  0.60000000   2.90000000    41.9502591725
  0.70000000   2.90000000    43.7975533057
  0.80000000   2.90000000    45.8366221150
  0.90000000   2.90000000    48.0147122440
  1.00000000   2.90000000    50.2691256139
  1.10000000   2.90000000    52.5272181106
  1.20000000   2.90000000    54.7073014106
  1.30000000   2.90000000    56.7209182096
  1.40000000   2.90000000    58.4769291480
  1.50000000   2.90000000    59.8876024340
  1.60000000   2.90000000    60.8763563298
  1.70000000   2.90000000    61.3860452250
  1.80000000   2.90000000    61.3860452250
  1.90000000   2.90000000    60.8763563298
  2.00000000   2.90000000    59.8876024340
  2.10000000   2.90000000    58.4769291480
  2.20000000   2.90000000    56.7209182096
  2.30000000   2.90000000    54.7073014106
  2.40000000   2.90000000    52.5272181106
  2.50000000   2.90000000    50.2691256139
  2.60000000   2.90000000    48.0147122440
  2.70000000   2.90000000    45.8366221150
  2.80000000   2.90000000    43.7975533057
  2.90000000   2.90000000    41.9502591725
  3.00000000   2.90000000    40.3380592862
  3.10000000   2.90000000    38.9955740576
  3.20000000   2.90000000    37.9494941659
  3.30000000   2.90000000    37.2192669125
  3.40000000   2.90000000    36.8391480160
  3.50000000   2.90000000    36.8391480160

  0.00000000   3.00000000    35.6847848676
  0.10000000   3.00000000    35.6847848676
  0.20000000   3.00000000    36.0349830450
  0.30000000   3.00000000    36.7049600527
  0.40000000   3.00000000    37.6599089294
  0.50000000   3.00000000    38.8799200527
  0.60000000   3.00000000    40.3380640782
  0.70000000   3.00000000    42.0000013680
  0.80000000   3.00000000    43.8236177689
  0.90000000   3.00000000    45.7588026448
  1.00000000   3.00000000    47.7475279405
  1.10000000   3.00000000    49.7244394499
  1.20000000   3.00000000    51.6182145616
  1.30000000   3.00000000    53.3539442384
  1.40000000   3.00000000    54.8567180545
  1.50000000   3.00000000    56.0563869738
  1.60000000   3.00000000    56.8931403865
  1.70000000   3.00000000    57.3231355946
  1.80000000   3.00000000    57.3231355946
  1.90000000   3.00000000    56.8931403865
  2.00000000   3.00000000    56.0563869738
  2.10000000   3.00000000    54.8567180545
  2.20000000   3.00000000    53.3539442384
  2.30000000   3.00000000    51.6182145616
  2.40000000   3.00000000    49.7244394499
  2.50000000   3.00000000    47.7475279405
  2.60000000   3.00000000    45.7588026448
  2.70000000   3.00000000    43.8236177689
  2.80000000   3.00000000    42.0000013680
  2.90000000   3.00000000    40.3380640782
  3.00000000   3.00000000    38.8799200527
  3.10000000   3.00000000    37.6599089294
  3.20000000   3.00000000    36.7049600527
  3.30000000   3.00000000    36.0349830450
  3.40000000   3.00000000    35.6847848676
  3.50000000   3.00000000    35.6847848676

  0.00000000   3.10000000    34.7077231098
  0.10000000   3.10000000    34.7077231098
  0.20000000   3.10000000    35.0340187911
  0.30000000   3.10000000    35.6557426762
  0.40000000   3.10000000    36.5377177888
  0.50000000   3.10000000    37.6599137308
  0.60000000   3.10000000    38.9955838160
  0.70000000   3.10000000    40.5110788022
  0.80000000   3.10000000    42.1657754632
  0.90000000   3.10000000    43.9122117261
  1.00000000   3.10000000    45.6965469199
  1.10000000   3.10000000    47.4594920359
  1.20000000   3.10000000    49.1378637425
  1.30000000   3.10000000    50.6668889283
  1.40000000   3.10000000    51.9833037014
  1.50000000   3.10000000    53.0291393285
  1.60000000   3.10000000    53.7558792999
  1.70000000   3.10000000    54.1284596195
  1.80000000   3.10000000    54.1284596195
  1.90000000   3.10000000    53.7558792999
  2.00000000   3.10000000    53.0291393285
  2.10000000   3.10000000    51.9833037014
  2.20000000   3.10000000    50.6668889283
  2.30000000   3.10000000    49.1378637425
  2.40000000   3.10000000    47.4594920359
  2.50000000   3.10000000    45.6965469199
  2.60000000   3.10000000    43.9122117261
  2.70000000   3.10000000    42.1657754632
  2.80000000   3.10000000    40.5110788022
  2.90000000   3.10000000    38.9955838160
  3.00000000   3.10000000    37.6599137308
  3.10000000   3.10000000    36.5377177888
  3.20000000   3.10000000    35.6557426762
  3.30000000   3.10000000    35.0340187911
  3.40000000   3.10000000    34.7077231098
  3.50000000   3.10000000    34.7077231098

  0.00000000   3.20000000    33.9333371539
  0.10000000   3.20000000    33.9333371539
  0.20000000   3.20000000    34.2422254837
  0.30000000   3.20000000    34.8281905458
  0.40000000   3.20000000    35.6557467975
  0.50000000   3.20000000    36.7049690646
  0.60000000   3.20000000    37.9495083632
  0.70000000   3.20000000    39.3565188361
  0.80000000   3.20000000    40.8867899375
  0.90000000   3.20000000    42.4951222500
  1.00000000   3.20000000    44.1310252048
  1.10000000   3.20000000    45.7398322757
  1.20000000   3.20000000    47.2643220720
  1.30000000   3.20000000    48.6468965153
  1.40000000   3.20000000    49.8322935358
  1.50000000   3.20000000    50.7707017318
  1.60000000   3.20000000    51.4210136268
  1.70000000   3.20000000    51.7538379020
  1.80000000   3.20000000    51.7538379020
  1.90000000   3.20000000    51.4210136268
  2.00000000   3.20000000    50.7707017318
  2.10000000   3.20000000    49.8322935358
  2.20000000   3.20000000    48.6468965153
  2.30000000   3.20000000    47.2643220720
  2.40000000   3.20000000    45.7398322757
  2.50000000   3.20000000    44.1310252048
  2.60000000   3.20000000    42.4951222500
  2.70000000   3.20000000    40.8867899375
  2.80000000   3.20000000    39.3565188361
  2.90000000   3.20000000    37.9495083632
  3.00000000   3.20000000    36.7049690646
  3.10000000   3.20000000    35.6557467975
  3.20000000   3.20000000    34.8281905458
  3.30000000   3.20000000    34.2422254837
  3.40000000   3.20000000    33.9333371539
  3.50000000   3.20000000    33.9333371539

  0.00000000   3.30000000    33.3801829913
  0.10000000   3.30000000    33.3801829913
  0.20000000   3.30000000    33.6791237900
  0.30000000   3.30000000    34.2422284178
  0.40000000   3.30000000    35.0340259188
  0.50000000   3.30000000    36.0349951915
  0.60000000   3.30000000    37.2192844656
  0.70000000   3.30000000    38.5547567913
  0.80000000   3.30000000    40.0032893477
  0.90000000   3.30000000    41.5213130563
  1.00000000   3.30000000    43.0606526878
  1.10000000   3.30000000    44.5697377258
  1.20000000   3.30000000    45.9952368020
  1.30000000   3.30000000    47.2841275648
  1.40000000   3.30000000    48.3861491711
  1.50000000   3.30000000    49.2565009971
  1.60000000   3.30000000    49.8585629135
  1.70000000   3.30000000    50.1663437736
  1.80000000   3.30000000    50.1663437736
  1.90000000   3.30000000    49.8585629135
  2.00000000   3.30000000    49.2565009971
  2.10000000   3.30000000    48.3861491711
  2.20000000   3.30000000    47.2841275648
  2.30000000   3.30000000    45.9952368020
  2.40000000   3.30000000    44.5697377258
  2.50000000   3.30000000    43.0606526878
  2.60000000   3.30000000    41.5213130563
  2.70000000   3.30000000    40.0032893477
  2.80000000   3.30000000    38.5547567913
  2.90000000   3.30000000    37.2192844656
  3.00000000   3.30000000    36.0349951915
  3.10000000   3.30000000    35.0340259188
  3.20000000   3.30000000    34.2422284178
  3.30000000   3.30000000    33.6791237900
  3.40000000   3.30000000    33.3801829913
  3.50000000   3.30000000    33.3801829913

  0.00000000   3.40000000    33.0590180522
  0.10000000   3.40000000    33.0590180522
  0.20000000   3.40000000    33.3584481412
  0.30000000   3.40000000    33.9116388797
  0.40000000   3.40000000    34.6860763922
  0.50000000   3.40000000    35.6632038424
  0.60000000   3.40000000    36.8176454459
  0.70000000   3.40000000    38.1177084109
  0.80000000   3.40000000    39.5258642968
  0.90000000   3.40000000    40.9993931677
  1.00000000   3.40000000    42.4912959128
  1.10000000   3.40000000    43.9515468785
  1.20000000   3.40000000    45.3287272566
  1.30000000   3.40000000    46.5720353534
  1.40000000   3.40000000    47.6336097193
  1.50000000   3.40000000    48.4710299160
  1.60000000   3.40000000    49.0497901011
  1.70000000   3.40000000    49.3454915510
  1.80000000   3.40000000    49.3454915510
  1.90000000   3.40000000    49.0497901011
  2.00000000   3.40000000    48.4710299160
  2.10000000   3.40000000    47.6336097193
  2.20000000   3.40000000    46.5720353534
  2.30000000   3.40000000    45.3287272566
  2.40000000   3.40000000    43.9515468785
  2.50000000   3.40000000    42.4912959128
  2.60000000   3.40000000    40.9993931677
  2.70000000   3.40000000    39.5258642968
  2.80000000   3.40000000    38.1177084109
  2.90000000   3.40000000    36.8176454459
  3.00000000   3.40000000    35.6632038424
  3.10000000   3.40000000    34.6860763922
  3.20000000   3.40000000    33.9116388797
  3.30000000   3.40000000    33.3584481412
  3.40000000   3.40000000    33.0590180522
  3.50000000   3.40000000    33.0590180522

  0.00000000   3.50000000    33.0590180522
  0.10000000   3.50000000    33.0590180522
  0.20000000   3.50000000    33.3584481412
  0.30000000   3.50000000    33.9116388797
  0.40000000   3.50000000    34.6860763922
  0.50000000   3.50000000    35.6632038424
  0.60000000   3.50000000    36.8176454459
  0.70000000   3.50000000    38.1177084109
  0.80000000   3.50000000    39.5258642968
  0.90000000   3.50000000    40.9993931677
  1.00000000   3.50000000    42.4912959128
  1.10000000   3.50000000    43.9515468785
  1.20000000   3.50000000    45.3287272566
  1.30000000   3.50000000    46.5720353534
  1.40000000   3.50000000    47.6336097193
  1.50000000   3.50000000    48.4710299160
  1.60000000   3.50000000    49.0497901011
  1.70000000   3.50000000    49.3454915510
  1.80000000   3.50000000    49.3454915510
  1.90000000   3.50000000    49.0497901011
  2.00000000   3.50000000    48.4710299160
  2.10000000   3.50000000    47.6336097193
  2.20000000   3.50000000    46.5720353534
  2.30000000   3.50000000    45.3287272566
  2.40000000   3.50000000    43.9515468785
  2.50000000   3.50000000    42.4912959128
  2.60000000   3.50000000    40.9993931677
  2.70000000   3.50000000    39.5258642968
  2.80000000   3.50000000    38.1177084109
  2.90000000   3.50000000    36.8176454459
  3.00000000   3.50000000    35.6632038424
  3.10000000   3.50000000    34.6860763922
  3.20000000   3.50000000    33.9116388797
  3.30000000   3.50000000    33.3584481412
  3.40000000   3.50000000    33.0590180522
  3.50000000   3.50000000    33.0590180522

