  0.00000000   0.00000000   200.0000000000
  0.10000000   0.00000000   200.0000000000
  0.20000000   0.00000000   200.0000000000
  0.30000000   0.00000000   200.0000000000
  0.40000000   0.00000000   200.0000000000
  0.50000000   0.00000000   200.0000000000
  0.60000000   0.00000000   200.0000000000
  0.70000000   0.00000000   200.0000000000
  0.80000000   0.00000000   200.0000000000
  0.90000000   0.00000000   200.0000000000
  1.00000000   0.00000000   200.0000000000
  1.10000000   0.00000000   200.0000000000
  1.20000000   0.00000000   200.0000000000
  1.30000000   0.00000000   200.0000000000
  1.40000000   0.00000000   200.0000000000
  1.50000000   0.00000000   200.0000000000
  1.60000000   0.00000000   200.0000000000
  1.70000000   0.00000000   200.0000000000
  1.80000000   0.00000000   200.0000000000
  1.90000000   0.00000000   200.0000000000
  2.00000000   0.00000000   200.0000000000
  2.10000000   0.00000000   200.0000000000
  2.20000000   0.00000000   200.0000000000
  2.30000000   0.00000000   200.0000000000
  2.40000000   0.00000000   200.0000000000
  2.50000000   0.00000000   200.0000000000
  2.60000000   0.00000000   200.0000000000
  2.70000000   0.00000000   200.0000000000
  2.80000000   0.00000000   200.0000000000
  2.90000000   0.00000000   200.0000000000
  3.00000000   0.00000000   200.0000000000
  3.10000000   0.00000000   200.0000000000
  3.20000000   0.00000000   200.0000000000
  3.30000000   0.00000000   200.0000000000
  3.40000000   0.00000000   200.0000000000
  3.50000000   0.00000000   200.0000000000

  0.00000000   0.10000000   200.0000000000
  0.10000000   0.10000000   286.3809000623
  0.20000000   0.10000000   305.0148631714
  0.30000000   0.10000000   300.1138188399
  0.40000000   0.10000000   297.8074302451
  0.50000000   0.10000000   296.3695474766
  0.60000000   0.10000000   295.2650013216
  0.70000000   0.10000000   294.3098160796
  0.80000000   0.10000000   293.4336797462
  0.90000000   0.10000000   292.6066800902
  1.00000000   0.10000000   291.8144767429
  1.10000000   0.10000000   291.0490235753
  1.20000000   0.10000000   290.3047386485
  1.30000000   0.10000000   289.5767464393
  1.40000000   0.10000000   288.8599625617
  1.50000000   0.10000000   288.1485301438
  1.60000000   0.10000000   287.4353895068
  1.70000000   0.10000000   286.7118672876
  1.80000000   0.10000000   285.9672086906
  1.90000000   0.10000000   285.1879824822
  2.00000000   0.10000000   284.3572736528
  2.10000000   0.10000000   283.4535428405
  2.20000000   0.10000000   282.4489652484
  2.30000000   0.10000000   281.3069431552
  2.40000000   0.10000000   279.9782704992
  2.50000000   0.10000000   278.3950221514
  2.60000000   0.10000000   276.4604415207
  2.70000000   0.10000000   274.0314421367
  2.80000000   0.10000000   270.8866830394
  2.90000000   0.10000000   266.6645429422
  3.00000000   0.10000000   260.7333023641
  3.10000000   0.10000000   251.8948851388
  3.20000000   0.10000000   237.6396903019
  3.30000000   0.10000000   212.0670990823
  3.40000000   0.10000000   159.4466354503
  3.50000000   0.10000000     0.0000000000

  0.00000000   0.20000000   200.0000000000
  0.10000000   0.20000000   272.7648648097
  0.20000000   0.20000000   301.3269244886
  0.30000000   0.20000000   297.6511071613
  0.40000000   0.20000000   294.7702243152
  0.50000000   0.20000000   292.4351237809
  0.60000000   0.20000000   290.4151996981
  0.70000000   0.20000000   288.5799805954
  0.80000000   0.20000000   286.8620618963
  0.90000000   0.20000000   285.2264084825
  1.00000000   0.20000000   283.6535849831
  1.10000000   0.20000000   282.1313034739
  1.20000000   0.20000000   280.6501387652
  1.30000000   0.20000000   279.2012425720
  1.40000000   0.20000000   277.7750036082
  1.50000000   0.20000000   276.3601383849
  1.60000000   0.20000000   274.9429440108
  1.70000000   0.20000000   273.5065522620
  1.80000000   0.20000000   272.0300639067
  1.90000000   0.20000000   270.4874431747
  2.00000000   0.20000000   268.8460233608
  2.10000000   0.20000000   267.0644123205
  2.20000000   0.20000000   265.0894755983
  2.30000000   0.20000000   262.8518823958
  2.40000000   0.20000000   260.2593616011
  2.50000000   0.20000000   257.1862062234
  2.60000000   0.20000000   253.4564325597
  2.70000000   0.20000000   248.8158232021
  2.80000000   0.20000000   242.8837525968
  2.90000000   0.20000000   235.0668259961
  3.00000000   0.20000000   224.3978922059
  3.10000000   0.20000000   209.2259955646
  3.20000000   0.20000000   186.6114550086
  3.30000000   0.20000000   151.1918996805
  3.40000000   0.20000000    93.4743703603
  3.50000000   0.20000000     0.0000000000

  0.00000000   0.30000000   200.0000000000
  0.10000000   0.30000000   267.8638253240
  0.20000000   0.30000000   297.6511152151
  0.30000000   0.30000000   294.4295195354
  0.40000000   0.30000000   291.2347224829
  0.50000000   0.30000000   288.2439431260
  0.60000000   0.30000000   285.4494421946
  0.70000000   0.30000000   282.8112206772
  0.80000000   0.30000000   280.2953903427
  0.90000000   0.30000000   277.8784861732
  1.00000000   0.30000000   275.5443659305
  1.10000000   0.30000000   273.2807334667
  1.20000000   0.30000000   271.0765682223
  1.30000000   0.30000000   268.9203641865
  1.40000000   0.30000000   266.7988802036
  1.50000000   0.30000000   264.6961532758
  1.60000000   0.30000000   262.5925943977
  1.70000000   0.30000000   260.4640275988
  1.80000000   0.30000000   258.2805453401
  1.90000000   0.30000000   256.0050402691
  2.00000000   0.30000000   253.5912337719
  2.10000000   0.30000000   250.9809485586
  2.20000000   0.30000000   248.1002495877
  2.30000000   0.30000000   244.8538751332
  2.40000000   0.30000000   241.1170448685
  2.50000000   0.30000000   236.7231722079
  2.60000000   0.30000000   231.4450651297
  2.70000000   0.30000000   224.9656112447
  2.80000000   0.30000000   216.8313221763
  2.90000000   0.30000000   206.3780765450
  3.00000000   0.30000000   192.6133976809
  3.10000000   0.30000000   174.0384281363
  3.20000000   0.30000000   148.4174265179
  3.30000000   0.30000000   112.6342225762
  3.40000000   0.30000000    63.2687464746
  3.50000000   0.30000000     0.0000000000

  0.00000000   0.40000000   200.0000000000
  0.10000000   0.40000000   265.5574462162
  0.20000000   0.40000000   294.7702497070
  0.30000000   0.40000000   291.2347444662
  0.40000000   0.40000000   287.5658044764
  0.50000000   0.40000000   283.9433399154
  0.60000000   0.40000000   280.4296178615
  0.70000000   0.40000000   277.0365936192
  0.80000000   0.40000000   273.7594512390
  0.90000000   0.40000000   270.5892821642
  1.00000000   0.40000000   267.5166185986
  1.10000000   0.40000000   264.5316506754
  1.20000000   0.40000000   261.6234671441
  1.30000000   0.40000000   258.7791170623
  1.40000000   0.40000000   255.9826980969
  1.50000000   0.40000000   253.2144718770
  1.60000000   0.40000000   250.4499409583
  1.70000000   0.40000000   247.6587982227
  1.80000000   0.40000000   244.8036416821
  1.90000000   0.40000000   241.8383212981
  2.00000000   0.40000000   238.7057414011
  2.10000000   0.40000000   235.3348742114
  2.20000000   0.40000000   231.6366349600
  2.30000000   0.40000000   227.4981094836
  2.40000000   0.40000000   222.7743855647
  2.50000000   0.40000000   217.2768875753
  2.60000000   0.40000000   210.7566220045
  2.70000000   0.40000000   202.8801285531
  2.80000000   0.40000000   193.1954032906
  2.90000000   0.40000000   181.0854090185
  3.00000000   0.40000000   165.7104555603
  3.10000000   0.40000000   145.9543711720
  3.20000000   0.40000000   120.4289812660
  3.30000000   0.40000000    87.6878672840
  3.40000000   0.40000000    46.9809563897
  3.50000000   0.40000000     0.0000000000

  0.00000000   0.50000000   200.0000000000
  0.10000000   0.50000000   264.1195788130
  0.20000000   0.50000000   292.4351782715
  0.30000000   0.50000000   288.2440047427
  0.40000000   0.50000000   283.9433854442
  0.50000000   0.50000000   279.6483725589
  0.60000000   0.50000000   275.4236952121
  0.70000000   0.50000000   271.2995280255
  0.80000000   0.50000000   267.2872753018
  0.90000000   0.50000000   263.3889013523
  1.00000000   0.50000000   259.6012700822
  1.10000000   0.50000000   255.9177172132
  1.20000000   0.50000000   252.3283049964
  1.30000000   0.50000000   248.8195008058
  1.40000000   0.50000000   245.3736022372
  1.50000000   0.50000000   241.9680187341
  1.60000000   0.50000000   238.5744172399
  1.70000000   0.50000000   235.1576870392
  1.80000000   0.50000000   231.6746451662
  1.90000000   0.50000000   228.0723723504
  2.00000000   0.50000000   224.2860313645
  2.10000000   0.50000000   220.2359685394
  2.20000000   0.50000000   215.8238298401
  2.30000000   0.50000000   210.9273314717
  2.40000000   0.50000000   205.3932128687
  2.50000000   0.50000000   199.0277842305
  2.60000000   0.50000000   191.5844205120
  2.70000000   0.50000000   182.7475107652
  2.80000000   0.50000000   172.1131439421
  2.90000000   0.50000000   159.1691032190
  3.00000000   0.50000000   143.2824272579
  3.10000000   0.50000000   123.7152621693
  3.20000000   0.50000000    99.7133493843
  3.30000000   0.50000000    70.7455379344
  3.40000000   0.50000000    36.9863770186
  3.50000000   0.50000000     0.0000000000

  0.00000000   0.60000000   200.0000000000
  0.10000000   0.60000000   263.0150548873
  0.20000000   0.60000000   290.4152970243
  0.30000000   0.60000000   285.4495640691
  0.40000000   0.60000000   280.4297364479
  0.50000000   0.60000000   275.4237751863
  0.60000000   0.60000000   270.4828407324
  0.70000000   0.60000000   265.6393034768
  0.80000000   0.60000000   260.9112442869
  0.90000000   0.60000000   256.3069759447
  1.00000000   0.60000000   251.8279674113
  1.10000000   0.60000000   247.4703223690
  1.20000000   0.60000000   243.2253069728
  1.30000000   0.60000000   239.0793224298
  1.40000000   0.60000000   235.0135559450
  1.50000000   0.60000000   231.0034196140
  1.60000000   0.60000000   227.0178075986
  1.70000000   0.60000000   223.0181526272
  1.80000000   0.60000000   218.9572293327
  1.90000000   0.60000000   214.7776245491
  2.00000000   0.60000000   210.4097678147
  2.10000000   0.60000000   205.7693864742
  2.20000000   0.60000000   200.7542198145
  2.30000000   0.60000000   195.2398020610
  2.40000000   0.60000000   189.0741223202
  2.50000000   0.60000000   182.0710308501
  2.60000000   0.60000000   174.0024706861
  2.70000000   0.60000000   164.5901425473
  2.80000000   0.60000000   153.4983800050
  2.90000000   0.60000000   140.3323684993
  3.00000000   0.60000000   124.6501633007
  3.10000000   0.60000000   106.0038766384
  3.20000000   0.60000000    84.0337863388
  3.30000000   0.60000000    58.6415460028
  3.40000000   0.60000000    30.2425698948
  3.50000000   0.60000000     0.0000000000

  0.00000000   0.70000000   200.0000000000
  0.10000000   0.70000000   262.0598994292
  0.20000000   0.70000000   288.5801358808
  0.30000000   0.70000000   282.8114255287
  0.40000000   0.70000000   277.0368156110
  0.50000000   0.70000000   271.2997259827
  0.60000000   0.70000000   265.6394291425
  0.70000000   0.70000000   260.0857088678
  0.80000000   0.70000000   254.6585499864
  0.90000000   0.70000000   249.3694719981
  1.00000000   0.70000000   244.2228887349
  1.10000000   0.70000000   239.2169996071
  1.20000000   0.70000000   234.3441952448
  1.30000000   0.70000000   229.5910901776
  1.40000000   0.70000000   224.9382889402
  1.50000000   0.70000000   220.3599501136
  1.60000000   0.70000000   215.8231716108
  1.70000000   0.70000000   211.2871884829
  1.80000000   0.70000000   206.7023508614
  1.90000000   0.70000000   202.0088319196
  2.00000000   0.70000000   197.1350025842
  2.10000000   0.70000000   191.9954022271
  2.20000000   0.70000000   186.4882375747
  2.30000000   0.70000000   180.4923667455
  2.40000000   0.70000000   173.8637937694
  2.50000000   0.70000000   166.4318519109
  2.60000000   0.70000000   157.9955627316
  2.70000000   0.70000000   148.3212377211
  2.80000000   0.70000000   137.1434078120
  2.90000000   0.70000000   124.1728109906
  3.00000000   0.70000000   109.1174961444
  3.10000000   0.70000000    91.7255928097
  3.20000000   0.70000000    71.8588606930
  3.30000000   0.70000000    49.5995250241
  3.40000000   0.70000000    25.3700470116
  3.50000000   0.70000000     0.0000000000

  0.00000000   0.80000000   200.0000000000
  0.10000000   0.80000000   261.1838007952
  0.20000000   0.80000000   286.8622909944
  0.30000000   0.80000000   280.2957020051
  0.40000000   0.80000000   273.7598085061
  0.50000000   0.80000000   267.2876312081
  0.60000000   0.80000000   260.9115437342
  0.70000000   0.80000000   254.6587319520
  0.80000000   0.80000000   248.5494645829
  0.90000000   0.80000000   242.5968602409
  1.00000000   0.80000000   236.8071794183
  1.10000000   0.80000000   231.1801471243
  1.20000000   0.80000000   225.7091243010
  1.30000000   0.80000000   220.3810938149
  1.40000000   0.80000000   215.1764759369
  1.50000000   0.80000000   210.0687921733
  1.60000000   0.80000000   205.0241846696
  1.70000000   0.80000000   200.0007844408
  1.80000000   0.80000000   194.9479103679
  1.90000000   0.80000000   189.8050741514
  2.00000000   0.80000000   184.5007659231
  2.10000000   0.80000000   178.9510042144
  2.20000000   0.80000000   173.0576587639
  2.30000000   0.80000000   166.7066065041
  2.40000000   0.80000000   159.7658789120
  2.50000000   0.80000000   152.0841324085
  2.60000000   0.80000000   143.4900654322
  2.70000000   0.80000000   133.7938693543
  2.80000000   0.80000000   122.7924804974
  2.90000000   0.80000000   110.2812770568
  3.00000000   0.80000000    96.0757185059
  3.10000000   0.80000000    80.0465838654
  3.20000000   0.80000000    62.1704562280
  3.30000000   0.80000000    42.5905345470
  3.40000000   0.80000000    21.6696198751
  3.50000000   0.80000000     0.0000000000

  0.00000000   0.90000000   200.0000000000
  0.10000000   0.90000000   260.3568467639
  0.20000000   0.90000000   285.2267272770
  0.30000000   0.90000000   277.8789285505
  0.40000000   0.90000000   270.5898067157
  0.50000000   0.90000000   263.3894554187
  0.60000000   0.90000000   256.3074976828
  0.70000000   0.90000000   249.3698928177
  0.80000000   0.90000000   242.5971075234
  0.90000000   0.90000000   236.0032916501
  1.00000000   0.90000000   229.5959995585
  1.10000000   0.90000000   223.3761276930
  1.20000000   0.90000000   217.3378865587
  1.30000000   0.90000000   211.4687246445
  1.40000000   0.90000000   205.7491729879
  1.50000000   0.90000000   200.1525992705
  1.60000000   0.90000000   194.6448650379
  1.70000000   0.90000000   189.1838787609
  1.80000000   0.90000000   183.7190365845
  1.90000000   0.90000000   178.1905451587
  2.00000000   0.90000000   172.5286298905
  2.10000000   0.90000000   166.6526511430
  2.20000000   0.90000000   160.4701861676
  2.30000000   0.90000000   153.8761946743
  2.40000000   0.90000000   146.7524835016
  2.50000000   0.90000000   138.9678370700
  2.60000000   0.90000000   130.3794024012
  2.70000000   0.90000000   120.8362196864
  2.80000000   0.90000000   110.1861511928
  2.90000000   0.90000000    98.2877886498
  3.00000000   0.90000000    85.0289710987
  3.10000000   0.90000000    70.3528440552
  3.20000000   0.90000000    54.2901982466
  3.30000000   0.90000000    36.9924112542
  3.40000000   0.90000000    18.7529265222
  3.50000000   0.90000000     0.0000000000

  0.00000000   1.00000000   200.0000000000
  0.10000000   1.00000000   259.5646966170
  0.20000000   1.00000000   283.6540086704
  0.30000000   1.00000000   275.5449619264
  0.40000000   1.00000000   267.5173411650
  0.50000000   1.00000000   259.6020610083
  0.60000000   1.00000000   251.8287582589
  0.70000000   1.00000000   244.2236034869
  0.80000000   1.00000000   236.8077374349
  0.90000000   1.00000000   229.5963187326
  1.00000000   1.00000000   222.5980070311
  1.10000000   1.00000000   215.8146991377
  1.20000000   1.00000000   209.2413846381
  1.30000000   1.00000000   202.8660385359
  1.40000000   1.00000000   196.6695044320
  1.50000000   1.00000000   190.6253427536
  1.60000000   1.00000000   184.6996297203
  1.70000000   1.00000000   178.8506993703
  1.80000000   1.00000000   173.0288271478
  1.90000000   1.00000000   167.1758624245
  2.00000000   1.00000000   161.2248318530
  2.10000000   1.00000000   155.0995590003
  2.20000000   1.00000000   148.7143826317
  2.30000000   1.00000000   141.9741118168
  2.40000000   1.00000000   134.7744370355
  2.50000000   1.00000000   127.0031281806
  2.60000000   1.00000000   118.5424933648
  2.70000000   1.00000000   109.2737337607
  2.80000000   1.00000000    99.0839672740
  2.90000000   1.00000000    87.8767130304
  3.00000000   1.00000000    75.5863560348
  3.10000000   1.00000000    62.1962887190
  3.20000000   1.00000000    47.7587808191
  3.30000000   1.00000000    32.4121170941
  3.40000000   1.00000000    16.3878398805
  3.50000000   1.00000000     0.0000000000

  0.00000000   1.10000000   200.0000000000
  0.10000000   1.10000000   258.7993035202
  0.20000000   1.10000000   282.1318458546
  0.30000000   1.10000000   273.2815039262
  0.40000000   1.10000000   264.5325993077
  0.50000000   1.10000000   255.9187804508
  0.60000000   1.10000000   247.4714253923
  0.70000000   1.10000000   239.2180591858
  0.80000000   1.10000000   231.1810747896
  0.90000000   1.10000000   223.3768331261
  1.00000000   1.10000000   215.8150936529
  1.10000000   1.10000000   208.4986845161
  1.20000000   1.10000000   201.4233249534
  1.30000000   1.10000000   194.5775325535
  1.40000000   1.10000000   187.9425688167
  1.50000000   1.10000000   181.4923930795
  1.60000000   1.10000000   175.1936072657
  1.70000000   1.10000000   169.0053840274
  1.80000000   1.10000000   162.8793809036
  1.90000000   1.10000000   156.7596553893
  2.00000000   1.10000000   150.5826125227
  2.10000000   1.10000000   144.2770401623
  2.20000000   1.10000000   137.7643201918
  2.30000000   1.10000000   130.9589490278
  2.40000000   1.10000000   123.7695597296
  2.50000000   1.10000000   116.1007096283
  2.60000000   1.10000000   107.8557742685
  2.70000000   1.10000000    98.9413509303
  2.80000000   1.10000000    89.2735829600
  2.90000000   1.10000000    78.7867005263
  3.00000000   1.10000000    67.4437345377
  3.10000000   1.10000000    55.2486888905
  3.20000000   1.10000000    42.2584022724
  3.30000000   1.10000000    28.5910457271
  3.40000000   1.10000000    14.4272263880
  3.50000000   1.10000000     0.0000000000

  0.00000000   1.20000000   200.0000000000
  0.10000000   1.20000000   258.0550844914
  0.20000000   1.20000000   280.6508115692
  0.30000000   1.20000000   271.0775309248
  0.40000000   1.20000000   261.6246658788
  0.50000000   1.20000000   252.3296710955
  0.60000000   1.20000000   243.2267595215
  0.70000000   1.20000000   234.3456440964
  0.80000000   1.20000000   225.7104734430
  0.90000000   1.20000000   217.3390377094
  1.00000000   1.20000000   209.2422409467
  1.10000000   1.20000000   201.4237946720
  1.20000000   1.20000000   193.8800751397
  1.30000000   1.20000000   186.6000911441
  1.40000000   1.20000000   179.5655200518
  1.50000000   1.20000000   172.7507820078
  1.60000000   1.20000000   166.1231340212
  1.70000000   1.20000000   159.6427769408
  1.80000000   1.20000000   153.2629800655
  1.90000000   1.20000000   146.9302415546
  2.00000000   1.20000000   140.5845192868
  2.10000000   1.20000000   134.1595877655
  2.20000000   1.20000000   127.5836032573
  2.30000000   1.20000000   120.7799921176
  2.40000000   1.20000000   113.6688151568
  2.50000000   1.20000000   106.1687998262
  2.60000000   1.20000000    98.2002623830
  2.70000000   1.20000000    89.6891459061
  2.80000000   1.20000000    80.5723474092
  2.90000000   1.20000000    70.8043565801
  3.00000000   1.20000000    60.3649329134
  3.10000000   1.20000000    49.2670771990
  3.20000000   1.20000000    37.5639393868
  3.30000000   1.20000000    25.3527064314
  3.40000000   1.20000000    12.7732658402
  3.50000000   1.20000000     0.0000000000

  0.00000000   1.30000000   200.0000000000
  0.10000000   1.30000000   257.3271626555
  0.20000000   1.30000000   279.2020548431
  0.30000000   1.30000000   268.9215329258
  0.40000000   1.30000000   258.7805847026
  0.50000000   1.30000000   248.8211939016
  0.60000000   1.30000000   239.0811543388
  0.70000000   1.30000000   229.5929642269
  0.80000000   1.30000000   220.3829068368
  0.90000000   1.30000000   211.4703707561
  1.00000000   1.30000000   202.8674130291
  1.10000000   1.30000000   194.5785357583
  1.20000000   1.30000000   186.6006321320
  1.30000000   1.30000000   178.9230563930
  1.40000000   1.30000000   171.5277784309
  1.50000000   1.30000000   164.3895934423
  1.60000000   1.30000000   157.4763682286
  1.70000000   1.30000000   150.7493173444
  1.80000000   1.30000000   144.1633144790
  1.90000000   1.30000000   137.6672576440
  2.00000000   1.30000000   131.2045216057
  2.10000000   1.30000000   124.7135481284
  2.20000000   1.30000000   118.1286441831
  2.30000000   1.30000000   111.3810796677
  2.40000000   1.30000000   104.4005971605
  2.50000000   1.30000000    97.1174620061
  2.60000000   1.30000000    89.4651830023
  2.70000000   1.30000000    81.3840085533
  2.80000000   1.30000000    72.8252316773
  2.90000000   1.30000000    63.7561983427
  3.00000000   1.30000000    54.1656909570
  3.10000000   1.30000000    44.0690568537
  3.20000000   1.30000000    33.5121189984
  3.30000000   1.30000000    22.5726593083
  3.40000000   1.30000000    11.3582882933
  3.50000000   1.30000000     0.0000000000

  0.00000000   1.40000000   200.0000000000
  0.10000000   1.40000000   256.6104520063
  0.20000000   1.40000000   277.7759611687
  0.30000000   1.40000000   266.8002639877
  0.40000000   1.40000000   255.9844471510
  0.50000000   1.40000000   245.3756387323
  0.60000000   1.40000000   235.0157879658
  0.70000000   1.40000000   224.9406137790
  0.80000000   1.40000000   215.1787837726
  0.90000000   1.40000000   205.7513508210
  1.00000000   1.40000000   196.6714401363
  1.10000000   1.40000000   187.9441551665
  1.20000000   1.40000000   179.5666585852
  1.30000000   1.40000000   171.5283830187
  1.40000000   1.40000000   163.8113316843
  1.50000000   1.40000000   156.3904386602
  1.60000000   1.40000000   149.2339698810
  1.70000000   1.40000000   142.3039579335
  1.80000000   1.40000000   135.5566758713
  1.90000000   1.40000000   128.9431675648
  2.00000000   1.40000000   122.4098647662
  2.10000000   1.40000000   115.8993341721
  2.20000000   1.40000000   109.3512109867
  2.30000000   1.40000000   102.7033877068
  2.40000000   1.40000000    95.8935356612
  2.50000000   1.40000000    88.8610380438
  2.60000000   1.40000000    81.5494002726
  2.70000000   1.40000000    73.9091676654
  2.80000000   1.40000000    65.9013114233
  2.90000000   1.40000000    57.5009330718
  3.00000000   1.40000000    48.7009835520
  3.10000000   1.40000000    39.5155112775
  3.20000000   1.40000000    29.9817857214
  3.30000000   1.40000000    20.1605634901
  3.40000000   1.40000000    10.1338665213
  3.50000000   1.40000000     0.0000000000

  0.00000000   1.50000000   200.0000000000
  0.10000000   1.50000000   255.8990938338
  0.20000000   1.50000000   276.3612434001
  0.30000000   1.50000000   264.6977556755
  0.40000000   1.50000000   253.2165076924
  0.50000000   1.50000000   241.9704062220
  0.60000000   1.50000000   231.0060621317
  0.70000000   1.50000000   220.3627395155
  0.80000000   1.50000000   210.0716126063
  0.90000000   1.50000000   200.1553312343
  1.00000000   1.50000000   190.6278672838
  1.10000000   1.50000000   181.4945959090
  1.20000000   1.50000000   172.7525575619
  1.30000000   1.50000000   164.3908485350
  1.40000000   1.50000000   156.3910957667
  1.50000000   1.50000000   148.7279832304
  1.60000000   1.50000000   141.3698100861
  1.70000000   1.50000000   134.2790735866
  1.80000000   1.50000000   127.4130818348
  1.90000000   1.50000000   120.7246127272
  2.00000000   1.50000000   114.1626457784
  2.10000000   1.50000000   107.6732029174
  2.20000000   1.50000000   101.2003423108
  2.30000000   1.50000000    94.6873546794
  2.40000000   1.50000000    88.0782124150
  2.50000000   1.50000000    81.3193148937
  2.60000000   1.50000000    74.3615544130
  2.70000000   1.50000000    67.1626910832
  2.80000000   1.50000000    59.6899671261
  2.90000000   1.50000000    51.9228095336
  3.00000000   1.50000000    43.8553695294
  3.10000000   1.50000000    35.4985434462
  3.20000000   1.50000000    26.8810427206
  3.30000000   1.50000000    18.0490741335
  3.40000000   1.50000000     9.0643005066
  3.50000000   1.50000000     0.0000000000

  0.00000000   1.60000000   200.0000000000
  0.10000000   1.60000000   255.1860264601
  0.20000000   1.60000000   274.9441946680
  0.30000000   1.60000000   262.5944130655
  0.40000000   1.60000000   250.4522610823
  0.50000000   1.60000000   238.5771537070
  0.60000000   1.60000000   227.0208596770
  0.70000000   1.60000000   215.8264264229
  0.80000000   1.60000000   205.0275210736
  0.90000000   1.60000000   194.6481577833
  1.00000000   1.60000000   184.7027537306
  1.10000000   1.60000000   175.1964419016
  1.20000000   1.60000000   166.1255671784
  1.30000000   1.60000000   157.4783001327
  1.40000000   1.60000000   149.2353164549
  1.50000000   1.60000000   141.3705057807
  1.60000000   1.60000000   133.8516894247
  1.70000000   1.60000000   126.6413408300
  1.80000000   1.60000000   119.6973148118
  1.90000000   1.60000000   112.9736018445
  2.00000000   1.60000000   106.4211317975
  2.10000000   1.60000000    99.9886576697
  2.20000000   1.60000000    93.6237536731
  2.30000000   1.60000000    87.2739626388
  2.40000000   1.60000000    80.8881237138
  2.50000000   1.60000000    74.4179005880
  2.60000000   1.60000000    67.8195104937
  2.70000000   1.60000000    61.0556224743
  2.80000000   1.60000000    54.0973485008
  2.90000000   1.60000000    46.9261941903
  3.00000000   1.60000000    39.5357731146
  3.10000000   1.60000000    31.9330326407
  3.20000000   1.60000000    24.1387097275
  3.30000000   1.60000000    16.1867562403
  3.40000000   1.60000000     8.1225656084
  3.50000000   1.60000000     0.0000000000

  0.00000000   1.70000000   200.0000000000
  0.10000000   1.70000000   254.4625744267
  0.20000000   1.70000000   273.5079425761
  0.30000000   1.70000000   260.4660539768
  0.40000000   1.70000000   247.6613920102
  0.50000000   1.70000000   235.1607603731
  0.60000000   1.70000000   223.0216014165
  0.70000000   1.70000000   211.2908959309
  0.80000000   1.70000000   200.0046249830
  0.90000000   1.70000000   189.1877222825
  1.00000000   1.70000000   178.8544155554
  1.10000000   1.70000000   169.0088466910
  1.20000000   1.70000000   159.6458681967
  1.30000000   1.70000000   150.7519314708
  1.40000000   1.70000000   142.3060048085
  1.50000000   1.70000000   134.2804815849
  1.60000000   1.70000000   126.6420590908
  1.70000000   1.70000000   119.3525848813
  1.80000000   1.70000000   112.3698800258
  1.90000000   1.70000000   105.6485576686
  2.00000000   1.70000000    99.1408612585
  2.10000000   1.70000000    92.7975500218
  2.20000000   1.70000000    86.5688597010
  2.30000000   1.70000000    80.4055638509
  2.40000000   1.70000000    74.2601541978
  2.50000000   1.70000000    68.0881465327
  2.60000000   1.70000000    61.8495000385
  2.70000000   1.70000000    55.5101119385
  2.80000000   1.70000000    49.0433161148
  2.90000000   1.70000000    42.4312761807
  3.00000000   1.70000000    35.6661257992
  3.10000000   1.70000000    28.7506809364
  3.20000000   1.70000000    21.6985424624
  3.30000000   1.70000000    14.5334358901
  3.40000000   1.70000000     7.2877064851
  3.50000000   1.70000000     0.0000000000

  0.00000000   1.80000000   200.0000000000
  0.10000000   1.80000000   253.7179808116
  0.20000000   1.80000000   272.0315836590
  0.30000000   1.80000000   258.2827645653
  0.40000000   1.80000000   244.8064901665
  0.50000000   1.80000000   231.6780329876
  0.60000000   1.80000000   218.9610498590
  0.70000000   1.80000000   206.7064842931
  0.80000000   1.80000000   194.9522277019
  0.90000000   1.80000000   183.7234038594
  1.00000000   1.80000000   173.0331098243
  1.10000000   1.80000000   162.8834482315
  1.20000000   1.80000000   153.2667092888
  1.30000000   1.80000000   144.1665947400
  1.40000000   1.80000000   135.5594116882
  1.50000000   1.80000000   127.4151960408
  1.60000000   1.80000000   119.6987508676
  1.70000000   1.80000000   112.3706036375
  1.80000000   1.80000000   105.3878987820
  1.90000000   1.80000000    98.7052494454
  2.00000000   1.80000000    92.2755757144
  2.10000000   1.80000000    86.0509569015
  2.20000000   1.80000000    79.9835229703
  2.30000000   1.80000000    74.0264049430
  2.40000000   1.80000000    68.1347557384
  2.50000000   1.80000000    62.2668408017
  2.60000000   1.80000000    56.3851816154
  2.70000000   1.80000000    50.4577146574
  2.80000000   1.80000000    44.4589044770
  2.90000000   1.80000000    38.3707246232
  3.00000000   1.80000000    32.1833984137
  3.10000000   1.80000000    25.8957790927
  3.20000000   1.80000000    19.5152530509
  3.30000000   1.80000000    13.0570769730
  3.40000000   1.80000000     6.5431128700
  3.50000000   1.80000000     0.0000000000

  0.00000000   1.90000000   200.0000000000
  0.10000000   1.90000000   252.9388122931
  0.20000000   1.90000000   270.4890779868
  0.30000000   1.90000000   256.0074312816
  0.40000000   1.90000000   241.8413973281
  0.50000000   1.90000000   228.0760421741
  0.60000000   1.90000000   214.7817798925
  0.70000000   1.90000000   202.0133509941
  0.80000000   1.90000000   189.8098256095
  0.90000000   1.90000000   178.1953923332
  1.00000000   1.90000000   167.1806677050
  1.10000000   1.90000000   156.7642845879
  1.20000000   1.90000000   146.9345681129
  1.30000000   1.90000000   137.6711665459
  1.40000000   1.90000000   128.9465588254
  1.50000000   1.90000000   120.7274043512
  1.60000000   1.90000000   112.9757321633
  1.70000000   1.90000000   105.6499869898
  1.80000000   1.90000000    98.7059609716
  1.90000000   1.90000000    92.0976445831
  2.00000000   1.90000000    85.7780303679
  2.10000000   1.90000000    79.6999000401
  2.20000000   1.90000000    73.8166200864
  2.30000000   1.90000000    68.0829635734
  2.40000000   1.90000000    62.4559664001
  2.50000000   1.90000000    56.8958145624
  2.60000000   1.90000000    51.3667450436
  2.70000000   1.90000000    45.8379270102
  2.80000000   1.90000000    40.2842730720
  2.90000000   1.90000000    34.6871144059
  3.00000000   1.90000000    29.0346615817
  3.10000000   1.90000000    23.3221688866
  3.20000000   1.90000000    17.5517279435
  3.30000000   1.90000000    11.7316395591
  3.40000000   1.90000000     5.8753514414
  3.50000000   1.90000000     0.0000000000

  0.00000000   2.00000000   200.0000000000
  0.10000000   2.00000000   252.1081518785
  0.20000000   2.00000000   268.8477549028
  0.30000000   2.00000000   253.5937696214
  0.40000000   2.00000000   238.7090100409
  0.50000000   2.00000000   224.2899410848
  0.60000000   2.00000000   210.4142096722
  0.70000000   2.00000000   197.1398539002
  0.80000000   2.00000000   184.5058941997
  0.90000000   2.00000000   172.5338970076
  1.00000000   2.00000000   161.2300984048
  1.10000000   2.00000000   150.5877421448
  1.20000000   2.00000000   140.5893828318
  1.30000000   2.00000000   131.2090010288
  1.40000000   2.00000000   122.4138565983
  1.50000000   2.00000000   114.1660640769
  1.60000000   2.00000000   106.4239104879
  1.70000000   2.00000000    99.1429558003
  1.80000000   2.00000000    92.2769640485
  1.90000000   2.00000000    85.7787131290
  2.00000000   2.00000000    79.6007266249
  2.10000000   2.00000000    73.6959637490
  2.20000000   2.00000000    68.0184948046
  2.30000000   2.00000000    62.5241799492
  2.40000000   2.00000000    57.1713586509
  2.50000000   2.00000000    51.9215460146
  2.60000000   2.00000000    46.7401201864
  2.70000000   2.00000000    41.5969726766
  2.80000000   2.00000000    36.4670815109
  2.90000000   2.00000000    31.3309570741
  3.00000000   2.00000000    26.1749043922
  3.10000000   2.00000000    20.9910457947
  3.20000000   2.00000000    15.7770566666
  3.30000000   2.00000000    10.5355856361
  3.40000000   2.00000000     5.2733585513
  3.50000000   2.00000000     0.0000000000

  0.00000000   2.10000000   200.0000000000
  0.10000000   2.10000000   251.2044583913
  0.20000000   2.10000000   267.0662186461
  0.30000000   2.10000000   250.9835969011
  0.40000000   2.10000000   235.3382933908
  0.50000000   2.10000000   220.2400672253
  0.60000000   2.10000000   205.7740560873
  0.70000000   2.10000000   192.0005203715
  0.80000000   2.10000000   178.9564385200
  0.90000000   2.10000000   166.6582633860
  1.00000000   2.10000000   155.1052093619
  1.10000000   2.10000000   144.2825914816
  1.20000000   2.10000000   134.1649096458
  1.30000000   2.10000000   124.7185207643
  1.40000000   2.10000000   115.9038517742
  1.50000000   2.10000000   107.6771766305
  1.60000000   2.10000000    99.9920178967
  1.70000000   2.10000000    92.8002480897
  1.80000000   2.10000000    86.0529660276
  1.90000000   2.10000000    79.7012155805
  2.00000000   2.10000000    73.6966027365
  2.10000000   2.10000000    67.9918542621
  2.20000000   2.10000000    62.5413487323
  2.30000000   2.10000000    57.3016387674
  2.40000000   2.10000000    52.2319719762
  2.50000000   2.10000000    47.2948072694
  2.60000000   2.10000000    42.4563128376
  2.70000000   2.10000000    37.6868224128
  2.80000000   2.10000000    32.9612180158
  2.90000000   2.10000000    28.2592011933
  3.00000000   2.10000000    23.5654120450
  3.10000000   2.10000000    18.8693575173
  3.20000000   2.10000000    14.1651186348
  3.30000000   2.10000000     9.4508209675
  3.40000000   2.10000000     4.7278729063
  3.50000000   2.10000000     0.0000000000

  0.00000000   2.20000000   200.0000000000
  0.10000000   2.20000000   250.1999054480
  0.20000000   2.20000000   265.0913315969
  0.30000000   2.20000000   248.1029733561
  0.40000000   2.20000000   231.6401563559
  0.50000000   2.20000000   215.8280588148
  0.60000000   2.20000000   200.7590492341
  0.70000000   2.20000000   186.4935465559
  0.80000000   2.20000000   173.0633164103
  0.90000000   2.20000000   160.4760555780
  1.00000000   2.20000000   148.7203250441
  1.10000000   2.20000000   137.7701991251
  1.20000000   2.20000000   127.5892885128
  1.30000000   2.20000000   118.1340155780
  1.40000000   2.20000000   109.3561617007
  1.50000000   2.20000000   101.2047817434
  1.60000000   2.20000000    93.6276097287
  1.70000000   2.20000000    86.5720804376
  1.80000000   2.20000000    79.9860775722
  1.90000000   2.20000000    73.8184991442
  2.00000000   2.20000000    68.0197099069
  2.10000000   2.20000000    62.5419313981
  2.20000000   2.20000000    57.3396033680
  2.30000000   2.20000000    52.3697360484
  2.40000000   2.20000000    47.5922605273
  2.50000000   2.20000000    42.9703740212
  2.60000000   2.20000000    38.4708678242
  2.70000000   2.20000000    34.0644181267
  2.80000000   2.20000000    29.7258140063
  2.90000000   2.20000000    25.4340932380
  3.00000000   2.20000000    21.1725558702
  3.10000000   2.20000000    16.9286285069
  3.20000000   2.20000000    12.6935594287
  3.30000000   2.20000000     8.4619360622
  3.40000000   2.20000000     4.2310310857
  3.50000000   2.20000000     0.0000000000

  0.00000000   2.30000000   200.0000000000
  0.10000000   2.30000000   249.0578940196
  0.20000000   2.30000000   262.8537603480
  0.30000000   2.30000000   244.8566333624
  0.40000000   2.30000000   227.5016796033
  0.50000000   2.30000000   210.9316256434
  0.60000000   2.30000000   195.2447157089
  0.70000000   2.30000000   180.4977817682
  0.80000000   2.30000000   166.7123948719
  0.90000000   2.30000000   153.8822222901
  1.00000000   2.30000000   141.9802425093
  1.10000000   2.30000000   130.9650485446
  1.20000000   2.30000000   120.7859319867
  1.30000000   2.30000000   111.3867408032
  1.40000000   2.30000000   102.7086636462
  1.50000000   2.30000000    94.6921543538
  1.60000000   2.30000000    87.2782125950
  1.70000000   2.30000000    80.4092098656
  1.80000000   2.30000000    74.0294129902
  1.90000000   2.30000000    68.0853201283
  2.00000000   2.30000000    62.5258916328
  2.10000000   2.30000000    57.3027313599
  2.20000000   2.30000000    52.3702529163
  2.30000000   2.30000000    47.6858489646
  2.40000000   2.30000000    43.2100690295
  2.50000000   2.30000000    38.9068013888
  2.60000000   2.30000000    34.7434469637
  2.70000000   2.30000000    30.6910673350
  2.80000000   2.30000000    26.7244850810
  2.90000000   2.30000000    22.8223127675
  3.00000000   2.30000000    18.9668874613
  3.10000000   2.30000000    15.1440909235
  3.20000000   2.30000000    11.3430418244
  3.30000000   2.30000000     7.5556552103
  3.40000000   2.30000000     3.7760753684
  3.50000000   2.30000000     0.0000000000

  0.00000000   2.40000000   200.0000000000
  0.10000000   2.40000000   247.7292170599
  0.20000000   2.40000000   260.2612318204
  0.30000000   2.40000000   241.1197936486
  0.40000000   2.40000000   222.7779470011
  0.50000000   2.40000000   205.3975022718
  0.60000000   2.40000000   189.0790388004
  0.70000000   2.40000000   173.8692232958
  0.80000000   2.40000000   159.7716977393
  0.90000000   2.40000000   146.7585618491
  1.00000000   2.40000000   134.7806428942
  1.10000000   2.40000000   123.7757626704
  1.20000000   2.40000000   113.6748900166
  1.30000000   2.40000000   104.4064274872
  1.40000000   2.40000000    95.8990168106
  1.50000000   2.40000000    88.0832542063
  1.60000000   2.40000000    80.8926525666
  1.70000000   2.40000000    74.2641146937
  1.80000000   2.40000000    68.1381115698
  1.90000000   2.40000000    62.4587006902
  2.00000000   2.40000000    57.1734736495
  2.10000000   2.40000000    52.2334881562
  2.20000000   2.40000000    47.5932151255
  2.30000000   2.40000000    43.2105140910
  2.40000000   2.40000000    39.0466378839
  2.50000000   2.40000000    35.0662588695
  2.60000000   2.40000000    31.2375029915
  2.70000000   2.40000000    27.5319738800
  2.80000000   2.40000000    23.9247470700
  2.90000000   2.40000000    20.3943139344
  3.00000000   2.40000000    16.9224563587
  3.10000000   2.40000000    13.4940365839
  3.20000000   2.40000000    10.0966919947
  3.30000000   2.40000000     6.7204316928
  3.40000000   2.40000000     3.3571399277
  3.50000000   2.40000000     0.0000000000

  0.00000000   2.50000000   200.0000000000
  0.10000000   2.50000000   246.1459488116
  0.20000000   2.50000000   257.1880377651
  0.30000000   2.50000000   236.7258657382
  0.40000000   2.50000000   217.2803803937
  0.50000000   2.50000000   199.0319957312
  0.60000000   2.50000000   182.0758649539
  0.70000000   2.50000000   166.4371999442
  0.80000000   2.50000000   152.0898763290
  0.90000000   2.50000000   138.9738529307
  1.00000000   2.50000000   127.0092897161
  1.10000000   2.50000000   116.1068918437
  1.20000000   2.50000000   106.1748824729
  1.30000000   2.50000000    97.1233328338
  1.40000000   2.50000000    88.8665957269
  1.50000000   2.50000000    81.3244715458
  1.60000000   2.50000000    74.4225837909
  1.70000000   2.50000000    68.0923008273
  1.80000000   2.50000000    62.2704286048
  1.90000000   2.50000000    56.8988164951
  2.00000000   2.50000000    51.9239606451
  2.10000000   2.50000000    47.2966502953
  2.20000000   2.50000000    42.9716769296
  2.30000000   2.50000000    38.9076096516
  2.40000000   2.50000000    35.0666297415
  2.50000000   2.50000000    31.4144108657
  2.60000000   2.50000000    27.9200275630
  2.70000000   2.50000000    24.5558726547
  2.80000000   2.50000000    21.2975637313
  2.90000000   2.50000000    18.1238197254
  3.00000000   2.50000000    15.0162907576
  3.10000000   2.50000000    11.9593279477
  3.20000000   2.50000000     8.9396846309
  3.30000000   2.50000000     5.9461461887
  3.40000000   2.50000000     2.9690920751
  3.50000000   2.50000000     0.0000000000

  0.00000000   2.60000000   200.0000000000
  0.10000000   2.60000000   244.2113324351
  0.20000000   2.60000000   253.4581939765
  0.30000000   2.60000000   231.4476568416
  0.40000000   2.60000000   210.7599852213
  0.50000000   2.60000000   191.5884796265
  0.60000000   2.60000000   174.0071355317
  0.70000000   2.60000000   158.0007312549
  0.80000000   2.60000000   143.4956266883
  0.90000000   2.60000000   130.3852397719
  1.00000000   2.60000000   118.5484878901
  1.10000000   2.60000000   107.8618079832
  1.20000000   2.60000000    98.2062215503
  1.30000000   2.60000000    89.4709611402
  1.40000000   2.60000000    81.5549008818
  1.50000000   2.60000000    74.3666933241
  1.60000000   2.60000000    67.8242177665
  1.70000000   2.60000000    61.8537213640
  1.80000000   2.60000000    56.3888791876
  1.90000000   2.60000000    51.3698978873
  2.00000000   2.60000000    46.7427239441
  2.10000000   2.60000000    42.4583790369
  2.20000000   2.60000000    38.4724226633
  2.30000000   2.60000000    34.7445296659
  2.40000000   2.60000000    31.2381637919
  2.50000000   2.60000000    27.9203254015
  2.60000000   2.60000000    24.7613505229
  2.70000000   2.60000000    21.7347388513
  2.80000000   2.60000000    18.8169896299
  2.90000000   2.60000000    15.9874264986
  3.00000000   2.60000000    13.2279953065
  3.10000000   2.60000000    10.5230225609
  3.20000000   2.60000000     7.8589265376
  3.30000000   2.60000000     5.2238779536
  3.40000000   2.60000000     2.6074121934
  3.50000000   2.60000000     0.0000000000

  0.00000000   2.70000000   200.0000000000
  0.10000000   2.70000000   241.7822816035
  0.20000000   2.70000000   248.8174833238
  0.30000000   2.70000000   224.9680549610
  0.40000000   2.70000000   202.8833016627
  0.50000000   2.70000000   182.7513435391
  0.60000000   2.70000000   164.5945517916
  0.70000000   2.70000000   148.3261292188
  0.80000000   2.70000000   133.7991406037
  0.90000000   2.70000000   120.8417628422
  1.00000000   2.70000000   109.2794386814
  1.10000000   2.70000000    98.9471082302
  1.20000000   2.70000000    89.6948499152
  1.30000000   2.70000000    81.3895600900
  1.40000000   2.70000000    73.9144765375
  1.50000000   2.70000000    67.1676782434
  1.60000000   2.70000000    61.0602217685
  1.70000000   2.70000000    55.5142714021
  1.80000000   2.70000000    50.4613973292
  1.90000000   2.70000000    45.8411112503
  2.00000000   2.70000000    41.5996519932
  2.10000000   2.70000000    37.6890048150
  2.20000000   2.70000000    34.0661250390
  2.30000000   2.70000000    30.6923321183
  2.40000000   2.70000000    27.5328400179
  2.50000000   2.70000000    24.5563916715
  2.60000000   2.70000000    21.7349680335
  2.70000000   2.70000000    19.0435453752
  2.80000000   2.70000000    16.4598777643
  2.90000000   2.70000000    13.9642851142
  3.00000000   2.70000000    11.5394308369
  3.10000000   2.70000000     9.1700770221
  3.20000000   2.70000000     6.8428091839
  3.30000000   2.70000000     4.5457268764
  3.40000000   2.70000000     2.2681006835
  3.50000000   2.70000000     0.0000000000

  0.00000000   2.80000000   200.0000000000
  0.10000000   2.80000000   238.6374558929
  0.20000000   2.80000000   242.8852813116
  0.30000000   2.80000000   216.8335732735
  0.40000000   2.80000000   193.1983277964
  0.50000000   2.80000000   172.1166788342
  0.60000000   2.80000000   153.5024500615
  0.70000000   2.80000000   137.1479278006
  0.80000000   2.80000000   122.7973576303
  0.90000000   2.80000000   110.1912877649
  1.00000000   2.80000000    99.0892633961
  1.10000000   2.80000000    89.2789392981
  1.20000000   2.80000000    80.5776678420
  1.30000000   2.80000000    72.8304257868
  1.40000000   2.80000000    65.9062967442
  1.50000000   2.80000000    59.6946710868
  1.60000000   2.80000000    54.1017100006
  1.70000000   2.80000000    49.0472866981
  1.80000000   2.80000000    44.4624490766
  1.90000000   2.80000000    40.2873703093
  2.00000000   2.80000000    36.4697235574
  2.10000000   2.80000000    32.9634100311
  2.20000000   2.80000000    29.7275731839
  2.30000000   2.80000000    26.7258393427
  2.40000000   2.80000000    23.9257334604
  2.50000000   2.80000000    21.2982265721
  2.60000000   2.80000000    18.8173784984
  2.70000000   2.80000000    16.4600453650
  2.80000000   2.80000000    14.2056267449
  2.90000000   2.80000000    12.0358319096
  3.00000000   2.80000000     9.9344489959
  3.10000000   2.80000000     7.8871049952
  3.20000000   2.80000000     5.8810084378
  3.30000000   2.80000000     3.9046704550
  3.40000000   2.80000000     1.9476034753
  3.50000000   2.80000000     0.0000000000

  0.00000000   2.90000000   200.0000000000
  0.10000000   2.90000000   234.4152349353
  0.20000000   2.90000000   235.0681950119
  0.30000000   2.90000000   206.3800930849
  0.40000000   2.90000000   181.0880299241
  0.50000000   2.90000000   159.1722729372
  0.60000000   2.90000000   140.3360207005
  0.70000000   2.90000000   124.1768704852
  0.80000000   2.90000000   110.2856619439
  0.90000000   2.90000000    98.2924126271
  1.00000000   2.90000000    87.8814877879
  1.10000000   2.90000000    78.7915381464
  1.20000000   2.90000000    70.8091718659
  1.30000000   2.90000000    63.7609110028
  1.40000000   2.90000000    57.5054696942
  1.50000000   2.90000000    51.9271052909
  1.60000000   2.90000000    46.9301942283
  1.70000000   2.90000000    42.4349366553
  1.80000000   2.90000000    38.3740133608
  1.90000000   2.90000000    34.6900111789
  2.00000000   2.90000000    31.3334534916
  2.10000000   2.90000000    28.2613002234
  2.20000000   2.90000000    25.4358083875
  2.30000000   2.90000000    22.8236669541
  2.40000000   2.90000000    20.3953380975
  2.50000000   2.90000000    18.1245512267
  2.60000000   2.90000000    15.9879073685
  2.70000000   2.90000000    13.9645602043
  2.80000000   2.90000000    12.0359470133
  2.90000000   2.90000000    10.1855484673
  3.00000000   2.90000000     8.3986610516
  3.10000000   2.90000000     6.6621701146
  3.20000000   2.90000000     4.9643153547
  3.30000000   2.90000000     3.2944439904
  3.40000000   2.90000000     1.6427499428
  3.50000000   2.90000000     0.0000000000

  0.00000000   3.00000000   200.0000000000
  0.10000000   3.00000000   228.4839005298
  0.20000000   3.00000000   224.3990757694
  0.30000000   3.00000000   192.6151414812
  0.40000000   3.00000000   165.7127227798
  0.50000000   3.00000000   143.2851704950
  0.60000000   3.00000000   124.6533259427
  0.70000000   3.00000000   109.1210139925
  0.80000000   3.00000000    96.0795215980
  0.90000000   3.00000000    85.0329856691
  1.00000000   3.00000000    75.5905065455
  1.10000000   3.00000000    67.4479457156
  1.20000000   3.00000000    60.3691317273
  1.30000000   3.00000000    54.1698084738
  1.40000000   3.00000000    48.7049566143
  1.50000000   3.00000000    43.8591422068
  1.60000000   3.00000000    39.5392978873
  1.70000000   3.00000000    35.6693644436
  1.80000000   3.00000000    32.1863225706
  1.90000000   3.00000000    29.0372529977
  2.00000000   3.00000000    26.1771548372
  2.10000000   3.00000000    23.5673229164
  2.20000000   3.00000000    21.1741375080
  2.30000000   3.00000000    18.9681582026
  2.40000000   3.00000000    16.9234413711
  2.50000000   3.00000000    15.0170206938
  2.60000000   3.00000000    13.2285048287
  2.70000000   3.00000000    11.5397570614
  2.80000000   3.00000000     9.9346299091
  2.90000000   3.00000000     8.3987339497
  3.00000000   3.00000000     6.9192251939
  3.10000000   3.00000000     5.4845995048
  3.20000000   3.00000000     4.0844861228
  3.30000000   3.00000000     2.7094354323
  3.40000000   3.00000000     1.3506987354
  3.50000000   3.00000000     0.0000000000

  0.00000000   3.10000000   200.0000000000
  0.10000000   3.10000000   219.6453781208
  0.20000000   3.10000000   209.2269711189
  0.30000000   3.10000000   174.0398657481
  0.40000000   3.10000000   145.9562408184
  0.50000000   3.10000000   123.7175251903
  0.60000000   3.10000000   106.0064868506
  0.70000000   3.10000000    91.7284978251
  0.80000000   3.10000000    80.0497265711
  0.90000000   3.10000000    70.3561642045
  1.00000000   3.10000000    62.1997245804
  1.10000000   3.10000000    55.2521789017
  1.20000000   3.10000000    49.2705615736
  1.30000000   3.10000000    44.0724790891
  1.40000000   3.10000000    39.5188195196
  1.50000000   3.10000000    35.5016916700
  1.60000000   3.10000000    31.9359816144
  1.70000000   3.10000000    28.7533989452
  1.80000000   3.10000000    25.8982424046
  1.90000000   3.10000000    23.3243619542
  2.00000000   3.10000000    20.9929611941
  2.10000000   3.10000000    18.8709956341
  2.20000000   3.10000000    16.9299969869
  2.30000000   3.10000000    15.1452039131
  2.40000000   3.10000000    13.4949137910
  2.50000000   3.10000000    11.9599935571
  2.60000000   3.10000000    10.5235040448
  2.70000000   3.10000000     9.1704038852
  2.80000000   3.10000000     7.8873074965
  2.90000000   3.10000000     6.6622780076
  3.00000000   3.10000000     5.4846408352
  3.10000000   3.10000000     4.3448075140
  3.20000000   3.10000000     3.2341025478
  3.30000000   3.10000000     2.1445886959
  3.40000000   3.10000000     1.0688882942
  3.50000000   3.10000000     0.0000000000

  0.00000000   3.20000000   200.0000000000
  0.10000000   3.20000000   205.3900686445
  0.20000000   3.20000000   186.6122037711
  0.30000000   3.20000000   148.4185300853
  0.40000000   3.20000000   120.4304167844
  0.50000000   3.20000000    99.7150874209
  0.60000000   3.20000000    84.0357917267
  0.70000000   3.20000000    71.8610935314
  0.80000000   3.20000000    62.1728730047
  0.90000000   3.20000000    54.2927530444
  1.00000000   3.20000000    47.7614265674
  1.10000000   3.20000000    42.2610920020
  1.20000000   3.20000000    37.5666274493
  1.30000000   3.20000000    33.5147622110
  1.40000000   3.20000000    29.9843444036
  1.50000000   3.20000000    26.8834815910
  1.60000000   3.20000000    24.1409986378
  1.70000000   3.20000000    21.7006569487
  1.80000000   3.20000000    19.5171746900
  1.90000000   3.20000000    17.5534445092
  2.00000000   3.20000000    15.7785620871
  2.10000000   3.20000000    14.1664127586
  2.20000000   3.20000000    12.6946476122
  2.30000000   3.20000000    11.3439343602
  2.40000000   3.20000000    10.0974034037
  2.50000000   3.20000000     8.9402328448
  2.60000000   3.20000000     7.8593320009
  2.70000000   3.20000000     6.8430939067
  2.80000000   3.20000000     5.8811950305
  2.90000000   3.20000000     4.9644260771
  3.00000000   3.20000000     4.0845419758
  3.10000000   3.20000000     3.2341224377
  3.20000000   3.20000000     2.4064370678
  3.30000000   3.20000000     1.5953111322
  3.40000000   3.20000000     0.7949897951
  3.50000000   3.20000000     0.0000000000

  0.00000000   3.30000000   200.0000000000
  0.10000000   3.30000000   179.8173554731
  0.20000000   3.30000000   151.1924071246
  0.30000000   3.30000000   112.6349705535
  0.40000000   3.30000000    87.6888403961
  0.50000000   3.30000000    70.7467163487
  0.60000000   3.30000000    58.6429060197
  0.70000000   3.30000000    49.6010397492
  0.80000000   3.30000000    42.5921746455
  0.90000000   3.30000000    36.9941457618
  1.00000000   3.30000000    32.4139142580
  1.10000000   3.30000000    28.5928738497
  1.20000000   3.30000000    25.3545346903
  1.30000000   3.30000000    22.5744585259
  1.40000000   3.30000000    20.1623068308
  1.50000000   3.30000000    18.0507377079
  1.60000000   3.30000000    16.1883195991
  1.70000000   3.30000000    14.5348823955
  1.80000000   3.30000000    13.0583940403
  1.90000000   3.30000000    11.7328187630
  2.00000000   3.30000000    10.5366226837
  2.10000000   3.30000000     9.4517155431
  2.20000000   3.30000000     8.4626915522
  2.30000000   3.30000000     7.5562783209
  2.40000000   3.30000000     6.7209319769
  2.50000000   3.30000000     5.9465354983
  2.60000000   3.30000000     5.2241698390
  2.70000000   3.30000000     4.5459359513
  2.80000000   3.30000000     3.9048117505
  2.90000000   3.30000000     3.2945323176
  3.00000000   3.30000000     2.7094847737
  3.10000000   3.30000000     2.1446116455
  3.20000000   3.30000000     1.5953184007
  3.30000000   3.30000000     1.0573823165
  3.40000000   3.30000000     0.5268610237
  3.50000000   3.30000000     0.0000000000

  0.00000000   3.40000000   200.0000000000
  0.10000000   3.40000000   127.1967649074
  0.20000000   3.40000000    93.4746265889
  0.30000000   3.40000000    63.2691241813
  0.40000000   3.40000000    46.9814478263
  0.50000000   3.40000000    36.9869722051
  0.60000000   3.40000000    30.2432569042
  0.70000000   3.40000000    25.3708123078
  0.80000000   3.40000000    21.6704486921
  0.90000000   3.40000000    18.7538032709
  1.00000000   3.40000000    16.3887485720
  1.10000000   3.40000000    14.4281510571
  1.20000000   3.40000000    12.7741909575
  1.30000000   3.40000000    11.3591991520
  1.40000000   3.40000000    10.1347495882
  1.50000000   3.40000000     9.0651437253
  1.60000000   3.40000000     8.1233586479
  1.70000000   3.40000000     7.2884409270
  1.80000000   3.40000000     6.5437823300
  1.90000000   3.40000000     5.8759516234
  2.00000000   3.40000000     5.2738872343
  2.10000000   3.40000000     4.7283298671
  2.20000000   3.40000000     4.2314179612
  2.30000000   3.40000000     3.7763954641
  2.40000000   3.40000000     3.3573979810
  2.50000000   3.40000000     2.9692939805
  2.60000000   3.40000000     2.6075647014
  2.70000000   3.40000000     2.2682110826
  2.80000000   3.40000000     1.9476792677
  2.90000000   3.40000000     1.6427985248
  3.00000000   3.40000000     1.3507270925
  3.10000000   3.40000000     1.0689027201
  3.20000000   3.40000000     0.7949956432
  3.30000000   3.40000000     0.5268624998
  3.40000000   3.40000000     0.2625002954
  3.50000000   3.40000000     0.0000000000

  0.00000000   3.50000000     0.0000000000
  0.10000000   3.50000000     0.0000000000
  0.20000000   3.50000000     0.0000000000
  0.30000000   3.50000000     0.0000000000
  0.40000000   3.50000000     0.0000000000
  0.50000000   3.50000000     0.0000000000
  0.60000000   3.50000000     0.0000000000
  0.70000000   3.50000000     0.0000000000
  0.80000000   3.50000000     0.0000000000
  0.90000000   3.50000000     0.0000000000
  1.00000000   3.50000000     0.0000000000
  1.10000000   3.50000000     0.0000000000
  1.20000000   3.50000000     0.0000000000
  1.30000000   3.50000000     0.0000000000
  1.40000000   3.50000000     0.0000000000
  1.50000000   3.50000000     0.0000000000
  1.60000000   3.50000000     0.0000000000
  1.70000000   3.50000000     0.0000000000
  1.80000000   3.50000000     0.0000000000
  1.90000000   3.50000000     0.0000000000
  2.00000000   3.50000000     0.0000000000
  2.10000000   3.50000000     0.0000000000
  2.20000000   3.50000000     0.0000000000
  2.30000000   3.50000000     0.0000000000
  2.40000000   3.50000000     0.0000000000
  2.50000000   3.50000000     0.0000000000
  2.60000000   3.50000000     0.0000000000
  2.70000000   3.50000000     0.0000000000
  2.80000000   3.50000000     0.0000000000
  2.90000000   3.50000000     0.0000000000
  3.00000000   3.50000000     0.0000000000
  3.10000000   3.50000000     0.0000000000
  3.20000000   3.50000000     0.0000000000
  3.30000000   3.50000000     0.0000000000
  3.40000000   3.50000000     0.0000000000
  3.50000000   3.50000000     0.0000000000

