  0.00000000   0.00000000   200.0000000000
  0.10000000   0.00000000   200.0000000000
  0.20000000   0.00000000   200.0000000000
  0.30000000   0.00000000   200.0000000000
  0.40000000   0.00000000   200.0000000000
  0.50000000   0.00000000   200.0000000000
  0.60000000   0.00000000   200.0000000000
  0.70000000   0.00000000   200.0000000000
  0.80000000   0.00000000   200.0000000000
  0.90000000   0.00000000   200.0000000000
  1.00000000   0.00000000   200.0000000000
  1.10000000   0.00000000   200.0000000000
  1.20000000   0.00000000   200.0000000000
  1.30000000   0.00000000   200.0000000000
  1.40000000   0.00000000   200.0000000000
  1.50000000   0.00000000   200.0000000000
  1.60000000   0.00000000   200.0000000000
  1.70000000   0.00000000   200.0000000000
  1.80000000   0.00000000   200.0000000000
  1.90000000   0.00000000   200.0000000000
  2.00000000   0.00000000   200.0000000000
  2.10000000   0.00000000   200.0000000000
  2.20000000   0.00000000   200.0000000000
  2.30000000   0.00000000   200.0000000000
  2.40000000   0.00000000   200.0000000000
  2.50000000   0.00000000   200.0000000000
  2.60000000   0.00000000   200.0000000000
  2.70000000   0.00000000   200.0000000000
  2.80000000   0.00000000   200.0000000000
  2.90000000   0.00000000   200.0000000000
  3.00000000   0.00000000   200.0000000000
  3.10000000   0.00000000   200.0000000000
  3.20000000   0.00000000   200.0000000000
  3.30000000   0.00000000   200.0000000000
  3.40000000   0.00000000   200.0000000000
  3.50000000   0.00000000   200.0000000000

  0.00000000   0.10000000   200.0000000000
  0.10000000   0.10000000   286.0726243822
  0.20000000   0.10000000   304.4019925652
  0.30000000   0.10000000   299.2036396216
  0.40000000   0.10000000   296.6106864946
  0.50000000   0.10000000   294.9002257063
  0.60000000   0.10000000   293.5400548933
  0.70000000   0.10000000   292.3488385424
  0.80000000   0.10000000   291.2585377212
  0.90000000   0.10000000   290.2411172991
  1.00000000   0.10000000   289.2837012355
  1.10000000   0.10000000   288.3792901509
  1.20000000   0.10000000   287.5229379219
  1.30000000   0.10000000   286.7100110156
  1.40000000   0.10000000   285.9352994376
  1.50000000   0.10000000   285.1924868249
  1.60000000   0.10000000   284.4737595219
  1.70000000   0.10000000   283.7694388933
  1.80000000   0.10000000   283.0675586797
  1.90000000   0.10000000   282.3533152392
  2.00000000   0.10000000   281.6083039973
  2.10000000   0.10000000   280.8094198353
  2.20000000   0.10000000   279.9272330527
  2.30000000   0.10000000   278.9235341997
  2.40000000   0.10000000   277.7475257479
  2.50000000   0.10000000   276.3297329792
  2.60000000   0.10000000   274.5719077466
  2.70000000   0.10000000   272.3295409725
  2.80000000   0.10000000   269.3799440956
  2.90000000   0.10000000   265.3602249289
  3.00000000   0.10000000   259.6374676897
  3.10000000   0.10000000   251.0124692011
  3.20000000   0.10000000   236.9745628508
  3.30000000   0.10000000   211.6221155843
  3.40000000   0.10000000   159.2236768890
  3.50000000   0.10000000     0.0000000000

  0.00000000   0.20000000   200.0000000000
  0.10000000   0.20000000   272.1519997520
  0.20000000   0.20000000   300.1085161459
  0.30000000   0.20000000   295.8416494002
  0.40000000   0.20000000   292.3910889025
  0.50000000   0.20000000   289.5141317532
  0.60000000   0.20000000   286.9860728072
  0.70000000   0.20000000   284.6816910897
  0.80000000   0.20000000   282.5381017959
  0.90000000   0.20000000   280.5240014390
  1.00000000   0.20000000   278.6228647250
  1.10000000   0.20000000   276.8244827239
  1.20000000   0.20000000   275.1206914252
  1.30000000   0.20000000   273.5031200152
  1.40000000   0.20000000   271.9619032291
  1.50000000   0.20000000   270.4848393200
  1.60000000   0.20000000   269.0567213426
  1.70000000   0.20000000   267.6586772540
  1.80000000   0.20000000   266.2673940830
  1.90000000   0.20000000   264.8541025214
  2.00000000   0.20000000   263.3831697458
  2.10000000   0.20000000   261.8100865023
  2.20000000   0.20000000   260.0785240158
  2.30000000   0.20000000   258.1159443292
  2.40000000   0.20000000   255.8269102715
  2.50000000   0.20000000   253.0826329303
  2.60000000   0.20000000   249.7041629753
  2.70000000   0.20000000   245.4344553793
  2.80000000   0.20000000   239.8902070055
  2.90000000   0.20000000   232.4754988938
  3.00000000   0.20000000   222.2208047695
  3.10000000   0.20000000   207.4729323915
  3.20000000   0.20000000   185.2900867584
  3.30000000   0.20000000   150.3078857286
  3.40000000   0.20000000    93.0314383382
  3.50000000   0.20000000     0.0000000000

  0.00000000   0.30000000   200.0000000000
  0.10000000   0.30000000   266.9536680313
  0.20000000   0.30000000   295.8416846613
  0.30000000   0.30000000   291.7423610282
  0.40000000   0.30000000   287.7016047832
  0.50000000   0.30000000   283.9062205629
  0.60000000   0.30000000   280.3572383264
  0.70000000   0.30000000   277.0224606835
  0.80000000   0.30000000   273.8747136506
  0.90000000   0.30000000   270.8960736962
  1.00000000   0.30000000   268.0747176563
  1.10000000   0.30000000   265.4014319551
  1.20000000   0.30000000   262.8670619567
  1.30000000   0.30000000   260.4608018026
  1.40000000   0.30000000   258.1690226229
  1.50000000   0.30000000   255.9743859441
  1.60000000   0.30000000   253.8550564699
  1.70000000   0.30000000   251.7838693067
  1.80000000   0.30000000   249.7273192141
  1.90000000   0.30000000   247.6442266241
  2.00000000   0.30000000   245.4838961223
  2.10000000   0.30000000   243.1835105742
  2.20000000   0.30000000   240.6643819511
  2.30000000   0.30000000   237.8264782726
  2.40000000   0.30000000   234.5403120163
  2.50000000   0.30000000   230.6347165335
  2.60000000   0.30000000   225.8780947238
  2.70000000   0.30000000   219.9491363818
  2.80000000   0.30000000   212.3903804104
  2.90000000   0.30000000   202.5339626643
  3.00000000   0.30000000   189.3838872235
  3.10000000   0.30000000   171.4379849222
  3.20000000   0.30000000   146.4573863899
  3.30000000   0.30000000   111.3229471793
  3.40000000   0.30000000    62.6117424053
  3.50000000   0.30000000     0.0000000000

  0.00000000   0.40000000   200.0000000000
  0.10000000   0.40000000   264.3607563525
  0.20000000   0.40000000   292.3911998839
  0.30000000   0.40000000   287.7017007481
  0.40000000   0.40000000   282.9205917423
  0.50000000   0.40000000   278.2404007129
  0.60000000   0.40000000   273.7349359703
  0.70000000   0.40000000   269.4264181962
  0.80000000   0.40000000   265.3188631113
  0.90000000   0.40000000   261.4106476337
  1.00000000   0.40000000   257.6979779100
  1.10000000   0.40000000   254.1750880733
  1.20000000   0.40000000   250.8335073047
  1.30000000   0.40000000   247.6611888378
  1.40000000   0.40000000   244.6417012318
  1.50000000   0.40000000   241.7534759895
  1.60000000   0.40000000   238.9690390057
  1.70000000   0.40000000   236.2541292698
  1.80000000   0.40000000   233.5665904514
  1.90000000   0.40000000   230.8548950288
  2.00000000   0.40000000   228.0561182848
  2.10000000   0.40000000   225.0931123143
  2.20000000   0.40000000   221.8705262535
  2.30000000   0.40000000   218.2691604446
  2.40000000   0.40000000   214.1379037976
  2.50000000   0.40000000   209.2821529715
  2.60000000   0.40000000   203.4471209949
  2.70000000   0.40000000   196.2938308578
  2.80000000   0.40000000   187.3650620583
  2.90000000   0.40000000   176.0388671895
  3.00000000   0.40000000   161.4709434952
  3.10000000   0.40000000   142.5407829062
  3.20000000   0.40000000   117.8561190443
  3.30000000   0.40000000    85.9666461943
  3.40000000   0.40000000    46.1185629026
  3.50000000   0.40000000     0.0000000000

  0.00000000   0.50000000   200.0000000000
  0.10000000   0.50000000   262.6503624752
  0.20000000   0.50000000   289.5143694016
  0.30000000   0.50000000   283.9064889569
  0.40000000   0.50000000   278.2405986881
  0.50000000   0.50000000   272.6472645610
  0.60000000   0.50000000   267.2054030321
  0.70000000   0.50000000   261.9578039399
  0.80000000   0.50000000   256.9267202891
  0.90000000   0.50000000   252.1230601256
  1.00000000   0.50000000   247.5506458231
  1.10000000   0.50000000   243.2077638795
  1.20000000   0.50000000   239.0874524393
  1.30000000   0.50000000   235.1772631844
  1.40000000   0.50000000   231.4588137086
  1.50000000   0.50000000   227.9072325442
  1.60000000   0.50000000   224.4904956111
  1.70000000   0.50000000   221.1686001254
  1.80000000   0.50000000   217.8924882839
  1.90000000   0.50000000   214.6026021214
  2.00000000   0.50000000   211.2269136746
  2.10000000   0.50000000   207.6782246093
  2.20000000   0.50000000   203.8504614027
  2.30000000   0.50000000   199.6136021495
  2.40000000   0.50000000   194.8067603561
  2.50000000   0.50000000   189.2288367278
  2.60000000   0.50000000   182.6260908951
  2.70000000   0.50000000   174.6761430225
  2.80000000   0.50000000   164.9686882376
  2.90000000   0.50000000   152.9854983346
  3.00000000   0.50000000   138.0879718922
  3.10000000   0.50000000   119.5329594307
  3.20000000   0.50000000    96.5612116492
  3.30000000   0.50000000    68.6368419219
  3.40000000   0.50000000    35.9298613903
  3.50000000   0.50000000     0.0000000000

  0.00000000   0.60000000   200.0000000000
  0.10000000   0.60000000   261.2902880727
  0.20000000   0.60000000   286.9864961628
  0.30000000   0.60000000   280.3577678016
  0.40000000   0.60000000   273.7354502658
  0.50000000   0.60000000   267.2057491046
  0.60000000   0.60000000   260.8365051620
  0.70000000   0.60000000   254.6749155179
  0.80000000   0.60000000   248.7518049532
  0.90000000   0.60000000   243.0859843594
  1.00000000   0.60000000   237.6870806168
  1.10000000   0.60000000   232.5569890646
  1.20000000   0.60000000   227.6904403803
  1.30000000   0.60000000   223.0750718809
  1.40000000   0.60000000   218.6912291003
  1.50000000   0.60000000   214.5115979516
  1.60000000   0.60000000   210.5006875029
  1.70000000   0.60000000   206.6141336330
  1.80000000   0.60000000   202.7977603761
  1.90000000   0.60000000   198.9863089509
  2.00000000   0.60000000   195.1017185897
  2.10000000   0.60000000   191.0508157460
  2.20000000   0.60000000   186.7222398496
  2.30000000   0.60000000   181.9824108232
  2.40000000   0.60000000   176.6703434924
  2.50000000   0.60000000   170.5911768988
  2.60000000   0.60000000   163.5084975768
  2.70000000   0.60000000   155.1360659466
  2.80000000   0.60000000   145.1307249606
  2.90000000   0.60000000   133.0906274090
  3.00000000   0.60000000   118.5672401996
  3.10000000   0.60000000   101.1064992120
  3.20000000   0.60000000    80.3428704229
  3.30000000   0.60000000    56.1725005032
  3.40000000   0.60000000    29.0055329740
  3.50000000   0.60000000     0.0000000000

  0.00000000   0.70000000   200.0000000000
  0.10000000   0.70000000   260.0992002727
  0.20000000   0.70000000   284.6823645032
  0.30000000   0.70000000   277.0233479281
  0.40000000   0.70000000   269.4273779961
  0.50000000   0.70000000   261.9586579189
  0.60000000   0.70000000   254.6754561775
  0.70000000   0.70000000   247.6244343842
  0.80000000   0.70000000   240.8400755084
  0.90000000   0.70000000   234.3458315082
  1.00000000   0.70000000   228.1553755358
  1.10000000   0.70000000   222.2734638844
  1.20000000   0.70000000   216.6963869253
  1.30000000   0.70000000   211.4121152650
  1.40000000   0.70000000   206.4002387130
  1.50000000   0.70000000   201.6317519625
  1.60000000   0.70000000   197.0686984960
  1.70000000   0.70000000   192.6636516529
  1.80000000   0.70000000   188.3589882300
  1.90000000   0.70000000   184.0858928953
  2.00000000   0.70000000   179.7630196904
  2.10000000   0.70000000   175.2947309016
  2.20000000   0.70000000   170.5688383514
  2.30000000   0.70000000   165.4537987300
  2.40000000   0.70000000   159.7953849303
  2.50000000   0.70000000   153.4130101207
  2.60000000   0.70000000   146.0961915214
  2.70000000   0.70000000   137.6022221041
  2.80000000   0.70000000   127.6571379935
  2.90000000   0.70000000   115.9637150021
  3.00000000   0.70000000   102.2225561223
  3.10000000   0.70000000    86.1748235116
  3.20000000   0.70000000    67.6757326853
  3.30000000   0.70000000    46.8013186221
  3.40000000   0.70000000    23.9681264027
  3.50000000   0.70000000     0.0000000000

  0.00000000   0.80000000   200.0000000000
  0.10000000   0.80000000   259.0090612544
  0.20000000   0.80000000   282.5390918797
  0.30000000   0.80000000   273.8760588387
  0.40000000   0.80000000   265.3204024169
  0.50000000   0.80000000   256.9282502889
  0.60000000   0.80000000   248.7530887542
  0.70000000   0.80000000   240.8408531774
  0.80000000   0.80000000   233.2279070493
  0.90000000   0.80000000   225.9406018954
  1.00000000   0.80000000   218.9954498735
  1.10000000   0.80000000   212.3994143475
  1.20000000   0.80000000   206.1501325808
  1.30000000   0.80000000   200.2360291795
  1.40000000   0.80000000   194.6363253718
  1.50000000   0.80000000   189.3209511276
  1.60000000   0.80000000   184.2503541543
  1.70000000   0.80000000   179.3751852334
  1.80000000   0.80000000   174.6358281405
  1.90000000   0.80000000   169.9617363707
  2.00000000   0.80000000   165.2705396719
  2.10000000   0.80000000   160.4668940692
  2.20000000   0.80000000   155.4410758189
  2.30000000   0.80000000   150.0673737026
  2.40000000   0.80000000   144.2024340399
  2.50000000   0.80000000   137.6838883153
  2.60000000   0.80000000   130.3298870625
  2.70000000   0.80000000   121.9406287158
  2.80000000   0.80000000   112.3036534323
  2.90000000   0.80000000   101.2055492781
  3.00000000   0.80000000    88.4535724758
  3.10000000   0.80000000    73.9108424233
  3.20000000   0.80000000    57.5467631818
  3.30000000   0.80000000    39.4977565298
  3.40000000   0.80000000    20.1201575366
  3.50000000   0.80000000     0.0000000000

  0.00000000   0.90000000   200.0000000000
  0.10000000   0.90000000   257.9918354030
  0.20000000   0.90000000   280.5253738850
  0.30000000   0.90000000   270.8979757392
  0.40000000   0.90000000   261.4128989761
  0.50000000   0.90000000   252.1254327549
  0.60000000   0.90000000   243.0882124415
  0.70000000   0.90000000   234.3476228966
  0.80000000   0.90000000   225.9416507546
  0.90000000   0.90000000   217.8988339071
  1.00000000   0.90000000   210.2378527848
  1.10000000   0.90000000   202.9674335888
  1.20000000   0.90000000   196.0863772967
  1.30000000   0.90000000   189.5836241277
  1.40000000   0.90000000   183.4383113853
  1.50000000   0.90000000   177.6198005598
  1.60000000   0.90000000   172.0876528246
  1.70000000   0.90000000   166.7915305128
  1.80000000   0.90000000   161.6710013949
  1.90000000   0.90000000   156.6552259181
  2.00000000   0.90000000   151.6625179032
  2.10000000   0.90000000   146.5997902275
  2.20000000   0.90000000   141.3619344384
  2.30000000   0.90000000   135.8312456830
  2.40000000   0.90000000   129.8771042183
  2.50000000   0.90000000   123.3562782053
  2.60000000   0.90000000   116.1144365714
  2.70000000   0.90000000   107.9897645985
  2.80000000   0.90000000    98.8199380237
  2.90000000   0.90000000    88.4540397271
  3.00000000   0.90000000    76.7710555044
  3.10000000   0.90000000    63.7058845294
  3.20000000   0.90000000    49.2816075023
  3.30000000   0.90000000    33.6423403164
  3.40000000   0.90000000    17.0746118631
  3.50000000   0.90000000     0.0000000000

  0.00000000   1.00000000   200.0000000000
  0.10000000   1.00000000   257.0346445990
  0.20000000   1.00000000   278.6246811245
  0.30000000   1.00000000   268.0772694556
  0.40000000   1.00000000   257.7010660652
  0.50000000   1.00000000   247.5540183991
  0.60000000   1.00000000   237.6904435390
  0.70000000   1.00000000   228.1584051007
  0.80000000   1.00000000   218.9978064724
  0.90000000   1.00000000   210.2391952545
  1.00000000   1.00000000   201.9031069489
  1.10000000   1.00000000   193.9997649794
  1.20000000   1.00000000   186.5289988203
  1.30000000   1.00000000   179.4802892794
  1.40000000   1.00000000   172.8328828199
  1.50000000   1.00000000   166.5559353922
  1.60000000   1.00000000   160.6086558417
  1.70000000   1.00000000   154.9404248814
  1.80000000   1.00000000   149.4908718927
  1.90000000   1.00000000   144.1899015520
  2.00000000   1.00000000   138.9576782966
  2.10000000   1.00000000   133.7046021875
  2.20000000   1.00000000   128.3313489725
  2.30000000   1.00000000   122.7291054574
  2.40000000   1.00000000   116.7802148119
  2.50000000   1.00000000   110.3595605425
  2.60000000   1.00000000   103.3371630230
  2.70000000   1.00000000    95.5826255996
  2.80000000   1.00000000    86.9722062954
  2.90000000   1.00000000    77.3993113329
  3.00000000   1.00000000    66.7889347060
  3.10000000   1.00000000    55.1157456600
  3.20000000   1.00000000    42.4238806458
  3.30000000   1.00000000    28.8439841446
  3.40000000   1.00000000    14.6003398757
  3.50000000   1.00000000     0.0000000000

  0.00000000   1.10000000   200.0000000000
  0.10000000   1.10000000   256.1304858562
  0.20000000   1.10000000   276.8267975207
  0.30000000   1.10000000   265.4047158539
  0.40000000   1.10000000   254.1791240377
  0.50000000   1.10000000   243.2122769626
  0.60000000   1.10000000   232.5616579433
  0.70000000   1.10000000   222.2779342837
  0.80000000   1.10000000   212.4033137705
  0.90000000   1.10000000   202.9703867243
  1.00000000   1.10000000   194.0014091456
  1.10000000   1.10000000   185.5079354923
  1.20000000   1.10000000   177.4907087420
  1.30000000   1.10000000   169.9397313046
  1.40000000   1.10000000   162.8344578363
  1.50000000   1.10000000   156.1440650542
  1.60000000   1.10000000   149.8277643751
  1.70000000   1.10000000   143.8351325248
  1.80000000   1.10000000   138.1064454445
  1.90000000   1.10000000   132.5730139870
  2.00000000   1.10000000   127.1575382045
  2.10000000   1.10000000   121.7745227085
  2.20000000   1.10000000   116.3308311253
  2.30000000   1.10000000   110.7265054685
  2.40000000   1.10000000   104.8560378547
  2.50000000   1.10000000    98.6103561454
  2.60000000   1.10000000    91.8798642663
  2.70000000   1.10000000    84.5589423598
  2.80000000   1.10000000    76.5523214141
  2.90000000   1.10000000    67.7836324980
  3.00000000   1.10000000    58.2060925245
  3.10000000   1.10000000    47.8146171998
  3.20000000   1.10000000    36.6575978601
  3.30000000   1.10000000    24.8452936324
  3.40000000   1.10000000    12.5508141715
  3.50000000   1.10000000     0.0000000000

  0.00000000   1.20000000   200.0000000000
  0.10000000   1.20000000   255.2744080453
  0.20000000   1.20000000   275.1235491246
  0.30000000   1.20000000   262.8711455713
  0.40000000   1.20000000   250.8385827722
  0.50000000   1.20000000   239.0932229856
  0.60000000   1.20000000   227.6965587552
  0.70000000   1.20000000   216.7024696447
  0.80000000   1.20000000   206.1557755587
  0.90000000   1.20000000   196.0911722021
  1.00000000   1.20000000   186.5325494801
  1.10000000   1.20000000   177.4926469298
  1.20000000   1.20000000   168.9729834224
  1.30000000   1.20000000   160.9639984458
  1.40000000   1.20000000   153.4453496088
  1.50000000   1.20000000   146.3863205587
  1.60000000   1.20000000   139.7463034876
  1.70000000   1.20000000   133.4753308944
  1.80000000   1.20000000   127.5146431149
  1.90000000   1.20000000   121.7972925019
  2.00000000   1.20000000   116.2488032928
  2.10000000   1.20000000   110.7879293755
  2.20000000   1.20000000   105.3275813568
  2.30000000   1.20000000    99.7760299047
  2.40000000   1.20000000    94.0385330557
  2.50000000   1.20000000    88.0195767817
  2.60000000   1.20000000    81.6259509032
  2.70000000   1.20000000    74.7708881858
  2.80000000   1.20000000    67.3794434485
  2.90000000   1.20000000    59.3951399523
  3.00000000   1.20000000    50.7876152985
  3.10000000   1.20000000    41.5605285896
  3.20000000   1.20000000    31.7583766536
  3.30000000   1.20000000    21.4702684777
  3.40000000   1.20000000    10.8284587113
  3.50000000   1.20000000     0.0000000000

  0.00000000   1.30000000   200.0000000000
  0.10000000   1.30000000   254.4617714102
  0.20000000   1.30000000   273.5065527553
  0.30000000   1.30000000   260.4657343945
  0.40000000   1.30000000   247.6673713891
  0.50000000   1.30000000   235.1843785772
  0.60000000   1.30000000   223.0827486190
  0.70000000   1.30000000   211.4199424313
  0.80000000   1.30000000   200.2435728578
  0.90000000   1.30000000   189.5904445911
  1.00000000   1.30000000   179.4859582358
  1.10000000   1.30000000   169.9438485085
  1.20000000   1.30000000   160.9662070355
  1.30000000   1.30000000   152.5437343494
  1.40000000   1.30000000   144.6561681635
  1.50000000   1.30000000   137.2728419475
  1.60000000   1.30000000   130.3533371066
  1.70000000   1.30000000   123.8482028507
  1.80000000   1.30000000   117.6997301252
  1.90000000   1.30000000   111.8427801511
  2.00000000   1.30000000   106.2056847229
  2.10000000   1.30000000   100.7112548539
  2.20000000   1.30000000    95.2779566617
  2.30000000   1.30000000    89.8213376863
  2.40000000   1.30000000    84.2558107548
  2.50000000   1.30000000    78.4969210695
  2.60000000   1.30000000    72.4642266828
  2.70000000   1.30000000    66.0848992503
  2.80000000   1.30000000    59.2980821626
  2.90000000   1.30000000    52.0599054594
  3.00000000   1.30000000    44.3488350439
  3.10000000   1.30000000    36.1707320820
  3.20000000   1.30000000    27.5626658565
  3.30000000   1.30000000    18.5942762724
  3.40000000   1.30000000     9.3655051187
  3.50000000   1.30000000     0.0000000000

  0.00000000   1.40000000   200.0000000000
  0.10000000   1.40000000   253.6873587425
  0.20000000   1.40000000   271.9659288026
  0.30000000   1.40000000   258.1748321407
  0.40000000   1.40000000   244.6490304094
  0.50000000   1.40000000   231.4673268819
  0.60000000   1.40000000   218.7005325899
  0.70000000   1.40000000   206.4098963860
  0.80000000   1.40000000   194.6458757322
  0.90000000   1.40000000   183.4472854684
  1.00000000   1.40000000   172.8408221555
  1.10000000   1.40000000   162.8409317628
  1.20000000   1.40000000   153.4499712754
  1.30000000   1.40000000   144.6586086371
  1.40000000   1.40000000   136.4464071607
  1.50000000   1.40000000   128.7825471777
  1.60000000   1.40000000   121.6266471572
  1.70000000   1.40000000   114.9296576254
  1.80000000   1.40000000   108.6348134634
  1.90000000   1.40000000   102.6786434800
  2.00000000   1.40000000    96.9920506024
  2.10000000   1.40000000    91.5014915152
  2.20000000   1.40000000    86.1303005937
  2.30000000   1.40000000    80.8002182022
  2.40000000   1.40000000    75.4331952690
  2.50000000   1.40000000    69.9535501405
  2.60000000   1.40000000    64.2905434071
  2.70000000   1.40000000    58.3814027570
  2.80000000   1.40000000    52.1747626603
  2.90000000   1.40000000    45.6343741138
  3.00000000   1.40000000    38.7427865124
  3.10000000   1.40000000    31.5045222066
  3.20000000   1.40000000    23.9480965791
  3.30000000   1.40000000    16.1261566138
  3.40000000   1.40000000     8.1131132134
  3.50000000   1.40000000     0.0000000000

  0.00000000   1.50000000   200.0000000000
  0.10000000   1.50000000   252.9448457335
  0.20000000   1.50000000   270.4894597129
  0.30000000   1.50000000   255.9810768359
  0.40000000   1.50000000   241.7619603886
  0.50000000   1.50000000   227.9171583608
  0.60000000   1.50000000   214.5225517778
  0.70000000   1.50000000   201.6432751222
  0.80000000   1.50000000   189.3325573059
  0.90000000   1.50000000   177.6309942706
  1.00000000   1.50000000   166.5662305244
  1.10000000   1.50000000   156.1530027608
  1.20000000   1.50000000   146.3934858055
  1.30000000   1.50000000   137.2778781237
  1.40000000   1.50000000   128.7851682765
  1.50000000   1.50000000   120.8840323017
  1.60000000   1.50000000   113.5338229012
  1.70000000   1.50000000   106.6856232135
  1.80000000   1.50000000   100.2833501688
  1.90000000   1.50000000    94.2649046909
  2.00000000   1.50000000    88.5633781947
  2.10000000   1.50000000    83.1083366582
  2.20000000   1.50000000    77.8272143658
  2.30000000   1.50000000    72.6468579068
  2.40000000   1.50000000    67.4952649495
  2.50000000   1.50000000    62.3035583527
  2.60000000   1.50000000    57.0082198685
  2.70000000   1.50000000    51.5535738503
  2.80000000   1.50000000    45.8944553017
  2.90000000   1.50000000    39.9989164025
  3.00000000   1.50000000    33.8507259633
  3.10000000   1.50000000    27.4513128228
  3.20000000   1.50000000    20.8207273185
  3.30000000   1.50000000    13.9971881575
  3.40000000   1.50000000     7.0348906829
  3.50000000   1.50000000     0.0000000000

  0.00000000   1.60000000   200.0000000000
  0.10000000   1.60000000   252.2264103312
  0.20000000   1.60000000   269.0619218313
  0.30000000   1.60000000   253.8626083278
  0.40000000   1.60000000   238.9786544647
  0.50000000   1.60000000   224.5018085974
  0.60000000   1.60000000   210.5132677271
  0.70000000   1.60000000   197.0820678668
  0.80000000   1.60000000   184.2640048138
  0.90000000   1.60000000   172.1010660456
  1.00000000   1.60000000   160.6213210171
  1.10000000   1.60000000   149.8391973447
  1.20000000   1.60000000   139.7560635096
  1.30000000   1.60000000   130.3610418614
  1.40000000   1.60000000   121.6319852839
  1.50000000   1.60000000   113.5365636903
  1.60000000   1.60000000   106.0334202765
  1.70000000   1.60000000    99.0733708296
  1.80000000   1.60000000    92.6006317647
  1.90000000   1.60000000    86.5540737788
  2.00000000   1.60000000    80.8685080065
  2.10000000   1.60000000    75.4760201754
  2.20000000   1.60000000    70.3073749472
  2.30000000   1.60000000    65.2935163735
  2.40000000   1.60000000    60.3671895279
  2.50000000   1.60000000    55.4647006440
  2.60000000   1.60000000    50.5278157915
  2.70000000   1.60000000    45.5057686743
  2.80000000   1.60000000    40.3573050484
  2.90000000   1.60000000    35.0526357577
  3.00000000   1.60000000    29.5751084741
  3.10000000   1.60000000    23.9223525849
  3.20000000   1.60000000    18.1066221996
  3.30000000   1.60000000    12.1540831582
  3.40000000   1.60000000     6.1028817826
  3.50000000   1.60000000     0.0000000000

  0.00000000   1.70000000   200.0000000000
  0.10000000   1.70000000   251.5223653427
  0.20000000   1.70000000   267.6644260810
  0.30000000   1.70000000   251.7922363721
  0.40000000   1.70000000   236.2648181969
  0.50000000   1.70000000   221.1812336089
  0.60000000   1.70000000   206.6282677287
  0.70000000   1.70000000   192.6787924272
  0.80000000   1.70000000   179.3908070623
  0.90000000   1.70000000   166.8070952628
  1.00000000   1.70000000   154.9554011921
  1.10000000   1.70000000   143.8490144322
  1.20000000   1.70000000   133.4876550920
  1.30000000   1.70000000   123.8585639710
  1.40000000   1.70000000   114.9377210355
  1.50000000   1.70000000   106.6911349445
  1.60000000   1.70000000    99.0761643956
  1.70000000   1.70000000    92.0428475031
  1.80000000   1.70000000    85.5352280550
  1.90000000   1.70000000    79.4926775558
  2.00000000   1.70000000    73.8512197654
  2.10000000   1.70000000    68.5448701304
  2.20000000   1.70000000    63.5070058632
  2.30000000   1.70000000    58.6717828216
  2.40000000   1.70000000    53.9756117160
  2.50000000   1.70000000    49.3586971525
  2.60000000   1.70000000    44.7666271666
  2.70000000   1.70000000    40.1519772087
  2.80000000   1.70000000    35.4758611508
  2.90000000   1.70000000    30.7093250663
  3.00000000   1.70000000    25.8344427074
  3.10000000   1.70000000    20.8449439236
  3.20000000   1.70000000    15.7462010446
  3.30000000   1.70000000    10.5544264123
  3.40000000   1.70000000     5.2950052983
  3.50000000   1.70000000     0.0000000000

  0.00000000   1.80000000   200.0000000000
  0.10000000   1.80000000   250.8207360786
  0.20000000   1.80000000   266.2736427055
  0.30000000   1.80000000   249.7364307371
  0.40000000   1.80000000   233.5782622791
  0.50000000   1.80000000   217.9063349229
  0.60000000   1.80000000   202.8133278106
  0.70000000   1.80000000   188.3757706748
  0.80000000   1.80000000   174.6532864574
  0.90000000   1.80000000   161.6885824041
  1.00000000   1.80000000   149.5080277950
  1.10000000   1.80000000   138.1226525919
  1.20000000   1.80000000   127.5294194238
  1.30000000   1.80000000   117.7126505131
  1.40000000   1.80000000   108.6455228013
  1.50000000   1.80000000   100.2915733674
  1.60000000   1.80000000    92.6061807506
  1.70000000   1.80000000    85.5380055287
  1.80000000   1.80000000    79.0303860806
  1.90000000   1.80000000    73.0226939109
  2.00000000   1.80000000    67.4516581883
  2.10000000   1.80000000    62.2526718962
  2.20000000   1.80000000    57.3610924053
  2.30000000   1.80000000    52.7135471534
  2.40000000   1.80000000    48.2492498756
  2.50000000   1.80000000    43.9113237555
  2.60000000   1.80000000    39.6481143079
  2.70000000   1.80000000    35.4144566038
  2.80000000   1.80000000    31.1728393984
  2.90000000   1.80000000    26.8943851482
  3.00000000   1.80000000    22.5595440215
  3.10000000   1.80000000    18.1583880058
  3.20000000   1.80000000    13.6903954097
  3.30000000   1.80000000     9.1636430368
  3.40000000   1.80000000     4.5933760342
  3.50000000   1.80000000     0.0000000000

  0.00000000   1.90000000   200.0000000000
  0.10000000   1.90000000   250.1067108689
  0.20000000   1.90000000   264.8607864080
  0.30000000   1.90000000   247.6539880395
  0.40000000   1.90000000   230.8674277465
  0.50000000   1.90000000   214.6175157649
  0.60000000   1.90000000   199.0031433386
  0.70000000   1.90000000   184.1041347600
  0.80000000   1.90000000   169.9808377443
  0.90000000   1.90000000   156.6746234159
  1.00000000   1.90000000   144.2090357762
  1.10000000   1.90000000   132.5913482914
  1.20000000   1.90000000   121.8143304139
  1.30000000   1.90000000   111.8580808371
  1.40000000   1.90000000   102.6918347460
  1.50000000   1.90000000    94.2756931419
  1.60000000   1.90000000    86.5622518916
  1.70000000   1.90000000    79.4981275586
  1.80000000   1.90000000    73.0253884937
  1.90000000   1.90000000    67.0829053939
  2.00000000   1.90000000    61.6076374582
  2.10000000   1.90000000    56.5358696375
  2.20000000   1.90000000    51.8044139229
  2.30000000   1.90000000    47.3517832779
  2.40000000   1.90000000    43.1193404746
  2.50000000   1.90000000    39.0524154031
  2.60000000   1.90000000    35.1013731617
  2.70000000   1.90000000    31.2226016049
  2.80000000   1.90000000    27.3793719416
  2.90000000   1.90000000    23.5425113692
  3.00000000   1.90000000    19.6908156415
  3.10000000   1.90000000    15.8111258667
  3.20000000   1.90000000    11.8980019114
  3.30000000   1.90000000     7.9529477350
  3.40000000   1.90000000     3.9831823204
  3.50000000   1.90000000     0.0000000000

  0.00000000   2.00000000   200.0000000000
  0.10000000   2.00000000   249.3618777667
  0.20000000   2.00000000   263.3902096774
  0.30000000   2.00000000   245.4941909764
  0.40000000   2.00000000   228.0693609623
  0.50000000   2.00000000   211.2427124463
  0.60000000   2.00000000   195.1196112913
  0.70000000   2.00000000   179.7824902708
  0.80000000   2.00000000   165.2910363938
  0.90000000   2.00000000   151.6834724400
  1.00000000   2.00000000   138.9785249563
  1.10000000   2.00000000   127.1777325309
  1.20000000   2.00000000   116.2678393509
  1.30000000   2.00000000   106.2231104603
  1.40000000   2.00000000    97.0074807890
  1.50000000   2.00000000    88.5765045645
  1.60000000   2.00000000    80.8791063629
  1.70000000   2.00000000    73.8591539436
  1.80000000   2.00000000    67.4568808989
  1.90000000   2.00000000    61.6101881526
  2.00000000   2.00000000    56.2558504574
  2.10000000   2.00000000    51.3306491707
  2.20000000   2.00000000    46.7724467024
  2.30000000   2.00000000    42.5212114522
  2.40000000   2.00000000    38.5199947197
  2.50000000   2.00000000    34.7158527846
  2.60000000   2.00000000    31.0606980379
  2.70000000   2.00000000    27.5120529382
  2.80000000   2.00000000    24.0336704504
  2.90000000   2.00000000    20.5959759160
  3.00000000   2.00000000    17.1762800488
  3.10000000   2.00000000    13.7587133964
  3.20000000   2.00000000    10.3338414590
  3.30000000   2.00000000     6.8979381221
  3.40000000   2.00000000     3.4519227161
  3.50000000   2.00000000     0.0000000000

  0.00000000   2.10000000   200.0000000000
  0.10000000   2.10000000   248.5631251599
  0.20000000   2.10000000   261.8173903188
  0.30000000   2.10000000   243.1942031151
  0.40000000   2.10000000   225.1068885025
  0.50000000   2.10000000   207.6946950732
  0.60000000   2.10000000   191.0695207458
  0.70000000   2.10000000   175.3151565673
  0.80000000   2.10000000   160.4884902632
  0.90000000   2.10000000   146.6219892934
  1.00000000   2.10000000   133.7268378306
  1.10000000   2.10000000   121.7962482750
  1.20000000   2.10000000   110.8086348525
  1.30000000   2.10000000   100.7304819942
  1.40000000   2.10000000    91.5188466001
  1.50000000   2.10000000    83.1235005310
  1.60000000   2.10000000    75.4887553108
  1.70000000   2.10000000    68.5550246371
  1.80000000   2.10000000    62.2601804751
  1.90000000   2.10000000    56.5407516337
  2.00000000   2.10000000    51.3330039558
  2.10000000   2.10000000    46.5739309546
  2.20000000   2.10000000    42.2021739509
  2.30000000   2.10000000    38.1588817793
  2.40000000   2.10000000    34.3885117812
  2.50000000   2.10000000    30.8395658155
  2.60000000   2.10000000    27.4652472321
  2.70000000   2.10000000    24.2240172880
  2.80000000   2.10000000    21.0800228416
  2.90000000   2.10000000    18.0033622698
  3.00000000   2.10000000    14.9701547037
  3.10000000   2.10000000    11.9623802997
  3.20000000   2.10000000     8.9674675535
  3.30000000   2.10000000     5.9776181299
  3.40000000   2.10000000     2.9888796308
  3.50000000   2.10000000     0.0000000000

  0.00000000   2.20000000   200.0000000000
  0.10000000   2.20000000   247.6810179227
  0.20000000   2.20000000   260.0859887381
  0.30000000   2.20000000   240.6753202791
  0.40000000   2.20000000   221.8846381231
  0.50000000   2.20000000   203.8673636399
  0.60000000   2.20000000   186.7414797093
  0.70000000   2.20000000   170.5899093059
  0.80000000   2.20000000   155.4634349296
  0.90000000   2.20000000   141.3850205954
  1.00000000   2.20000000   128.3546012680
  1.10000000   2.20000000   116.3537066524
  1.20000000   2.20000000   105.3495717742
  1.30000000   2.20000000    95.2986029477
  1.40000000   2.20000000    86.1492055160
  1.50000000   2.20000000    77.8440523124
  1.60000000   2.20000000    70.3218988901
  1.70000000   2.20000000    63.5190513544
  1.80000000   2.20000000    57.3705786289
  1.90000000   2.20000000    51.8113419346
  2.00000000   2.20000000    46.7768950878
  2.10000000   2.20000000    42.2042922065
  2.20000000   2.20000000    38.0328252599
  2.30000000   2.20000000    34.2047024249
  2.40000000   2.20000000    30.6656688987
  2.50000000   2.20000000    27.3655641017
  2.60000000   2.20000000    24.2588026871
  2.70000000   2.20000000    21.3047613221
  2.80000000   2.20000000    18.4680490371
  2.90000000   2.20000000    15.7186365497
  3.00000000   2.20000000    13.0318201067
  3.10000000   2.20000000    10.3879988160
  3.20000000   2.20000000     7.7722517411
  3.30000000   2.20000000     5.1737122552
  3.40000000   2.20000000     2.5847516312
  3.50000000   2.20000000     0.0000000000

  0.00000000   2.30000000   200.0000000000
  0.10000000   2.30000000   246.6773423971
  0.20000000   2.30000000   258.1234585795
  0.30000000   2.30000000   237.8374979338
  0.40000000   2.30000000   218.2833935108
  0.50000000   2.30000000   199.6306755582
  0.60000000   2.30000000   182.0018834895
  0.70000000   2.30000000   165.4751767485
  0.80000000   2.30000000   150.0901270774
  0.90000000   2.30000000   135.8548258973
  1.00000000   2.30000000   122.7529631797
  1.10000000   2.30000000   110.7501077123
  1.20000000   2.30000000    99.7988760098
  1.30000000   2.30000000    89.8429735676
  1.40000000   2.30000000    80.8202484113
  1.50000000   2.30000000    72.6649551645
  1.60000000   2.30000000    65.3094283556
  1.70000000   2.30000000    58.6853361014
  1.80000000   2.30000000    52.7246483219
  1.90000000   2.30000000    47.3604173698
  2.00000000   2.30000000    42.5274378985
  2.10000000   2.30000000    38.1628281780
  2.20000000   2.30000000    34.2065564786
  2.30000000   2.30000000    30.6019224920
  2.40000000   2.30000000    27.2959938382
  2.50000000   2.30000000    24.2399904813
  2.60000000   2.30000000    21.3896045985
  2.70000000   2.30000000    18.7052397045
  2.80000000   2.30000000    16.1521505524
  2.90000000   2.30000000    13.7004646866
  3.00000000   2.30000000    11.3250678711
  3.10000000   2.30000000     9.0053393282
  3.20000000   2.30000000     6.7247290162
  3.30000000   2.30000000     4.4701779326
  3.40000000   2.30000000     2.2313930631
  3.50000000   2.30000000     0.0000000000

  0.00000000   2.40000000   200.0000000000
  0.10000000   2.40000000   245.5012981727
  0.20000000   2.40000000   255.8343569098
  0.30000000   2.40000000   234.5512399187
  0.40000000   2.40000000   214.1520320699
  0.50000000   2.40000000   194.8237299763
  0.60000000   2.40000000   176.6897297251
  0.70000000   2.40000000   159.8167118085
  0.80000000   2.40000000   144.2251903052
  0.90000000   2.40000000   129.9007600651
  1.00000000   2.40000000   116.8042387671
  1.10000000   2.40000000   104.8799131446
  1.20000000   2.40000000    94.0617728578
  1.30000000   2.40000000    84.2779718092
  1.40000000   2.40000000    75.4538894165
  1.50000000   2.40000000    67.5141682722
  1.60000000   2.40000000    60.3840488845
  1.70000000   2.40000000    53.9902485806
  1.80000000   2.40000000    48.2615615003
  1.90000000   2.40000000    43.1292984964
  2.00000000   2.40000000    38.5276414224
  2.10000000   2.40000000    34.3939542888
  2.20000000   2.40000000    30.6690716299
  2.30000000   2.40000000    27.2975695843
  2.40000000   2.40000000    24.2280155071
  2.50000000   2.40000000    21.4131857670
  2.60000000   2.40000000    18.8102376071
  2.70000000   2.40000000    16.3808188945
  2.80000000   2.40000000    14.0910989388
  2.90000000   2.40000000    11.9117042798
  3.00000000   2.40000000     9.8175455382
  3.10000000   2.40000000     7.7875252320
  3.20000000   2.40000000     5.8041219250
  3.30000000   2.40000000     3.8528530215
  3.40000000   2.40000000     1.9216264879
  3.50000000   2.40000000     0.0000000000

  0.00000000   2.50000000   200.0000000000
  0.10000000   2.50000000   244.0834090426
  0.20000000   2.50000000   253.0898918247
  0.30000000   2.50000000   230.6453750624
  0.40000000   2.50000000   209.2959443674
  0.50000000   2.50000000   189.2454198911
  0.60000000   2.50000000   170.6101480827
  0.70000000   2.50000000   153.4339165630
  0.80000000   2.50000000   137.7062432460
  0.90000000   2.50000000   123.3795766145
  1.00000000   2.50000000   110.3832950809
  1.10000000   2.50000000    98.6340325479
  1.20000000   2.50000000    88.0427282488
  1.30000000   2.50000000    78.5191211126
  1.40000000   2.50000000    69.9744234847
  1.50000000   2.50000000    62.3227895924
  1.60000000   2.50000000    55.4820404566
  1.70000000   2.50000000    49.3739659835
  1.80000000   2.50000000    43.9244129948
  1.90000000   2.50000000    39.0632861669
  2.00000000   2.50000000    34.7245324968
  2.10000000   2.50000000    30.8461428523
  2.20000000   2.50000000    27.3701808058
  2.30000000   2.50000000    24.2428348859
  2.40000000   2.50000000    21.4144823803
  2.50000000   2.50000000    18.8397486745
  2.60000000   2.50000000    16.4775443830
  2.70000000   2.50000000    14.2910623732
  2.80000000   2.50000000    12.2477177578
  2.90000000   2.50000000    10.3190158766
  3.00000000   2.50000000     8.4803361980
  3.10000000   2.50000000     6.7106239622
  3.20000000   2.50000000     4.9919862526
  3.30000000   2.50000000     3.3091948449
  3.40000000   2.50000000     1.6491043194
  3.50000000   2.50000000     0.0000000000

  0.00000000   2.60000000   200.0000000000
  0.10000000   2.60000000   242.3254267914
  0.20000000   2.60000000   249.7111138262
  0.30000000   2.60000000   225.8883059376
  0.40000000   2.60000000   203.4603428593
  0.50000000   2.60000000   182.6420040064
  0.60000000   2.60000000   163.5267236899
  0.70000000   2.60000000   146.1163062084
  0.80000000   2.60000000   130.3514336516
  0.90000000   2.60000000   116.1369407944
  1.00000000   2.60000000   103.3601477903
  1.10000000   2.60000000    91.9028640044
  1.20000000   2.60000000    81.6485249299
  1.30000000   2.60000000    72.4859711633
  1.40000000   2.60000000    64.3111015138
  1.50000000   2.60000000    57.0272898619
  1.60000000   2.60000000    50.5451568427
  1.70000000   2.60000000    44.7820628397
  1.80000000   2.60000000    39.6615337218
  1.90000000   2.60000000    35.1127299362
  2.00000000   2.60000000    31.0700072053
  2.10000000   2.60000000    27.4725803560
  2.20000000   2.60000000    24.2642814741
  2.30000000   2.60000000    21.3933933163
  2.40000000   2.60000000    18.8125346339
  2.50000000   2.60000000    16.4785732109
  2.60000000   2.60000000    14.3525434587
  2.70000000   2.60000000    12.3995474955
  2.80000000   2.60000000    10.5886213355
  2.90000000   2.60000000     8.8925509755
  3.00000000   2.60000000     7.2876267559
  3.10000000   2.60000000     5.7533284126
  3.20000000   2.60000000     4.2719377006
  3.30000000   2.60000000     2.8280802576
  3.40000000   2.60000000     1.4082032515
  3.50000000   2.60000000     0.0000000000

  0.00000000   2.70000000   200.0000000000
  0.10000000   2.70000000   240.0828436820
  0.20000000   2.70000000   245.4409805211
  0.30000000   2.70000000   219.9587261746
  0.40000000   2.70000000   196.3062554392
  0.50000000   2.70000000   174.6911082884
  0.60000000   2.70000000   155.1532234664
  0.70000000   2.70000000   137.6211806910
  0.80000000   2.70000000   121.9609671688
  0.90000000   2.70000000   108.0110450939
  1.00000000   2.70000000    95.6044072037
  1.10000000   2.70000000    84.5807941444
  1.20000000   2.70000000    74.7924014705
  1.30000000   2.70000000    66.1056985528
  1.40000000   2.70000000    58.4011551074
  1.50000000   2.70000000    51.5719962130
  1.60000000   2.70000000    45.5226333120
  1.70000000   2.70000000    40.1671149149
  1.80000000   2.70000000    35.4277578220
  1.90000000   2.70000000    31.2340155283
  2.00000000   2.70000000    27.5215847572
  2.10000000   2.70000000    24.2317238047
  2.20000000   2.70000000    21.3107451922
  2.30000000   2.70000000    18.7096425922
  2.40000000   2.70000000    16.3838138368
  2.50000000   2.70000000    14.2928456455
  2.60000000   2.70000000    12.4003302610
  2.70000000   2.70000000    10.6736888353
  2.80000000   2.70000000     9.0839809459
  2.90000000   2.70000000     7.6056839903
  3.00000000   2.70000000     6.2164304754
  3.10000000   2.70000000     4.8966954456
  3.20000000   2.70000000     3.6294305176
  3.30000000   2.70000000     2.3996451712
  3.40000000   2.70000000     1.1939399641
  3.50000000   2.70000000     0.0000000000

  0.00000000   2.80000000   200.0000000000
  0.10000000   2.80000000   237.1329738563
  0.20000000   2.80000000   239.8961941169
  0.30000000   2.80000000   212.3991825382
  0.40000000   2.80000000   187.3764718060
  0.50000000   2.80000000   164.9824401742
  0.60000000   2.80000000   145.1465045110
  0.70000000   2.80000000   127.6745918131
  0.80000000   2.80000000   112.3224008329
  0.90000000   2.80000000    98.8395829856
  1.00000000   2.80000000    86.9923495891
  1.10000000   2.80000000    76.5725723700
  1.20000000   2.80000000    67.3994309480
  1.30000000   2.80000000    59.3174644735
  1.40000000   2.80000000    52.1932358125
  1.50000000   2.80000000    45.9117597699
  1.60000000   2.80000000    40.3732305950
  1.70000000   2.80000000    35.4902497643
  1.80000000   2.80000000    31.1855863414
  1.90000000   2.80000000    27.3904249943
  2.00000000   2.80000000    24.0430274977
  2.10000000   2.80000000    21.0877280012
  2.20000000   2.80000000    18.4741875599
  2.30000000   2.80000000    16.1568427526
  2.40000000   2.80000000    14.0944934159
  2.50000000   2.80000000    12.2499841740
  2.60000000   2.80000000    10.5899429988
  2.70000000   2.80000000     9.0845474286
  2.80000000   2.80000000     7.7072954223
  2.90000000   2.80000000     6.4347633356
  3.00000000   2.80000000     5.2463383776
  3.10000000   2.80000000     4.1239173214
  3.20000000   2.80000000     3.0515672953
  3.30000000   2.80000000     2.0151482357
  3.40000000   2.80000000     1.0018999862
  3.50000000   2.80000000     0.0000000000

  0.00000000   2.90000000   200.0000000000
  0.10000000   2.90000000   233.1129291159
  0.20000000   2.90000000   232.4808435530
  0.30000000   2.90000000   202.5418225417
  0.40000000   2.90000000   176.0490597478
  0.50000000   2.90000000   152.9977899045
  0.60000000   2.90000000   133.1047409715
  0.70000000   2.90000000   115.9793392704
  0.80000000   2.90000000   101.2223487020
  0.90000000   2.90000000    88.4716650105
  1.00000000   2.90000000    77.4174100504
  1.10000000   2.90000000    67.8018594059
  1.20000000   2.90000000    59.4131666195
  1.30000000   2.90000000    52.0774288925
  1.40000000   2.90000000    45.6511241058
  1.50000000   2.90000000    40.0146614043
  1.60000000   2.90000000    35.0671871438
  1.70000000   2.90000000    30.7225397366
  1.80000000   2.90000000    26.9061664797
  1.90000000   2.90000000    23.5528085917
  2.00000000   2.90000000    20.6047820424
  2.10000000   2.90000000    18.0107107514
  2.20000000   2.90000000    15.7245968611
  2.30000000   2.90000000    13.7051370623
  2.40000000   2.90000000    11.9152138337
  2.50000000   2.90000000    10.3215063325
  2.60000000   2.90000000     8.8941782279
  2.70000000   2.90000000     7.6066096954
  2.80000000   2.90000000     6.4351487131
  2.90000000   2.90000000     5.3588632185
  3.00000000   2.90000000     4.3592809995
  3.10000000   2.90000000     3.4201086939
  3.20000000   2.90000000     2.5269251629
  3.30000000   2.90000000     1.6668478933
  3.40000000   2.90000000     0.8281740171
  3.50000000   2.90000000     0.0000000000

  0.00000000   3.00000000   200.0000000000
  0.10000000   3.00000000   227.3897988465
  0.20000000   3.00000000   222.2254128008
  0.30000000   3.00000000   189.3906654098
  0.40000000   3.00000000   161.4797362896
  0.50000000   3.00000000   138.0985801381
  0.60000000   3.00000000   118.5794277316
  0.70000000   3.00000000   102.2360574711
  0.80000000   3.00000000    88.4681013548
  0.90000000   3.00000000    76.7863137342
  1.00000000   3.00000000    66.8046212234
  1.10000000   3.00000000    58.2219121345
  1.20000000   3.00000000    50.8032868516
  1.30000000   3.00000000    44.3640987620
  1.40000000   3.00000000    38.7574102356
  1.50000000   3.00000000    33.8645101457
  1.60000000   3.00000000    29.5878898207
  1.70000000   3.00000000    25.8460964029
  1.80000000   3.00000000    22.5699845614
  1.90000000   3.00000000    19.6999963310
  2.00000000   3.00000000    17.1841912762
  2.10000000   3.00000000    14.9768211363
  2.20000000   3.00000000    13.0372969803
  2.30000000   3.00000000    11.3294365618
  2.40000000   3.00000000     9.8209086111
  2.50000000   3.00000000     8.4828121281
  2.60000000   3.00000000     7.2893445037
  2.70000000   3.00000000     6.2175240883
  2.80000000   3.00000000     5.2469417688
  2.90000000   3.00000000     4.3595230341
  3.00000000   3.00000000     3.5392874693
  3.10000000   3.00000000     2.7720970321
  3.20000000   3.00000000     2.0453881021
  3.30000000   3.00000000     1.3478853212
  3.40000000   3.00000000     0.6692977616
  3.50000000   3.00000000     0.0000000000

  0.00000000   3.10000000   200.0000000000
  0.10000000   3.10000000   218.7643860917
  0.20000000   3.10000000   207.4767219568
  0.30000000   3.10000000   171.4435602281
  0.40000000   3.10000000   142.5480172298
  0.50000000   3.10000000   119.5416904954
  0.60000000   3.10000000   101.1165345451
  0.70000000   3.10000000    86.1859466984
  0.80000000   3.10000000    73.9228199961
  0.90000000   3.10000000    63.7184732131
  1.00000000   3.10000000    55.1286996864
  1.10000000   3.10000000    47.8276954152
  1.20000000   3.10000000    41.5735010976
  1.30000000   3.10000000    36.1833861958
  1.40000000   3.10000000    31.5166675279
  1.50000000   3.10000000    27.4627853072
  1.60000000   3.10000000    23.9330175062
  1.70000000   3.10000000    20.8546976968
  1.80000000   3.10000000    18.1671588783
  1.90000000   3.10000000    15.8188735294
  2.00000000   3.10000000    13.7654276025
  2.10000000   3.10000000    11.9680786104
  2.20000000   3.10000000    10.3927236115
  2.30000000   3.10000000     9.0091542375
  2.40000000   3.10000000     7.7905111395
  2.50000000   3.10000000     6.7128747479
  2.60000000   3.10000000     5.7549465743
  2.70000000   3.10000000     4.8977877426
  2.80000000   3.10000000     4.1245905606
  2.90000000   3.10000000     3.4204657644
  3.00000000   3.10000000     2.7722332777
  3.10000000   3.10000000     2.1682083937
  3.20000000   3.10000000     1.5979785242
  3.30000000   3.10000000     1.0521682671
  3.40000000   3.10000000     0.5221926419
  3.50000000   3.10000000     0.0000000000

  0.00000000   3.20000000   200.0000000000
  0.10000000   3.20000000   204.7260313633
  0.20000000   3.20000000   185.2929901544
  0.30000000   3.20000000   146.4616585472
  0.40000000   3.20000000   117.8616635695
  0.50000000   3.20000000    96.5679050895
  0.60000000   3.20000000    80.3505663299
  0.70000000   3.20000000    67.6842663584
  0.80000000   3.20000000    57.5559568945
  0.90000000   3.20000000    49.2912759979
  1.00000000   3.20000000    42.4338366871
  1.10000000   3.20000000    36.6676576225
  1.20000000   3.20000000    31.7683647661
  1.30000000   3.20000000    27.5724199208
  1.40000000   3.20000000    23.9574710266
  1.50000000   3.20000000    20.8295964999
  1.60000000   3.20000000    18.1148826404
  1.70000000   3.20000000    15.7537728362
  1.80000000   3.20000000    13.6972227436
  1.90000000   3.20000000    11.9040527945
  2.00000000   3.20000000    10.3391066782
  2.10000000   3.20000000     8.9719589780
  2.20000000   3.20000000     7.7760000693
  2.30000000   3.20000000     6.7277810821
  2.40000000   3.20000000     5.8065376837
  2.50000000   3.20000000     4.9938355643
  2.60000000   3.20000000     4.2732970255
  2.70000000   3.20000000     3.6303796258
  2.80000000   3.20000000     3.0521860853
  2.90000000   3.20000000     2.5272906678
  3.00000000   3.20000000     2.0455717500
  3.10000000   3.20000000     1.5980437085
  3.20000000   3.20000000     1.1766839088
  3.30000000   3.20000000     0.7742526724
  3.40000000   3.20000000     0.3841057372
  3.50000000   3.20000000     0.0000000000

  0.00000000   3.30000000   200.0000000000
  0.10000000   3.30000000   179.3731094717
  0.20000000   3.30000000   150.3098508594
  0.30000000   3.30000000   111.3258390288
  0.40000000   3.30000000    85.9703998502
  0.50000000   3.30000000    68.6413742427
  0.60000000   3.30000000    56.1777128490
  0.70000000   3.30000000    46.8071000430
  0.80000000   3.30000000    39.5039872776
  0.90000000   3.30000000    33.6488955388
  1.00000000   3.30000000    28.8507376152
  1.10000000   3.30000000    24.8521213763
  1.20000000   3.30000000    21.4770521605
  1.30000000   3.30000000    18.6009062393
  1.40000000   3.30000000    16.1325344835
  1.50000000   3.30000000    14.0032289019
  1.60000000   3.30000000    12.1597166215
  1.70000000   3.30000000    10.5595982500
  1.80000000   3.30000000     9.1683150789
  1.90000000   3.30000000     7.9570978003
  2.00000000   3.30000000     6.9015593277
  2.10000000   3.30000000     5.9807177567
  2.20000000   3.30000000     5.1763102399
  2.30000000   3.30000000     4.4723050645
  2.40000000   3.30000000     3.8545489239
  2.50000000   3.30000000     3.3105058205
  2.60000000   3.30000000     2.8290570751
  2.70000000   3.30000000     2.4003408610
  2.80000000   3.30000000     2.0156159588
  2.90000000   3.30000000     1.6671389357
  3.00000000   3.30000000     1.3480472590
  3.10000000   3.30000000     1.0522433391
  3.20000000   3.30000000     0.7742763870
  3.30000000   3.30000000     0.5092204421
  3.40000000   3.30000000     0.2525480579
  3.50000000   3.30000000     0.0000000000

  0.00000000   3.40000000   200.0000000000
  0.10000000   3.40000000   126.9741783349
  0.20000000   3.40000000    93.0324298402
  0.30000000   3.40000000    62.6132015670
  0.40000000   3.40000000    46.1204570716
  0.50000000   3.40000000    35.9321487422
  0.60000000   3.40000000    29.0081638846
  0.70000000   3.40000000    23.9710450497
  0.80000000   3.40000000    20.1233036640
  0.90000000   3.40000000    17.0779226376
  1.00000000   3.40000000    14.6037517606
  1.10000000   3.40000000    12.5542647484
  1.20000000   3.40000000    10.8318883838
  1.30000000   3.40000000     9.3688586392
  1.40000000   3.40000000     8.1163409873
  1.50000000   3.40000000     7.0379498145
  1.60000000   3.40000000     6.1057368388
  1.70000000   3.40000000     5.2976287822
  1.80000000   3.40000000     4.5957485686
  1.90000000   3.40000000     3.9852925561
  2.00000000   3.40000000     3.4537669869
  2.10000000   3.40000000     2.9904613850
  2.20000000   3.40000000     2.5860806763
  2.30000000   3.40000000     2.2324846616
  2.40000000   3.40000000     1.9225003454
  2.50000000   3.40000000     1.6497835043
  2.60000000   3.40000000     1.4087130851
  2.70000000   3.40000000     1.1943069153
  2.80000000   3.40000000     1.0021506029
  2.90000000   3.40000000     0.8283339203
  3.00000000   3.40000000     0.6693907256
  3.10000000   3.40000000     0.5222397781
  3.20000000   3.40000000     0.3841247962
  3.30000000   3.40000000     0.2525528593
  3.40000000   3.40000000     0.1252308417
  3.50000000   3.40000000     0.0000000000

  0.00000000   3.50000000     0.0000000000
  0.10000000   3.50000000     0.0000000000
  0.20000000   3.50000000     0.0000000000
  0.30000000   3.50000000     0.0000000000
  0.40000000   3.50000000     0.0000000000
  0.50000000   3.50000000     0.0000000000
  0.60000000   3.50000000     0.0000000000
  0.70000000   3.50000000     0.0000000000
  0.80000000   3.50000000     0.0000000000
  0.90000000   3.50000000     0.0000000000
  1.00000000   3.50000000     0.0000000000
  1.10000000   3.50000000     0.0000000000
  1.20000000   3.50000000     0.0000000000
  1.30000000   3.50000000     0.0000000000
  1.40000000   3.50000000     0.0000000000
  1.50000000   3.50000000     0.0000000000
  1.60000000   3.50000000     0.0000000000
  1.70000000   3.50000000     0.0000000000
  1.80000000   3.50000000     0.0000000000
  1.90000000   3.50000000     0.0000000000
  2.00000000   3.50000000     0.0000000000
  2.10000000   3.50000000     0.0000000000
  2.20000000   3.50000000     0.0000000000
  2.30000000   3.50000000     0.0000000000
  2.40000000   3.50000000     0.0000000000
  2.50000000   3.50000000     0.0000000000
  2.60000000   3.50000000     0.0000000000
  2.70000000   3.50000000     0.0000000000
  2.80000000   3.50000000     0.0000000000
  2.90000000   3.50000000     0.0000000000
  3.00000000   3.50000000     0.0000000000
  3.10000000   3.50000000     0.0000000000
  3.20000000   3.50000000     0.0000000000
  3.30000000   3.50000000     0.0000000000
  3.40000000   3.50000000     0.0000000000
  3.50000000   3.50000000     0.0000000000

