  0.00000000   0.00000000   200.0000000000
  0.10000000   0.00000000   200.0000000000
  0.20000000   0.00000000   200.0000000000
  0.30000000   0.00000000   200.0000000000
  0.40000000   0.00000000   200.0000000000
  0.50000000   0.00000000   200.0000000000
  0.60000000   0.00000000   200.0000000000
  0.70000000   0.00000000   200.0000000000
  0.80000000   0.00000000   200.0000000000
  0.90000000   0.00000000   200.0000000000
  1.00000000   0.00000000   200.0000000000
  1.10000000   0.00000000   200.0000000000
  1.20000000   0.00000000   200.0000000000
  1.30000000   0.00000000   200.0000000000
  1.40000000   0.00000000   200.0000000000
  1.50000000   0.00000000   200.0000000000
  1.60000000   0.00000000   200.0000000000
  1.70000000   0.00000000   200.0000000000
  1.80000000   0.00000000   200.0000000000
  1.90000000   0.00000000   200.0000000000
  2.00000000   0.00000000   200.0000000000
  2.10000000   0.00000000   200.0000000000
  2.20000000   0.00000000   200.0000000000
  2.30000000   0.00000000   200.0000000000
  2.40000000   0.00000000   200.0000000000
  2.50000000   0.00000000   200.0000000000
  2.60000000   0.00000000   200.0000000000
  2.70000000   0.00000000   200.0000000000
  2.80000000   0.00000000   200.0000000000
  2.90000000   0.00000000   200.0000000000
  3.00000000   0.00000000   200.0000000000
  3.10000000   0.00000000   200.0000000000
  3.20000000   0.00000000   200.0000000000
  3.30000000   0.00000000   200.0000000000
  3.40000000   0.00000000   200.0000000000
  3.50000000   0.00000000   200.0000000000

  0.00000000   0.10000000   200.0000000000
  0.10000000   0.10000000   286.0897381737
  0.20000000   0.10000000   304.4359935836
  0.30000000   0.10000000   299.2540801829
  0.40000000   0.10000000   296.6769084669
  0.50000000   0.10000000   294.9813759846
  0.60000000   0.10000000   293.6351050670
  0.70000000   0.10000000   292.4566079988
  0.80000000   0.10000000   291.3777193142
  0.90000000   0.10000000   290.3703046484
  1.00000000   0.10000000   289.4214167014
  1.10000000   0.10000000   288.5240125571
  1.20000000   0.10000000   287.6731291687
  1.30000000   0.10000000   286.8641408300
  1.40000000   0.10000000   286.0918676429
  1.50000000   0.10000000   285.3500426633
  1.60000000   0.10000000   284.6309177286
  1.70000000   0.10000000   283.9248923818
  1.80000000   0.10000000   283.2200878537
  1.90000000   0.10000000   282.5017940822
  2.00000000   0.10000000   281.7517032068
  2.10000000   0.10000000   280.9468073563
  2.20000000   0.10000000   280.0577724260
  2.30000000   0.10000000   279.0464811702
  2.40000000   0.10000000   277.8622235843
  2.50000000   0.10000000   276.4356069359
  2.60000000   0.10000000   274.6684590630
  2.70000000   0.10000000   272.4163407520
  2.80000000   0.10000000   269.4566273471
  2.90000000   0.10000000   265.4264849925
  3.00000000   0.10000000   259.6930512073
  3.10000000   0.10000000   251.0571717383
  3.20000000   0.10000000   237.0082252307
  3.30000000   0.10000000   211.6446209623
  3.40000000   0.10000000   159.2349485717
  3.50000000   0.10000000     0.0000000000

  0.00000000   0.20000000   200.0000000000
  0.10000000   0.20000000   272.1860003491
  0.20000000   0.20000000   300.1760668081
  0.30000000   0.20000000   295.9418599008
  0.40000000   0.20000000   292.5226505593
  0.50000000   0.20000000   289.6753482255
  0.60000000   0.20000000   287.1748992388
  0.70000000   0.20000000   284.8957800883
  0.80000000   0.20000000   282.7748545165
  0.90000000   0.20000000   280.7806219107
  1.00000000   0.20000000   278.8964155198
  1.10000000   0.20000000   277.1119401217
  1.20000000   0.20000000   275.4189983665
  1.30000000   0.20000000   273.8092353428
  1.40000000   0.20000000   272.2728459881
  1.50000000   0.20000000   270.7977271892
  1.60000000   0.20000000   269.3688025950
  1.70000000   0.20000000   267.9673559698
  1.80000000   0.20000000   266.5702486425
  1.90000000   0.20000000   265.1488976817
  2.00000000   0.20000000   263.6678628300
  2.10000000   0.20000000   262.0828284106
  2.20000000   0.20000000   260.3376558832
  2.30000000   0.20000000   258.3599907180
  2.40000000   0.20000000   256.0545697972
  2.50000000   0.20000000   253.2927671797
  2.60000000   0.20000000   249.8957845034
  2.70000000   0.20000000   245.6067154675
  2.80000000   0.20000000   240.0423837462
  2.90000000   0.20000000   232.6069860418
  3.00000000   0.20000000   222.3311016817
  3.10000000   0.20000000   207.5616352681
  3.20000000   0.20000000   185.3568813083
  3.30000000   0.20000000   150.3525413140
  3.40000000   0.20000000    93.0538036088
  3.50000000   0.20000000     0.0000000000

  0.00000000   0.30000000   200.0000000000
  0.10000000   0.30000000   267.0041069293
  0.20000000   0.30000000   295.9418930991
  0.30000000   0.30000000   291.8910164133
  0.40000000   0.30000000   287.8967628890
  0.50000000   0.30000000   284.1453613475
  0.60000000   0.30000000   280.6373241681
  0.70000000   0.30000000   277.3400047847
  0.80000000   0.30000000   274.2258560326
  0.90000000   0.30000000   271.2766620149
  1.00000000   0.30000000   268.4803900082
  1.10000000   0.30000000   265.8276989275
  1.20000000   0.30000000   263.3093853777
  1.30000000   0.30000000   260.9146679619
  1.40000000   0.30000000   258.6300081288
  1.50000000   0.30000000   256.4382148390
  1.60000000   0.30000000   254.3176477082
  1.70000000   0.30000000   252.2413741807
  1.80000000   0.30000000   250.1761487719
  1.90000000   0.30000000   248.0810695289
  2.00000000   0.30000000   245.9057277444
  2.10000000   0.30000000   243.5875943676
  2.20000000   0.30000000   241.0482643458
  2.30000000   0.30000000   238.1879784059
  2.40000000   0.30000000   234.8775076392
  2.50000000   0.30000000   230.9459273757
  2.60000000   0.30000000   226.1618644867
  2.70000000   0.30000000   220.2042143792
  2.80000000   0.30000000   212.6157036990
  2.90000000   0.30000000   202.7286393235
  3.00000000   0.30000000   189.5471812635
  3.10000000   0.30000000   171.5693031413
  3.20000000   0.30000000   146.5562673647
  3.30000000   0.30000000   111.3890524741
  3.40000000   0.30000000    62.6448500136
  3.50000000   0.30000000     0.0000000000

  0.00000000   0.40000000   200.0000000000
  0.10000000   0.40000000   264.4269742423
  0.20000000   0.40000000   292.5227550600
  0.30000000   0.40000000   287.8968532573
  0.40000000   0.40000000   283.1767839370
  0.50000000   0.40000000   278.5543176475
  0.60000000   0.40000000   274.1025821621
  0.70000000   0.40000000   269.8432077860
  0.80000000   0.40000000   265.7797200251
  0.90000000   0.40000000   261.9101120887
  1.00000000   0.40000000   258.2303155359
  1.10000000   0.40000000   254.7343980236
  1.20000000   0.40000000   251.4138260031
  1.30000000   0.40000000   248.2565864189
  1.40000000   0.40000000   245.2463682575
  1.50000000   0.40000000   242.3617986226
  1.60000000   0.40000000   239.5756614585
  1.70000000   0.40000000   236.8540029828
  1.80000000   0.40000000   234.1550100577
  1.90000000   0.40000000   231.4275216998
  2.00000000   0.40000000   228.6089914990
  2.10000000   0.40000000   225.6226514405
  2.20000000   0.40000000   222.3735235710
  2.30000000   0.40000000   218.7427673487
  2.40000000   0.40000000   214.5796119553
  2.50000000   0.40000000   209.6897721224
  2.60000000   0.40000000   203.8187549434
  2.70000000   0.40000000   196.6278530048
  2.80000000   0.40000000   187.6600915882
  2.90000000   0.40000000   176.2937467844
  3.00000000   0.40000000   161.6847192153
  3.10000000   0.40000000   142.7126866607
  3.20000000   0.40000000   117.9855539023
  3.30000000   0.40000000    86.0531746499
  3.40000000   0.40000000    46.1618981176
  3.50000000   0.40000000     0.0000000000

  0.00000000   0.50000000   200.0000000000
  0.10000000   0.50000000   262.7315047788
  0.20000000   0.50000000   289.6755720279
  0.30000000   0.50000000   284.1456141246
  0.40000000   0.50000000   278.5545041243
  0.50000000   0.50000000   273.0318778928
  0.60000000   0.50000000   267.6558163323
  0.70000000   0.50000000   262.4683847706
  0.80000000   0.50000000   257.4912350539
  0.90000000   0.50000000   252.7348052255
  1.00000000   0.50000000   248.2025820152
  1.10000000   0.50000000   243.8926493729
  1.20000000   0.50000000   239.7979705911
  1.30000000   0.50000000   235.9061411706
  1.40000000   0.50000000   232.1989291883
  1.50000000   0.50000000   228.6517060754
  1.60000000   0.50000000   225.2327673607
  1.70000000   0.50000000   221.9024902003
  1.80000000   0.50000000   218.6122407549
  1.90000000   0.50000000   215.3029134706
  2.00000000   0.50000000   211.9029469557
  2.10000000   0.50000000   208.3256110336
  2.20000000   0.50000000   204.4652913559
  2.30000000   0.50000000   200.1924077957
  2.40000000   0.50000000   195.3464920091
  2.50000000   0.50000000   189.7268350826
  2.60000000   0.50000000   183.0800570316
  2.70000000   0.50000000   175.0841078481
  2.80000000   0.50000000   165.3289827509
  2.90000000   0.50000000   153.2967257921
  3.00000000   0.50000000   138.3489826705
  3.10000000   0.50000000   119.7428291160
  3.20000000   0.50000000    96.7192226670
  3.30000000   0.50000000    68.7424688529
  3.40000000   0.50000000    35.9827600077
  3.50000000   0.50000000     0.0000000000

  0.00000000   0.60000000   200.0000000000
  0.10000000   0.60000000   261.3853246873
  0.20000000   0.60000000   287.1752979965
  0.30000000   0.60000000   280.6378229202
  0.40000000   0.60000000   274.1030666703
  0.50000000   0.60000000   267.6561424078
  0.60000000   0.60000000   261.3639100135
  0.70000000   0.60000000   255.2727164641
  0.80000000   0.60000000   249.4126817922
  0.90000000   0.60000000   243.8020666726
  1.00000000   0.60000000   238.4501060548
  1.10000000   0.60000000   233.3584601142
  1.20000000   0.60000000   228.5217747356
  1.30000000   0.60000000   223.9277421395
  1.40000000   0.60000000   219.5568882678
  1.50000000   0.60000000   215.3821881088
  1.60000000   0.60000000   211.3685299171
  1.70000000   0.60000000   207.4719995184
  1.80000000   0.60000000   203.6389223881
  1.90000000   0.60000000   199.8045742790
  2.00000000   0.60000000   195.8914451674
  2.10000000   0.60000000   191.8069136052
  2.20000000   0.60000000   187.4401599844
  2.30000000   0.60000000   182.6581241127
  2.40000000   0.60000000   177.3003122595
  2.50000000   0.60000000   171.1723215792
  2.60000000   0.60000000   164.0381607620
  2.70000000   0.60000000   155.6119757752
  2.80000000   0.60000000   145.5509594961
  2.90000000   0.60000000   133.4535812915
  3.00000000   0.60000000   118.8715945142
  3.10000000   0.60000000   101.3511952123
  3.20000000   0.60000000    80.5270874857
  3.30000000   0.60000000    56.2956384966
  3.40000000   0.60000000    29.0671990858
  3.50000000   0.60000000     0.0000000000

  0.00000000   0.70000000   200.0000000000
  0.10000000   0.70000000   260.2069487621
  0.20000000   0.70000000   284.8964145003
  0.30000000   0.70000000   277.3408407123
  0.40000000   0.70000000   269.8441121762
  0.50000000   0.70000000   262.4691895662
  0.60000000   0.70000000   255.2732260751
  0.70000000   0.70000000   248.3019174616
  0.80000000   0.70000000   241.5889468112
  0.90000000   0.70000000   235.1571426263
  1.00000000   0.70000000   229.0197352869
  1.10000000   0.70000000   223.1812172258
  1.20000000   0.70000000   217.6377865175
  1.30000000   0.70000000   212.3774807934
  1.40000000   0.70000000   207.3800999481
  1.50000000   0.70000000   202.6169725319
  1.60000000   0.70000000   198.0505784020
  1.70000000   0.70000000   193.6340076308
  1.80000000   0.70000000   189.3102120394
  1.90000000   0.70000000   185.0109885362
  2.00000000   0.70000000   180.6556212839
  2.10000000   0.70000000   176.1491035521
  2.20000000   0.70000000   171.3798647013
  2.30000000   0.70000000   166.2169541262
  2.40000000   0.70000000   160.5067041560
  2.50000000   0.70000000   154.0690485290
  2.60000000   0.70000000   146.6939831690
  2.70000000   0.70000000   138.1392371529
  2.80000000   0.70000000   128.1312412653
  2.90000000   0.70000000   116.3731271694
  3.00000000   0.70000000   102.5658186280
  3.10000000   0.70000000    86.4507679568
  3.20000000   0.70000000    67.8834551303
  3.30000000   0.70000000    46.9401590173
  3.40000000   0.70000000    24.0376532129
  3.50000000   0.70000000     0.0000000000

  0.00000000   0.80000000   200.0000000000
  0.10000000   0.80000000   259.1282126120
  0.20000000   0.80000000   282.7757874673
  0.30000000   0.80000000   274.2271237021
  0.40000000   0.80000000   265.7811707937
  0.50000000   0.80000000   257.4926772645
  0.60000000   0.80000000   249.4138921458
  0.70000000   0.80000000   241.5896801408
  0.80000000   0.80000000   234.0555191029
  0.90000000   0.80000000   226.8370715743
  1.00000000   0.80000000   219.9503620905
  1.10000000   0.80000000   213.4020657317
  1.20000000   0.80000000   207.1897225662
  1.30000000   0.80000000   201.3018373813
  1.40000000   0.80000000   195.7178707606
  1.50000000   0.80000000   190.4081296229
  1.60000000   0.80000000   185.3335524417
  1.70000000   0.80000000   180.4453697933
  1.80000000   0.80000000   175.6846095945
  1.90000000   0.80000000   170.9814102523
  2.00000000   0.80000000   166.2541055662
  2.10000000   0.80000000   161.4080557132
  2.20000000   0.80000000   156.3342251937
  2.30000000   0.80000000   150.9075623819
  2.40000000   0.80000000   144.9853351033
  2.50000000   0.80000000   138.4057520023
  2.60000000   0.80000000   130.9874930798
  2.70000000   0.80000000   122.5312377438
  2.80000000   0.80000000   112.8249599504
  2.90000000   0.80000000   101.6556373799
  3.00000000   0.80000000    88.8308759095
  3.10000000   0.80000000    74.2141096997
  3.20000000   0.80000000    57.7750282598
  3.30000000   0.80000000    39.6503153367
  3.40000000   0.80000000    20.1965504038
  3.50000000   0.80000000     0.0000000000

  0.00000000   0.90000000   200.0000000000
  0.10000000   0.90000000   258.1209814477
  0.20000000   0.90000000   280.7819154808
  0.30000000   0.90000000   271.2784548967
  0.40000000   0.90000000   261.9122344718
  0.50000000   0.90000000   252.7370422818
  0.60000000   0.90000000   243.8041678196
  0.70000000   0.90000000   235.1588323125
  0.80000000   0.90000000   226.8380611218
  0.90000000   0.90000000   218.8696459140
  1.00000000   0.90000000   211.2717410444
  1.10000000   0.90000000   204.0527645187
  1.20000000   0.90000000   197.2114179070
  1.30000000   0.90000000   190.7367357320
  1.40000000   0.90000000   184.6081233156
  1.50000000   0.90000000   178.7953601835
  1.60000000   0.90000000   173.2585494577
  1.70000000   0.90000000   167.9479921203
  1.80000000   0.90000000   162.8039641951
  1.90000000   0.90000000   157.7563781047
  2.00000000   0.90000000   152.7243196189
  2.10000000   0.90000000   147.6154726313
  2.20000000   0.90000000   142.3254811946
  2.30000000   0.90000000   136.7373604559
  2.40000000   0.90000000   130.7211678068
  2.50000000   0.90000000   124.1342988100
  2.60000000   0.90000000   116.8229963987
  2.70000000   0.90000000   108.6259656077
  2.80000000   0.90000000    99.3813491560
  2.90000000   0.90000000    88.9386474668
  3.00000000   0.90000000    77.1772191448
  3.10000000   0.90000000    64.0322970842
  3.20000000   0.90000000    49.5272628397
  3.30000000   0.90000000    33.8065068143
  3.40000000   0.90000000    17.1568126872
  3.50000000   0.90000000     0.0000000000

  0.00000000   1.00000000   200.0000000000
  0.10000000   1.00000000   257.1723060439
  0.20000000   1.00000000   278.8981279928
  0.30000000   1.00000000   268.4827960104
  0.40000000   1.00000000   258.2332275951
  0.50000000   1.00000000   248.2057627576
  0.60000000   1.00000000   238.4532782715
  0.70000000   1.00000000   229.0225936576
  0.80000000   1.00000000   219.9525860586
  0.90000000   1.00000000   211.2730082979
  1.00000000   1.00000000   203.0038380082
  1.10000000   1.00000000   195.1549751407
  1.20000000   1.00000000   187.7261502246
  1.30000000   1.00000000   180.7069533259
  1.40000000   1.00000000   174.0769267396
  1.50000000   1.00000000   167.8056831975
  1.60000000   1.00000000   161.8530210588
  1.70000000   1.00000000   156.1690138669
  1.80000000   1.00000000   150.6940578625
  1.90000000   1.00000000   145.3588706332
  2.00000000   1.00000000   140.0844499065
  2.10000000   1.00000000   134.7820268092
  2.20000000   1.00000000   129.3530869245
  2.30000000   1.00000000   123.6895905320
  2.40000000   1.00000000   117.6746067123
  2.50000000   1.00000000   111.1836899020
  2.60000000   1.00000000   104.0874724767
  2.70000000   1.00000000    96.2561099563
  2.80000000   1.00000000    87.5663543509
  2.90000000   1.00000000    77.9120513433
  3.00000000   1.00000000    67.2185850236
  3.10000000   1.00000000    55.4609715673
  3.20000000   1.00000000    42.6836580326
  3.30000000   1.00000000    29.0175703678
  3.40000000   1.00000000    14.6872519291
  3.50000000   1.00000000     0.0000000000

  0.00000000   1.10000000   200.0000000000
  0.10000000   1.10000000   256.2751401190
  0.20000000   1.10000000   277.1141231119
  0.30000000   1.10000000   265.8307961066
  0.40000000   1.10000000   254.7382049653
  0.50000000   1.10000000   243.8969070120
  0.60000000   1.10000000   233.3628655464
  0.70000000   1.10000000   223.1854362875
  0.80000000   1.10000000   213.4057468185
  0.90000000   1.10000000   204.0555530592
  1.00000000   1.10000000   195.1565281283
  1.10000000   1.10000000   186.7198923770
  1.20000000   1.10000000   178.7462928764
  1.30000000   1.10000000   171.2258568859
  1.40000000   1.10000000   164.1383615762
  1.50000000   1.10000000   157.4534765018
  1.60000000   1.10000000   151.1310461358
  1.70000000   1.10000000   145.1213891026
  1.80000000   1.10000000   139.3656008414
  1.90000000   1.10000000   133.7958594587
  2.00000000   1.10000000   128.3357526259
  2.10000000   1.10000000   122.9006688238
  2.20000000   1.10000000   117.3983315159
  2.30000000   1.10000000   111.7296023754
  2.40000000   1.10000000   105.7897410494
  2.50000000   1.10000000    99.4703828927
  2.60000000   1.10000000    92.6625750918
  2.70000000   1.10000000    85.2612758851
  2.80000000   1.10000000    77.1717309901
  2.90000000   1.10000000    68.3180268075
  3.00000000   1.10000000    58.6537817777
  3.10000000   1.10000000    48.1742660530
  3.20000000   1.10000000    36.9281857649
  3.30000000   1.10000000    25.0260829985
  3.40000000   1.10000000    12.6413264987
  3.50000000   1.10000000     0.0000000000

  0.00000000   1.20000000   200.0000000000
  0.10000000   1.20000000   255.4245159375
  0.20000000   1.20000000   275.4216941802
  0.30000000   1.20000000   263.3132379989
  0.40000000   1.20000000   251.4186149578
  0.50000000   1.20000000   239.8034162352
  0.60000000   1.20000000   228.5275497100
  0.70000000   1.20000000   217.6435290947
  0.80000000   1.20000000   207.1950513148
  0.90000000   1.20000000   197.2159470566
  1.00000000   1.20000000   187.7295051005
  1.10000000   1.20000000   178.7481247860
  1.20000000   1.20000000   170.2732345128
  1.30000000   1.20000000   162.2954145936
  1.40000000   1.20000000   154.7946703905
  1.50000000   1.20000000   147.7408113920
  1.60000000   1.20000000   141.0939019725
  1.70000000   1.20000000   134.8047600693
  1.80000000   1.20000000   128.8154917691
  1.90000000   1.20000000   123.0600640180
  2.00000000   1.20000000   117.4649356044
  2.10000000   1.20000000   111.9497894893
  2.20000000   1.20000000   106.4284384815
  2.30000000   1.20000000   100.8100115486
  2.40000000   1.20000000    95.0005685198
  2.50000000   1.20000000    88.9053323189
  2.60000000   1.20000000    82.4317604705
  2.70000000   1.20000000    75.4936832448
  2.80000000   1.20000000    68.0166847135
  2.90000000   1.20000000    59.9447533948
  3.00000000   1.20000000    51.2479341476
  3.10000000   1.20000000    41.9302425404
  3.20000000   1.20000000    32.0364890581
  3.30000000   1.20000000    21.6560619425
  3.40000000   1.20000000    10.9214692868
  3.50000000   1.20000000     0.0000000000

  0.00000000   1.30000000   200.0000000000
  0.10000000   1.30000000   254.6158019506
  0.20000000   1.30000000   273.8124746750
  0.30000000   1.30000000   260.9193230572
  0.40000000   1.30000000   248.2624218788
  0.50000000   1.30000000   235.9128581647
  0.60000000   1.30000000   223.9349904334
  0.70000000   1.30000000   212.3848727649
  0.80000000   1.30000000   201.3089634249
  0.90000000   1.30000000   190.7431804056
  1.00000000   1.30000000   180.7123115780
  1.10000000   1.30000000   171.2297497176
  1.20000000   1.30000000   162.2975035563
  1.30000000   1.30000000   153.9064305106
  1.40000000   1.30000000   146.0366395023
  1.50000000   1.30000000   138.6580194276
  1.60000000   1.30000000   131.7308582019
  1.70000000   1.30000000   125.2065281014
  1.80000000   1.30000000   119.0282253161
  1.90000000   1.30000000   113.1317656464
  2.00000000   1.30000000   107.4464546531
  2.10000000   1.30000000   101.8960697531
  2.20000000   1.30000000    96.4000137700
  2.30000000   1.30000000    90.8747234728
  2.40000000   1.30000000    85.2354402840
  2.50000000   1.30000000    79.3984686754
  2.60000000   1.30000000    73.2840520626
  2.70000000   1.30000000    66.8199725989
  2.80000000   1.30000000    59.9459113941
  2.90000000   1.30000000    52.6184679498
  3.00000000   1.30000000    44.8165157338
  3.10000000   1.30000000    36.5462692336
  3.20000000   1.30000000    27.8451052972
  3.30000000   1.30000000    18.7829345949
  3.40000000   1.30000000     9.4599420505
  3.50000000   1.30000000     0.0000000000

  0.00000000   1.40000000   200.0000000000
  0.10000000   1.40000000   253.8438114731
  0.20000000   1.40000000   272.2766460374
  0.30000000   1.40000000   258.6354926790
  0.40000000   1.40000000   245.2532883364
  0.50000000   1.40000000   232.2069684683
  0.60000000   1.40000000   219.5656755776
  0.70000000   1.40000000   207.3892238551
  0.80000000   1.40000000   195.7268956022
  0.90000000   1.40000000   184.6166060088
  1.00000000   1.40000000   174.0844336831
  1.10000000   1.40000000   164.1444849748
  1.20000000   1.40000000   154.7990433810
  1.30000000   1.40000000   146.0389495310
  1.40000000   1.40000000   137.8441592620
  1.50000000   1.40000000   130.1844341338
  1.60000000   1.40000000   123.0201282931
  1.70000000   1.40000000   116.3030466997
  1.80000000   1.40000000   109.9773618874
  1.90000000   1.40000000   103.9805895840
  2.00000000   1.40000000    98.2446377323
  2.10000000   1.40000000    92.6969586772
  2.20000000   1.40000000    87.2618500025
  2.30000000   1.40000000    81.8619644415
  2.40000000   1.40000000    76.4201008496
  2.50000000   1.40000000    70.8613520788
  2.60000000   1.40000000    65.1156750868
  2.70000000   1.40000000    59.1209148363
  2.80000000   1.40000000    52.8262461942
  2.90000000   1.40000000    46.1958884334
  3.00000000   1.40000000    39.2127937886
  3.10000000   1.40000000    31.8818300659
  3.20000000   1.40000000    24.2318096578
  3.30000000   1.40000000    16.3156375649
  3.40000000   1.40000000     8.2079534076
  3.50000000   1.40000000     0.0000000000

  0.00000000   1.50000000   200.0000000000
  0.10000000   1.50000000   253.1022700714
  0.20000000   1.50000000   270.8020902550
  0.30000000   1.50000000   256.4445336741
  0.40000000   1.50000000   242.3698122642
  0.50000000   1.50000000   228.6610826919
  0.60000000   1.50000000   215.3925379004
  0.70000000   1.50000000   202.6278627691
  0.80000000   1.50000000   190.4191011844
  0.90000000   1.50000000   178.8059449029
  1.00000000   1.50000000   167.8154213139
  1.10000000   1.50000000   157.4619335259
  1.20000000   1.50000000   147.7475937492
  1.30000000   1.50000000   138.6627883126
  1.40000000   1.50000000   130.1869171119
  1.50000000   1.50000000   122.2892590773
  1.60000000   1.50000000   114.9299262577
  1.70000000   1.50000000   108.0608810209
  1.80000000   1.50000000   101.6270029962
  1.90000000   1.50000000    95.5672044852
  2.00000000   1.50000000    89.8156050179
  2.10000000   1.50000000    84.3027872881
  2.20000000   1.50000000    78.9571672228
  2.30000000   1.50000000    73.7065191325
  2.40000000   1.50000000    68.4797005447
  2.50000000   1.50000000    63.2086171198
  2.60000000   1.50000000    57.8304515419
  2.70000000   1.50000000    52.2901462854
  2.80000000   1.50000000    46.5430739947
  2.90000000   1.50000000    40.5577489697
  3.00000000   1.50000000    34.3183335859
  3.10000000   1.50000000    27.8265900838
  3.20000000   1.50000000    21.1028513745
  3.30000000   1.50000000    14.1855777942
  3.40000000   1.50000000     7.1291755292
  3.50000000   1.50000000     0.0000000000

  0.00000000   1.60000000   200.0000000000
  0.10000000   1.60000000   252.3834216541
  0.20000000   1.60000000   269.3737151984
  0.30000000   1.60000000   254.3247821864
  0.40000000   1.60000000   239.5847466737
  0.50000000   1.60000000   225.2434582736
  0.60000000   1.60000000   211.3804207775
  0.70000000   1.60000000   198.0632181282
  0.80000000   1.60000000   185.3464615374
  0.90000000   1.60000000   173.2712377635
  1.00000000   1.60000000   161.8650056181
  1.10000000   1.60000000   151.1418684749
  1.20000000   1.60000000   141.1031441416
  1.30000000   1.60000000   131.7381570035
  1.40000000   1.60000000   123.0251872218
  1.50000000   1.60000000   114.9325247905
  1.60000000   1.60000000   107.4195901185
  1.70000000   1.60000000   100.4380961772
  1.80000000   1.60000000    93.9332395406
  1.90000000   1.60000000    87.8449186867
  2.00000000   1.60000000    82.1089876941
  2.10000000   1.60000000    76.6585618004
  2.20000000   1.60000000    71.4253976809
  2.30000000   1.60000000    66.3413747445
  2.40000000   1.60000000    61.3401025983
  2.50000000   1.60000000    56.3586718487
  2.60000000   1.60000000    51.3395479074
  2.70000000   1.60000000    46.2325778727
  2.80000000   1.60000000    40.9970373761
  2.90000000   1.60000000    35.6035887466
  3.00000000   1.60000000    30.0359599438
  3.10000000   1.60000000    24.2920981215
  3.20000000   1.60000000    18.3845222941
  3.30000000   1.60000000    12.3396205939
  3.40000000   1.60000000     6.1957295736
  3.50000000   1.60000000     0.0000000000

  0.00000000   1.70000000   200.0000000000
  0.10000000   1.70000000   251.6776576690
  0.20000000   1.70000000   267.9727885172
  0.30000000   1.70000000   252.2492816774
  0.40000000   1.70000000   236.8641061554
  0.50000000   1.70000000   221.9144333919
  0.60000000   1.70000000   207.4853640656
  0.70000000   1.70000000   193.6483274637
  0.80000000   1.70000000   180.4601485992
  0.90000000   1.70000000   167.9627213608
  1.00000000   1.70000000   156.1831909203
  1.10000000   1.70000000   145.1345348224
  1.20000000   1.70000000   134.8164350990
  1.30000000   1.70000000   125.2163473665
  1.40000000   1.70000000   116.3106915936
  1.50000000   1.70000000   108.0661089213
  1.60000000   1.70000000   100.4407470538
  1.70000000   1.70000000    93.3855521825
  1.80000000   1.70000000    86.8455579560
  1.90000000   1.70000000    80.7611718905
  2.00000000   1.70000000    75.0694671897
  2.10000000   1.70000000    69.7054933471
  2.20000000   1.70000000    64.6036219637
  2.30000000   1.70000000    59.6989443096
  2.40000000   1.70000000    54.9287332489
  2.50000000   1.70000000    50.2339728789
  2.60000000   1.70000000    45.5609431753
  2.70000000   1.70000000    40.8628230926
  2.80000000   1.70000000    36.1012440806
  2.90000000   1.70000000    31.2476891207
  3.00000000   1.70000000    26.2845955713
  3.10000000   1.70000000    21.2059924776
  3.20000000   1.70000000    16.0174968685
  3.30000000   1.70000000    10.7355218232
  3.40000000   1.70000000     5.3856202526
  3.50000000   1.70000000     0.0000000000

  0.00000000   1.80000000   200.0000000000
  0.10000000   1.80000000   250.9730913564
  0.20000000   1.80000000   266.5761556305
  0.30000000   1.80000000   250.1847629744
  0.40000000   1.80000000   234.1660463145
  0.50000000   1.80000000   218.6253356566
  0.60000000   1.80000000   203.6536477327
  0.70000000   1.80000000   189.3260905283
  0.80000000   1.80000000   175.7011321067
  0.90000000   1.80000000   162.8206079255
  1.00000000   1.80000000   150.7103045958
  1.10000000   1.80000000   139.3809546489
  1.20000000   1.80000000   128.8294954677
  1.30000000   1.80000000   119.0404751065
  1.40000000   1.80000000   109.9875196896
  1.50000000   1.80000000   101.6348061156
  1.60000000   1.80000000    93.9385074257
  1.70000000   1.80000000    86.8481959340
  1.80000000   1.80000000    80.3082017075
  1.90000000   1.80000000    74.2589322625
  2.00000000   1.80000000    68.6381643840
  2.10000000   1.80000000    63.3823214431
  2.20000000   1.80000000    58.4277497037
  2.30000000   1.80000000    53.7120046782
  2.40000000   1.80000000    49.1751530754
  2.50000000   1.80000000    44.7610865544
  2.60000000   1.80000000    40.4188297400
  2.70000000   1.80000000    36.1038066002
  2.80000000   1.80000000    31.7790071452
  2.90000000   1.80000000    27.4159727878
  3.00000000   1.80000000    22.9954978359
  3.10000000   1.80000000    18.5079326367
  3.20000000   1.80000000    13.9529781655
  3.30000000   1.80000000     9.3388889365
  3.40000000   1.80000000     4.6810539400
  3.50000000   1.80000000     0.0000000000

  0.00000000   1.90000000   200.0000000000
  0.10000000   1.90000000   250.2550050294
  0.20000000   1.90000000   265.1552184208
  0.30000000   1.90000000   248.0903015044
  0.40000000   1.90000000   231.4393763016
  0.50000000   1.90000000   215.3170226500
  0.60000000   1.90000000   199.8205039753
  0.70000000   1.90000000   185.0282543416
  0.80000000   1.90000000   170.9994946549
  0.90000000   1.90000000   157.7747486016
  1.00000000   1.90000000   145.3769979863
  1.10000000   1.90000000   133.8132353851
  1.20000000   1.90000000   123.0762176580
  1.30000000   1.90000000   113.1462782280
  1.40000000   1.90000000   103.9931068048
  1.50000000   1.90000000    95.5774462477
  1.60000000   1.90000000    87.8526859474
  1.70000000   1.90000000    80.7663505119
  1.80000000   1.90000000    74.2614938753
  1.90000000   1.90000000    68.2780145157
  2.00000000   1.90000000    62.7539091512
  2.10000000   1.90000000    57.6264813833
  2.20000000   1.90000000    52.8335189054
  2.30000000   1.90000000    48.3144482608
  2.40000000   1.90000000    44.0114695085
  2.50000000   1.90000000    39.8706642168
  2.60000000   1.90000000    35.8430587455
  2.70000000   1.90000000    31.8856109902
  2.80000000   1.90000000    27.9620735895
  2.90000000   1.90000000    24.0436719444
  3.00000000   1.90000000    20.1095243202
  3.10000000   1.90000000    16.1467277494
  3.20000000   1.90000000    12.1500416121
  3.30000000   1.90000000     8.1211238162
  3.40000000   1.90000000     4.0673129489
  3.50000000   1.90000000     0.0000000000

  0.00000000   2.00000000   200.0000000000
  0.10000000   2.00000000   249.5050838094
  0.20000000   2.00000000   263.6745226493
  0.30000000   2.00000000   245.9154677231
  0.40000000   2.00000000   228.6215221759
  0.50000000   2.00000000   211.9178989692
  0.60000000   2.00000000   195.9083825419
  0.70000000   2.00000000   180.6740569329
  0.80000000   2.00000000   166.2735183626
  0.90000000   2.00000000   152.7441723318
  1.00000000   2.00000000   140.1042072866
  1.10000000   2.00000000   128.3548989428
  1.20000000   2.00000000   117.4829909840
  1.30000000   2.00000000   107.4629896446
  1.40000000   2.00000000    98.2592856307
  1.50000000   2.00000000    89.8280715825
  1.60000000   2.00000000    82.1190580279
  1.70000000   2.00000000    75.0770096685
  1.80000000   2.00000000    68.6431316438
  1.90000000   2.00000000    62.7563362554
  2.00000000   2.00000000    57.3544175231
  2.10000000   2.00000000    52.3751558069
  2.20000000   2.00000000    47.7573685548
  2.30000000   2.00000000    43.4419163673
  2.40000000   2.00000000    39.3726659616
  2.50000000   2.00000000    35.4974030926
  2.60000000   2.00000000    31.7686789707
  2.70000000   2.00000000    28.1445634636
  2.80000000   2.00000000    24.5892681584
  2.90000000   2.00000000    21.0735936112
  3.00000000   2.00000000    17.5751498631
  3.10000000   2.00000000    14.0782999955
  3.20000000   2.00000000    10.5737854236
  3.30000000   2.00000000     7.0580101884
  3.40000000   2.00000000     3.5319892673
  3.50000000   2.00000000     0.0000000000

  0.00000000   2.10000000   200.0000000000
  0.10000000   2.10000000   248.7003136281
  0.20000000   2.10000000   262.0897402879
  0.30000000   2.10000000   243.5977141609
  0.40000000   2.10000000   225.6356915656
  0.50000000   2.10000000   208.3412043141
  0.60000000   2.10000000   191.8246263070
  0.70000000   2.10000000   176.1684505953
  0.80000000   2.10000000   161.4285174250
  0.90000000   2.10000000   147.6365123544
  1.00000000   2.10000000   134.8031086646
  1.10000000   2.10000000   122.9212749439
  1.20000000   2.10000000   111.9694360854
  1.30000000   2.10000000   101.9143214578
  1.40000000   2.10000000    92.7134406986
  1.50000000   2.10000000    84.3171950236
  1.60000000   2.10000000    76.6706676804
  1.70000000   2.10000000    69.7151507995
  1.80000000   2.10000000    63.3894659873
  1.90000000   2.10000000    57.6311289713
  2.00000000   2.10000000    52.3773986221
  2.10000000   2.10000000    47.5662401138
  2.20000000   2.10000000    43.1372219294
  2.30000000   2.10000000    39.0323571459
  2.40000000   2.10000000    35.1968908188
  2.50000000   2.10000000    31.5800270603
  2.60000000   2.10000000    28.1355814323
  2.70000000   2.10000000    24.8225366591
  2.80000000   2.10000000    21.6054729343
  2.90000000   2.10000000    18.4548391627
  3.00000000   2.10000000    15.3470296344
  3.10000000   2.10000000    12.2642332950
  3.20000000   2.10000000     9.1940311397
  3.30000000   2.10000000     6.1287318154
  3.40000000   2.10000000     3.0644555627
  3.50000000   2.10000000     0.0000000000

  0.00000000   2.20000000   200.0000000000
  0.10000000   2.20000000   247.8113551860
  0.20000000   2.20000000   260.3447224373
  0.30000000   2.20000000   241.0586203037
  0.40000000   2.20000000   222.3868860456
  0.50000000   2.20000000   204.4812989780
  0.60000000   2.20000000   187.4583855740
  0.70000000   2.20000000   171.3998300577
  0.80000000   2.20000000   156.3554173876
  0.90000000   2.20000000   142.3473696974
  1.00000000   2.20000000   129.3751408940
  1.10000000   2.20000000   117.4200365755
  1.20000000   2.20000000   106.4493123768
  1.30000000   2.20000000    96.4196203589
  1.40000000   2.20000000    87.2798111309
  1.50000000   2.20000000    78.9731721433
  1.60000000   2.20000000    71.4392097932
  1.70000000   2.20000000    64.6150827692
  1.80000000   2.20000000    58.4367799840
  1.90000000   2.20000000    52.8401172378
  2.00000000   2.20000000    47.7616073689
  2.10000000   2.20000000    43.1392413817
  2.20000000   2.20000000    38.9132036183
  2.30000000   2.20000000    35.0265322932
  2.40000000   2.20000000    31.4257271419
  2.50000000   2.20000000    28.0612979914
  2.60000000   2.20000000    24.8882413544
  2.70000000   2.20000000    21.8664265617
  2.80000000   2.20000000    18.9608686870
  2.90000000   2.20000000    16.1418630904
  3.00000000   2.20000000    13.3849565471
  3.10000000   2.20000000    10.6707334004
  3.20000000   2.20000000     7.9844025437
  3.30000000   2.20000000     5.3151823573
  3.40000000   2.20000000     2.6554952858
  3.50000000   2.20000000     0.0000000000

  0.00000000   2.30000000   200.0000000000
  0.10000000   2.30000000   246.8000871902
  0.20000000   2.30000000   258.3671064907
  0.30000000   2.30000000   238.1984148048
  0.40000000   2.30000000   218.7562490565
  0.50000000   2.30000000   200.2085829439
  0.60000000   2.30000000   182.6765764799
  0.70000000   2.30000000   166.2372173781
  0.80000000   2.30000000   150.9291357610
  0.90000000   2.30000000   136.7597252814
  1.00000000   2.30000000   123.7122268567
  1.10000000   2.30000000   111.7520051629
  1.20000000   2.30000000   100.8317057776
  1.30000000   2.30000000    90.8952776486
  1.40000000   2.30000000    81.8810020821
  1.50000000   2.30000000    73.7237279020
  1.60000000   2.30000000    66.3565130198
  1.70000000   2.30000000    59.7118450789
  1.80000000   2.30000000    53.7225767787
  1.90000000   2.30000000    48.3226750653
  2.00000000   2.30000000    43.4478521145
  2.10000000   2.30000000    39.0361211808
  2.20000000   2.30000000    35.0283015366
  2.30000000   2.30000000    31.3684828134
  2.40000000   2.30000000    28.0044488966
  2.50000000   2.30000000    24.8880540752
  2.60000000   2.30000000    21.9755386953
  2.70000000   2.30000000    19.2277676910
  2.80000000   2.30000000    16.6103729969
  2.90000000   2.30000000    14.0937801646
  3.00000000   2.30000000    11.6531008563
  3.10000000   2.30000000     9.2678766391
  3.20000000   2.30000000     6.9216658640
  3.30000000   2.30000000     4.6014742529
  3.40000000   2.30000000     2.2970405396
  3.50000000   2.30000000     0.0000000000

  0.00000000   2.40000000   200.0000000000
  0.10000000   2.40000000   245.6157968438
  0.20000000   2.40000000   256.0616237472
  0.30000000   2.40000000   234.8878603871
  0.40000000   2.40000000   214.5929986353
  0.50000000   2.40000000   195.3625739622
  0.60000000   2.40000000   177.3186886517
  0.70000000   2.40000000   160.5269255432
  0.80000000   2.40000000   145.0069183793
  0.90000000   2.40000000   130.7436119279
  1.00000000   2.40000000   117.6974085764
  1.10000000   2.40000000   105.8124109246
  1.20000000   2.40000000    95.0226444604
  1.30000000   2.40000000    85.2565010363
  1.40000000   2.40000000    76.4397768402
  1.50000000   2.40000000    68.4976826377
  1.60000000   2.40000000    61.3561484191
  1.70000000   2.40000000    54.9426709771
  1.80000000   2.40000000    49.1868827159
  1.90000000   2.40000000    44.0209617420
  2.00000000   2.40000000    39.3799587619
  2.10000000   2.40000000    35.2020840879
  2.20000000   2.40000000    31.4289756663
  2.30000000   2.40000000    28.0059539593
  2.40000000   2.40000000    24.8822595970
  2.50000000   2.40000000    22.0112633407
  2.60000000   2.40000000    19.3506339605
  2.70000000   2.40000000    16.8624474460
  2.80000000   2.40000000    14.5132202458
  2.90000000   2.40000000    12.2738499128
  3.00000000   2.40000000    10.1194487279
  3.10000000   2.40000000     8.0290597231
  3.20000000   2.40000000     5.9852500454
  3.30000000   2.40000000     3.9735836337
  3.40000000   2.40000000     1.9819832235
  3.50000000   2.40000000     0.0000000000

  0.00000000   2.50000000   200.0000000000
  0.10000000   2.50000000   244.1890899440
  0.20000000   2.50000000   253.2996453120
  0.30000000   2.50000000   230.9560279183
  0.40000000   2.50000000   209.7028435069
  0.50000000   2.50000000   189.7425555259
  0.60000000   2.50000000   171.1903100177
  0.70000000   2.50000000   154.0888773873
  0.80000000   2.50000000   138.4269612661
  0.90000000   2.50000000   124.1564108331
  1.00000000   2.50000000   111.2062243639
  1.10000000   2.50000000    99.4928713381
  1.20000000   2.50000000    88.9273317502
  1.30000000   2.50000000    79.4195737326
  1.40000000   2.50000000    70.8812054222
  1.50000000   2.50000000    63.2269177227
  1.60000000   2.50000000    56.3751810089
  1.70000000   2.50000000    50.2485178583
  1.80000000   2.50000000    44.7735618540
  1.90000000   2.50000000    39.8810305833
  2.00000000   2.50000000    35.5056844316
  2.10000000   2.50000000    31.5863054918
  2.20000000   2.50000000    28.0657073312
  2.30000000   2.50000000    24.8907720576
  2.40000000   2.50000000    22.0125029097
  2.50000000   2.50000000    19.3860762577
  2.60000000   2.50000000    16.9708750119
  2.70000000   2.50000000    14.7304851638
  2.80000000   2.50000000    12.6326380806
  2.90000000   2.50000000    10.6490830895
  3.00000000   2.50000000     8.7553777918
  3.10000000   2.50000000     6.9305874791
  3.20000000   2.50000000     5.1568899405
  3.30000000   2.50000000     3.4190876870
  3.40000000   2.50000000     1.7040358293
  3.50000000   2.50000000     0.0000000000

  0.00000000   2.60000000   200.0000000000
  0.10000000   2.60000000   242.4217942104
  0.20000000   2.60000000   249.9023725572
  0.30000000   2.60000000   226.1715438002
  0.40000000   2.60000000   203.8312900114
  0.50000000   2.60000000   183.0951465116
  0.60000000   2.60000000   164.0554476269
  0.70000000   2.60000000   146.7130665632
  0.80000000   2.60000000   131.0079413900
  0.90000000   2.60000000   116.8443610080
  1.00000000   2.60000000   104.1093016635
  1.10000000   2.60000000    92.6844275444
  1.20000000   2.60000000    82.4532179294
  1.30000000   2.60000000    73.3047306566
  1.40000000   2.60000000    65.1352350081
  1.50000000   2.60000000    57.8486047885
  1.60000000   2.60000000    51.3560639150
  1.70000000   2.60000000    45.5756522554
  1.80000000   2.60000000    40.4316243302
  1.90000000   2.60000000    35.8538925621
  2.00000000   2.60000000    31.7775642239
  2.10000000   2.60000000    28.1425843238
  2.20000000   2.60000000    24.8934761192
  2.30000000   2.60000000    21.9791604783
  2.40000000   2.60000000    19.3528308325
  2.50000000   2.60000000    16.9718594291
  2.60000000   2.60000000    14.7977114928
  2.70000000   2.60000000    12.7958458759
  2.80000000   2.60000000    10.9355834068
  2.90000000   2.60000000     9.1899272740
  3.00000000   2.60000000     7.5353233746
  3.10000000   2.60000000     5.9513526238
  3.20000000   2.60000000     4.4203517431
  3.30000000   2.60000000     2.9269638907
  3.40000000   2.60000000     1.4576254499
  3.50000000   2.60000000     0.0000000000

  0.00000000   2.70000000   200.0000000000
  0.10000000   2.70000000   240.1694716547
  0.20000000   2.70000000   245.6129015890
  0.30000000   2.70000000   220.2133069423
  0.40000000   2.70000000   196.6396352078
  0.50000000   2.70000000   175.0983021946
  0.60000000   2.70000000   155.6282533522
  0.70000000   2.70000000   138.1572284671
  0.80000000   2.70000000   122.5505446693
  0.90000000   2.70000000   108.6461739609
  1.00000000   2.70000000    96.2768022063
  1.10000000   2.70000000    85.2820435172
  1.20000000   2.70000000    75.5141383306
  1.30000000   2.70000000    66.8397581795
  1.40000000   2.70000000    59.1397137921
  1.50000000   2.70000000    52.3076884469
  1.60000000   2.70000000    46.2486452085
  1.70000000   2.70000000    40.8772528995
  1.80000000   2.70000000    36.1164927007
  1.90000000   2.70000000    31.8965030191
  2.00000000   2.70000000    28.1536643902
  2.10000000   2.70000000    24.8298987447
  2.20000000   2.70000000    21.8721459918
  2.30000000   2.70000000    19.2319781463
  2.40000000   2.70000000    16.8653128888
  2.50000000   2.70000000    14.7321921181
  2.60000000   2.70000000    12.7965954664
  2.70000000   2.70000000    11.0262633103
  2.80000000   2.70000000     9.3925082767
  2.90000000   2.70000000     7.8699985862
  3.00000000   2.70000000     6.4365008396
  3.10000000   2.70000000     5.0725741138
  3.20000000   2.70000000     3.7612115000
  3.30000000   2.70000000     2.4874294584
  3.40000000   2.70000000     1.2378094465
  3.50000000   2.70000000     0.0000000000

  0.00000000   2.80000000   200.0000000000
  0.10000000   2.80000000   237.2095001501
  0.20000000   2.80000000   240.0480610807
  0.30000000   2.80000000   212.6240513438
  0.40000000   2.80000000   187.6709139166
  0.50000000   2.80000000   165.3420293022
  0.60000000   2.80000000   145.5659332933
  0.70000000   2.80000000   128.1478085317
  0.80000000   2.80000000   112.8427608230
  0.90000000   2.80000000    99.4000089647
  1.00000000   2.80000000    87.5854950200
  1.10000000   2.80000000    77.1909821335
  1.20000000   2.80000000    68.0356940214
  1.30000000   2.80000000    59.9643539599
  1.40000000   2.80000000    52.8438324896
  1.50000000   2.80000000    46.5595562725
  1.60000000   2.80000000    41.0122143545
  1.70000000   2.80000000    36.1149638409
  1.80000000   2.80000000    31.7911682494
  1.90000000   2.80000000    27.9726244887
  2.00000000   2.80000000    24.5982050246
  2.10000000   2.80000000    21.6128360936
  2.20000000   2.80000000    18.9667378677
  2.30000000   2.80000000    16.6148616301
  2.40000000   2.80000000    14.5164690637
  2.50000000   2.80000000    12.6348082621
  2.60000000   2.80000000    10.9368495073
  2.70000000   2.80000000     9.3930511648
  2.80000000   2.80000000     7.9771323355
  2.90000000   2.80000000     6.6658343876
  3.00000000   2.80000000     5.4386583641
  3.10000000   2.80000000     4.2775696973
  3.20000000   2.80000000     3.1666657617
  3.30000000   2.80000000     2.0918055977
  3.40000000   2.80000000     1.0402046010
  3.50000000   2.80000000     0.0000000000

  0.00000000   2.90000000   200.0000000000
  0.10000000   2.90000000   233.1790496013
  0.20000000   2.90000000   232.6120551823
  0.30000000   2.90000000   202.7360948739
  0.40000000   2.90000000   176.3034165556
  0.50000000   2.90000000   153.3083892788
  0.60000000   2.90000000   133.4669769539
  0.70000000   2.90000000   116.3879609385
  0.80000000   2.90000000   101.6715920374
  0.90000000   2.90000000    88.9553925209
  1.00000000   2.90000000    77.9292530147
  1.10000000   2.90000000    68.3353577481
  1.20000000   2.90000000    59.9619017907
  1.30000000   2.90000000    52.6351456987
  1.40000000   2.90000000    46.2118381429
  1.50000000   2.90000000    40.5727495827
  1.60000000   2.90000000    35.6174596662
  1.70000000   2.90000000    31.2602927765
  1.80000000   2.90000000    27.4272156463
  1.90000000   2.90000000    24.0535040281
  2.00000000   2.90000000    21.0820066413
  2.10000000   2.90000000    18.4618634803
  2.20000000   2.90000000    16.1475635436
  2.30000000   2.90000000    14.0982511678
  2.40000000   2.90000000    12.2772098934
  2.50000000   2.90000000    10.6514685391
  2.60000000   2.90000000     9.1914866103
  2.70000000   2.90000000     7.8708860203
  2.80000000   2.90000000     6.6662039705
  2.90000000   2.90000000     5.5566482319
  3.00000000   2.90000000     4.5238413852
  3.10000000   2.90000000     3.5515450975
  3.20000000   2.90000000     2.6253594393
  3.30000000   2.90000000     1.7323956824
  3.40000000   2.90000000     0.8609239998
  3.50000000   2.90000000     0.0000000000

  0.00000000   3.00000000   200.0000000000
  0.10000000   3.00000000   227.4452624207
  0.20000000   3.00000000   222.3354729225
  0.30000000   3.00000000   189.5536118835
  0.40000000   3.00000000   161.6930624776
  0.50000000   3.00000000   138.3590506275
  0.60000000   3.00000000   118.8831641837
  0.70000000   3.00000000   102.5786392085
  0.80000000   3.00000000    88.8446767372
  0.90000000   3.00000000    77.1917180733
  1.00000000   3.00000000    67.2334968973
  1.10000000   3.00000000    58.6688266816
  1.20000000   3.00000000    51.2628451354
  1.30000000   3.00000000    44.8310457745
  1.40000000   3.00000000    39.2267217146
  1.50000000   3.00000000    34.3314688795
  1.60000000   3.00000000    30.0481462547
  1.70000000   3.00000000    26.2957129132
  1.80000000   3.00000000    23.0054634677
  1.90000000   3.00000000    20.1182923646
  2.00000000   3.00000000    17.5827097598
  2.10000000   3.00000000    15.3534035599
  2.20000000   3.00000000    13.3901959599
  2.30000000   3.00000000    11.6572823400
  2.40000000   3.00000000    10.1226693178
  2.50000000   3.00000000     8.7577499646
  2.60000000   3.00000000     7.5369698794
  2.70000000   3.00000000     6.4375495314
  2.80000000   3.00000000     5.4392371888
  2.90000000   3.00000000     4.5240736435
  3.00000000   3.00000000     3.6761554052
  3.10000000   3.00000000     2.8813874693
  3.20000000   3.00000000     2.1272204259
  3.30000000   3.00000000     1.4023697475
  3.40000000   3.00000000     0.6965176496
  3.50000000   3.00000000     0.0000000000

  0.00000000   3.10000000   200.0000000000
  0.10000000   3.10000000   218.8089902599
  0.20000000   3.10000000   207.5652306158
  0.30000000   3.10000000   171.5745933230
  0.40000000   3.10000000   142.7195521254
  0.50000000   3.10000000   119.7511167131
  0.60000000   3.10000000   101.3607232044
  0.70000000   3.10000000    86.4613318759
  0.80000000   3.10000000    74.2254888065
  0.90000000   3.10000000    64.0442611710
  1.00000000   3.10000000    55.4732878376
  1.10000000   3.10000000    48.1867058212
  1.20000000   3.10000000    41.9425875091
  1.30000000   3.10000000    36.5583171381
  1.40000000   3.10000000    31.8933995104
  1.50000000   3.10000000    27.8375244364
  1.60000000   3.10000000    24.3022683805
  1.70000000   3.10000000    21.2152990687
  1.80000000   3.10000000    18.5163061436
  1.90000000   3.10000000    16.1541286218
  2.00000000   3.10000000    14.0847173128
  2.10000000   3.10000000    12.2696826935
  2.20000000   3.10000000    10.6752542902
  2.30000000   3.10000000     9.2715288547
  2.40000000   3.10000000     8.0319197529
  2.50000000   3.10000000     6.9327444241
  2.60000000   3.10000000     5.9529040257
  2.70000000   3.10000000     5.0736217862
  2.80000000   3.10000000     4.2782156780
  2.90000000   3.10000000     3.5518878267
  3.00000000   3.10000000     2.8815182809
  3.10000000   3.10000000     2.2554548491
  3.20000000   3.10000000     1.6632939680
  3.30000000   3.10000000     1.0956502057
  3.40000000   3.10000000     0.5439141353
  3.50000000   3.10000000     0.0000000000

  0.00000000   3.20000000   200.0000000000
  0.10000000   3.20000000   204.7596185400
  0.20000000   3.20000000   185.3596362136
  0.30000000   3.20000000   146.5603215006
  0.40000000   3.20000000   117.9908163275
  0.50000000   3.20000000    96.7255768669
  0.60000000   3.20000000    80.5343951747
  0.70000000   3.20000000    67.8915606935
  0.80000000   3.20000000    57.7837636529
  0.90000000   3.20000000    49.5364527489
  1.00000000   3.20000000    42.6931250946
  1.10000000   3.20000000    36.9377556500
  1.20000000   3.20000000    32.0459952345
  1.30000000   3.20000000    27.8543933158
  1.40000000   3.20000000    24.2407408252
  1.50000000   3.20000000    21.1113057127
  1.60000000   3.20000000    18.3924007219
  1.70000000   3.20000000    16.0247225726
  1.80000000   3.20000000    13.9594971638
  1.90000000   3.20000000    12.1558225426
  2.00000000   3.20000000    10.5788186182
  2.10000000   3.20000000     9.1983270640
  2.20000000   3.20000000     7.9879896997
  2.30000000   3.20000000     6.9245882627
  2.40000000   3.20000000     5.9875643617
  2.50000000   3.20000000     5.1586624621
  2.60000000   3.20000000     4.4216552207
  2.70000000   3.20000000     3.7621219995
  2.80000000   3.20000000     3.1672596079
  2.90000000   3.20000000     2.6257103301
  3.00000000   3.20000000     2.1273967829
  3.10000000   3.20000000     1.6633565798
  3.20000000   3.20000000     1.2255724520
  3.30000000   3.20000000     0.8067955886
  3.40000000   3.20000000     0.4003616243
  3.50000000   3.20000000     0.0000000000

  0.00000000   3.30000000   200.0000000000
  0.10000000   3.30000000   179.3955640285
  0.20000000   3.30000000   150.3544060919
  0.30000000   3.30000000   111.3917969674
  0.40000000   3.30000000    86.0567376162
  0.50000000   3.30000000    68.7467718215
  0.60000000   3.30000000    56.3005883228
  0.70000000   3.30000000    46.9456508687
  0.80000000   3.30000000    39.6562359852
  0.90000000   3.30000000    33.8127381046
  1.00000000   3.30000000    29.0239927259
  1.10000000   3.30000000    25.0325788485
  1.20000000   3.30000000    21.6625189101
  1.30000000   3.30000000    18.7892483886
  1.40000000   3.30000000    16.3217144460
  1.50000000   3.30000000    14.1913365694
  1.60000000   3.30000000    12.3449940844
  1.70000000   3.30000000    10.7404577898
  1.80000000   3.30000000     9.3433504626
  1.90000000   3.30000000     8.1250891711
  2.00000000   3.30000000     7.0614722102
  2.10000000   3.30000000     6.1316968685
  2.20000000   3.30000000     5.3176689290
  2.30000000   3.30000000     4.6035112617
  2.40000000   3.30000000     3.9752085241
  2.50000000   3.30000000     3.4203443858
  2.60000000   3.30000000     2.9279006973
  2.70000000   3.30000000     2.4880969362
  2.80000000   3.30000000     2.0922545266
  2.90000000   3.30000000     1.7326751258
  3.00000000   3.30000000     1.4025252777
  3.10000000   3.30000000     1.0957223250
  3.20000000   3.30000000     0.8068183749
  3.30000000   3.30000000     0.5308805978
  3.40000000   3.30000000     0.2633672882
  3.50000000   3.30000000     0.0000000000

  0.00000000   3.40000000   200.0000000000
  0.10000000   3.40000000   126.9854244000
  0.20000000   3.40000000    93.0547445239
  0.30000000   3.40000000    62.6462348909
  0.40000000   3.40000000    46.1636961500
  0.50000000   3.40000000    35.9849317198
  0.60000000   3.40000000    29.0696976173
  0.70000000   3.40000000    24.0404258184
  0.80000000   3.40000000    20.1995401071
  0.90000000   3.40000000    17.1599600241
  1.00000000   3.40000000    14.6904967100
  1.10000000   3.40000000    12.6446095260
  1.20000000   3.40000000    10.9247339641
  1.30000000   3.40000000     9.4631358311
  1.40000000   3.40000000     8.2110290362
  1.50000000   3.40000000     7.1320920437
  1.60000000   3.40000000     6.1984530439
  1.70000000   3.40000000     5.3881242471
  1.80000000   3.40000000     4.6833197190
  1.90000000   3.40000000     4.0693293976
  2.00000000   3.40000000     3.5337525871
  2.10000000   3.40000000     3.0659687497
  2.20000000   3.40000000     2.6567674271
  2.30000000   3.40000000     2.2980859657
  2.40000000   3.40000000     1.9828205532
  2.50000000   3.40000000     1.7046869446
  2.60000000   3.40000000     1.4581144388
  2.70000000   3.40000000     1.2381615450
  2.80000000   3.40000000     1.0404451667
  2.90000000   3.40000000     0.8610775429
  3.00000000   3.40000000     0.6966069426
  3.10000000   3.40000000     0.5439594214
  3.20000000   3.40000000     0.4003799387
  3.30000000   3.40000000     0.2633719026
  3.40000000   3.40000000     0.1306347980
  3.50000000   3.40000000     0.0000000000

  0.00000000   3.50000000     0.0000000000
  0.10000000   3.50000000     0.0000000000
  0.20000000   3.50000000     0.0000000000
  0.30000000   3.50000000     0.0000000000
  0.40000000   3.50000000     0.0000000000
  0.50000000   3.50000000     0.0000000000
  0.60000000   3.50000000     0.0000000000
  0.70000000   3.50000000     0.0000000000
  0.80000000   3.50000000     0.0000000000
  0.90000000   3.50000000     0.0000000000
  1.00000000   3.50000000     0.0000000000
  1.10000000   3.50000000     0.0000000000
  1.20000000   3.50000000     0.0000000000
  1.30000000   3.50000000     0.0000000000
  1.40000000   3.50000000     0.0000000000
  1.50000000   3.50000000     0.0000000000
  1.60000000   3.50000000     0.0000000000
  1.70000000   3.50000000     0.0000000000
  1.80000000   3.50000000     0.0000000000
  1.90000000   3.50000000     0.0000000000
  2.00000000   3.50000000     0.0000000000
  2.10000000   3.50000000     0.0000000000
  2.20000000   3.50000000     0.0000000000
  2.30000000   3.50000000     0.0000000000
  2.40000000   3.50000000     0.0000000000
  2.50000000   3.50000000     0.0000000000
  2.60000000   3.50000000     0.0000000000
  2.70000000   3.50000000     0.0000000000
  2.80000000   3.50000000     0.0000000000
  2.90000000   3.50000000     0.0000000000
  3.00000000   3.50000000     0.0000000000
  3.10000000   3.50000000     0.0000000000
  3.20000000   3.50000000     0.0000000000
  3.30000000   3.50000000     0.0000000000
  3.40000000   3.50000000     0.0000000000
  3.50000000   3.50000000     0.0000000000

